1365889758.494873,1231.09756097561,47.6,2.104949712753296
1365889758.7524638,790.2439024390244,47.6,2.1089372634887695
1365889759.009496,767.0731707317074,47.6,2.0905215740203857
1365889759.2623098,824.390243902439,47.6,2.07170033454895
1365889759.515647,736.5853658536586,47.6,2.0355849266052246
1365889759.797824,1267.0731707317073,47.1,2.021888017654419
1365889760.055393,946.951219512195,47.6,2.00888729095459
1365889760.3111591,907.9268292682927,47.1,2.0295028686523438
1365889760.579856,722.560975609756,46.5,2.0239574909210205
1365889760.855118,785.9756097560976,47.1,2.012535333633423
1365889761.11182,912.1951219512196,47.1,2.0165975093841553
1365889761.364873,755.4878048780488,47.1,2.0585811138153076
1365889761.637099,1759.1463414634145,47.6,2.032827377319336
1365889761.892429,929.8780487804878,47.1,2.0072147846221924
1365889762.149622,901.219512195122,47.1,2.0250070095062256
1365889762.4187388,731.0975609756098,46.5,2.030975580215454
1365889762.6956632,830.4878048780488,47.1,2.008779525756836
1365889762.952985,1857.9268292682927,47.1,2.0753726959228516
1365889763.2073479,757.3170731707318,47.1,2.052722454071045
1365889763.486835,932.9268292682927,47.1,2.2593209743499756
1365889763.7444649,928.048780487805,47.1,2.1393985748291016
1365889763.998851,914.0243902439024,47.1,2.0269322395324707
1365889764.268432,928.048780487805,47.6,2.0722076892852783
1365889764.522739,780.4878048780488,47.6,2.045891761779785
1365889764.775826,1062.8048780487804,46.5,2.0183322429656982
1365889765.035969,653.6585365853658,46.5,2.2051281929016113
1365889765.3115442,960.3658536585366,47.1,2.0171172618865967
1365889765.5695639,1750.6097560975609,47.1,2.2523529529571533
1365889765.82319,898.1707317073171,47.1,2.077664613723755
1365889766.087629,700.6097560975609,46.5,2.036918878555298
1365889766.367085,937.1951219512194,47.6,2.011812686920166
1365889766.624052,824.390243902439,47.6,2.011977195739746
1365889766.878369,910.3658536585366,47.1,2.1087872982025146
1365889767.156356,907.3170731707318,47.6,2.016165018081665
1365889767.4143832,921.9512195121952,47.1,2.0102016925811768
1365889767.6699562,868.9024390243902,47.6,2.0334861278533936
1365889767.934977,715.2439024390244,47.1,2.0250511169433594
1365889768.2113569,942.0731707317073,47.1,2.0646400451660156
1365889768.4640908,1225.0,47.1,2.1885790824890137
1365889768.721187,739.0243902439024,47.1,2.0891942977905273
1365889768.999815,948.170731707317,47.6,2.1315083503723145
1365889769.2571929,805.4878048780488,47.1,2.0347559452056885
1365889769.5142028,751.219512195122,47.1,2.0804665088653564
1365889769.799052,1148.780487804878,47.1,2.01375150680542
1365889770.056889,879.2682926829268,47.1,2.008695602416992
1365889770.313052,934.1463414634147,47.1,2.0297513008117676
1365889770.5866492,837.1951219512194,47.1,2.0054564476013184
1365889770.841672,807.3170731707318,47.6,2.0158932209014893
1365889771.096392,772.5609756097562,47.6,2.0108487606048584
1365889771.35422,710.3658536585366,46.5,2.0467214584350586
1365889771.633022,870.1219512195122,47.6,2.0121779441833496
1365889771.888133,764.0243902439024,47.1,2.019259452819824
1365889772.142685,843.2926829268292,47.6,2.1183717250823975
1365889772.421899,854.8780487804878,47.1,2.12572979927063
1365889772.675762,888.4146341463414,47.6,2.0715885162353516
1365889772.933357,831.0975609756097,47.6,2.0138356685638428
1365889773.198526,638.4146341463414,47.1,2.063335418701172
1365889773.475161,943.2926829268292,47.6,2.009265184402466
1365889773.732631,792.0731707317074,47.1,2.1438629627227783
1365889773.98736,807.9268292682927,47.1,2.0762779712677
1365889774.261447,948.170731707317,47.6,2.0053443908691406
1365889774.518891,830.4878048780488,47.6,2.0102896690368652
1365889774.776555,1015.2439024390243,47.6,2.0230629444122314
1365889775.04241,747.560975609756,47.1,2.0289437770843506
1365889775.319016,859.1463414634146,47.6,2.076846122741699
1365889775.5778072,935.3658536585366,46.5,2.004628896713257
1365889775.832918,879.8780487804878,47.1,2.0283546447753906
1365889776.1095948,818.2926829268292,47.6,2.0098350048065186
1365889776.364265,856.0975609756098,47.6,2.1526365280151367
1365889776.6209002,1196.9512195121952,47.1,2.0386834144592285
1365889776.894254,946.951219512195,47.6,2.006152391433716
1365889777.148663,775.0,47.1,2.0045223236083984
1365889777.4056692,781.0975609756098,48.2,2.0073444843292236
1365889777.664125,767.0731707317074,46.5,2.0321826934814453
1365889777.940736,960.3658536585366,47.6,2.025820016860962
1365889778.196948,882.9268292682926,47.6,2.022625207901001
1365889778.451605,935.9756097560976,47.6,2.016613006591797
1365889778.720024,960.3658536585366,47.6,2.011256694793701
1365889778.978529,950.0,47.6,2.0146701335906982
1365889779.234735,857.3170731707316,47.6,2.0418002605438232
1365889779.494689,725.0,47.1,2.4907407760620117
1365889779.772326,1226.8292682926829,47.1,2.2146170139312744
1365889780.025779,870.1219512195122,47.1,2.3184189796447754
1365889780.280641,866.4634146341464,47.6,2.0901427268981934
1365889780.5547378,781.0975609756098,47.1,2.0172717571258545
1365889780.810818,962.1951219512194,47.6,2.0132079124450684
1365889781.0642078,782.3170731707318,47.6,2.017630100250244
1365889781.324451,724.390243902439,46.5,2.1017990112304688
1365889781.605042,985.9756097560976,47.1,2.0275020599365234
1365889781.8656828,795.1219512195122,47.1,2.0024542808532715
1365889782.12027,871.3414634146342,47.1,2.016948699951172
1365889782.388248,742.0731707317074,46.5,2.030952215194702
1365889782.667559,943.2926829268292,47.1,2.012413263320923
1365889782.9217012,890.2439024390244,46.5,2.0084290504455566
1365889783.1788359,831.0975609756097,47.1,2.0466835498809814
1365889783.456717,818.2926829268292,47.6,2.017936944961548
1365889783.7111099,1082.9268292682927,47.6,2.1000466346740723
1365889783.965575,896.3414634146342,48.2,2.08040452003479
1365889784.227523,743.2926829268292,46.5,2.225762128829956
1365889784.5027368,907.9268292682927,47.6,2.130584239959717
1365889784.764365,760.3658536585366,47.6,2.375995635986328
1365889785.0200388,745.1219512195122,47.1,2.121013641357422
1365889785.29806,840.2439024390244,47.1,2.016498565673828
1365889785.551887,812.1951219512194,47.6,2.011885404586792
1365889785.8064198,818.2926829268292,47.1,2.0295238494873047
1365889786.081943,807.3170731707318,47.1,2.036362648010254
1365889786.33628,953.0487804878048,47.1,2.159376382827759
1365889786.5886688,852.4390243902438,46.5,2.066196918487549
1365889786.852201,744.5121951219512,47.1,2.0345053672790527
1365889787.128475,779.2682926829268,46.5,2.014608383178711
1365889787.385198,864.0243902439024,47.6,2.0046186447143555
1365889787.6408179,1018.2926829268292,47.1,2.025874614715576
1365889787.915325,935.3658536585366,47.6,2.0078654289245605
1365889788.1706612,809.1463414634147,47.6,2.026293992996216
1365889788.424862,943.9024390243902,47.1,2.015049934387207
1365889788.6845708,806.0975609756098,46.5,2.033738136291504
1365889788.959517,957.9268292682926,46.5,2.0028960704803467
1365889789.214675,993.2926829268292,47.6,2.0183799266815186
1365889789.4681458,925.0,46.5,2.052870273590088
1365889789.7444742,954.2682926829268,47.1,2.00373911857605
1365889790.000248,962.8048780487804,47.6,2.0047762393951416
1365889790.2554328,918.2926829268293,47.6,2.0074925422668457
1365889790.514227,737.1951219512194,47.1,2.0382120609283447
1365889790.792717,785.3658536585366,47.1,2.0029497146606445
1365889791.046526,828.0487804878048,47.6,2.01816463470459
1365889791.301742,953.0487804878048,47.6,2.0196123123168945
1365889791.572236,971.951219512195,46.5,2.030564785003662
1365889791.848565,904.2682926829268,47.6,2.0266189575195312
1365889792.103054,921.3414634146342,47.6,2.0468857288360596
1365889792.357606,815.2439024390243,47.1,2.058485269546509
1365889792.6353369,934.1463414634147,47.6,2.0547003746032715
1365889792.889857,779.2682926829268,47.1,2.0350351333618164
1365889793.1437461,895.1219512195122,47.1,2.0560452938079834
1365889793.413422,743.2926829268292,47.1,2.0650734901428223
1365889793.690063,1026.2195121951218,47.6,2.0220086574554443
1365889793.946027,794.5121951219512,47.1,2.0051026344299316
1365889794.202121,792.0731707317074,47.1,2.079535961151123
1365889794.4809,796.3414634146342,47.1,2.0370872020721436
1365889794.7359118,882.9268292682926,47.6,2.029228448867798
1365889794.992484,1043.9024390243903,47.6,2.034485101699829
1365889795.259094,739.0243902439024,47.1,2.0280568599700928
1365889795.536777,1020.1219512195121,47.1,2.017815351486206
1365889795.7952352,812.1951219512194,47.1,2.0176868438720703
1365889796.0525792,1209.7560975609756,46.5,2.023757219314575
1365889796.3259,951.2195121951219,47.6,2.004202127456665
1365889796.581215,789.0243902439024,47.6,2.0071895122528076
1365889796.836444,1157.9268292682927,47.6,2.0898053646087646
1365889797.099616,684.1463414634147,47.6,2.0302035808563232
1365889797.377989,910.9756097560976,47.6,2.0203590393066406
1365889797.6317928,868.2926829268292,47.6,2.003962755203247
1365889797.887441,945.1219512195122,47.1,2.038025379180908
1365889798.1556349,736.5853658536586,46.5,2.2099528312683105
1365889798.431124,848.170731707317,47.6,2.0247397422790527
1365889798.684423,942.0731707317073,47.6,2.025996446609497
1365889798.93847,879.8780487804878,47.1,2.0307185649871826
1365889799.200017,739.0243902439024,46.5,2.083847761154175
1365889799.4777431,773.1707317073171,47.1,2.007711410522461
1365889799.7353768,935.9756097560976,47.1,2.0104382038116455
1365889799.991078,642.6829268292684,46.5,2.0524182319641113
1365889800.270483,760.9756097560976,48.2,2.0019376277923584
1365889800.52474,951.2195121951219,47.6,2.1128361225128174
1365889800.7841349,754.2682926829268,47.6,2.052276611328125
1365889801.0559459,903.048780487805,47.6,2.0821568965911865
1365889801.310335,779.2682926829268,47.1,2.0100085735321045
1365889801.565161,783.5365853658537,47.6,2.4736101627349854
1365889801.825679,680.4878048780488,46.5,2.2138731479644775
1365889802.1061609,851.219512195122,47.1,2.0145797729492188
1365889802.359592,943.9024390243902,47.1,2.0063693523406982
1365889802.615675,877.439024390244,47.6,2.3521616458892822
1365889802.8904378,787.1951219512196,47.1,2.1743762493133545
1365889803.144394,932.9268292682927,47.6,2.020862579345703
1365889803.399283,918.9024390243903,47.1,2.0199801921844482
1365889803.664205,746.3414634146342,46.5,2.0345497131347656
1365889803.942098,827.4390243902438,47.6,2.0280661582946777
1365889804.196537,946.951219512195,47.6,2.014901876449585
1365889804.452387,1012.1951219512196,47.6,2.0481104850769043
1365889804.7254982,865.2439024390244,47.1,2.091203212738037
1365889804.9808252,951.2195121951219,47.6,2.0766119956970215
1365889805.236762,835.9756097560976,47.1,2.0522196292877197
1365889805.494866,794.5121951219512,46.5,2.0774526596069336
1365889805.777397,965.8536585365854,47.1,2.181095600128174
1365889806.034348,912.1951219512196,46.5,2.6259243488311768
1365889806.290058,804.2682926829269,47.1,2.3712143898010254
1365889806.5618198,907.3170731707318,47.6,2.1002204418182373
1365889806.817734,889.0243902439024,47.6,2.0385427474975586
1365889807.073436,954.8780487804878,47.6,2.0871238708496094
1365889807.327459,1132.9268292682925,47.1,2.0401060581207275
1365889807.608118,948.170731707317,47.6,2.021625280380249
1365889807.8646789,971.951219512195,47.6,2.0062978267669678
1365889808.1188118,949.390243902439,47.6,2.015639543533325
1365889808.3816981,743.2926829268292,47.1,2.029869318008423
1365889808.663764,829.2682926829268,47.6,2.0119147300720215
1365889808.92099,852.4390243902438,46.5,2.00736403465271
1365889809.176695,750.0,47.1,2.0275397300720215
1365889809.452328,840.2439024390244,47.6,2.0117721557617188
1365889809.7101068,798.1707317073171,47.6,2.0129473209381104
1365889809.964826,846.3414634146342,47.1,2.0227999687194824
1365889810.2358642,878.0487804878048,47.6,2.1225271224975586
1365889810.489816,790.2439024390244,47.6,2.073168992996216
1365889810.745157,946.951219512195,47.6,2.4660496711730957
1365889811.0032861,745.1219512195122,47.1,2.853883981704712
1365889811.276603,940.2439024390243,47.6,2.58235764503479
1365889811.530339,929.8780487804878,47.1,2.330030918121338
1365889811.7861,907.3170731707318,47.6,2.0797266960144043
1365889812.04604,699.390243902439,47.1,2.0853183269500732
1365889812.3230212,948.170731707317,47.1,2.1353983879089355
1365889812.579985,945.1219512195122,48.2,2.0067176818847656
1365889812.838232,747.560975609756,47.6,2.0305099487304688
1365889813.11796,950.0,47.6,2.004931688308716
1365889813.373964,895.1219512195122,47.6,2.0169806480407715
1365889813.629825,951.2195121951219,47.6,2.031020402908325
1365889813.903788,898.1707317073171,47.1,2.0083234310150146
1365889814.156994,906.0975609756098,47.6,2.0619819164276123
1365889814.4137,946.3414634146341,47.1,2.0130553245544434
1365889814.6791282,703.0487804878048,46.5,2.024736166000366
1365889814.955668,793.2926829268293,47.6,2.008204698562622
1365889815.2107892,929.8780487804878,47.6,2.0113866329193115
1365889815.466262,771.3414634146342,47.6,2.037557363510132
1365889815.741408,893.9024390243902,47.6,2.0053646564483643
1365889815.997914,910.3658536585366,47.6,2.1316633224487305
1365889816.254053,950.0,47.6,2.11185622215271
1365889816.5233972,732.3170731707316,46.5,2.0653393268585205
1365889816.801173,807.9268292682927,47.1,2.0162599086761475
1365889817.057395,970.1219512195122,47.6,2.003770112991333
1365889817.311528,935.3658536585366,47.6,2.299720048904419
1365889817.5912352,951.8292682926829,47.1,2.038022518157959
1365889817.8437738,948.170731707317,47.6,2.0690932273864746
1365889818.1030579,948.170731707317,47.1,2.1906816959381104
1365889818.3714921,747.560975609756,47.1,2.024798631668091
1365889818.6487172,931.0975609756098,47.6,2.02836537361145
1365889818.903496,931.0975609756098,47.6,2.102444648742676
1365889819.158966,698.170731707317,47.1,2.0334575176239014
1365889819.439258,951.2195121951219,47.1,2.0050530433654785
1365889819.696395,893.9024390243902,47.6,2.0070059299468994
1365889819.952493,800.0,46.5,2.060137987136841
1365889820.231105,871.9512195121952,47.6,2.0163021087646484
1365889820.488574,838.4146341463414,47.6,2.1103947162628174
1365889820.7458198,946.951219512195,47.6,2.1094095706939697
1365889821.0130491,739.0243902439024,46.5,2.0401721000671387
1365889821.2947981,957.3170731707316,47.1,2.011056661605835
1365889821.548784,830.4878048780488,47.6,2.0149710178375244
1365889821.808037,1020.1219512195121,47.6,2.033078193664551
1365889822.084378,873.170731707317,47.6,2.0104520320892334
1365889822.3419929,852.4390243902438,47.6,2.007439374923706
1365889822.598882,826.2195121951219,47.6,2.0264711380004883
1365889822.876111,864.0243902439024,47.6,2.016139268875122
1365889823.130569,943.2926829268292,47.6,2.010094404220581
1365889823.383552,871.9512195121952,47.1,2.0166842937469482
1365889823.644419,629.2682926829268,47.1,2.0407657623291016
1365889823.925994,990.8536585365854,47.6,2.0337295532226562
1365889824.180363,951.2195121951219,47.6,2.0764546394348145
1365889824.433996,785.3658536585366,47.6,2.035945177078247
1365889824.713981,904.2682926829268,47.6,2.0209109783172607
1365889824.9679549,871.9512195121952,47.6,2.0047178268432617
1365889825.22428,854.2682926829268,47.6,2.022738218307495
1365889825.491699,751.219512195122,47.1,2.028146743774414
1365889825.769855,845.1219512195122,47.6,2.012051582336426
1365889826.0267599,796.3414634146342,47.6,2.0037527084350586
1365889826.2826922,1023.7804878048779,47.6,2.0260043144226074
1365889826.561525,814.0243902439024,47.1,2.029902935028076
1365889826.81868,906.0975609756098,47.6,2.015739917755127
1365889827.07828,870.1219512195122,47.6,2.1145272254943848
1365889827.349996,885.3658536585366,47.6,2.01310396194458
1365889827.606389,904.2682926829268,47.1,2.0150246620178223
1365889827.860974,1081.7073170731708,47.6,2.073076009750366
1365889828.1196532,730.4878048780488,47.6,2.0610578060150146
1365889828.3995478,800.0,47.6,2.252208948135376
1365889828.656178,854.8780487804878,48.2,2.2215359210968018
1365889828.9109068,892.0731707317074,47.1,2.2038161754608154
1365889829.177984,752.439024390244,47.1,2.1798784732818604
1365889829.459811,804.2682926829269,47.6,2.023092031478882
1365889829.713305,940.8536585365853,48.2,2.079880952835083
1365889829.969144,737.1951219512194,47.1,2.033578395843506
1365889830.2488918,939.0243902439024,47.6,2.0557849407196045
1365889830.503457,850.0,47.6,2.0067577362060547
1365889830.756661,879.2682926829268,47.6,2.031165838241577
1365889831.025501,739.0243902439024,47.1,2.024506092071533
1365889831.301821,907.9268292682927,47.1,2.008955240249634
1365889831.555852,898.1707317073171,47.6,2.013373374938965
1365889831.8140988,751.219512195122,47.1,2.047029972076416
1365889832.09471,945.1219512195122,47.6,2.0580201148986816
1365889832.348017,807.9268292682927,47.6,2.1460342407226562
1365889832.604173,751.219512195122,46.5,2.060413122177124
1365889832.882228,875.0,47.6,2.004624605178833
1365889833.138651,837.1951219512194,47.1,2.033587694168091
1365889833.394722,909.1463414634146,47.6,2.037034034729004
1365889833.654902,669.5121951219512,47.1,2.149369955062866
1365889833.9289,799.3902439024391,47.6,2.0820653438568115
1365889834.1859388,752.439024390244,47.6,2.0881612300872803
1365889834.439117,957.3170731707316,47.6,2.0689609050750732
1365889834.699601,728.0487804878048,47.1,2.0353236198425293
1365889834.980577,879.8780487804878,47.6,2.107517719268799
1365889835.236619,828.0487804878048,47.6,2.2238855361938477
1365889835.4897149,864.0243902439024,47.1,2.022711753845215
1365889835.76421,943.2926829268292,47.6,2.0052144527435303
1365889836.020672,817.0731707317073,47.6,2.0053813457489014
1365889836.277132,932.9268292682927,47.6,2.0072975158691406
1365889836.533983,640.2439024390244,46.5,2.0354714393615723
1365889836.8179562,782.3170731707318,47.1,2.0313644409179688
1365889837.076942,810.9756097560976,47.6,2.1176064014434814
1365889837.331406,942.0731707317073,47.1,2.0192999839782715
1365889837.5993888,743.2926829268292,47.1,2.030479669570923
1365889837.8775449,817.0731707317073,47.6,2.1216537952423096
1365889838.131774,943.2926829268292,47.1,2.228179931640625
1365889838.384366,740.2439024390244,47.6,2.0567574501037598
1365889838.6655529,863.4146341463414,47.6,2.0275986194610596
1365889838.9225018,863.4146341463414,47.6,2.155566692352295
1365889839.1767948,677.439024390244,47.1,2.206261396408081
1365889839.453302,835.9756097560976,47.6,2.3752334117889404
1365889839.7065952,840.2439024390244,47.1,2.1236014366149902
1365889839.9614542,996.3414634146342,47.1,2.15282940864563
1365889840.2344089,949.390243902439,46.5,2.2151646614074707
1365889840.4892,1054.878048780488,47.6,2.018303155899048
1365889840.7458901,849.390243902439,47.6,2.069399356842041
1365889841.0043762,730.4878048780488,47.1,2.0476973056793213
1365889841.2861109,898.1707317073171,47.6,2.0481159687042236
1365889841.540801,840.2439024390244,47.6,2.0647075176239014
1365889841.793775,1028.0487804878048,47.6,2.0417397022247314
1365889842.0692532,1054.878048780488,47.1,2.013864040374756
1365889842.323406,804.2682926829269,47.6,2.215848445892334
1365889842.582475,843.9024390243902,47.6,2.0308737754821777
1365889842.844884,735.3658536585366,47.1,2.0477519035339355
1365889843.1221938,951.2195121951219,47.6,2.0062336921691895
1365889843.3793652,935.9756097560976,47.6,2.0711278915405273
1365889843.633402,745.1219512195122,47.6,2.191099166870117
1365889843.909065,779.2682926829268,47.1,2.035663366317749
1365889844.162462,1139.0243902439024,47.6,2.0130717754364014
1365889844.422087,846.951219512195,47.1,2.0174825191497803
1365889844.690826,816.4634146341463,47.1,2.0301642417907715
1365889844.964109,772.5609756097562,47.6,2.012176752090454
1365889845.21725,957.3170731707316,47.6,2.0129318237304688
1365889845.471498,998.780487804878,47.1,2.0364344120025635
1365889845.748119,790.2439024390244,47.6,2.009742259979248
1365889846.0012858,946.951219512195,47.6,2.0651276111602783
1365889846.2570481,898.1707317073171,47.6,2.0228121280670166
1365889846.520767,745.1219512195122,47.6,2.1737966537475586
1365889846.796556,867.0731707317074,47.6,2.006866455078125
1365889847.052284,931.0975609756098,47.6,2.0081605911254883
1365889847.3088052,827.4390243902438,47.1,2.028742551803589
1365889847.583412,892.0731707317074,47.6,2.0094797611236572
1365889847.842287,805.4878048780488,47.6,2.0133416652679443
1365889848.0970151,778.048780487805,46.5,2.0175750255584717
1365889848.366276,760.9756097560976,47.1,2.0315916538238525
1365889848.6448781,812.1951219512194,47.6,2.011056900024414
1365889848.898205,860.3658536585366,47.6,2.0050160884857178
1365889849.155422,760.3658536585366,47.1,2.024778127670288
1365889849.4272351,928.048780487805,47.6,2.006108283996582
1365889849.68527,964.0243902439024,47.6,2.0539042949676514
1365889849.9403021,859.1463414634146,47.6,2.0169286727905273
1365889850.199616,722.560975609756,47.1,2.0381109714508057
1365889850.478997,900.0,47.1,2.0127036571502686
1365889850.7349,946.3414634146341,47.6,2.019796848297119
1365889850.989619,957.9268292682926,47.6,2.0203335285186768
1365889851.2583418,827.4390243902438,47.6,2.0051286220550537
1365889851.514157,832.3170731707316,47.6,2.0100486278533936
1365889851.7682471,943.2926829268292,47.6,2.0164635181427
1365889852.022722,707.3170731707316,47.1,2.0264675617218018
1365889852.3020039,931.0975609756098,47.1,2.006725788116455
1365889852.556493,1695.121951219512,47.6,2.007553815841675
1365889852.8149061,937.1951219512194,47.6,2.019454002380371
1365889853.085449,722.560975609756,47.1,2.0295605659484863
1365889853.36223,854.8780487804878,47.6,2.0064172744750977
1365889853.617791,796.9512195121952,47.6,2.034404754638672
1365889853.874225,815.2439024390243,47.1,2.1007282733917236
1365889854.1494641,846.3414634146342,47.6,2.0209929943084717
1365889854.403371,907.3170731707318,47.6,2.029228448867798
1365889854.6594229,951.2195121951219,47.6,2.011580228805542
1365889854.9231732,722.560975609756,47.1,2.048625946044922
1365889855.197239,925.0,47.1,2.1045994758605957
1365889855.4533188,937.8048780487804,47.6,2.009700059890747
1365889855.7102919,960.9756097560976,47.1,2.0679800510406494
1365889855.983042,866.4634146341464,46.5,2.0336005687713623
1365889856.2585669,846.951219512195,47.6,2.151707172393799
1365889856.513119,843.9024390243902,47.1,2.011960029602051
1365889856.7667232,738.4146341463414,47.6,2.25486159324646
1365889857.042063,926.829268292683,47.6,2.010288953781128
1365889857.30005,953.0487804878048,47.6,2.038771629333496
1365889857.553807,940.2439024390243,47.6,2.0803308486938477
1365889857.824909,993.2926829268292,47.1,2.0572125911712646
1365889858.1024268,918.2926829268293,47.6,2.012132167816162
1365889858.356402,1990.2439024390244,47.6,2.0151350498199463
1365889858.6100118,934.1463414634147,47.1,2.034745454788208
1365889858.8946939,794.5121951219512,47.6,2.002756357192993
1365889859.15036,907.3170731707318,47.6,2.0043728351593018
1365889859.404567,1647.560975609756,47.6,2.20788311958313
1365889859.673763,762.1951219512196,46.5,2.1037356853485107
1365889859.952976,878.0487804878048,46.5,2.0054657459259033
1365889860.20862,954.8780487804878,47.6,2.0217251777648926
1365889860.4656541,953.0487804878048,47.6,2.0112993717193604
1365889860.7302022,735.3658536585366,46.5,2.0374913215637207
1365889861.009852,957.3170731707316,47.6,2.003575086593628
1365889861.265752,876.219512195122,47.6,2.006702184677124
1365889861.52085,940.2439024390243,47.6,2.0306332111358643
1365889861.7974799,925.0,47.6,2.0016629695892334
1365889862.052572,985.9756097560976,47.6,2.012556791305542
1365889862.307282,857.9268292682926,47.6,2.029247999191284
1365889862.580142,904.2682926829268,47.6,2.081014394760132
1365889862.8410208,801.219512195122,47.6,2.0234408378601074
1365889863.096433,950.0,47.6,2.0520431995391846
1365889863.358815,614.6341463414634,47.1,2.0241825580596924
1365889863.6357849,871.9512195121952,47.1,2.01021671295166
1365889863.8923829,935.3658536585366,47.6,2.0118229389190674
1365889864.152096,791.4634146341464,47.1,2.067216634750366
1365889864.430558,902.439024390244,47.6,2.0048937797546387
1365889864.6872802,932.3170731707318,48.2,2.0915565490722656
1365889864.944549,879.2682926829268,47.6,2.0552189350128174
1365889865.221161,971.3414634146342,47.6,2.012747287750244
1365889865.479027,962.1951219512194,47.1,2.1705942153930664
1365889865.736143,935.9756097560976,47.6,2.3070647716522217
1365889866.0049012,638.4146341463414,47.1,2.1369335651397705
1365889866.279521,929.8780487804878,47.6,2.0050249099731445
1365889866.536329,1185.9756097560976,47.1,2.082550525665283
1365889866.794432,746.3414634146342,47.6,2.0262107849121094
1365889867.072559,818.2926829268292,47.1,2.0064878463745117
1365889867.331192,890.2439024390244,47.6,2.0062918663024902
1365889867.586768,785.3658536585366,47.1,2.0904150009155273
1365889867.864383,821.3414634146341,47.6,2.01283860206604
1365889868.121404,774.390243902439,47.6,2.035065174102783
1365889868.379745,899.390243902439,47.6,2.0090372562408447
1365889868.6425111,740.2439024390244,47.6,2.0284578800201416
1365889868.924543,896.9512195121952,47.1,2.0528712272644043
1365889869.1808388,785.3658536585366,47.6,2.017747640609741
1365889869.439362,741.4634146341464,46.5,2.042433977127075
1365889869.723718,948.170731707317,47.6,2.0383365154266357
1365889869.981292,801.219512195122,47.6,2.061204671859741
1365889870.240557,814.0243902439024,47.6,2.0255608558654785
1365889870.518625,942.0731707317073,47.6,2.047747850418091
1365889870.772504,909.1463414634146,47.6,2.024219512939453
1365889871.024775,904.2682926829268,47.6,2.026740312576294
1365889871.288216,663.4146341463415,47.1,2.0507709980010986
1365889871.569626,896.3414634146342,47.6,2.002532482147217
1365889871.823044,943.2926829268292,47.6,2.011676549911499
1365889872.078845,903.048780487805,47.6,2.075004816055298
1365889872.348762,693.2926829268292,47.6,2.0357582569122314
1365889872.623652,895.1219512195122,47.1,2.0361528396606445
1365889872.8840508,820.1219512195122,47.6,2.0107109546661377
1365889873.143575,674.3902439024391,47.1,2.0311291217803955
1365889873.4186041,878.0487804878048,47.6,2.0043108463287354
1365889873.675107,857.9268292682926,47.6,2.0089213848114014
1365889873.9295712,1758.5365853658536,47.6,2.0367767810821533
1365889874.204703,848.170731707317,47.6,2.002218008041382
1365889874.460278,877.439024390244,47.6,2.006237745285034
1365889874.719148,1079.8780487804877,47.6,2.0205166339874268
1365889874.9893792,692.0731707317073,47.6,2.022024631500244
1365889875.263864,931.0975609756098,47.1,2.0090975761413574
1365889875.517913,946.3414634146341,47.6,2.0059385299682617
1365889875.772694,946.3414634146341,47.1,2.039402723312378
1365889876.047137,935.3658536585366,47.6,2.0108842849731445
1365889876.303427,841.4634146341463,47.6,2.0380115509033203
1365889876.558351,810.3658536585366,47.6,2.020794630050659
1365889876.830261,965.2439024390244,47.1,2.0291123390197754
1365889877.0862741,813.4146341463414,47.6,2.0017342567443848
1365889877.341512,889.0243902439024,47.1,2.0119705200195312
1365889877.594555,882.9268292682926,46.5,2.0904972553253174
1365889877.8734632,965.8536585365854,47.6,2.0737075805664062
1365889878.131606,820.1219512195122,47.6,2.0889406204223633
1365889878.38582,890.8536585365854,47.1,2.0354206562042236
1365889878.652208,753.0487804878048,47.1,2.137796640396118
1365889878.9252968,873.170731707317,47.6,2.1843957901000977
1365889879.180948,951.2195121951219,47.6,2.0335402488708496
1365889879.434144,618.2926829268292,47.6,2.0893216133117676
1365889879.715575,948.170731707317,47.6,2.039189100265503
1365889879.970874,1606.7073170731708,47.6,2.0150623321533203
1365889880.230977,841.4634146341463,47.6,2.039355516433716
1365889880.511436,925.0,47.1,2.013451099395752
1365889880.766644,962.8048780487804,47.6,2.114549398422241
1365889881.02069,790.2439024390244,47.6,2.0397684574127197
1365889881.290633,744.5121951219512,47.6,2.027333974838257
1365889881.5677729,934.1463414634147,47.6,2.012049436569214
1365889881.82202,792.0731707317074,47.1,2.0283050537109375
1365889882.076482,743.2926829268292,46.5,2.0322582721710205
1365889882.353038,957.3170731707316,47.6,2.007242441177368
1365889882.608222,770.1219512195122,47.6,2.055006980895996
1365889882.866445,779.2682926829268,47.6,2.035681962966919
1365889883.141243,951.8292682926829,47.6,2.002274990081787
1365889883.396687,785.3658536585366,47.6,2.111607313156128
1365889883.654294,910.9756097560976,47.1,2.0305075645446777
1365889883.921696,707.3170731707316,47.1,2.0282652378082275
1365889884.1991081,787.1951219512196,47.6,2.0026419162750244
1365889884.454026,785.9756097560976,47.6,2.004741668701172
1365889884.710797,748.170731707317,47.1,2.033493757247925
1365889884.98721,912.1951219512196,47.6,2.0072453022003174
1365889885.244083,904.8780487804878,47.6,2.0074622631073
1365889885.4988701,943.9024390243902,47.6,2.029405117034912
1365889885.7702022,873.170731707317,47.6,2.001056432723999
1365889886.024794,971.951219512195,47.6,2.005169153213501
1365889886.2834501,835.3658536585366,47.6,2.0343310832977295
1365889886.545763,802.439024390244,47.6,2.0410830974578857
1365889886.822229,806.0975609756098,47.6,2.0048129558563232
1365889887.077975,879.8780487804878,47.6,2.0036208629608154
1365889887.3331509,788.4146341463415,47.1,2.0315396785736084
1365889887.6031291,781.0975609756098,47.6,2.0117688179016113
1365889887.8585799,946.3414634146341,47.6,2.0459818840026855
1365889888.113173,788.4146341463415,47.6,2.0290143489837646
1365889888.369083,648.1707317073171,47.1,2.031599521636963
1365889888.648884,1043.2926829268292,47.6,2.014423131942749
1365889888.908597,1023.1707317073171,47.6,2.0784664154052734
1365889889.16687,785.3658536585366,47.6,2.035987138748169
1365889889.4422731,773.1707317073171,47.6,2.0047340393066406
1365889889.696121,818.2926829268292,47.6,2.004138708114624
1365889889.953758,895.1219512195122,47.6,2.033895492553711
1365889890.221996,742.0731707317074,47.6,2.0368521213531494
1365889890.4990022,945.1219512195122,47.6,2.0072715282440186
1365889890.754347,785.9756097560976,47.6,2.312729835510254
1365889891.009036,842.0731707317073,47.6,2.3536741733551025
1365889891.283936,654.2682926829268,47.1,2.0797665119171143
1365889891.558513,945.1219512195122,47.6,2.009361982345581
1365889891.814362,934.1463414634147,47.1,2.002957344055176
1365889892.0695648,876.219512195122,48.2,2.032695770263672
1365889892.3433878,1021.9512195121952,47.6,2.0037167072296143
1365889892.5991008,773.1707317073171,47.6,2.0142698287963867
1365889892.858044,824.390243902439,47.1,2.0325050354003906
1365889893.129524,823.170731707317,47.6,2.0121397972106934
1365889893.3842309,1087.8048780487807,47.6,2.0061120986938477
1365889893.639584,931.0975609756098,48.2,2.0123467445373535
1365889893.9016151,694.5121951219512,46.5,2.120335817337036
1365889894.178878,827.4390243902438,47.6,2.091740846633911
1365889894.4326699,789.0243902439024,47.1,2.0222785472869873
1365889894.689599,826.2195121951219,47.6,2.0242867469787598
1365889894.963537,1032.9268292682927,47.6,2.014902114868164
1365889895.2185469,925.0,47.6,2.2073094844818115
1365889895.4722822,982.3170731707316,47.6,2.015678882598877
1365889895.7312582,623.170731707317,47.1,2.0281877517700195
1365889896.00964,815.2439024390243,47.1,2.0103468894958496
1365889896.262772,1171.9512195121952,47.6,2.0130510330200195
1365889896.5199602,810.9756097560976,47.1,2.0295300483703613
1365889896.803479,823.170731707317,47.6,2.016465187072754
1365889897.060606,885.9756097560976,47.6,2.0114946365356445
1365889897.314006,794.5121951219512,47.6,2.036717176437378
1365889897.576968,737.1951219512194,47.6,2.023024797439575
1365889897.853417,917.0731707317074,47.6,2.006324529647827
1365889898.112579,948.170731707317,47.6,2.0133135318756104
1365889898.3681269,768.2926829268292,47.1,2.0326006412506104
1365889898.644877,848.170731707317,47.6,2.017489433288574
1365889898.903764,805.4878048780488,48.2,2.0053646564483643
1365889899.1628008,825.0,47.6,2.0218846797943115
1365889899.429502,739.0243902439024,47.6,2.0254218578338623
1365889899.706871,949.390243902439,47.6,2.005274772644043
1365889899.962168,783.5365853658537,47.6,2.0355582237243652
1365889900.220351,728.0487804878048,47.6,2.02862286567688
1365889900.4993641,881.0975609756098,47.6,2.0056703090667725
1365889900.755981,778.048780487805,47.6,2.008751392364502
1365889901.008993,896.9512195121952,47.6,2.0297694206237793
1365889901.280117,1060.9756097560976,47.6,2.0060720443725586
1365889901.534236,856.0975609756098,47.6,2.0068583488464355
1365889901.790868,913.4146341463415,47.6,2.024728775024414
1365889902.051265,726.219512195122,47.1,2.0317821502685547
1365889902.3290198,965.8536585365854,47.6,2.011056661605835
1365889902.582659,943.2926829268292,47.6,2.006648063659668
1365889902.838122,788.4146341463415,48.2,2.0796828269958496
1365889903.1136131,910.3658536585366,47.1,2.0037338733673096
1365889903.370704,953.0487804878048,48.2,2.0010879039764404
1365889903.625389,1674.390243902439,47.6,2.022111654281616
1365889903.900618,1206.7073170731708,47.6,2.020730972290039
1365889904.1560671,935.9756097560976,47.6,2.0533368587493896
1365889904.4130611,937.1951219512194,47.6,2.019744634628296
1365889904.67051,741.4634146341464,47.6,2.0392167568206787
1365889904.9553201,965.2439024390244,47.6,2.0218284130096436
1365889905.21054,835.9756097560976,47.6,2.0998382568359375
1365889905.463586,976.8292682926829,47.6,2.1804041862487793
1365889905.733259,742.0731707317074,46.5,2.0314760208129883
1365889906.012171,795.1219512195122,47.6,2.187260627746582
1365889906.264828,792.0731707317074,47.6,2.2002971172332764
1365889906.519511,1007.3170731707318,47.6,2.036545991897583
1365889906.8011289,1832.3170731707316,47.6,2.001389265060425
1365889907.056465,831.0975609756097,47.6,2.0028586387634277
1365889907.312014,866.4634146341464,47.6,2.0207440853118896
1365889907.5853171,870.1219512195122,47.1,2.015749931335449
1365889907.838101,788.4146341463415,47.6,2.0776894092559814
1365889908.09264,910.9756097560976,47.6,2.0266411304473877
1365889908.356456,748.170731707317,47.1,2.0270044803619385
1365889908.635328,779.2682926829268,47.6,2.3151931762695312
1365889908.89074,1805.4878048780488,47.6,2.060985803604126
1365889909.143393,907.3170731707318,47.1,2.1136810779571533
1365889909.413567,882.3170731707318,47.6,2.0054051876068115
1365889909.670037,1139.0243902439024,47.6,2.0128049850463867
1365889909.930596,964.0243902439024,47.1,2.0158932209014893
1365889910.198122,848.170731707317,47.1,2.036184072494507
1365889910.4780538,907.9268292682927,48.2,2.005878210067749
1365889910.735473,1026.2195121951218,47.1,2.0148062705993652
1365889910.990425,968.2926829268292,47.6,2.038558006286621
1365889911.268117,809.1463414634147,47.1,2.0145819187164307
1365889911.523384,914.0243902439024,47.6,2.003288745880127
1365889911.7804742,935.3658536585366,47.1,2.020456552505493
1365889912.050627,957.9268292682926,47.6,2.007474422454834
1365889912.305592,903.048780487805,47.6,2.0135226249694824
1365889912.562973,784.1463414634146,47.6,2.0359370708465576
1365889912.824266,738.4146341463414,47.1,2.0284979343414307
1365889913.105827,929.8780487804878,47.6,2.007391929626465
1365889913.363158,803.048780487805,47.6,2.0063841342926025
1365889913.619366,850.0,47.6,2.044846296310425
1365889913.893398,817.0731707317073,47.6,2.0501298904418945
1365889914.152242,948.170731707317,47.6,2.002220630645752
1365889914.4083672,857.9268292682926,47.6,2.0606536865234375
1365889914.665962,659.1463414634146,47.1,2.1301655769348145
1365889914.944194,792.0731707317074,47.6,2.121689558029175
1365889915.198934,1734.1463414634147,47.6,2.01342511177063
1365889915.4559622,812.1951219512194,48.2,2.1438112258911133
1365889915.7280052,901.219512195122,47.6,2.014803886413574
1365889915.988273,884.1463414634146,47.6,2.0031700134277344
1365889916.243447,792.0731707317074,47.6,2.008821725845337
1365889916.501821,881.0975609756098,47.1,2.0389697551727295
1365889916.779337,852.4390243902438,48.2,2.014702081680298
1365889917.032331,935.3658536585366,47.6,2.056978940963745
1365889917.290268,943.2926829268292,47.6,2.0167744159698486
1365889917.558746,934.1463414634147,47.1,2.030799388885498
1365889917.8347242,934.1463414634147,47.1,2.002957820892334
1365889918.09007,801.219512195122,48.2,2.065953016281128
1365889918.34656,631.0975609756098,47.6,2.0234789848327637
1365889918.624007,902.439024390244,47.6,2.0072805881500244
1365889918.879703,794.5121951219512,47.6,2.0073111057281494
1365889919.13477,959.1463414634146,47.6,2.0189502239227295
1365889919.40775,868.2926829268292,47.6,2.012862205505371
1365889919.664499,828.0487804878048,47.6,2.0171918869018555
1365889919.9241972,926.219512195122,47.6,2.0598530769348145
1365889920.1948428,745.1219512195122,47.1,2.031248092651367
1365889920.4729018,824.390243902439,47.6,2.005460739135742
1365889920.7269728,1833.5365853658536,47.6,2.015626907348633
1365889920.986466,739.0243902439024,47.6,2.0423619747161865
1365889921.262128,783.5365853658537,47.6,2.076061487197876
1365889921.515815,917.0731707317074,47.6,2.0048410892486572
1365889921.773136,871.3414634146342,47.6,2.052903175354004
1365889922.041174,627.439024390244,47.1,2.0276777744293213
1365889922.3180742,887.1951219512196,47.6,2.0079030990600586
1365889922.572233,1537.8048780487804,47.6,2.0111277103424072
1365889922.8260531,843.9024390243902,47.1,2.109241008758545
1365889923.097343,929.2682926829269,47.6,2.0040342807769775
1365889923.351763,841.4634146341463,47.6,2.0087552070617676
1365889923.607381,841.4634146341463,47.6,2.013669490814209
1365889923.86919,841.4634146341463,47.1,2.0395424365997314
1365889924.14703,940.8536585365853,47.6,2.078967809677124
1365889924.401806,925.0,47.6,2.0096051692962646
1365889924.656943,735.3658536585366,47.6,2.298396110534668
1365889924.938833,950.0,47.6,2.0703554153442383
1365889925.19199,794.5121951219512,47.6,2.035630941390991
1365889925.446551,834.1463414634146,47.6,2.0177054405212402
1365889925.7191172,719.5121951219512,47.1,2.0256779193878174
1365889925.996172,943.2926829268292,47.6,2.082230567932129
1365889926.24892,896.9512195121952,47.6,2.00276255607605
1365889926.502342,937.8048780487804,47.1,2.031080961227417
1365889926.777483,792.0731707317074,47.6,2.0032970905303955
1365889927.0349472,946.951219512195,47.6,2.00991153717041
1365889927.289519,914.0243902439024,48.2,2.0570247173309326
1365889927.5581162,743.2926829268292,47.1,2.024949312210083
1365889927.835395,901.219512195122,47.6,2.009260416030884
1365889928.088256,815.2439024390243,47.6,2.0120983123779297
1365889928.341634,940.2439024390243,47.1,2.0387191772460938
1365889928.621579,909.1463414634146,48.2,2.009794235229492
1365889928.8779352,795.1219512195122,47.6,2.010748863220215
1365889929.133587,821.3414634146341,47.6,2.015580654144287
1365889929.39919,731.0975609756098,47.1,2.0236432552337646
1365889929.6762428,853.0487804878048,47.6,2.0278141498565674
1365889929.9344158,924.3902439024391,47.6,2.0076684951782227
1365889930.1908228,843.2926829268292,47.1,2.02390193939209
1365889930.468122,956.0975609756097,47.6,2.0178287029266357
1365889930.7243662,803.048780487805,47.1,2.038128614425659
1365889930.980562,984.7560975609756,47.6,2.0141441822052
1365889931.239393,745.1219512195122,47.6,2.026646137237549
1365889931.5204108,830.4878048780488,47.6,2.0043063163757324
1365889931.775862,954.8780487804878,47.6,2.0138118267059326
1365889932.029838,901.219512195122,47.6,2.0142056941986084
1365889932.292871,728.0487804878048,47.1,2.028563976287842
1365889932.5736399,809.1463414634147,47.6,2.0592284202575684
1365889932.828816,1422.560975609756,47.6,2.0046699047088623
1365889933.0856478,864.0243902439024,47.6,2.030467987060547
1365889933.3606021,868.2926829268292,47.6,2.02734637260437
1365889933.6148028,902.439024390244,47.1,2.002925157546997
1365889933.8706381,1012.1951219512196,47.6,2.033264398574829
1365889934.133995,684.1463414634147,47.1,2.025376319885254
1365889934.4123409,890.8536585365854,47.6,2.0063703060150146
1365889934.66662,841.4634146341463,47.6,2.011361598968506
1365889934.925471,840.2439024390244,47.1,2.0476367473602295
1365889935.206934,937.8048780487804,47.6,2.0135676860809326
1365889935.4606159,928.048780487805,47.6,2.007371187210083
1365889935.7167182,1821.341463414634,47.6,2.054658889770508
1365889935.985837,734.1463414634146,47.1,2.0316309928894043
1365889936.263743,803.048780487805,47.6,2.0028738975524902
1365889936.52111,881.0975609756098,47.1,2.0169854164123535
1365889936.778513,743.2926829268292,47.1,2.02947735786438
1365889937.059936,814.0243902439024,47.6,2.0123581886291504
1365889937.314868,1683.5365853658536,47.1,2.0039196014404297
1365889937.573237,729.2682926829268,47.6,2.0307776927948
1365889937.8498292,937.1951219512194,47.6,2.0143017768859863
1365889938.108723,878.0487804878048,48.2,2.0109055042266846
1365889938.365042,882.3170731707318,47.6,2.049025297164917
1365889938.640842,769.5121951219512,48.2,2.009073257446289
1365889938.897393,926.829268292683,47.6,2.0254902839660645
1365889939.1537101,949.390243902439,48.2,2.0189101696014404
1365889939.413652,1626.219512195122,46.5,2.0803706645965576
1365889939.693144,924.3902439024391,47.1,2.0095572471618652
1365889939.95365,1065.2439024390244,47.6,2.026036500930786
1365889940.211447,803.048780487805,47.1,2.0418527126312256
1365889940.486259,859.1463414634146,47.6,2.1075496673583984
1365889940.741888,948.170731707317,47.6,2.049356698989868
1365889940.9998322,954.8780487804878,47.6,2.022732973098755
1365889941.276886,740.2439024390244,47.6,2.0220327377319336
1365889941.553065,954.8780487804878,47.6,2.0029239654541016
1365889941.809731,824.390243902439,47.6,2.0114924907684326
1365889942.067074,735.3658536585366,47.6,2.0523996353149414
1365889942.346376,769.5121951219512,47.6,2.008852958679199
1365889942.6073642,1045.1219512195123,47.1,2.030815362930298
1365889942.860686,967.0731707317073,47.6,2.019529342651367
1365889943.1303601,829.2682926829268,47.1,2.022613286972046
1365889943.4072,890.8536585365854,48.2,2.0148208141326904
1365889943.660397,852.4390243902438,47.1,2.007521390914917
1365889943.9159691,807.3170731707318,47.6,2.1410303115844727
1365889944.197047,923.1707317073171,47.6,2.023651361465454
1365889944.452702,945.1219512195122,47.6,2.157050609588623
1365889944.7074618,760.9756097560976,47.6,2.0452396869659424
1365889944.9946911,900.0,47.6,2.002340316772461
1365889945.250104,873.170731707317,47.6,2.1329617500305176
1365889945.5078661,1839.0243902439024,47.6,2.048039197921753
1365889945.786001,806.0975609756098,48.2,2.010915517807007
1365889946.0397198,792.0731707317074,47.6,2.0079281330108643
1365889946.297947,777.439024390244,47.6,2.026787281036377
1365889946.5690272,794.5121951219512,47.1,2.023303270339966
1365889946.846407,860.9756097560976,48.2,2.0124313831329346
1365889947.104717,777.439024390244,47.6,2.0135910511016846
1365889947.3580859,743.2926829268292,47.6,2.0357112884521484
1365889947.63631,830.4878048780488,47.6,2.0027999877929688
1365889947.8909812,1018.2926829268292,47.6,2.0019023418426514
1365889948.146668,826.2195121951219,47.6,2.0246996879577637
1365889948.423056,990.2439024390244,47.6,2.0151405334472656
1365889948.678174,772.5609756097562,47.6,2.0065698623657227
1365889948.9354491,856.0975609756098,47.6,2.067152500152588
1365889949.194773,640.2439024390244,47.1,2.035048723220825
1365889949.4720771,815.2439024390243,47.6,2.017082452774048
1365889949.7270641,878.0487804878048,48.2,2.007012367248535
1365889949.988527,935.9756097560976,47.6,2.0221447944641113
1365889950.263448,884.1463414634146,47.6,2.0012266635894775
1365889950.518363,773.1707317073171,47.6,2.034479856491089
1365889950.774112,1769.5121951219512,47.1,2.0217084884643555
1365889951.039949,739.0243902439024,47.1,2.028542995452881
1365889951.319675,1314.0243902439024,47.6,2.010105848312378
1365889951.573555,794.5121951219512,47.1,2.013167142868042
1365889951.827478,679.2682926829269,47.1,2.023533582687378
1365889952.103542,845.1219512195122,47.6,2.0474021434783936
1365889952.356919,937.1951219512194,48.2,2.002643346786499
1365889952.614089,863.4146341463414,47.6,2.025930643081665
1365889952.883008,745.1219512195122,47.6,2.053709030151367
1365889953.159273,1045.7317073170732,47.6,2.0085036754608154
1365889953.415383,943.2926829268292,47.1,2.009547472000122
1365889953.669895,884.1463414634146,47.6,2.3573648929595947
1365889953.9501529,881.0975609756098,47.6,2.078059196472168
1365889954.202654,929.2682926829269,47.6,2.0263614654541016
1365889954.455625,789.0243902439024,47.6,2.0222959518432617
1365889954.726838,777.439024390244,47.6,2.009751558303833
1365889954.9838872,829.2682926829268,47.6,2.0354249477386475
1365889955.239109,942.0731707317073,47.6,2.008601188659668
1365889955.500036,727.4390243902438,47.1,2.1842775344848633
1365889955.7788749,829.2682926829268,47.6,2.064331531524658
1365889956.0318599,935.9756097560976,47.6,2.0089311599731445
1365889956.285565,937.8048780487804,47.6,2.033378839492798
1365889956.551681,757.3170731707318,47.1,2.0269670486450195
1365889956.82774,921.9512195121952,47.6,2.006734609603882
1365889957.081321,907.3170731707318,47.6,2.0085060596466064
1365889957.338194,691.4634146341463,47.6,2.037201166152954
1365889957.615216,909.1463414634146,47.6,2.008490800857544
1365889957.8686972,945.1219512195122,47.6,2.0109822750091553
1365889958.1244879,942.0731707317073,47.6,2.0216212272644043
1365889958.394051,728.0487804878048,47.1,2.0326426029205322
1365889958.668181,896.9512195121952,47.6,2.018312454223633
1365889958.922889,942.0731707317073,47.6,2.0028016567230225
1365889959.1803148,746.3414634146342,47.6,2.036560297012329
1365889959.46036,846.951219512195,47.6,2.1415300369262695
1365889959.716213,865.2439024390244,47.6,2.0241172313690186
1365889959.975397,852.4390243902438,47.6,2.0674803256988525
1365889960.246238,765.2439024390244,47.6,2.118495225906372
1365889960.500438,1076.829268292683,47.6,2.0212340354919434
1365889960.757679,976.219512195122,47.6,2.02437424659729
1365889961.016098,747.560975609756,47.6,2.028113603591919
1365889961.2959921,771.3414634146342,47.6,2.0039350986480713
1365889961.551372,935.3658536585366,47.6,2.011063814163208
1365889961.806713,807.3170731707318,47.6,2.0266613960266113
1365889962.074306,748.170731707317,47.6,2.0520427227020264
1365889962.352622,940.8536585365853,47.6,2.002512216567993
1365889962.6085482,957.9268292682926,47.6,2.0193192958831787
1365889962.86166,770.1219512195122,47.6,2.0414257049560547
1365889963.13819,796.9512195121952,47.6,2.0034162998199463
1365889963.392458,939.0243902439024,47.6,2.011199951171875
1365889963.646782,779.2682926829268,47.1,2.037034749984741
1365889963.912575,721.3414634146342,47.6,2.087240219116211
1365889964.186713,889.0243902439024,47.6,2.0174736976623535
1365889964.442819,810.9756097560976,47.6,2.012011766433716
1365889964.696117,744.5121951219512,47.6,2.028515100479126
1365889964.977217,823.170731707317,47.6,2.0035741329193115
1365889965.2323751,849.390243902439,47.6,2.0229945182800293
1365889965.4867468,840.2439024390244,47.6,2.023885488510132
1365889965.7640488,934.1463414634147,47.6,2.030647039413452
1365889966.019818,1070.7317073170732,47.6,2.089961051940918
1365889966.279017,962.1951219512194,47.6,2.076671838760376
1365889966.545967,738.4146341463414,47.1,2.043820381164551
1365889966.8272262,791.4634146341464,47.6,2.0001680850982666
1365889967.081805,863.4146341463414,47.6,2.00759220123291
1365889967.337846,752.439024390244,47.6,2.041968822479248
1365889967.617286,946.951219512195,47.6,2.0087151527404785
1365889967.870357,787.1951219512196,47.1,2.0020527839660645
1365889968.126703,929.8780487804878,47.6,2.022148847579956
1365889968.402924,800.0,47.6,2.007294178009033
1365889968.658357,898.1707317073171,48.2,2.0235788822174072
1365889968.913002,951.2195121951219,47.6,2.015564203262329
1365889969.1732008,738.4146341463414,47.6,2.0428855419158936
1365889969.452968,929.2682926829269,47.6,2.000736713409424
1365889969.708064,907.3170731707318,47.6,2.0084707736968994
1365889969.967423,805.4878048780488,47.6,2.0344173908233643
1365889970.250336,885.9756097560976,48.2,2.009441375732422
1365889970.507238,962.8048780487804,47.6,2.001955270767212
1365889970.764181,888.4146341463414,48.2,2.0263853073120117
1365889971.037885,724.390243902439,47.1,2.0311498641967773
1365889971.3147972,906.0975609756098,47.6,2.0099148750305176
1365889971.5699599,965.2439024390244,47.6,2.006753444671631
1365889971.825898,726.219512195122,47.6,2.028871536254883
1365889972.105741,784.1463414634146,47.6,2.0274853706359863
1365889972.360273,942.0731707317073,47.1,2.0081822872161865
1365889972.614395,995.1219512195122,47.1,2.0221006870269775
1365889972.881597,889.0243902439024,47.6,2.000628709793091
1365889973.1366348,945.1219512195122,47.6,2.0028469562530518
1365889973.392482,940.2439024390243,47.6,2.0042812824249268
1365889973.649517,743.2926829268292,47.6,2.0349717140197754
1365889973.928433,896.3414634146342,47.6,2.240171432495117
1365889974.182362,832.9268292682926,47.6,2.0100927352905273
1365889974.4392672,817.0731707317073,47.6,2.0068047046661377
1365889974.700276,910.3658536585366,47.6,2.050665855407715
1365889974.9809432,915.2439024390244,47.6,2.002453088760376
1365889975.2346728,928.048780487805,47.6,2.0140318870544434
1365889975.4934452,769.5121951219512,47.6,2.025907516479492
1365889975.7718499,873.170731707317,47.6,2.005552053451538
1365889976.027284,940.8536585365853,47.1,2.010118007659912
1365889976.282681,805.4878048780488,48.2,2.0257270336151123
1365889976.55229,747.560975609756,47.1,2.090057849884033
1365889976.8304582,773.1707317073171,47.6,2.008892297744751
1365889977.083523,931.0975609756098,47.6,2.0082895755767822
1365889977.341066,748.170731707317,47.1,2.0304627418518066
1365889977.619497,909.1463414634146,47.1,2.0084455013275146
1365889977.8754601,871.3414634146342,47.6,2.0114004611968994
1365889978.131994,879.8780487804878,47.6,2.026827335357666
1365889978.4100149,914.0243902439024,47.6,2.010315418243408
1365889978.663451,895.1219512195122,47.1,2.0182576179504395
1365889978.918729,1056.7073170731708,47.6,2.0650129318237305
1365889979.180257,721.3414634146342,47.1,2.074902296066284
1365889979.4603891,1100.0,47.6,2.0085980892181396
1365889979.717577,951.2195121951219,47.6,2.013094902038574
1365889979.974729,887.1951219512196,47.6,2.0238921642303467
1365889980.249742,865.2439024390244,48.2,2.0089375972747803
1365889980.503068,778.048780487805,47.6,2.2214694023132324
1365889980.760129,792.0731707317074,48.2,2.0446321964263916
1365889981.0211022,739.0243902439024,46.5,2.0853183269500732
1365889981.298829,1048.170731707317,47.6,2.092883586883545
1365889981.553528,971.3414634146342,47.6,2.0039777755737305
1365889981.81132,951.8292682926829,47.1,2.0289385318756104
1365889982.086207,792.0731707317074,47.6,2.001438856124878
1365889982.3422961,817.0731707317073,47.6,2.0245800018310547
1365889982.595084,940.8536585365853,47.6,2.0090246200561523
1365889982.8580742,744.5121951219512,47.1,2.0402491092681885
1365889983.135989,1028.0487804878048,47.6,2.0121145248413086
1365889983.390799,805.4878048780488,48.2,2.0230793952941895
1365889983.6480331,899.390243902439,47.1,2.0460166931152344
1365889983.9205918,1070.7317073170732,47.6,2.007073163986206
1365889984.177686,920.1219512195122,47.6,2.0064697265625
1365889984.433748,848.170731707317,47.6,2.0622434616088867
1365889984.701329,733.5365853658536,47.1,2.299027919769287
1365889984.974642,871.3414634146342,46.5,2.0615744590759277
1365889985.227869,873.170731707317,48.2,2.0111300945281982
1365889985.4818199,749.390243902439,47.6,2.041294574737549
1365889985.756355,920.1219512195122,48.2,2.0119142532348633
1365889986.013359,1107.9268292682927,47.6,2.0061347484588623
1365889986.272655,834.1463414634146,47.6,2.022550582885742
1365889986.546067,790.2439024390244,47.6,2.2107560634613037
1365889986.7993321,949.390243902439,47.6,2.1518120765686035
1365889987.05473,792.0731707317074,47.6,2.018498420715332
1365889987.320207,736.5853658536586,47.1,2.0327370166778564
1365889987.5975108,935.3658536585366,47.6,2.009697198867798
1365889987.853281,948.170731707317,47.6,2.0070252418518066
1365889988.107899,1934.1463414634145,47.6,2.029214859008789
1365889988.379794,798.1707317073171,47.6,2.012037515640259
1365889988.6347651,954.8780487804878,47.6,2.0059423446655273
1365889988.887558,951.2195121951219,47.6,2.0123941898345947
1365889989.150041,737.1951219512194,47.6,2.0309903621673584
1365889989.429228,803.048780487805,47.6,1.999880075454712
1365889989.6841369,835.9756097560976,47.6,2.002768039703369
1365889989.9387,843.2926829268292,47.6,2.025186061859131
1365889990.211157,776.219512195122,47.6,2.0099639892578125
1365889990.465564,890.8536585365854,47.6,2.0087950229644775
1365889990.718603,827.4390243902438,47.6,2.031200885772705
1365889990.981476,751.219512195122,47.1,2.0797946453094482
1365889991.25794,942.0731707317073,47.6,2.0084941387176514
1365889991.510936,856.0975609756098,47.6,1.9999949932098389
1365889991.764788,781.0975609756098,47.6,2.0468976497650146
1365889992.043643,764.0243902439024,47.6,2.016855478286743
1365889992.3000169,951.2195121951219,48.2,2.0296623706817627
1365889992.556504,793.2926829268293,47.6,2.0263724327087402
1365889992.821522,737.1951219512194,46.5,2.086839437484741
1365889993.098164,951.2195121951219,47.6,2.006756067276001
1365889993.355068,949.390243902439,47.6,2.0011444091796875
1365889993.611237,733.5365853658536,47.6,2.036842107772827
1365889993.889268,812.1951219512194,47.6,2.0124216079711914
1365889994.1438332,780.4878048780488,47.6,2.0081353187561035
1365889994.400095,900.0,47.6,2.0210583209991455
1365889994.6711838,879.2682926829268,47.6,2.0100455284118652
1365889994.926518,903.048780487805,47.6,2.010411024093628
1365889995.181826,851.219512195122,47.6,2.0128653049468994
1365889995.443149,686.5853658536586,47.1,2.038180351257324
1365889995.719167,849.390243902439,47.6,2.006859064102173
1365889995.97691,951.8292682926829,48.2,2.0071873664855957
1365889996.232769,1048.780487804878,47.6,2.024820327758789
1365889996.503167,829.2682926829268,47.1,2.0010311603546143
1365889996.758736,951.8292682926829,48.2,2.0180325508117676
1365889997.016295,788.4146341463415,47.6,2.0260589122772217
1365889997.278292,740.2439024390244,47.1,2.030640125274658
1365889997.558638,846.951219512195,47.6,2.013025999069214
1365889997.817186,909.1463414634146,47.6,2.010143756866455
1365889998.07327,813.4146341463414,47.6,2.026644468307495
1365889998.354362,796.9512195121952,47.6,2.0101230144500732
1365889998.6077461,885.3658536585366,47.6,2.0031232833862305
1365889998.862432,907.9268292682927,47.6,2.01664400100708
1365889999.1338,821.3414634146341,47.1,2.0287294387817383
1365889999.4068658,1524.3902439024391,48.2,2.0088882446289062
1365889999.660948,784.1463414634146,47.6,2.0136213302612305
1365889999.914228,750.0,47.6,2.034268617630005
1365890000.1918652,1793.2926829268292,48.2,2.0916268825531006
1365890000.449044,893.9024390243902,47.6,2.00359845161438
1365890000.703475,929.2682926829269,47.6,2.0195326805114746
1365890000.977102,835.9756097560976,47.6,2.003061532974243
1365890001.2317061,910.3658536585366,47.6,2.0183544158935547
1365890001.485834,774.390243902439,47.6,2.0165045261383057
1365890001.746339,670.1219512195122,47.1,2.0307130813598633
1365890002.02753,943.9024390243902,47.6,2.0027050971984863
1365890002.282412,900.0,47.6,2.0127882957458496
1365890002.537271,863.4146341463414,47.6,2.023656129837036
1365890002.813992,873.170731707317,47.6,2.0091230869293213
1365890003.068953,793.2926829268293,48.2,2.0166778564453125
1365890003.3238962,1040.2439024390244,47.6,2.0162289142608643
1365890003.585183,696.3414634146341,47.1,2.0845184326171875
1365890003.86148,781.0975609756098,47.1,2.0072312355041504
1365890004.1144588,926.219512195122,47.6,2.006638765335083
1365890004.3715358,940.8536585365853,47.6,2.0205399990081787
1365890004.646164,915.8536585365854,47.6,2.008491039276123
1365890004.899325,841.4634146341463,47.6,2.0070760250091553
1365890005.15225,957.9268292682926,47.6,2.009434938430786
1365890005.4104161,742.0731707317074,47.6,2.112023115158081
1365890005.689656,781.0975609756098,47.6,2.0481009483337402
1365890005.945119,909.1463414634146,47.6,2.015970468521118
1365890006.198356,862.1951219512194,47.6,2.0244085788726807
1365890006.461081,729.2682926829268,47.1,2.034226417541504
1365890006.73956,887.1951219512196,48.2,2.008061647415161
1365890006.992716,978.0487804878048,47.6,2.0005874633789062
1365890007.2484648,887.1951219512196,47.6,2.0225584506988525
1365890007.520612,901.219512195122,47.6,2.0039215087890625
1365890007.778541,951.2195121951219,47.6,2.002943754196167
1365890008.035721,873.170731707317,47.6,2.0179362297058105
1365890008.302252,945.1219512195122,47.6,1.9996356964111328
1365890008.5571961,888.4146341463414,47.6,2.00589656829834
1365890008.812406,782.3170731707318,47.6,2.084380626678467
1365890009.066903,743.2926829268292,46.5,2.096233606338501
1365890009.342735,846.951219512195,47.6,2.004182815551758
1365890009.5968199,943.9024390243902,47.6,2.007066488265991
1365890009.852448,882.3170731707318,47.6,2.020737648010254
1365890010.11604,843.9024390243902,47.1,2.0235097408294678
1365890010.393885,890.2439024390244,47.6,2.0030877590179443
1365890010.649591,965.8536585365854,47.6,2.037203311920166
1365890010.9045188,740.2439024390244,47.6,2.034583330154419
1365890011.1814458,784.1463414634146,48.2,2.020103931427002
1365890011.436558,849.390243902439,48.7,2.000831127166748
1365890011.691937,857.9268292682926,47.6,2.054738759994507
1365890011.951723,805.4878048780488,47.6,2.0507869720458984
1365890012.2318249,931.0975609756098,47.6,2.013221502304077
1365890012.4887629,935.9756097560976,47.6,2.0017271041870117
1365890012.7437189,870.1219512195122,47.6,2.030583620071411
1365890013.019242,846.951219512195,47.6,2.0107576847076416
1365890013.274683,990.8536585365854,47.6,2.015953779220581
1365890013.5315928,901.219512195122,47.6,2.0281431674957275
1365890013.79542,748.170731707317,47.6,2.2175240516662598
1365890014.0789728,806.0975609756098,47.6,2.037158727645874
1365890014.337518,954.2682926829268,48.2,2.006741523742676
1365890014.591572,800.0,47.6,2.041761875152588
1365890014.868064,839.0243902439024,48.2,2.125269651412964
1365890015.122068,824.390243902439,47.6,1.9990143775939941
1365890015.375836,835.9756097560976,47.6,2.077040195465088
1365890015.641227,752.439024390244,47.1,2.02659273147583
1365890015.9170449,860.3658536585366,47.6,2.0655715465545654
1365890016.173602,809.1463414634147,47.1,2.004019260406494
1365890016.429347,742.0731707317074,47.6,2.027458429336548
1365890016.70623,785.9756097560976,47.6,2.071873664855957
1365890016.961996,781.0975609756098,48.2,2.532470941543579
1365890017.2174232,1714.6341463414633,47.6,2.3964929580688477
1365890017.484512,776.219512195122,47.1,2.2789249420166016
1365890017.7375202,863.4146341463414,48.2,2.0270164012908936
1365890017.9918,978.0487804878048,47.6,2.0101797580718994
1365890018.250229,754.2682926829268,46.5,2.024566888809204
1365890018.5275362,824.390243902439,47.6,2.002791404724121
1365890018.781101,867.0731707317074,47.1,2.8273963928222656
1365890019.0381582,982.3170731707316,47.6,2.5711498260498047
1365890019.304401,626.219512195122,47.1,2.538621425628662
1365890019.5784352,784.1463414634146,47.1,2.2658751010894775
1365890019.8322291,1068.90243902439,47.6,2.1781113147735596
1365890020.0863411,909.1463414634146,47.1,2.1254782676696777
1365890020.3629,1458.5365853658536,47.6,2.002331495285034
1365890020.618765,1151.8292682926829,47.6,2.031203031539917
1365890020.873177,832.9268292682926,48.2,2.0155491828918457
1365890021.137832,672.5609756097562,47.6,2.034735679626465
1365890021.4178162,937.8048780487804,48.2,2.001230239868164
1365890021.674268,818.2926829268292,47.6,2.0031843185424805
1365890021.9289029,832.3170731707316,47.6,2.1253883838653564
1365890022.204502,934.1463414634147,47.6,2.0152792930603027
1365890022.460567,807.9268292682927,47.6,2.0041332244873047
1365890022.717037,907.3170731707318,47.6,2.097805976867676
1365890022.98625,755.4878048780488,47.6,2.0276412963867188
1365890023.263364,960.9756097560976,47.6,2.0101428031921387
1365890023.51842,878.0487804878048,47.6,2.007023811340332
1365890023.773908,1600.6097560975609,47.6,2.343730926513672
1365890024.052942,1187.8048780487804,48.2,2.0653417110443115
1365890024.306721,888.4146341463414,47.6,2.004564046859741
1365890024.56213,1056.09756097561,47.6,2.0605313777923584
1365890024.835236,816.4634146341463,47.6,2.0277249813079834
1365890025.0889559,841.4634146341463,47.6,2.0522468090057373
1365890025.345172,943.2926829268292,47.6,2.0066940784454346
1365890025.602009,742.0731707317074,47.6,2.037081718444824
1365890025.884018,981.0975609756098,47.6,2.1029257774353027
1365890026.140776,853.0487804878048,47.6,2.0440638065338135
1365890026.393986,793.2926829268293,47.1,2.097490072250366
1365890026.663349,790.2439024390244,47.1,2.059781312942505
1365890026.936355,813.4146341463414,47.6,2.0036604404449463
1365890027.1916642,931.0975609756098,47.6,2.0089099407196045
1365890027.445288,654.2682926829268,47.6,2.0262179374694824
1365890027.720594,964.0243902439024,48.2,2.0162365436553955
1365890027.976644,1085.9756097560976,47.6,2.1938068866729736
1365890028.233338,823.170731707317,47.1,2.018935441970825
1365890028.506179,984.7560975609756,48.2,2.022653579711914
1365890028.762454,792.0731707317074,47.1,2.0730979442596436
1365890029.015918,812.1951219512194,47.6,2.0312931537628174
1365890029.277916,736.5853658536586,46.5,2.0499379634857178
1365890029.553453,943.2926829268292,47.6,2.087733507156372
1365890029.806447,791.4634146341464,47.6,2.070250988006592
1365890030.064109,887.1951219512196,47.6,2.046952486038208
1365890030.3342211,864.0243902439024,47.6,2.008897066116333
1365890030.58907,879.8780487804878,47.6,2.005044460296631
1365890030.845239,954.2682926829268,47.6,2.025273561477661
1365890031.10235,708.5365853658536,47.1,2.0346286296844482
1365890031.381651,879.8780487804878,47.6,2.0074338912963867
1365890031.634709,993.2926829268292,47.1,2.0165021419525146
1365890031.891969,957.9268292682926,47.6,2.029510736465454
1365890032.1628501,852.4390243902438,47.6,2.0786330699920654
1365890032.416482,901.219512195122,47.6,2.216742515563965
1365890032.669954,767.0731707317074,48.2,2.0505001544952393
1365890032.933789,599.390243902439,47.1,2.0570108890533447
1365890033.211961,867.0731707317074,47.6,2.077293634414673
1365890033.467245,1023.7804878048779,47.6,2.0356557369232178
1365890033.720809,791.4634146341464,47.6,2.0411927700042725
1365890033.990059,620.1219512195122,47.1,2.0402204990386963
1365890034.2700968,928.048780487805,47.6,2.0194215774536133
1365890034.5245209,929.2682926829269,47.1,2.023545026779175
1365890034.779702,752.439024390244,47.6,2.196136713027954
1365890035.059527,964.0243902439024,47.6,2.0416579246520996
1365890035.315669,787.1951219512196,47.6,2.0102951526641846
1365890035.5692239,850.0,47.6,2.01733136177063
1365890035.840323,860.9756097560976,47.6,2.0543107986450195
1365890036.0950952,863.4146341463414,47.6,2.004969358444214
1365890036.352619,962.1951219512194,48.2,2.012112617492676
1365890036.60954,653.6585365853658,47.6,2.117727756500244
1365890036.891328,954.8780487804878,47.6,2.0129361152648926
1365890037.1475048,934.1463414634147,47.6,2.003941774368286
1365890037.4053729,831.0975609756097,47.6,2.0326199531555176
1365890037.675553,871.9512195121952,46.5,2.0349624156951904
1365890037.952779,776.219512195122,47.6,2.0120866298675537
1365890038.20658,790.2439024390244,47.6,2.0449090003967285
1365890038.4617321,751.219512195122,47.6,2.021076202392578
1365890038.738486,915.2439024390244,47.6,2.0138750076293945
1365890038.993236,959.1463414634146,48.2,2.0135366916656494
1365890039.24843,778.048780487805,47.6,2.0267488956451416
1365890039.525902,839.0243902439024,47.1,2.0062015056610107
1365890039.780322,940.2439024390243,47.6,2.013148784637451
1365890040.035719,989.0243902439024,47.6,2.013803005218506
1365890040.304832,663.4146341463415,47.1,2.029021978378296
1365890040.5862222,882.9268292682926,47.6,2.0280439853668213
1365890040.844339,817.0731707317073,47.6,2.0075278282165527
1365890041.1023018,777.439024390244,47.1,2.0267515182495117
1365890041.379104,802.439024390244,47.1,2.002767562866211
1365890041.6369112,993.9024390243902,47.6,2.013855457305908
1365890041.893109,742.0731707317074,47.6,2.051147937774658
1365890042.173165,859.1463414634146,47.6,2.0043089389801025
1365890042.4293609,939.0243902439024,47.6,2.0326731204986572
1365890042.6833658,852.4390243902438,47.6,2.0316073894500732
1365890042.9453812,602.4390243902438,47.1,2.060138702392578
1365890043.226627,850.0,47.6,2.061070442199707
1365890043.480627,790.2439024390244,47.6,2.0177512168884277
1365890043.734792,950.0,47.1,2.0773425102233887
1365890044.0086489,795.1219512195122,47.1,2.003662347793579
1365890044.267189,946.3414634146341,48.2,2.007291555404663
1365890044.5237901,870.1219512195122,47.6,2.0305066108703613
1365890044.7889569,739.0243902439024,47.1,2.265903949737549
1365890045.0683022,885.9756097560976,47.6,2.0316693782806396
1365890045.3271492,790.2439024390244,47.6,2.0130181312561035
1365890045.58499,745.1219512195122,47.1,2.136230945587158
1365890045.8634071,1031.0975609756097,47.6,2.1002421379089355
1365890046.117912,1075.0,47.6,2.2044477462768555
1365890046.373098,898.1707317073171,47.1,2.1826095581054688
1365890046.649079,843.2926829268292,48.2,2.0174193382263184
1365890046.904584,795.1219512195122,47.6,2.0103094577789307
1365890047.161091,960.9756097560976,47.6,2.0144829750061035
1365890047.4264362,695.1219512195122,47.1,2.027534246444702
1365890047.7040792,857.3170731707316,47.1,2.0037131309509277
1365890047.959021,892.0731707317074,47.1,2.00107479095459
1365890048.215173,948.170731707317,47.6,2.024977445602417
1365890048.491769,1021.9512195121952,48.2,2.000605344772339
1365890048.747554,940.8536585365853,47.6,2.0025696754455566
1365890049.005985,1037.1951219512193,47.6,2.0096778869628906
1365890049.2696698,764.0243902439024,47.1,2.1377029418945312
1365890049.545922,850.0,47.6,2.004845142364502
1365890049.800693,831.0975609756097,48.2,2.078066110610962
1365890050.0601442,1054.878048780488,47.6,2.033703327178955
1365890050.336802,832.3170731707316,47.6,2.0048937797546387
1365890050.594056,960.3658536585366,47.6,2.0053048133850098
1365890050.850851,926.219512195122,47.6,2.2650766372680664
1365890051.1224902,751.219512195122,47.6,2.133488893508911
1365890051.4010408,901.219512195122,47.6,2.0072505474090576
1365890051.658311,796.3414634146342,47.6,2.0459046363830566
1365890051.9155369,818.2926829268292,47.6,2.0116751194000244
1365890052.1783721,739.0243902439024,47.6,2.0320165157318115
1365890052.456583,813.4146341463414,47.6,2.092399835586548
1365890052.7109709,866.4634146341464,47.6,2.1234664916992188
1365890052.964035,917.0731707317074,48.2,2.021743059158325
1365890053.241763,1217.6829268292684,47.6,2.122532367706299
1365890053.498792,918.9024390243903,47.6,2.0658984184265137
1365890053.753275,821.3414634146341,47.6,2.026685953140259
1365890054.017041,649.390243902439,47.6,2.025017261505127
1365890054.298055,960.3658536585366,47.6,2.0127129554748535
1365890054.555906,1017.0731707317074,47.6,2.00227427482605
1365890054.814086,747.560975609756,47.1,2.1633427143096924
1365890055.093872,937.1951219512194,48.2,2.0141613483428955
1365890055.348889,928.048780487805,47.6,2.0079736709594727
1365890055.605789,934.1463414634147,47.6,2.0219922065734863
1365890055.878888,640.2439024390244,47.1,2.0276432037353516
1365890056.152701,868.9024390243902,47.6,2.0018486976623535
1365890056.4104152,951.8292682926829,48.2,2.001779079437256
1365890056.666008,901.219512195122,46.5,2.0486252307891846
1365890056.937855,783.5365853658537,47.6,2.009652614593506
1365890057.197747,865.2439024390244,48.2,2.0064926147460938
1365890057.450921,932.3170731707318,47.6,2.026689291000366
1365890057.724716,866.4634146341464,47.6,2.0003507137298584
1365890057.9796019,838.4146341463414,47.6,2.0328686237335205
1365890058.234431,782.3170731707318,47.6,2.016688823699951
1365890058.491559,737.1951219512194,47.1,2.0288145542144775
