1365889752.3544996,2417.682926829268,55.3,4.350773811340332
1365889752.5709202,1469.5121951219512,54.8,4.4306700229644775
1365889752.7995424,1472.5609756097563,54.8,4.363529205322266
1365889753.0279284,1589.6341463414633,54.8,4.342289924621582
1365889753.2568207,1604.2682926829268,54.2,4.354092836380005
1365889753.486193,1600.6097560975609,54.2,4.46854829788208
1365889753.7143104,1920.1219512195123,54.2,4.339510679244995
1365889753.9433537,1471.3414634146343,53.7,4.3387675285339355
1365889754.1720047,1686.5853658536585,53.7,4.354080677032471
1365889754.4026046,1721.3414634146343,54.8,4.825684547424316
1365889754.6308086,2682.3170731707314,54.2,4.658406734466553
1365889754.859597,1507.3170731707316,53.7,4.4307873249053955
1365889755.0878594,1586.5853658536587,53.7,4.376381874084473
1365889755.3164093,1471.3414634146343,53.7,4.369198322296143
1365889755.5453784,1807.3170731707316,54.2,5.480710506439209
1365889755.77375,1868.9024390243903,53.7,5.391008138656616
1365889755.989908,1705.4878048780488,54.8,5.175730466842651
1365889756.2063842,1912.1951219512193,54.2,4.960054397583008
1365889756.42239,1588.4146341463415,53.7,4.744676351547241
1365889756.6386168,1957.9268292682927,54.2,4.529135704040527
1365889756.8549323,1987.1951219512196,54.8,4.4779815673828125
1365889757.071076,1725.6097560975609,54.2,4.343416929244995
1365889757.2873702,1565.2439024390244,53.7,4.365764379501343
1365889757.5159652,1466.4634146341464,53.7,4.342088937759399
1365889757.7444613,1506.7073170731705,54.2,4.342559099197388
1365889757.972831,1490.8536585365855,54.2,4.366849660873413
1365889758.2014477,1598.1707317073171,53.7,4.3418450355529785
1365889758.4303498,1477.439024390244,53.2,4.392381429672241
1365889758.6588173,1767.0731707317073,53.7,4.359720468521118
1365889758.8879178,1646.341463414634,53.7,4.486880779266357
1365889759.116764,1593.2926829268292,53.7,4.436015605926514
1365889759.3457723,1515.2439024390244,53.7,4.410284519195557
1365889759.573934,1623.1707317073171,53.7,4.3422839641571045
1365889759.8025148,1501.8292682926829,53.7,4.366073131561279
1365889760.0309603,1465.8536585365853,53.7,4.3844664096832275
1365889760.2596803,1564.6341463414635,53.7,4.382827043533325
1365889760.4883192,1780.4878048780488,53.7,4.347944021224976
1365889760.7108812,1633.5365853658536,53.7,4.340421676635742
1365889760.9272175,2028.0487804878046,53.7,4.337258577346802
1365889761.143382,1586.5853658536587,54.2,4.435619831085205
1365889761.3595188,1976.219512195122,54.8,4.56368088722229
1365889761.5772069,1490.8536585365855,53.7,4.390561580657959
1365889761.8076942,1497.560975609756,53.7,4.343874931335449
1365889762.036725,1778.0487804878048,53.7,4.350183963775635
1365889762.26592,1576.219512195122,53.7,4.409666299819946
1365889762.4944181,1798.170731707317,53.7,4.340077877044678
1365889762.72385,1708.5365853658536,53.7,4.516436815261841
1365889762.953158,1717.0731707317073,53.7,4.3515636920928955
1365889763.181777,1758.5365853658536,53.2,4.43781590461731
1365889763.4106095,1467.6829268292684,53.7,4.459544658660889
1365889763.6410282,1459.7560975609756,53.2,4.35550594329834
1365889763.8720756,1752.439024390244,53.7,4.346807956695557
1365889764.1010604,1630.4878048780486,53.7,4.358023405075073
1365889764.329753,1736.5853658536585,53.7,4.397371768951416
1365889764.5585122,1468.2926829268292,53.7,4.429399490356445
1365889764.7878153,2037.8048780487802,53.7,4.33745551109314
1365889765.0042531,1913.4146341463413,53.7,4.338897466659546
1365889765.2207112,1581.7073170731708,53.7,4.363529920578003
1365889765.437054,1660.3658536585367,53.7,4.327366352081299
1365889765.653411,1996.9512195121952,53.2,4.360392093658447
1365889765.8822432,1584.7560975609756,53.7,4.394768953323364
1365889766.1106777,1636.5853658536585,53.7,4.523668527603149
1365889766.3396397,1477.439024390244,53.7,4.410235166549683
1365889766.5682576,1565.2439024390244,53.7,4.394343376159668
1365889766.7969081,1739.6341463414635,53.2,4.441502809524536
1365889767.025588,1516.4634146341461,53.7,4.389624834060669
1365889767.2541642,1520.7317073170732,53.7,4.485156536102295
1365889767.4830391,1731.09756097561,53.2,4.391802549362183
1365889767.7121103,1566.4634146341464,53.7,4.34196925163269
1365889767.9415393,1560.3658536585365,52.6,4.35183048248291
1365889768.1703768,1588.4146341463415,53.2,4.342357397079468
1365889768.3992198,1480.4878048780488,53.7,4.433430433273315
1365889768.6286569,1551.219512195122,53.7,4.342310190200806
1365889768.8575954,1851.219512195122,53.7,4.372967958450317
1365889769.08087,1831.0975609756097,53.7,4.34599757194519
1365889769.298053,1785.3658536585367,53.7,4.341270446777344
1365889769.5149992,2021.3414634146343,53.7,4.3369081020355225
1365889769.7313702,1758.5365853658536,54.2,4.590041399002075
1365889769.947611,1737.1951219512196,53.7,4.432231903076172
1365889770.163888,2037.1951219512193,54.2,4.505403518676758
1365889770.380077,1592.6829268292684,54.2,4.447083234786987
1365889770.5962882,2018.9024390243903,54.2,4.337752342224121
1365889770.8131173,1804.2682926829268,54.8,4.3263654708862305
1365889771.0297732,1819.5121951219512,54.2,4.328345775604248
1365889771.2462914,1495.7317073170732,53.7,4.340961694717407
1365889771.4757576,1464.6341463414633,53.7,4.715705871582031
1365889771.704298,1599.390243902439,53.7,4.489612340927124
1365889771.9327557,1541.4634146341464,53.7,4.360403537750244
1365889772.1614485,1755.4878048780486,53.7,4.346629619598389
1365889772.3900702,1560.3658536585365,53.7,4.505921840667725
1365889772.6193376,1625.6097560975609,53.7,4.341352224349976
1365889772.8484313,1599.390243902439,53.7,4.446401119232178
1365889773.0778592,1611.5853658536585,53.7,4.35673713684082
1365889773.3070226,1747.560975609756,53.7,4.341352462768555
1365889773.535873,1705.4878048780488,53.7,4.391019105911255
1365889773.7644424,1521.341463414634,53.7,4.353779554367065
1365889773.9928493,1473.7804878048782,53.7,4.523268699645996
1365889774.2223148,1449.3902439024391,53.7,4.411981821060181
1365889774.4506576,1871.341463414634,53.7,4.331349611282349
1365889774.668348,1934.1463414634145,53.7,4.334850311279297
1365889774.8845692,1846.3414634146343,53.7,4.333625555038452
1365889775.1007693,1737.1951219512196,53.7,4.328420162200928
1365889775.3170297,2037.1951219512193,54.8,4.425668716430664
1365889775.5330825,1673.170731707317,53.7,4.360000371932983
1365889775.7492163,1960.3658536585367,53.7,4.344200849533081
1365889775.9655554,1599.390243902439,54.2,4.413384437561035
1365889776.181518,2001.829268292683,54.2,4.344811916351318
1365889776.3976555,1622.560975609756,53.7,4.361202716827393
1365889776.6144564,1584.7560975609756,53.7,4.36097526550293
1365889776.8308399,1768.2926829268292,54.2,4.339513540267944
1365889777.0470827,1948.1707317073171,53.7,4.352218866348267
1365889777.2632937,1768.2926829268292,54.8,4.7112135887146
1365889777.4792457,1835.9756097560976,54.2,5.175301551818848
1365889777.6954193,1720.1219512195123,54.2,4.959990501403809
1365889777.9115367,1920.1219512195123,54.2,4.744627237319946
1365889778.1277459,1657.3170731707316,54.2,4.529166221618652
1365889778.3438993,2095.121951219512,54.2,4.5250325202941895
1365889778.5601218,1592.6829268292684,54.2,4.333253860473633
1365889778.7766004,1731.09756097561,54.2,4.373030424118042
1365889778.9927173,1915.2439024390244,54.2,4.456615686416626
1365889779.2089615,1624.390243902439,54.2,4.36830735206604
1365889779.4254317,1800.0,54.8,4.54053521156311
1365889779.6414518,1621.341463414634,54.2,4.341540575027466
1365889779.870066,1889.0243902439024,53.7,4.337521553039551
1365889780.0984735,1611.5853658536585,53.7,4.388932943344116
1365889780.3270695,1464.6341463414633,53.7,4.530691146850586
1365889780.5555744,1492.6829268292684,53.7,4.375487327575684
1365889780.783867,1486.5853658536585,53.7,4.3555238246917725
1365889781.012421,1535.3658536585367,53.7,4.598161697387695
1365889781.2409022,1614.6341463414635,53.7,4.370706796646118
1365889781.4692934,1801.219512195122,53.7,5.121818780899048
1365889781.6976535,1661.5853658536585,53.7,4.894288063049316
1365889781.9260557,1682.3170731707316,53.2,4.666457891464233
1365889782.1542146,1684.1463414634145,53.7,4.500357627868652
1365889782.382999,1570.7317073170732,53.7,4.4557459354400635
1365889782.611691,1569.5121951219512,53.7,4.346760034561157
1365889782.8403342,1585.3658536585367,53.7,4.34314489364624
1365889783.0693758,1928.0487804878048,53.7,4.372569561004639
1365889783.2853985,1850.0,53.7,4.368898868560791
1365889783.5014346,2051.829268292683,53.7,4.351165294647217
1365889783.7177334,1587.1951219512196,53.7,4.761538028717041
1365889783.9338942,1454.8780487804877,53.7,4.6173622608184814
1365889784.1619515,1588.4146341463415,53.7,4.491073131561279
1365889784.390254,1610.3658536585365,53.7,4.362889051437378
1365889784.619353,1618.2926829268295,53.7,4.339743375778198
1365889784.848361,1465.8536585365853,53.7,4.343971252441406
1365889785.0799463,1466.4634146341464,53.2,4.346875190734863
1365889785.3095293,1533.5365853658536,52.6,4.356065511703491
1365889785.5383072,1623.1707317073171,53.7,4.343440532684326
1365889785.7671225,1780.4878048780488,53.7,4.496840953826904
1365889785.9967248,1577.439024390244,53.2,4.473880290985107
1365889786.2273104,1616.4634146341464,53.2,4.344506740570068
1365889786.4590526,1726.219512195122,53.2,4.397046089172363
1365889786.6884546,1723.1707317073171,53.7,4.343875885009766
1365889786.9173145,1480.4878048780488,53.2,4.351251125335693
1365889787.1457672,1477.439024390244,52.6,4.359816074371338
1365889787.3744206,1746.341463414634,53.7,4.338390111923218
1365889787.5905526,1882.3170731707316,53.7,4.4732136726379395
1365889787.8069003,1996.9512195121952,53.7,4.331272602081299
1365889788.0239954,1760.3658536585365,53.7,4.328853130340576
1365889788.2401903,1904.2682926829268,53.7,4.334685564041138
1365889788.4565506,1569.5121951219512,53.7,4.398397922515869
1365889788.673086,1778.0487804878048,54.2,4.330397367477417
1365889788.890319,2034.7560975609756,53.7,4.32481575012207
1365889789.106736,1702.439024390244,53.7,4.352073431015015
1365889789.335555,1472.5609756097563,53.7,4.352341651916504
1365889789.5640788,1500.6097560975609,53.7,4.344452142715454
1365889789.7928014,1725.6097560975609,53.7,4.3792338371276855
1365889790.0219824,1551.219512195122,53.7,4.395986557006836
1365889790.2510014,1456.7073170731708,53.7,4.438198804855347
1365889790.4798245,1614.6341463414635,53.7,4.369039058685303
1365889790.708243,1651.2195121951218,53.7,4.429198980331421
1365889790.9366186,1996.341463414634,53.7,4.342363357543945
1365889791.16534,1529.2682926829268,53.7,4.339893102645874
1365889791.393922,1471.3414634146343,53.7,4.348384618759155
1365889791.6231396,1497.560975609756,53.7,4.3841516971588135
1365889791.8518753,1525.609756097561,53.7,4.427190065383911
1365889792.0807686,1909.1463414634147,53.7,4.436403036117554
1365889792.3098211,1637.1951219512196,53.7,4.3799803256988525
1365889792.5382378,1757.3170731707316,53.7,4.34032416343689
1365889792.7545216,1676.219512195122,53.7,4.335958003997803
1365889792.9783456,1481.7073170731708,53.7,4.343265533447266
1365889793.2072034,1629.2682926829268,53.7,4.387551784515381
1365889793.436129,1479.878048780488,53.7,4.343902587890625
1365889793.6649277,1590.2439024390244,53.7,4.347365140914917
1365889793.8947659,1550.6097560975609,53.7,4.344281196594238
1365889794.123328,1469.5121951219512,53.7,4.354292869567871
1365889794.3517637,1476.8292682926829,52.6,4.340032577514648
1365889794.5802517,1504.2682926829268,53.2,4.348149299621582
1365889794.8088243,1650.609756097561,53.2,4.340762138366699
1365889795.0377445,1475.6097560975609,52.6,4.393131971359253
1365889795.266546,1609.7560975609756,53.2,4.345346212387085
1365889795.495253,1764.0243902439024,53.2,4.338613271713257
1365889795.723683,1601.219512195122,53.2,4.4941394329071045
1365889795.9520679,1537.8048780487804,53.2,4.5235700607299805
1365889796.1804662,2040.8536585365855,53.2,4.336296081542969
1365889796.4012854,1558.5365853658536,53.7,4.400536775588989
1365889796.6305547,1788.4146341463413,53.2,4.372715950012207
1365889796.8591292,1534.7560975609756,52.6,4.436727285385132
1365889797.0877218,1466.4634146341464,53.7,4.356949090957642
1365889797.3162184,1542.6829268292684,53.2,4.341071128845215
1365889797.544767,1734.1463414634147,53.2,4.367161989212036
1365889797.773243,1755.4878048780486,53.2,4.358025312423706
1365889798.0017912,1635.3658536585365,53.2,4.373835802078247
1365889798.2305915,1627.439024390244,53.7,4.407834053039551
1365889798.4604282,2728.6585365853657,53.2,4.400960445404053
1365889798.688622,1651.2195121951218,52.6,4.634382724761963
1365889798.9170163,1733.5365853658539,52.6,4.408448219299316
1365889799.1454816,1781.0975609756097,53.7,4.675157785415649
1365889799.3745332,1600.6097560975609,53.2,4.527754068374634
1365889799.6028137,1589.6341463414633,53.7,4.543254852294922
1365889799.8190181,2270.731707317073,53.7,4.347645998001099
1365889800.035595,1769.5121951219512,53.7,4.338120937347412
1365889800.2641923,1476.8292682926829,53.2,4.70292854309082
1365889800.4927561,1489.6341463414635,53.2,4.641841650009155
1365889800.7212396,1564.6341463414635,52.6,4.4594786167144775
1365889800.9496684,1613.4146341463415,53.2,4.341764450073242
1365889801.178354,1622.560975609756,53.2,4.370030879974365
1365889801.4071043,1485.3658536585365,53.2,4.371152400970459
1365889801.6384845,1478.658536585366,53.2,4.345773935317993
1365889801.8671079,1474.390243902439,53.7,4.346797466278076
1365889802.0961318,1555.4878048780488,53.2,4.403040885925293
1365889802.3246431,1517.6829268292681,53.2,4.362121105194092
1365889802.5532756,1703.6585365853657,53.2,4.468308448791504
1365889802.7821796,1568.2926829268292,53.7,4.442530632019043
1365889803.0110176,1530.4878048780488,53.2,4.385395288467407
1365889803.2399988,1539.6341463414633,52.6,4.360993146896362
1365889803.461827,1993.9024390243903,53.7,4.573686838150024
1365889803.6781461,1592.6829268292684,53.7,4.390542507171631
1365889803.8949807,1803.0487804878048,53.7,4.436161756515503
1365889804.111373,1596.3414634146343,53.7,4.3957359790802
1365889804.3277402,1833.5365853658536,53.7,4.327432632446289
1365889804.5438952,1817.0731707317075,53.7,4.6175689697265625
1365889804.760231,1583.5365853658536,53.7,4.712740898132324
1365889804.9763913,2106.707317073171,53.7,4.499248504638672
1365889805.1925912,1780.4878048780488,53.7,4.421137809753418
1365889805.4088535,1935.9756097560976,54.2,4.3674256801605225
1365889805.6262498,3115.243902439024,53.7,4.330590486526489
1365889805.842511,1583.5365853658536,53.7,4.328742027282715
1365889806.0589378,1801.219512195122,54.2,4.3301544189453125
1365889806.275427,2014.0243902439026,54.2,4.39925479888916
1365889806.4925578,1573.780487804878,53.7,4.432941675186157
1365889806.7087448,2023.7804878048782,53.7,4.355538845062256
1365889806.9249582,1592.6829268292684,53.7,4.347432374954224
1365889807.141244,1750.6097560975609,53.7,4.3319690227508545
1365889807.3577237,1970.1219512195123,54.2,4.364193439483643
1365889807.5738635,1605.4878048780488,54.2,4.420271873474121
1365889807.7903001,1614.6341463414635,54.2,4.339962959289551
1365889808.0066729,1913.4146341463413,54.2,4.396059513092041
1365889808.2228727,1786.5853658536585,53.7,4.383196830749512
1365889808.4394772,1589.6341463414633,54.8,4.340564727783203
1365889808.6556506,1844.5121951219512,54.2,4.739153146743774
1365889808.8718722,1884.1463414634145,54.2,4.968015432357788
1365889809.088084,1644.5121951219512,54.8,4.753410339355469
1365889809.3047342,1667.6829268292684,54.2,4.671975612640381
1365889809.5211666,1467.6829268292684,53.7,4.456448078155518
1365889809.7494328,1532.3170731707316,53.7,4.47898268699646
1365889809.9780934,1478.658536585366,53.7,4.4795262813568115
1365889810.206929,1776.2195121951218,53.7,4.364961862564087
1365889810.4358962,1480.4878048780488,53.2,4.353557586669922
1365889810.6642606,1632.3170731707316,53.7,4.348663806915283
1365889810.8927388,2215.8536585365855,53.7,4.338561058044434
1365889811.121492,1605.4878048780488,53.7,4.356979608535767
1365889811.3500845,1479.878048780488,53.7,4.339752912521362
1365889811.5784953,1468.2926829268292,53.7,4.3711161613464355
1365889811.806998,1487.8048780487804,53.7,4.410739898681641
1365889812.0356972,1685.3658536585365,53.7,4.344817638397217
1365889812.2642074,1772.560975609756,53.7,4.342129707336426
1365889812.4925237,1907.9268292682927,53.7,4.338438987731934
1365889812.7218134,1770.121951219512,53.7,4.3540191650390625
1365889812.9503245,2007.9268292682925,53.7,4.337394952774048
1365889813.166744,1595.7317073170732,53.7,4.394307374954224
1365889813.382999,1462.8048780487807,53.2,4.339155435562134
1365889813.611433,1489.6341463414635,53.7,4.515100717544556
1365889813.8404336,1580.4878048780488,53.2,4.453034162521362
1365889814.068615,1770.121951219512,53.7,4.375499963760376
1365889814.2973654,1466.4634146341464,53.7,4.337233543395996
1365889814.5260353,1561.5853658536585,53.7,4.337216138839722
1365889814.7547364,1631.7073170731705,53.7,4.339507102966309
1365889814.9833395,1498.780487804878,53.7,4.489882946014404
1365889815.2122252,1621.341463414634,53.7,4.418362379074097
1365889815.4430032,1776.2195121951218,53.7,4.396767854690552
1365889815.6712608,1735.3658536585365,53.2,4.347445964813232
1365889815.9005635,1672.560975609756,53.2,4.3993566036224365
1365889816.1290848,1794.5121951219512,53.2,4.3574910163879395
1365889816.3573701,1787.1951219512193,53.7,4.3438215255737305
1365889816.5858946,2071.951219512195,53.7,4.421020746231079
1365889816.802141,1594.5121951219512,53.7,4.336683750152588
1365889817.0184681,1766.4634146341461,53.7,4.341105937957764
1365889817.2346916,2636.5853658536585,53.7,4.369239330291748
1365889817.451527,2020.121951219512,53.7,4.33141016960144
1365889817.667723,1596.3414634146343,53.7,4.345784664154053
1365889817.89642,1889.0243902439024,53.7,4.345874786376953
1365889818.1258802,1608.5365853658539,53.7,4.472097873687744
1365889818.3546083,1508.5365853658536,53.2,4.397558927536011
1365889818.583221,1633.5365853658536,52.6,4.377234935760498
1365889818.8115587,1610.3658536585365,53.7,4.366634130477905
1365889819.0410314,2764.6341463414633,53.2,4.342754364013672
1365889819.269662,1617.6829268292684,53.2,4.462321996688843
1365889819.498111,1559.7560975609756,53.7,4.601190090179443
1365889819.7270746,1609.7560975609756,53.2,4.376042366027832
1365889819.9555569,1774.3902439024391,52.6,4.377819061279297
1365889820.1838517,1679.2682926829268,53.2,4.371196269989014
1365889820.4128067,1468.2926829268292,52.6,4.364670991897583
1365889820.6431396,1483.5365853658539,52.6,4.339415073394775
1365889820.8719099,1557.3170731707316,53.7,4.346625804901123
1365889821.09673,2234.146341463415,53.2,4.3308351039886475
1365889821.3129313,1815.2439024390244,53.7,4.332962989807129
1365889821.5292437,1586.5853658536587,53.7,4.4294726848602295
1365889821.7456443,1465.8536585365853,53.7,4.34474515914917
1365889821.9744399,1760.3658536585365,53.7,4.409844398498535
1365889822.2043633,1491.4634146341464,53.7,4.351167917251587
1365889822.4332874,1673.170731707317,53.7,4.355387926101685
1365889822.663011,1596.3414634146343,52.6,4.336973667144775
1365889822.8914974,1509.7560975609756,53.2,4.381183624267578
1365889823.1217241,1785.3658536585367,53.2,4.344924211502075
1365889823.3504226,1476.8292682926829,52.6,4.372956037521362
1365889823.57918,1673.170731707317,53.2,4.373164415359497
1365889823.807901,1606.7073170731708,52.6,4.423543691635132
1365889824.0367854,1659.1463414634147,53.2,4.348939418792725
1365889824.2658763,1485.3658536585365,53.2,4.355715036392212
1365889824.4943206,1465.8536585365853,53.2,4.343146324157715
1365889824.723045,1637.1951219512196,53.7,4.344117879867554
1365889824.9515254,1708.5365853658536,52.6,4.341856479644775
1365889825.180127,2070.1219512195125,53.7,4.343751668930054
1365889825.3965375,1780.4878048780488,53.7,4.3426713943481445
1365889825.6128407,1646.341463414634,53.7,4.541956186294556
1365889825.828887,1904.2682926829268,54.2,4.429029703140259
1365889826.0473044,1581.7073170731708,53.7,4.613489389419556
1365889826.263583,1992.0731707317075,53.7,4.398028612136841
1365889826.4797306,1586.5853658536587,53.7,4.92912220954895
1365889826.6960917,1700.609756097561,53.7,4.713821887969971
1365889826.912381,1576.219512195122,53.7,4.591484069824219
1365889827.1422186,1483.5365853658539,53.7,4.362610101699829
1365889827.3708694,1686.5853658536585,52.6,4.421481132507324
1365889827.5995631,1561.5853658536585,53.7,4.353642225265503
1365889827.8281066,1464.6341463414633,53.2,4.341845989227295
1365889828.058107,1697.560975609756,53.7,4.380436420440674
1365889828.2870562,1546.3414634146343,53.2,4.348931312561035
1365889828.516104,1594.5121951219512,52.6,4.344449281692505
1365889828.7445722,1485.3658536585365,52.6,4.363062620162964
1365889828.9727738,2525.609756097561,53.7,4.344651460647583
1365889829.2013967,1511.5853658536585,52.6,4.348202466964722
1365889829.4300005,1541.4634146341464,53.7,4.392861604690552
1365889829.6602557,1485.3658536585365,52.6,4.475451707839966
1365889829.888689,1471.3414634146343,53.2,4.436247825622559
1365889830.1182766,1531.7073170731708,53.7,4.425616979598999
1365889830.3468864,1839.0243902439024,53.7,4.438786268234253
1365889830.5631413,1652.4390243902437,53.7,4.608175992965698
1365889830.7797005,1468.2926829268292,53.7,4.430786371231079
1365889831.0079834,1465.8536585365853,53.7,4.455688714981079
1365889831.2367978,1692.0731707317075,53.2,4.557988166809082
1365889831.4661334,1581.7073170731708,52.6,4.542503356933594
1365889831.6947174,1606.7073170731708,53.7,4.806479454040527
1365889831.9239378,1624.390243902439,53.2,4.578081846237183
1365889832.1525207,1767.0731707317073,53.2,4.605275392532349
1365889832.381096,1469.5121951219512,53.2,4.508970260620117
1365889832.6122067,1711.5853658536587,53.7,4.467489719390869
1365889832.8413708,1564.6341463414635,52.6,4.541398286819458
1365889833.0727787,1453.6585365853657,52.6,4.422051429748535
1365889833.3010643,1460.3658536585367,53.7,4.348265171051025
1365889833.530886,1739.6341463414635,52.6,4.363115310668945
1365889833.7594244,1791.4634146341464,52.6,4.352283954620361
1365889833.9881752,1477.439024390244,53.2,4.34115743637085
1365889834.2095647,1757.3170731707316,53.7,4.351470470428467
1365889834.4259226,1607.3170731707319,52.6,4.344765901565552
1365889834.6420372,1598.1707317073171,53.7,4.352438688278198
1365889834.8709745,1498.780487804878,53.7,4.371453762054443
1365889835.0999303,1532.3170731707316,53.7,4.369061708450317
1365889835.3306055,1472.5609756097563,52.6,4.496036052703857
1365889835.5600736,1477.439024390244,53.7,4.755860805511475
1365889835.7884996,1490.8536585365855,53.2,4.604578733444214
1365889836.0173333,1759.1463414634145,53.2,4.377168893814087
1365889836.2464964,1637.1951219512196,52.6,4.350825548171997
1365889836.4762866,1615.2439024390244,52.6,4.348515748977661
1365889836.7049656,1982.3170731707319,53.2,4.43065881729126
1365889836.9342759,1463.4146341463415,52.6,4.64324164390564
1365889837.162604,1466.4634146341464,52.6,4.4158618450164795
1365889837.391095,1485.3658536585365,53.2,4.50233006477356
1365889837.6197588,1651.2195121951218,53.2,4.4931111335754395
1365889837.8483603,1891.4634146341461,53.7,4.5985634326934814
1365889838.0645819,1658.5365853658536,52.6,4.415161371231079
1365889838.2932332,1712.1951219512196,52.6,4.346566677093506
1365889838.5224092,1538.4146341463413,52.6,4.347492218017578
1365889838.7509654,1703.6585365853657,53.2,4.540393590927124
1365889838.9804566,1744.5121951219514,52.6,4.62018084526062
1365889839.2095602,1543.2926829268292,52.6,4.444858551025391
1365889839.4379904,1632.3170731707316,53.2,4.396158456802368
1365889839.6675265,1675.6097560975609,53.2,4.414123773574829
1365889839.8973117,1509.7560975609756,53.2,4.38467264175415
1365889840.1265948,1601.219512195122,52.6,4.416270732879639
1365889840.3556547,1624.390243902439,52.6,4.3371686935424805
1365889840.5846395,1799.390243902439,52.6,4.516646862030029
1365889840.8142743,1568.2926829268292,53.2,4.413706302642822
1365889841.0433762,1474.390243902439,53.7,4.407951831817627
1365889841.2731116,1580.4878048780488,52.6,4.550379514694214
1365889841.4893742,1963.4146341463415,53.7,4.548841714859009
1365889841.7055922,1623.1707317073171,53.2,4.418757915496826
1365889841.9219162,1704.2682926829268,53.7,4.888566970825195
1365889842.138338,1990.8536585365855,53.7,4.673075914382935
1365889842.354419,1591.4634146341464,53.7,4.457963228225708
1365889842.5704894,2023.7804878048782,53.7,4.331490755081177
1365889842.7868733,1810.9756097560976,53.7,4.343759059906006
1365889843.003183,2607.317073170732,53.7,4.325026750564575
1365889843.2195625,1454.8780487804877,53.7,4.341705322265625
1365889843.4479172,1468.2926829268292,53.7,4.423482656478882
1365889843.6764119,1494.5121951219514,53.2,4.35828709602356
1365889843.9050164,1584.7560975609756,53.7,4.342457294464111
1365889844.134123,1644.5121951219512,53.2,4.345839738845825
1365889844.363656,1500.6097560975609,53.7,4.341643571853638
1365889844.5920284,1519.5121951219512,53.2,4.347896337509155
1365889844.8208113,1781.0975609756097,52.6,4.347878456115723
1365889845.0496404,2433.5365853658536,53.2,4.349016189575195
1365889845.279168,1470.7317073170732,53.2,4.3559534549713135
1365889845.5074937,1478.658536585366,52.6,4.354884624481201
1365889845.736504,1562.8048780487804,52.6,4.340529680252075
1365889845.9646626,1618.2926829268295,53.2,4.353843688964844
1365889846.1933308,1483.5365853658539,52.6,4.349730968475342
1365889846.4221241,1616.4634146341464,52.6,4.34638786315918
1365889846.65064,1812.1951219512196,53.7,4.336177349090576
1365889846.8672602,1592.6829268292684,53.7,4.326418399810791
1365889847.0833795,1970.1219512195123,53.7,4.331828832626343
1365889847.300063,1874.390243902439,53.7,4.340085029602051
1365889847.5166295,1968.2926829268292,53.7,4.337001323699951
1365889847.732716,1578.6585365853657,53.7,4.325420379638672
1365889847.9490085,1835.3658536585367,53.7,4.328431606292725
1365889848.1653564,2090.8536585365855,53.7,4.342406749725342
1365889848.3817232,1593.2926829268292,53.7,4.3284595012664795
1365889848.5981545,1595.7317073170732,53.7,4.390099048614502
1365889848.8143678,1506.7073170731705,53.7,4.338951110839844
1365889849.0431957,1538.4146341463413,53.7,4.343783378601074
1365889849.27228,1464.6341463414633,53.7,4.340658187866211
1365889849.5010653,1669.5121951219512,53.7,4.377431869506836
1365889849.7316568,1658.5365853658536,52.6,4.370376110076904
1365889849.9605396,1467.6829268292684,52.6,4.358633995056152
1365889850.189351,1634.1463414634145,53.7,4.3481926918029785
1365889850.4180129,1599.390243902439,53.2,4.3448591232299805
1365889850.6468904,1502.439024390244,53.7,4.354121685028076
1365889850.876121,1469.5121951219512,53.2,4.337078094482422
1365889851.1048822,1699.3902439024391,53.2,4.3660149574279785
1365889851.335594,1779.2682926829268,52.6,4.393668174743652
1365889851.5643697,1493.2926829268295,53.2,4.49161434173584
1365889851.7927547,1471.3414634146343,53.2,4.397576570510864
1365889852.021016,1470.7317073170732,53.7,4.410701274871826
1365889852.24955,1614.6341463414635,53.7,4.330338478088379
1365889852.4662771,1587.1951219512196,53.7,4.406125545501709
1365889852.6834998,2042.0731707317073,53.7,4.334907531738281
1365889852.899645,1580.4878048780488,53.7,4.404482841491699
1365889853.1160522,1759.1463414634145,53.7,4.433307409286499
1365889853.3326626,1490.8536585365855,53.7,4.340284824371338
1365889853.5611398,1717.0731707317073,53.7,4.343122720718384
1365889853.789855,1765.2439024390244,53.2,4.3463544845581055
1365889854.0188022,1477.439024390244,53.2,4.394139766693115
1365889854.2479644,1524.3902439024391,53.7,4.783828020095825
1365889854.4769065,1621.341463414634,53.7,4.555754661560059
1365889854.7054,1761.5853658536585,53.2,4.480815172195435
1365889854.9341555,1479.878048780488,53.7,4.4377405643463135
1365889855.1627238,1480.4878048780488,53.7,4.354733467102051
1365889855.3912466,1581.7073170731708,53.2,4.343429088592529
1365889855.620245,1485.3658536585365,53.2,4.353792190551758
1365889855.8490078,1568.2926829268292,53.7,4.339856386184692
1365889856.0779421,1490.8536585365855,53.2,4.34555983543396
1365889856.313358,1704.2682926829268,53.7,4.344671249389648
1365889856.5429592,1974.390243902439,53.7,4.39149284362793
1365889856.7593844,1835.9756097560976,53.2,4.337923526763916
1365889856.9757473,1627.439024390244,53.7,4.3650963306427
1365889857.1919405,2051.829268292683,53.7,4.463156700134277
1365889857.408188,1582.3170731707316,53.7,4.375325441360474
1365889857.6242785,2053.048780487805,53.7,4.337852954864502
1365889857.8405967,1691.4634146341464,53.7,4.349227428436279
1365889858.0694892,1693.2926829268292,53.7,4.337336301803589
1365889858.2983377,1832.3170731707316,53.7,4.346850156784058
1365889858.5272841,1757.3170731707316,53.2,4.348114013671875
1365889858.756387,1573.780487804878,53.2,4.352839708328247
1365889858.984873,1496.341463414634,53.7,4.336440563201904
1365889859.2131858,1487.8048780487804,53.2,4.346879243850708
1365889859.4421186,1668.2926829268292,53.2,4.386503458023071
1365889859.6727724,1740.2439024390244,53.2,4.419079780578613
1365889859.9017937,1531.7073170731708,53.7,4.3712592124938965
1365889860.132445,1628.658536585366,52.6,4.341393947601318
1365889860.361657,1522.560975609756,53.2,4.338527202606201
1365889860.5899658,1525.609756097561,53.2,5.412498235702515
1365889860.8184988,1691.4634146341464,52.6,5.257727146148682
1365889861.047117,1940.2439024390244,53.2,5.029956579208374
1365889861.264398,1670.1219512195123,53.7,4.814129114151001
1365889861.480472,1923.170731707317,53.7,4.598940134048462
1365889861.6983206,2032.9268292682925,53.7,4.38210129737854
1365889861.91439,1582.3170731707316,53.7,4.334992408752441
1365889862.130886,1839.0243902439024,53.7,4.338884592056274
1365889862.347229,1571.341463414634,53.7,4.432862997055054
1365889862.5761735,1606.7073170731708,53.2,4.340014457702637
1365889862.8055046,1538.4146341463413,53.7,4.341033935546875
1365889863.0342863,1583.5365853658536,53.2,4.3682966232299805
1365889863.2630954,1455.4878048780488,52.6,4.440077304840088
1365889863.4917357,1606.7073170731708,52.6,4.405612468719482
1365889863.7201855,1715.2439024390244,53.2,4.345255136489868
1365889863.9502213,1479.878048780488,53.2,4.347377061843872
1365889864.1788404,1618.2926829268295,52.6,4.438329696655273
1365889864.4074864,1774.3902439024391,53.2,4.372060775756836
1365889864.6364393,1526.8292682926829,52.6,4.410857439041138
1365889864.8650346,1634.1463414634145,52.6,4.368029832839966
1365889865.0938041,1571.341463414634,53.2,4.391343355178833
1365889865.3224618,1471.3414634146343,53.2,4.398183584213257
1365889865.551373,1627.439024390244,52.6,4.594321966171265
1365889865.7713063,2039.0243902439024,53.7,4.417466878890991
1365889865.9875298,1581.7073170731708,53.7,4.712366819381714
1365889866.2039502,1800.0,53.7,4.4987146854400635
1365889866.4202373,2057.9268292682927,53.7,4.34801459312439
1365889866.636471,1590.2439024390244,54.2,4.341882228851318
1365889866.8527362,1893.90243902439,53.7,4.344821453094482
1365889867.0695746,1455.4878048780488,53.2,4.362139940261841
1365889867.2984347,1775.0,53.7,4.406567573547363
1365889867.5274107,1489.6341463414635,53.2,4.424498558044434
1365889867.7561414,1746.341463414634,53.2,4.369254112243652
1365889867.9848921,1472.5609756097563,53.7,4.348308801651001
1365889868.2134285,1479.878048780488,53.2,4.391733407974243
1365889868.4421253,1684.1463414634145,53.2,4.355356693267822
1365889868.6725793,1669.5121951219512,52.6,4.349818229675293
1365889868.9012105,1590.2439024390244,52.6,4.387536525726318
1365889869.129907,1479.878048780488,52.6,4.3525309562683105
1365889869.3600864,1556.7073170731708,53.7,4.338864326477051
1365889869.5889843,1610.3658536585365,52.6,4.562227487564087
1365889869.8183832,1885.9756097560976,52.6,4.422340393066406
1365889870.0472271,1543.2926829268292,52.6,4.354477882385254
1365889870.2776978,1558.5365853658536,53.2,4.337067365646362
1365889870.5034018,1583.5365853658536,53.2,4.343420028686523
1365889870.7196007,2023.7804878048782,53.7,4.3420655727386475
1365889870.936328,1800.0,53.2,4.350779294967651
1365889871.1668131,1574.3902439024391,53.7,4.339491844177246
1365889871.395841,1770.121951219512,52.6,4.3539721965789795
1365889871.6244218,1462.8048780487807,53.2,4.3562188148498535
1365889871.8531246,1492.6829268292684,52.6,4.346128463745117
1365889872.0835652,2624.390243902439,53.2,4.34723973274231
1365889872.3129144,1449.3902439024391,53.2,4.368731260299683
1365889872.5445213,1506.7073170731705,52.6,4.350751638412476
1365889872.773491,1618.2926829268295,53.2,4.3493897914886475
1365889873.0029335,1563.4146341463415,53.7,4.358725547790527
1365889873.2318487,1573.780487804878,52.1,4.369899749755859
1365889873.4608674,1462.8048780487807,52.6,4.365565538406372
1365889873.6905816,1505.4878048780486,53.2,4.34750509262085
1365889873.9194412,1604.2682926829268,53.2,4.418614149093628
1365889874.1495333,1613.4146341463415,52.6,4.338494539260864
1365889874.3659298,1469.5121951219512,53.7,4.343572378158569
1365889874.5944707,1682.3170731707316,52.6,4.346168279647827
1365889874.8233693,1537.8048780487804,52.6,4.338491201400757
1365889875.0524292,1681.09756097561,52.6,4.406680583953857
1365889875.2815003,1450.609756097561,52.6,4.392811059951782
1365889875.5104713,1596.3414634146343,52.6,4.33829927444458
1365889875.7394068,1805.4878048780488,52.6,4.350494384765625
1365889875.9717793,1477.439024390244,52.6,4.447519302368164
1365889876.2009964,1472.5609756097563,52.6,4.341616153717041
1365889876.4302566,1566.4634146341464,52.6,4.419307708740234
1365889876.6594412,1757.3170731707316,53.2,4.801692962646484
1365889876.8886297,1585.3658536585367,53.7,4.6359453201293945
1365889877.1174233,1541.4634146341464,52.6,4.4079790115356445
1365889877.3463957,1703.6585365853657,52.6,4.409402370452881
1365889877.5748389,1614.6341463414635,53.2,4.382965087890625
1365889877.790935,1473.7804878048782,52.6,4.366411209106445
1365889878.0194988,1487.8048780487804,52.6,5.055356025695801
1365889878.2478585,1488.4146341463415,52.1,4.827832937240601
1365889878.4764886,1615.2439024390244,52.6,4.600238561630249
1365889878.7046914,1666.4634146341464,53.2,4.528275966644287
1365889878.933231,1921.9512195121952,53.2,4.351032018661499
1365889879.1619682,1546.3414634146343,52.6,4.335427284240723
1365889879.3907518,1662.1951219512193,52.6,4.340954303741455
1365889879.619341,1690.2439024390244,52.6,4.368610620498657
1365889879.8478904,1629.2682926829268,53.2,4.396103382110596
1365889880.0767806,1500.6097560975609,52.6,4.3416547775268555
1365889880.3058858,1491.4634146341464,52.6,4.3533947467803955
1365889880.534356,1476.8292682926829,52.6,4.421344757080078
1365889880.7643332,1895.121951219512,52.6,4.354172945022583
1365889880.9930086,2048.7804878048782,52.6,4.359206438064575
1365889881.20928,1752.439024390244,53.2,4.41346287727356
1365889881.4255521,1712.1951219512196,53.7,4.347001075744629
1365889881.6417768,2023.170731707317,53.7,4.3399717807769775
1365889881.8581653,1582.3170731707316,53.7,4.355312824249268
1365889882.0744205,1760.3658536585365,53.7,4.326040744781494
1365889882.2908056,2010.3658536585365,53.7,4.332857370376587
1365889882.5082192,1807.3170731707316,54.2,4.406063556671143
1365889882.7364619,1948.1707317073171,53.7,4.3562469482421875
1365889882.9654408,1475.6097560975609,53.2,4.344276666641235
1365889883.1942625,1694.5121951219512,53.2,4.366542339324951
1365889883.4225705,1651.2195121951218,53.2,4.359201669692993
1365889883.651905,1619.5121951219514,52.6,4.357108116149902
1365889883.8804371,1695.121951219512,52.6,4.349553346633911
1365889884.1087537,1704.2682926829268,52.6,4.361871957778931
1365889884.3373091,1579.2682926829268,53.2,4.365755558013916
1365889884.5663188,1586.5853658536587,52.6,4.344647169113159
1365889884.7946112,1602.439024390244,52.6,4.362100124359131
1365889885.0232337,1725.6097560975609,52.6,4.355455160140991
1365889885.2533166,1493.2926829268295,52.6,4.36395788192749
1365889885.4838784,1548.780487804878,52.6,4.8288984298706055
1365889885.7129438,1460.3658536585367,53.2,4.600855588912964
1365889885.9360905,1767.0731707317073,53.2,4.462028980255127
1365889886.153333,2234.146341463415,53.2,4.402517318725586
1365889886.370881,1597.5609756097563,53.7,4.364192962646484
1365889886.5870943,1813.4146341463415,53.7,4.573812007904053
1365889886.8031194,1755.4878048780486,53.2,4.358814239501953
1365889887.032217,1479.878048780488,53.2,4.3406102657318115
1365889887.261243,1525.609756097561,52.6,4.346153259277344
1365889887.492306,1561.5853658536585,52.6,4.506027936935425
1365889887.7219594,1745.121951219512,53.2,4.3724541664123535
1365889887.9507468,1467.6829268292684,52.6,5.064624786376953
1365889888.1805723,1621.341463414634,52.1,4.836744785308838
1365889888.409463,1500.6097560975609,52.6,5.032550096511841
1365889888.6385012,1729.2682926829268,53.2,4.804447412490845
1365889888.8667264,1650.609756097561,52.6,4.577037811279297
1365889889.0962117,2034.1463414634147,53.2,4.384973049163818
1365889889.324659,1616.4634146341464,52.6,4.347618103027344
1365889889.5533338,1516.4634146341461,52.6,4.342668771743774
1365889889.782096,1562.8048780487804,53.2,4.433063983917236
1365889890.0107665,1907.9268292682927,53.7,4.335256099700928
1365889890.2272325,1584.7560975609756,53.7,4.372800827026367
1365889890.4432974,2048.1707317073174,53.2,4.324308395385742
1365889890.6597543,2056.0975609756097,53.7,4.334255933761597
1365889890.876194,1723.1707317073171,53.7,4.390840291976929
1365889891.0931711,2032.9268292682925,53.7,4.375850677490234
1365889891.3098774,2034.7560975609756,53.7,4.33084511756897
1365889891.5262825,1904.8780487804877,53.7,4.5403501987457275
1365889891.7424068,1804.2682926829268,53.2,4.383954286575317
1365889891.9590864,1772.560975609756,53.7,4.330336093902588
1365889892.1753895,1992.0731707317075,53.7,4.34917950630188
1365889892.3916092,1588.4146341463415,54.2,4.327604055404663
1365889892.6078966,1906.0975609756097,53.7,4.333773136138916
1365889892.8240726,1792.0731707317073,54.2,4.323976755142212
1365889893.040446,1524.3902439024391,53.7,4.4224278926849365
1365889893.2692828,1582.3170731707316,53.7,4.386118173599243
1365889893.4984453,1665.2439024390244,53.7,4.357299327850342
1365889893.7271287,1537.8048780487804,53.7,4.39133620262146
1365889893.9558542,1851.219512195122,53.2,4.344047546386719
1365889894.1846492,2046.9512195121952,53.2,4.370238780975342
1365889894.4132178,1575.609756097561,53.2,4.347367525100708
1365889894.6417,1481.7073170731708,53.2,4.529441595077515
1365889894.8704631,1577.439024390244,52.6,4.340424060821533
1365889895.0995057,1477.439024390244,53.7,4.339327573776245
1365889895.32808,1452.439024390244,52.6,4.368226766586304
1365889895.5569954,1698.1707317073171,52.6,4.4535276889801025
1365889895.7856996,1473.7804878048782,53.7,4.367576599121094
1365889896.0140285,1539.6341463414633,53.2,4.34568977355957
1365889896.243085,1628.658536585366,52.6,4.357797384262085
1365889896.4716947,1473.7804878048782,53.2,4.339049339294434
1365889896.7021012,1889.0243902439024,53.7,4.339771747589111
1365889896.930668,1468.2926829268292,53.2,4.365612268447876
1365889897.1603162,1550.6097560975609,53.2,4.367000102996826
1365889897.3888068,1668.2926829268292,52.6,4.412729740142822
1365889897.6174128,1609.7560975609756,53.2,4.3406500816345215
1365889897.8458798,1559.7560975609756,52.6,4.353039741516113
1365889898.0744858,1576.219512195122,53.7,4.335464239120483
1365889898.3035095,1738.4146341463415,52.6,4.336109161376953
1365889898.5321543,1631.7073170731705,52.6,4.369292497634888
1365889898.76091,1973.1707317073171,53.7,4.349191904067993
1365889898.9896767,1585.3658536585367,53.2,4.358977794647217
1365889899.2180114,1580.4878048780488,52.6,4.341964483261108
1365889899.4464204,1530.4878048780488,52.6,4.345003843307495
1365889899.6746492,1573.780487804878,53.7,4.4929797649383545
1365889899.9038796,1753.0487804878048,52.6,4.32363486289978
1365889900.120201,1614.6341463414635,52.6,4.326498746871948
1365889900.3365455,1982.9268292682927,53.2,4.386465787887573
1365889900.5527537,2766.4634146341464,53.7,4.4307732582092285
1365889900.769226,1596.3414634146343,54.2,4.332497596740723
1365889900.985623,1796.3414634146343,53.7,4.327220439910889
1365889901.2022893,1463.4146341463415,53.7,4.347386121749878
1365889901.4307098,1471.3414634146343,53.2,4.36247706413269
1365889901.6597867,1548.780487804878,53.7,4.42494535446167
1365889901.8886423,1536.5853658536585,53.7,4.35772180557251
1365889902.117333,1756.0975609756097,52.6,4.420393228530884
1365889902.3458517,1568.2926829268292,52.6,4.362490177154541
1365889902.574933,1781.0975609756097,52.6,4.337080717086792
1365889902.8032734,1689.6341463414635,52.6,4.506506443023682
1365889903.031733,1757.3170731707316,53.2,4.3565404415130615
1365889903.260291,1588.4146341463415,52.6,4.385031700134277
1365889903.48856,1864.0243902439024,52.6,4.349334239959717
1365889903.7173011,1453.6585365853657,53.2,4.746348142623901
1365889903.9458125,1548.780487804878,53.7,4.571368217468262
1365889904.1744604,1762.1951219512196,53.7,4.5085413455963135
1365889904.4028294,1740.2439024390244,52.6,4.361342906951904
1365889904.6314998,2037.8048780487802,53.2,4.340244770050049
1365889904.8479059,1910.9756097560976,53.2,4.341108322143555
1365889905.064199,1528.6585365853657,53.7,4.3433003425598145
1365889905.2939243,1759.1463414634145,53.7,4.5356690883636475
1365889905.5224586,1597.5609756097563,53.7,4.403552293777466
1365889905.7507045,1631.7073170731705,53.7,4.342660427093506
1365889905.9793718,2093.2926829268295,52.6,4.358491897583008
1365889906.208015,1518.2926829268292,53.2,4.493608236312866
1365889906.4368308,1636.5853658536585,52.6,4.526808023452759
1365889906.6654801,1477.439024390244,53.2,4.691098213195801
1365889906.8941622,1887.1951219512196,52.6,4.463278532028198
1365889907.1224525,1489.6341463414635,52.6,4.352505445480347
1365889907.3511791,1749.390243902439,52.6,4.340127468109131
1365889907.5799072,1477.439024390244,53.2,4.347781181335449
1365889907.8086352,1563.4146341463415,52.6,4.354786157608032
1365889908.0372233,1716.4634146341464,52.6,4.342060327529907
1365889908.266131,1466.4634146341464,53.2,4.361082553863525
1365889908.4945385,1692.0731707317075,52.6,4.323879957199097
1365889908.7111695,1725.6097560975609,53.2,4.385303020477295
1365889908.927641,1963.4146341463415,53.7,4.354050397872925
1365889909.1439838,1901.2195121951218,53.7,4.3310487270355225
1365889909.3602834,2476.829268292683,53.7,4.3356311321258545
1365889909.57664,1852.439024390244,53.7,4.367573499679565
1365889909.7926416,1580.4878048780488,53.7,4.418604135513306
1365889910.0089953,1767.0731707317073,53.7,4.342793226242065
1365889910.2254088,2004.268292682927,53.7,4.372157573699951
1365889910.4416647,1589.6341463414633,53.7,4.34785795211792
1365889910.6580222,1763.4146341463415,53.7,4.328591823577881
1365889910.8746002,1728.0487804878048,53.7,4.34017014503479
1365889911.0909863,2028.0487804878046,53.7,4.359866619110107
1365889911.3075495,2007.3170731707316,54.2,4.577627897262573
1365889911.5236242,1631.7073170731705,54.2,4.415897846221924
1365889911.7399025,1522.560975609756,53.7,4.3446595668792725
1365889911.9688282,1600.6097560975609,53.7,4.336708307266235
1365889912.1985993,1935.9756097560976,53.2,4.348708868026733
1365889912.4271054,1515.2439024390244,53.7,4.35222315788269
1365889912.6557708,1477.439024390244,53.2,4.466260671615601
1365889912.8842702,1706.0975609756097,53.7,4.341254472732544
1365889913.1131198,1556.7073170731708,53.7,4.474797010421753
1365889913.3419847,1548.780487804878,53.7,4.361922025680542
1365889913.570657,1717.0731707317073,53.2,4.343536615371704
1365889913.800213,1473.7804878048782,53.2,4.354408025741577
1365889914.0302832,1600.6097560975609,53.2,4.352291822433472
1365889914.2590148,1629.2682926829268,53.7,4.385361671447754
1365889914.487637,1464.6341463414633,53.7,4.349674463272095
1365889914.7168252,1570.7317073170732,52.6,4.375165224075317
1365889914.9453568,1467.6829268292684,52.6,4.357604265213013
1365889915.1711714,1810.9756097560976,53.7,4.340829133987427
1365889915.3880305,2020.121951219512,53.7,4.3261260986328125
1365889915.6040406,1683.5365853658536,53.7,4.323842525482178
1365889915.8201776,1998.780487804878,53.7,4.346560478210449
1365889916.0363865,1614.6341463414635,53.7,4.362642288208008
1365889916.252663,2021.9512195121952,53.7,4.337924957275391
1365889916.469009,1857.3170731707319,53.7,4.325332403182983
1365889916.6853013,1710.3658536585367,53.7,4.676921367645264
1365889916.901608,2518.292682926829,53.7,4.461775541305542
1365889917.117869,1611.5853658536585,53.7,4.363001346588135
1365889917.3339128,1485.3658536585365,53.2,4.349350214004517
1365889917.5630589,1746.341463414634,53.7,4.41975736618042
1365889917.7913594,1736.5853658536585,53.2,4.336549520492554
1365889918.0203464,1524.3902439024391,52.6,4.341861963272095
1365889918.24904,1745.121951219512,53.7,4.344470024108887
1365889918.4780352,1472.5609756097563,53.2,4.354945421218872
1365889918.7069395,1763.4146341463415,53.2,4.3573157787323
1365889918.9355083,1486.5853658536585,53.2,4.4041078090667725
1365889919.1640453,1516.4634146341461,53.2,4.368296146392822
1365889919.393259,2032.3170731707316,53.2,4.4320969581604
1365889919.6218114,1499.390243902439,52.6,4.345288991928101
1365889919.850365,1546.3414634146343,52.6,4.355387449264526
1365889920.0790002,1776.2195121951218,53.7,4.3453850746154785
1365889920.307809,1532.3170731707316,53.7,4.609768629074097
1365889920.536619,1567.6829268292684,53.2,4.405530691146851
1365889920.752667,2029.2682926829268,53.7,4.347684383392334
1365889920.9689386,1753.0487804878048,53.7,4.3324315547943115
1365889921.1853714,1604.2682926829268,53.7,4.3286964893341064
1365889921.4017706,1893.2926829268292,53.7,4.329028844833374
1365889921.6180704,1963.4146341463415,53.2,4.574527025222778
1365889921.8341403,1712.1951219512196,53.7,4.408226728439331
1365889922.0507395,1775.0,53.7,4.329667568206787
1365889922.2670853,2050.0,53.7,4.342809438705444
1365889922.4832942,1579.2682926829268,53.7,4.470181703567505
1365889922.6994257,2051.219512195122,53.7,4.781321048736572
1365889922.9159415,1965.2439024390244,53.7,4.566166877746582
1365889923.1320267,1659.1463414634147,53.7,4.496906280517578
1365889923.3483353,2068.2926829268295,54.2,4.3558783531188965
1365889923.5645168,1581.7073170731708,53.7,4.5513527393341064
1365889923.7806234,2034.1463414634147,53.7,4.498289346694946
1365889923.9970815,1932.3170731707316,53.7,4.383070707321167
1365889924.213225,1642.6829268292681,53.7,4.436500072479248
1365889924.4293544,2037.8048780487802,53.7,4.359766244888306
1365889924.6458075,1676.219512195122,53.7,4.345775127410889
1365889924.8748984,1543.2926829268292,53.2,4.3512349128723145
1365889925.1031015,1479.878048780488,53.7,4.337599277496338
1365889925.3321283,1751.219512195122,53.7,4.343992710113525
1365889925.5606854,1539.6341463414633,53.7,4.35101318359375
1365889925.7890866,1487.8048780487804,53.7,4.336684465408325
1365889926.0177326,1516.4634146341461,53.7,4.344239711761475
1365889926.2466757,1559.7560975609756,53.7,4.347240209579468
1365889926.4757085,1701.219512195122,52.6,4.373370885848999
1365889926.7042017,1742.0731707317075,53.7,4.350457668304443
1365889926.9332378,1493.2926829268295,52.6,4.335930347442627
1365889927.1619654,1786.5853658536585,53.7,4.359958171844482
1365889927.3923364,1661.5853658536585,53.2,4.339916467666626
1365889927.6220033,1586.5853658536587,53.7,4.3397462368011475
1365889927.8504612,1523.780487804878,52.6,4.359816551208496
1365889928.0743785,1544.5121951219512,53.7,4.342864274978638
1365889928.3029573,2185.9756097560976,52.6,4.3530237674713135
1365889928.5315082,1464.6341463414633,53.2,4.444342374801636
1365889928.7601779,1611.5853658536585,53.2,4.618117809295654
1365889928.9888704,1619.5121951219514,52.6,4.390582799911499
1365889929.2178001,1537.8048780487804,53.7,4.338268041610718
1365889929.4466128,1606.7073170731708,52.6,4.356149911880493
1365889929.675335,1480.4878048780488,53.7,4.348973274230957
1365889929.90395,1594.5121951219512,52.6,4.391134977340698
1365889930.132857,1526.8292682926829,53.7,4.341862440109253
1365889930.361548,1471.3414634146343,52.6,4.351684808731079
1365889930.590066,1589.6341463414633,53.2,4.349932909011841
1365889930.8181436,1482.3170731707319,52.6,4.368994474411011
1365889931.0468874,1678.658536585366,52.6,4.3527936935424805
1365889931.2757986,1453.6585365853657,53.2,4.34004282951355
1365889931.5021877,1656.7073170731708,53.2,4.328790664672852
1365889931.7189822,1586.5853658536587,53.7,4.342182636260986
1365889931.9351535,2029.8780487804877,53.7,4.325405597686768
1365889932.1513524,1587.1951219512196,53.7,4.325731515884399
1365889932.3677852,1463.4146341463415,53.7,4.343773603439331
1365889932.5968888,1513.4146341463415,53.2,4.345022916793823
1365889932.8258421,1648.1707317073171,53.7,4.3954994678497314
1365889933.054472,1525.609756097561,53.2,4.33548378944397
1365889933.283515,1617.6829268292684,53.2,4.353987216949463
1365889933.5122845,2433.5365853658536,52.6,4.338543176651001
1365889933.7408981,1468.2926829268292,52.6,4.346272230148315
1365889933.9695532,1582.3170731707316,52.6,4.34156346321106
1365889934.198243,1766.4634146341461,53.2,4.342618703842163
1365889934.4273784,1606.7073170731708,52.6,4.343938112258911
1365889934.6568608,1752.439024390244,52.6,4.347016334533691
1365889934.8859036,1467.6829268292684,53.2,4.344122886657715
1365889935.1166904,1669.5121951219512,53.7,4.3642497062683105
1365889935.3457568,1482.3170731707319,53.7,4.343652725219727
1365889935.5753167,1604.2682926829268,53.2,4.326122283935547
1365889935.7929807,1646.341463414634,53.2,4.328924655914307
1365889936.0093558,1974.390243902439,53.7,4.329064846038818
1365889936.2258754,2034.7560975609756,54.2,4.328105449676514
1365889936.4424284,1993.9024390243903,54.2,4.3229217529296875
1365889936.6588411,1596.3414634146343,53.7,4.503079891204834
1365889936.8753629,1650.609756097561,53.7,4.461410760879517
1365889937.0916736,1891.4634146341461,54.2,4.403820753097534
1365889937.3079913,1950.0,53.7,4.34119176864624
1365889937.5258954,2057.9268292682927,53.7,4.451569557189941
1365889937.742314,1879.2682926829268,54.2,4.3683106899261475
1365889937.9589381,1857.3170731707319,54.2,4.323718309402466
1365889938.1754951,1670.1219512195123,53.7,4.422607660293579
1365889938.3920643,2173.7804878048782,53.7,4.325025796890259
1365889938.6084664,1699.3902439024391,54.2,4.386291027069092
1365889938.8247504,1526.8292682926829,53.7,4.345183610916138
1365889939.0530367,2742.0731707317073,53.7,4.3521246910095215
1365889939.2814577,1552.439024390244,53.7,4.348097562789917
1365889939.5101335,1469.5121951219512,53.7,4.340231657028198
1365889939.7390325,1753.0487804878048,53.7,4.379657983779907
1365889939.9676821,1480.4878048780488,53.7,4.355648040771484
1365889940.1983354,1478.658536585366,53.7,4.372179269790649
1365889940.427104,1703.6585365853657,53.7,4.3479697704315186
1365889940.6554897,1720.1219512195123,53.2,4.387699127197266
1365889940.883873,1738.4146341463415,52.6,4.3613739013671875
1365889941.1121294,1737.1951219512196,53.7,4.348525762557983
1365889941.341142,1469.5121951219512,53.7,4.403947591781616
1365889941.5695734,1762.1951219512196,53.2,4.502070188522339
1365889941.7998533,1473.7804878048782,52.6,4.345734357833862
1365889942.0282848,1768.2926829268292,53.7,4.330013275146484
1365889942.2444303,2428.6585365853657,53.7,4.372560739517212
1365889942.4606457,1681.09756097561,53.7,4.330203056335449
1365889942.6775315,1603.658536585366,53.7,4.327431678771973
1365889942.8937442,1912.1951219512193,53.7,4.325263977050781
1365889943.110065,1910.9756097560976,53.7,4.325741767883301
1365889943.3268373,2006.0975609756094,53.7,4.372095108032227
1365889943.5432553,1774.3902439024391,54.2,4.332113027572632
1365889943.7594867,1716.4634146341464,53.7,4.334975481033325
1365889943.9759812,1918.2926829268292,54.2,4.336287021636963
1365889944.1921139,1574.3902439024391,53.7,4.336597442626953
1365889944.4088995,2184.7560975609754,54.2,4.323793411254883
1365889944.6250255,1785.3658536585367,53.7,4.328774690628052
1365889944.8410888,1745.121951219512,54.2,4.326708555221558
1365889945.0574028,1680.4878048780488,53.7,4.3374505043029785
1365889945.2736354,2045.121951219512,53.7,4.35319185256958
1365889945.490013,1804.2682926829268,53.7,4.361461400985718
1365889945.7064378,1589.6341463414633,53.7,4.388837575912476
1365889945.9228127,1868.2926829268295,53.7,4.4646477699279785
1365889946.1392772,1458.5365853658536,53.7,4.360081195831299
1365889946.3689728,1466.4634146341464,53.7,4.472059726715088
1365889946.5978878,1549.390243902439,53.7,4.488706588745117
1365889946.828704,1475.6097560975609,53.7,4.3594090938568115
1365889947.0573049,1501.8292682926829,53.7,4.35027813911438
1365889947.2862003,2021.3414634146343,53.7,4.34420371055603
1365889947.516077,1488.4146341463415,53.7,4.350826263427734
1365889947.7472105,1574.3902439024391,53.7,4.808632135391235
1365889947.9757898,1469.5121951219512,53.2,4.581737279891968
1365889948.2042599,1629.2682926829268,53.7,4.392507314682007
1365889948.4332218,1641.4634146341461,53.2,4.364194869995117
1365889948.6615763,1627.439024390244,53.2,4.372478723526001
1365889948.889588,1620.7317073170732,53.2,4.3374879360198975
1365889949.1178057,1536.5853658536585,53.7,4.343104600906372
1365889949.3467393,2021.9512195121952,53.7,4.405399799346924
1365889949.5628567,1581.7073170731708,53.7,4.3709495067596436
1365889949.7790868,2001.2195121951218,53.7,4.37332010269165
1365889949.9954138,1855.4878048780488,53.7,4.334807634353638
1365889950.212023,1768.2926829268292,53.7,4.342851877212524
1365889950.428125,1889.0243902439024,53.7,4.355644941329956
1365889950.6442206,1760.3658536585365,53.7,4.5206592082977295
1365889950.872524,1635.3658536585365,53.7,4.377735614776611
1365889951.100829,1675.6097560975609,53.7,4.346128225326538
1365889951.3294065,1733.5365853658539,53.2,4.619976997375488
1365889951.557812,1810.9756097560976,53.7,4.467432260513306
1365889951.787336,1561.5853658536585,53.2,4.418278455734253
1365889952.0184634,1618.2926829268295,52.6,4.435510635375977
1365889952.2469437,1769.5121951219512,53.7,4.356429815292358
1365889952.4755094,1605.4878048780488,53.2,4.440841197967529
1365889952.7041442,1483.5365853658539,53.7,4.403592348098755
1365889952.9339244,1638.4146341463415,53.2,4.364701986312866
1365889953.1636872,1779.2682926829268,53.2,4.519277572631836
1365889953.3927143,1555.4878048780488,53.2,4.452427387237549
1365889953.6216545,1520.7317073170732,53.2,4.699234485626221
1365889953.850351,1505.4878048780486,53.2,4.471745491027832
1365889954.078824,1578.6585365853657,53.7,4.379599571228027
1365889954.2953815,1617.6829268292684,53.7,4.340829133987427
1365889954.5117595,1932.9268292682925,53.7,4.338624715805054
1365889954.7299669,1590.2439024390244,53.7,4.334768056869507
1365889954.9465415,1557.3170731707316,53.7,4.352091312408447
1365889955.1758952,1514.6341463414635,53.7,4.338552236557007
1365889955.404883,1593.2926829268292,53.2,4.3784825801849365
1365889955.6345873,1501.8292682926829,53.7,4.3672873973846436
1365889955.863404,1770.121951219512,53.7,4.353964805603027
1365889956.091871,1600.6097560975609,53.2,4.361997842788696
1365889956.3206792,1486.5853658536585,53.7,4.379542350769043
1365889956.5510519,1462.8048780487807,53.2,4.3551225662231445
1365889956.7802954,1481.7073170731708,53.7,4.349208831787109
1365889957.0112126,1754.2682926829268,53.7,4.414828300476074
1365889957.2405882,1556.7073170731708,52.6,4.416151762008667
1365889957.4692683,1781.0975609756097,52.6,4.3620946407318115
1365889957.6979501,1466.4634146341464,53.2,4.663944244384766
1365889957.9266274,1971.3414634146343,52.6,4.4839863777160645
1365889958.1560574,1555.4878048780488,53.7,4.334128141403198
1365889958.3845239,1580.4878048780488,53.7,4.3401875495910645
1365889958.6008,1879.2682926829268,53.7,4.3350512981414795
1365889958.8174188,1913.4146341463413,53.7,4.35831880569458
1365889959.0335813,1764.0243902439024,53.7,4.334444999694824
1365889959.2503371,1840.2439024390244,53.7,4.326843976974487
1365889959.4668298,1598.1707317073171,53.7,4.343330144882202
1365889959.6830947,1469.5121951219512,53.2,4.337409496307373
1365889959.9124055,1460.3658536585367,53.7,4.348248481750488
1365889960.142454,1727.439024390244,53.7,4.352055072784424
1365889960.3707957,1726.219512195122,53.7,4.3613786697387695
1365889960.5992134,1727.439024390244,53.2,4.40694522857666
1365889960.8280892,1484.7560975609756,53.7,4.344287633895874
1365889961.0578,1644.5121951219512,53.2,4.348673582077026
1365889961.2865043,1589.6341463414633,53.7,4.392374515533447
1365889961.5153022,1484.7560975609756,53.7,4.378422498703003
1365889961.7439625,1653.6585365853657,53.2,4.3397932052612305
1365889961.972221,1618.2926829268295,53.2,4.3809731006622314
1365889962.2003994,1523.780487804878,53.2,4.388526439666748
1365889962.4292698,1614.6341463414635,52.6,4.3396031856536865
1365889962.6579123,1485.3658536585365,52.6,4.431249141693115
1365889962.8864238,1486.5853658536585,52.6,4.344693660736084
1365889963.1147027,1738.4146341463415,53.7,4.325931072235107
1365889963.331079,2054.8780487804875,53.7,4.326314449310303
1365889963.5477061,2023.7804878048782,53.7,4.408612251281738
1365889963.763845,1587.1951219512196,53.7,4.44877290725708
1365889963.9800496,2010.3658536585365,53.7,4.517651081085205
1365889964.1963873,1831.0975609756097,53.7,4.3815155029296875
1365889964.4130259,1746.341463414634,53.7,4.337234735488892
1365889964.6413417,1703.6585365853657,53.7,4.363707542419434
1365889964.8698852,1644.5121951219512,53.7,4.381394863128662
1365889965.0983076,1552.439024390244,53.2,4.412032842636108
1365889965.3270721,1556.7073170731708,52.6,4.345943927764893
1365889965.55616,1528.6585365853657,53.2,4.341182470321655
1365889965.784855,1489.6341463414635,53.2,4.348836660385132
1365889966.0132754,1873.170731707317,53.2,4.341241121292114
1365889966.2418957,1729.2682926829268,53.7,4.4382452964782715
1365889966.4705973,1512.8048780487804,53.2,4.34501051902771
1365889966.6991086,1477.439024390244,53.2,4.345974445343018
1365889966.927997,1725.6097560975609,53.2,4.394042253494263
1365889967.1571596,1534.7560975609756,52.6,4.449124574661255
1365889967.386165,1485.3658536585365,53.2,4.394955635070801
1365889967.6172657,1697.560975609756,52.6,4.353204011917114
1365889967.8457482,1765.2439024390244,52.6,4.337936639785767
1365889968.074264,1545.7317073170732,52.6,4.352880954742432
1365889968.3030415,1590.2439024390244,52.6,4.337869882583618
1365889968.53208,1519.5121951219512,52.6,4.34382438659668
1365889968.760994,1612.1951219512196,52.6,4.364872694015503
1365889968.9894955,1714.6341463414633,52.6,4.405179738998413
1365889969.218156,1545.7317073170732,52.6,4.3487935066223145
1365889969.4466095,1486.5853658536585,52.6,4.348098278045654
1365889969.6750312,1462.8048780487807,53.2,4.53985595703125
1365889969.9033535,1900.0,53.7,4.353681564331055
1365889970.1195264,1784.1463414634147,53.7,4.330157041549683
1365889970.335809,1522.560975609756,53.2,4.340141773223877
1365889970.5643532,1730.4878048780488,53.2,4.76033353805542
1365889970.793128,1560.3658536585365,52.6,4.532510042190552
1365889971.0218709,1667.6829268292684,52.6,4.3587892055511475
1365889971.2510397,1502.439024390244,53.2,4.343731164932251
1365889971.479654,1616.4634146341464,52.6,4.375092267990112
1365889971.709481,1762.1951219512196,52.6,4.351240158081055
1365889971.9377387,1714.6341463414633,53.2,4.344478130340576
1365889972.16671,1465.8536585365853,53.2,4.354838132858276
1365889972.3954012,1604.2682926829268,53.2,4.343138694763184
1365889972.62615,1762.1951219512196,52.6,4.439035415649414
1365889972.8545878,1558.5365853658536,53.2,4.378583669662476
1365889973.0828135,1771.341463414634,53.2,4.347538232803345
1365889973.3114648,1475.6097560975609,52.6,4.3759377002716064
1365889973.5399952,1935.9756097560976,53.2,4.335434198379517
1365889973.7567093,1685.3658536585365,52.6,4.3365797996521
1365889973.9728308,2454.878048780488,53.7,4.334636449813843
1365889974.189402,1812.1951219512196,53.7,4.328392505645752
1365889974.4056656,1671.3414634146343,53.7,4.323490858078003
1365889974.6233592,1699.3902439024391,53.7,4.358735084533691
1365889974.839554,1957.9268292682927,53.7,4.3267951011657715
1365889975.056596,1789.0243902439024,53.2,4.329386949539185
1365889975.2734604,1602.439024390244,54.2,4.322561264038086
1365889975.4895551,1599.390243902439,53.7,4.377321243286133
1365889975.718458,1696.341463414634,53.7,4.365955829620361
1365889975.9473417,2021.9512195121952,53.2,4.367750644683838
1365889976.1761959,1946.9512195121952,53.7,4.375453472137451
1365889976.405229,1498.780487804878,53.7,4.382778882980347
1365889976.6361282,1526.8292682926829,52.6,4.378697395324707
1365889976.8645506,1935.9756097560976,53.2,4.341677904129028
1365889977.0930555,1736.5853658536585,53.2,4.340200424194336
1365889977.322892,1478.658536585366,52.6,4.350621223449707
1365889977.5526578,1595.7317073170732,53.2,4.343715667724609
1365889977.7826428,1559.7560975609756,52.6,4.363534688949585
1365889978.0119076,1759.1463414634145,52.6,4.336505174636841
1365889978.241059,1601.219512195122,52.6,4.488199710845947
1365889978.4695518,1710.3658536585367,53.7,4.3495519161224365
1365889978.6983962,1828.0487804878048,52.6,4.406071424484253
1365889978.9145925,1993.9024390243903,53.7,4.474487781524658
1365889979.1308212,1686.5853658536585,53.7,4.387386798858643
1365889979.34723,1954.8780487804877,53.7,4.3245861530303955
1365889979.5632432,1577.439024390244,53.7,4.3916919231414795
1365889979.7797322,1468.2926829268292,53.7,4.353238821029663
1365889980.008199,1513.4146341463415,53.7,4.366783618927002
1365889980.2372673,1479.878048780488,53.2,4.337402105331421
1365889980.4662812,1730.4878048780488,53.7,4.3425116539001465
1365889980.694702,1608.5365853658539,52.6,4.353065013885498
1365889980.9231265,1603.658536585366,53.2,4.3444130420684814
1365889981.152013,1501.8292682926829,52.6,4.513565540313721
1365889981.3805826,1640.2439024390244,52.6,4.385419130325317
1365889981.6099203,1608.5365853658539,52.6,4.423348903656006
1365889981.8422356,1497.560975609756,52.6,4.432722330093384
1365889982.0710936,1748.1707317073171,53.2,4.423880338668823
1365889982.3004036,1738.4146341463415,53.2,4.336495399475098
1365889982.529645,1628.658536585366,52.6,4.488550186157227
1365889982.7601006,1568.2926829268292,53.2,4.378366708755493
1365889982.9887838,1764.0243902439024,53.2,4.341958522796631
1365889983.2179554,1587.1951219512196,53.2,4.456141710281372
1365889983.4344113,1609.7560975609756,53.7,4.336047887802124
1365889983.650603,2021.9512195121952,53.2,4.344525337219238
1365889983.8670428,1723.1707317073171,53.7,4.357523441314697
1365889984.0958347,1461.5853658536587,53.2,4.659106492996216
1365889984.324231,1471.3414634146343,53.7,4.4630348682403564
1365889984.5529664,1611.5853658536585,53.7,4.473912000656128
1365889984.781307,1715.2439024390244,53.2,4.377682447433472
1365889985.0100286,1581.7073170731708,52.6,4.348939895629883
1365889985.2392387,1734.1463414634147,53.2,4.353072881698608
1365889985.467821,2577.439024390244,52.6,4.491118907928467
1365889985.696456,1485.3658536585365,53.2,4.366452217102051
1365889985.924968,1535.3658536585367,53.2,4.340677976608276
1365889986.1535323,1761.5853658536585,52.6,4.341982126235962
1365889986.3844235,1478.658536585366,52.6,4.336883783340454
1365889986.61286,1480.4878048780488,52.6,4.419974327087402
1365889986.842121,1918.9024390243903,53.2,4.348607063293457
1365889987.0708091,1754.2682926829268,52.6,4.333883762359619
1365889987.287186,3123.780487804878,53.7,4.330188989639282
1365889987.5033011,1596.3414634146343,53.7,4.323201417922974
1365889987.719541,1950.0,53.7,4.5349345207214355
1365889987.9356742,1659.1463414634147,53.2,4.338510036468506
1365889988.1519346,1810.3658536585365,53.7,4.333585262298584
1365889988.368954,1580.4878048780488,53.7,4.37983775138855
1365889988.5850096,2028.0487804878046,53.7,4.346606254577637
1365889988.8011556,1565.2439024390244,53.7,4.337761640548706
1365889989.030845,1722.5609756097563,53.7,4.336885929107666
1365889989.2597525,1533.5365853658536,53.2,4.414880990982056
1365889989.4886606,1785.3658536585367,52.6,4.369531869888306
1365889989.7171216,1574.3902439024391,53.2,4.344966650009155
1365889989.946048,1559.7560975609756,53.2,4.382727384567261
1365889990.176292,1457.3170731707316,53.7,4.405290126800537
1365889990.404598,1545.7317073170732,53.2,4.393287897109985
1365889990.6357276,1782.3170731707316,53.7,4.698709964752197
1365889990.864253,1541.4634146341464,52.6,4.471178293228149
1365889991.092603,1517.6829268292681,52.6,4.451587200164795
1365889991.3210626,1476.8292682926829,53.2,4.398108959197998
1365889991.54951,1474.390243902439,52.6,4.353143215179443
1365889991.7785788,1599.390243902439,52.6,4.3661417961120605
1365889992.007188,1881.0975609756097,53.2,4.345335960388184
1365889992.2233803,1808.5365853658536,53.7,4.330019235610962
1365889992.441502,1993.2926829268295,53.7,4.336715936660767
1365889992.6579957,1584.7560975609756,52.6,4.337784051895142
1365889992.88704,1642.6829268292681,53.2,4.36811637878418
1365889993.1158075,1551.219512195122,52.6,4.344784259796143
1365889993.3448725,1684.1463414634145,52.6,4.349225997924805
1365889993.574068,1537.8048780487804,52.6,4.358786106109619
1365889993.802832,1614.6341463414635,53.2,4.342407464981079
1365889994.0313537,1523.780487804878,53.2,4.3353447914123535
1365889994.2600994,1496.341463414634,52.6,4.33816123008728
1365889994.4887714,1715.2439024390244,53.2,4.34610390663147
1365889994.7173963,1545.7317073170732,53.2,4.37382960319519
1365889994.945936,1481.7073170731708,52.6,4.337937116622925
1365889995.1749575,1786.5853658536585,52.6,4.334551811218262
1365889995.4038553,1560.3658536585365,53.2,4.347489356994629
1365889995.6326342,1775.0,52.6,4.403306484222412
1365889995.8626277,1757.3170731707316,53.2,4.33225154876709
1365889996.0790985,1992.0731707317075,53.2,4.329252243041992
1365889996.295509,1973.1707317073171,53.7,4.328686714172363
1365889996.511861,1582.3170731707316,53.7,4.330348491668701
1365889996.7282777,1926.219512195122,53.2,4.339073181152344
1365889996.95695,1830.4878048780488,53.7,4.373852729797363
1365889997.1874118,1635.3658536585365,52.6,4.342893600463867
1365889997.4162064,1483.5365853658539,53.2,4.359095811843872
1365889997.648087,1493.2926829268295,52.6,4.647106170654297
1365889997.8764741,1544.5121951219512,52.6,4.52389121055603
1365889998.1053798,1568.2926829268292,52.6,4.3634772300720215
1365889998.334022,1472.5609756097563,52.6,4.35744047164917
1365889998.5627694,1619.5121951219514,53.2,4.349531173706055
1365889998.7910144,1601.219512195122,53.2,4.33809232711792
1365889999.01972,1755.4878048780486,53.2,4.345046758651733
1365889999.2486863,1517.6829268292681,52.6,4.3400843143463135
1365889999.4773266,1712.1951219512196,52.6,4.339406251907349
1365889999.7062917,1533.5365853658536,52.6,4.431582450866699
1365889999.9348953,1595.7317073170732,52.6,4.3746819496154785
1365890000.1667364,1755.4878048780486,52.6,4.351670742034912
1365890000.3957908,1535.3658536585367,53.2,4.348195314407349
1365890000.626391,1631.7073170731705,52.6,4.340784549713135
1365890000.857184,2012.8048780487804,52.6,4.338321685791016
1365890001.0735164,1593.2926829268292,53.7,4.342839956283569
1365890001.2898943,1661.5853658536585,53.7,4.394846677780151
1365890001.5063329,1940.2439024390244,53.7,4.423905372619629
1365890001.722815,2057.3170731707314,53.7,4.324877738952637
1365890001.939221,1717.0731707317073,53.2,4.35730767250061
1365890002.1692176,1821.9512195121952,52.6,4.337522983551025
1365890002.3978322,1660.3658536585367,53.2,4.353958606719971
1365890002.6266813,1537.8048780487804,53.7,4.608714580535889
1365890002.8577225,1600.6097560975609,52.6,4.436543941497803
1365890003.0865874,1528.6585365853657,52.6,4.497841119766235
1365890003.3154075,1641.4634146341461,53.2,4.353152513504028
1365890003.5443578,1462.8048780487807,52.6,4.341413259506226
1365890003.7737026,1548.780487804878,52.6,4.422187566757202
1365890004.0019095,1763.4146341463415,52.6,4.340414762496948
1365890004.2310503,1619.5121951219514,52.6,4.35167932510376
1365890004.4597497,1586.5853658536587,52.6,4.356505632400513
1365890004.6879344,1775.0,52.1,4.3543596267700195
1365890004.9163642,1781.0975609756097,53.2,4.416863918304443
1365890005.1446998,2070.7317073170734,53.2,4.341363191604614
1365890005.3611717,2431.7073170731705,53.2,4.323051691055298
1365890005.5776079,1584.7560975609756,53.2,4.624906539916992
1365890005.794305,1584.7560975609756,53.7,4.409129858016968
1365890006.0104704,2040.2439024390242,53.7,4.364550352096558
1365890006.2268054,1794.5121951219512,53.7,4.345776796340942
1365890006.4431753,2744.512195121951,53.7,4.433724880218506
1365890006.6612225,1838.4146341463415,53.7,4.324141025543213
1365890006.8776083,1584.7560975609756,53.7,4.335421800613403
1365890007.0942972,1635.3658536585365,53.7,4.335204601287842
1365890007.322768,1672.560975609756,53.7,4.364043712615967
1365890007.551417,1588.4146341463415,53.2,4.357860326766968
1365890007.7823408,1470.7317073170732,53.2,4.389214515686035
1365890008.010542,1468.2926829268292,52.6,4.358869314193726
1365890008.2393034,1634.1463414634145,53.7,4.357906341552734
1365890008.4680386,1590.2439024390244,52.6,4.339989900588989
1365890008.6967306,1486.5853658536585,53.2,4.334244966506958
1365890008.9262042,1534.7560975609756,52.6,4.348484754562378
1365890009.1553044,1498.780487804878,53.2,4.39227557182312
1365890009.3846214,1512.8048780487804,53.2,4.395758867263794
1365890009.613427,1507.3170731707316,53.7,4.3454835414886475
1365890009.8420272,1658.5365853658536,53.2,4.384231328964233
1365890010.0713694,1627.439024390244,52.6,4.373533725738525
1365890010.2998524,1765.2439024390244,53.2,4.350072383880615
1365890010.5284712,2048.7804878048782,52.6,4.345898151397705
1365890010.7445133,1572.560975609756,53.7,4.369883060455322
1365890010.9742858,1761.5853658536585,52.6,4.400538444519043
1365890011.2027793,1780.4878048780488,52.6,4.3707263469696045
1365890011.4317894,1556.7073170731708,53.2,4.503958702087402
1365890011.6607313,1543.2926829268292,52.6,4.45098352432251
1365890011.8887522,1741.4634146341464,52.6,4.3573479652404785
1365890012.11765,1483.5365853658539,52.6,4.342430353164673
1365890012.3465495,1821.9512195121952,53.2,4.343461275100708
1365890012.5758557,1698.1707317073171,52.6,4.4204020500183105
1365890012.8043244,1871.9512195121952,52.6,4.440810441970825
1365890013.0329695,1472.5609756097563,52.6,4.423314094543457
1365890013.2621696,1799.390243902439,52.6,4.418914794921875
1365890013.4908512,2444.512195121951,52.6,4.3411383628845215
1365890013.720098,1649.3902439024391,52.6,4.342374801635742
1365890013.948852,1540.2439024390244,52.6,4.338905334472656
1365890014.1780553,1794.5121951219512,52.6,4.3242950439453125
1365890014.3941472,1776.2195121951218,53.2,4.386240243911743
1365890014.6117616,1576.219512195122,53.7,4.884846925735474
1365890014.8286495,2426.829268292683,53.2,4.783050537109375
1365890015.0449603,1637.1951219512196,53.2,4.712353706359863
1365890015.2754738,1574.3902439024391,52.6,4.4827659130096436
1365890015.5037796,1576.219512195122,52.6,4.36440896987915
1365890015.7322967,1744.5121951219514,52.6,4.375746488571167
1365890015.961071,1508.5365853658536,53.7,4.419207572937012
1365890016.190208,1729.2682926829268,52.6,4.3539769649505615
1365890016.4186375,1625.6097560975609,52.6,4.3767805099487305
1365890016.6475244,1502.439024390244,53.2,4.508594274520874
1365890016.8789234,1981.09756097561,53.2,4.6161274909973145
1365890017.1075985,1690.2439024390244,52.6,4.522670745849609
1365890017.3361883,1776.2195121951218,52.6,4.67979621887207
1365890017.5648885,1464.6341463414633,52.6,4.452000856399536
1365890017.7933948,1467.6829268292684,52.6,4.421666622161865
1365890018.0220938,1620.7317073170732,52.6,4.3408143520355225
1365890018.250728,1929.2682926829268,52.6,4.3974220752716064
1365890018.4795654,1674.390243902439,53.2,4.321055173873901
1365890018.6958492,1463.4146341463415,53.2,4.338908672332764
1365890018.924881,1669.5121951219512,52.6,4.34523868560791
1365890019.1536374,1541.4634146341464,52.6,4.338972806930542
1365890019.3842726,1466.4634146341464,52.6,4.335923671722412
1365890019.6131563,1678.658536585366,53.2,4.451636552810669
1365890019.841775,1556.7073170731708,52.6,4.3628904819488525
1365890020.0708964,1673.170731707317,52.6,4.348313570022583
1365890020.2998283,1478.658536585366,53.2,4.369755744934082
1365890020.5280309,1494.5121951219514,52.6,4.3520543575286865
1365890020.7567506,1543.2926829268292,52.6,4.34315824508667
1365890020.9873245,1578.6585365853657,53.2,4.387285232543945
1365890021.2161112,1579.2682926829268,52.6,4.346484899520874
1365890021.444655,1455.4878048780488,52.6,4.41028904914856
1365890021.6737406,1735.3658536585365,52.6,4.445241212844849
1365890021.9018555,1655.4878048780488,52.6,4.349973440170288
1365890022.1305153,2014.0243902439026,53.2,4.332702875137329
1365890022.3467555,1567.6829268292684,53.7,4.368718862533569
1365890022.5754497,1745.121951219512,52.6,4.349798917770386
1365890022.80431,1522.560975609756,53.2,4.346579551696777
1365890023.032564,1452.439024390244,52.6,4.389424800872803
1365890023.2642639,1552.439024390244,52.6,4.364802598953247
1365890023.4926066,1491.4634146341464,53.2,4.341282606124878
1365890023.720934,1488.4146341463415,52.6,4.497569561004639
1365890023.9493296,1579.2682926829268,53.2,4.540557622909546
1365890024.1808946,1512.8048780487804,52.6,4.338351011276245
1365890024.4098527,1530.4878048780488,52.6,4.365768909454346
1365890024.6386497,1578.6585365853657,52.6,4.411240339279175
1365890024.8687987,1574.3902439024391,52.6,4.348865985870361
1365890025.0973535,1482.3170731707319,52.6,4.42377233505249
1365890025.326498,1499.390243902439,52.6,4.350797653198242
1365890025.555024,1463.4146341463415,52.6,4.347938299179077
1365890025.779568,1583.5365853658536,52.6,4.542591094970703
1365890025.9956987,1876.219512195122,52.6,4.492828607559204
1365890026.2118478,1747.560975609756,52.6,4.32633376121521
1365890026.428071,1733.5365853658539,53.7,4.408892631530762
1365890026.6442435,1792.0731707317073,53.7,4.431556224822998
1365890026.8738139,1594.5121951219512,53.2,4.352656841278076
1365890027.1023736,1480.4878048780488,53.2,4.346915006637573
1365890027.3309205,1480.4878048780488,53.2,4.338511943817139
1365890027.5596924,1746.341463414634,52.6,4.346647262573242
1365890027.7896223,1466.4634146341464,53.2,4.340736389160156
1365890028.0183742,1620.7317073170732,53.2,4.349221229553223
1365890028.2470565,1577.439024390244,53.2,4.345881462097168
1365890028.4759943,1559.7560975609756,52.6,4.351856470108032
1365890028.7047746,1571.341463414634,52.6,4.3391265869140625
1365890028.9335275,1482.3170731707319,52.6,4.350400447845459
1365890029.1619997,1508.5365853658536,52.6,4.362382173538208
1365890029.3915367,1567.6829268292684,52.6,4.337446212768555
1365890029.6201336,1512.8048780487804,53.2,4.39229679107666
1365890029.8499928,1461.5853658536587,52.6,4.445000648498535
1365890030.0785563,1612.1951219512196,53.2,4.564252853393555
1365890030.2944717,2613.4146341463415,53.7,4.512176513671875
1365890030.5106583,1460.3658536585367,53.7,4.548228740692139
1365890030.7391837,1511.5853658536585,53.2,4.349847078323364
1365890030.9678178,1701.219512195122,52.6,4.345439910888672
1365890031.1967545,1470.7317073170732,53.2,4.348688364028931
1365890031.4250188,1467.6829268292684,52.6,4.467373847961426
1365890031.6530151,1750.6097560975609,52.6,4.450356960296631
1365890031.8835158,1747.560975609756,52.6,4.405384063720703
1365890032.1118362,1787.1951219512193,52.6,4.3601484298706055
1365890032.3402126,1779.2682926829268,52.6,4.522576332092285
1365890032.5687969,1489.6341463414635,53.2,4.4107983112335205
1365890032.7976499,1586.5853658536587,53.2,4.334619760513306
1365890033.0263803,1583.5365853658536,53.2,4.336919069290161
1365890033.2553713,1638.4146341463415,53.2,4.370778799057007
1365890033.4840007,1744.5121951219514,52.6,4.344485759735107
1365890033.7126238,1532.3170731707316,52.6,4.372184753417969
1365890033.9410276,1970.1219512195123,52.6,4.340891122817993
1365890034.1574469,2051.829268292683,52.6,4.349154472351074
1365890034.3737721,1608.5365853658539,53.7,4.357805967330933
1365890034.5902607,1608.5365853658539,52.6,4.42955470085144
1365890034.806442,1582.3170731707316,52.6,4.338261365890503
1365890035.0349128,1512.8048780487804,53.2,4.392745733261108
1365890035.2631645,1559.7560975609756,52.6,4.370580673217773
1365890035.4919636,1488.4146341463415,52.6,4.370363712310791
1365890035.7202425,1478.658536585366,53.2,4.3638153076171875
1365890035.9483705,1471.3414634146343,53.2,4.340099573135376
1365890036.1774316,1768.2926829268292,53.2,4.334867477416992
1365890036.406255,1469.5121951219512,52.6,4.348246812820435
1365890036.6349053,1576.219512195122,52.6,4.365743398666382
1365890036.8632305,1576.219512195122,53.2,4.340888500213623
1365890037.0921812,1525.609756097561,52.6,4.333860635757446
1365890037.3206744,1471.3414634146343,52.6,4.34645938873291
1365890037.5492203,1517.6829268292681,52.6,4.3462138175964355
1365890037.7778344,1677.439024390244,52.6,4.3333258628845215
1365890038.0065684,2240.853658536585,53.7,4.332448720932007
1365890038.2228935,1770.121951219512,53.7,4.3296120166778564
1365890038.4390984,1754.2682926829268,53.7,4.377608776092529
1365890038.6555054,2025.0,53.7,4.346394062042236
1365890038.8719964,1982.3170731707319,53.7,4.323683500289917
1365890039.0883062,1590.2439024390244,53.7,4.335069179534912
1365890039.3044865,2134.146341463415,53.7,4.347293376922607
1365890039.5209253,1989.0243902439024,53.7,4.33043646812439
1365890039.7372365,1579.2682926829268,53.7,4.526033639907837
1365890039.9530513,1846.3414634146343,54.2,4.335917234420776
1365890040.1693633,1623.1707317073171,53.7,4.327491760253906
1365890040.3856146,2084.1463414634145,54.2,4.35287070274353
1365890040.6016178,1603.658536585366,53.7,4.352468729019165
1365890040.8179917,1909.1463414634147,53.7,4.468315124511719
1365890041.0340476,1574.3902439024391,53.7,4.32942008972168
1365890041.2503517,2849.390243902439,53.7,4.331879377365112
1365890041.4666154,1945.121951219512,53.7,4.347679853439331
1365890041.6830652,2064.0243902439024,53.7,4.408693790435791
1365890041.8991647,1965.2439024390244,54.2,4.321687698364258
1365890042.1155167,1931.09756097561,53.7,4.321779489517212
1365890042.3317678,1583.5365853658536,54.2,4.390362024307251
1365890042.5482605,1766.4634146341461,53.7,4.491365432739258
1365890042.7644217,1932.9268292682925,54.2,4.370060682296753
1365890042.9805062,1784.1463414634147,54.2,4.323750257492065
1365890043.1972075,1736.5853658536585,53.7,4.361003398895264
1365890043.413371,1867.0731707317075,53.7,4.35819411277771
1365890043.629519,1689.6341463414635,53.7,4.413979530334473
1365890043.8457813,2059.7560975609754,54.2,4.323035717010498
1365890044.0621195,1646.341463414634,53.7,4.495283603668213
1365890044.2920613,1480.4878048780488,53.7,4.4114320278167725
1365890044.5206063,1487.8048780487804,53.7,4.353771448135376
1365890044.7492633,1661.5853658536585,53.7,4.418975114822388
1365890044.9780223,1527.4390243902437,53.7,4.340667963027954
1365890045.208291,1750.6097560975609,53.7,4.333853244781494
1365890045.4373925,1571.341463414634,53.2,4.347472190856934
1365890045.6663835,1449.3902439024391,53.7,4.361017227172852
1365890045.8949506,1566.4634146341464,53.7,4.344205141067505
1365890046.1241236,1485.3658536585365,53.7,4.3380208015441895
1365890046.3529232,1598.1707317073171,53.7,4.3562421798706055
1365890046.5816975,1586.5853658536587,53.7,4.343502521514893
1365890046.8109276,1792.0731707317073,53.7,4.343843460083008
1365890047.0402575,1698.1707317073171,53.2,4.380918025970459
1365890047.2691026,1885.9756097560976,53.7,4.348771810531616
1365890047.486297,1605.4878048780488,53.7,4.32398533821106
1365890047.7025504,2229.878048780488,53.7,4.397148132324219
1365890047.9186378,1835.3658536585367,53.7,4.362346410751343
1365890048.1352806,1818.2926829268292,53.7,4.353097200393677
1365890048.3517497,1580.4878048780488,53.7,4.487778902053833
1365890048.5681624,1460.3658536585367,53.2,4.537174940109253
1365890048.7976623,1483.5365853658539,53.7,4.459834814071655
1365890049.0264802,1765.2439024390244,53.7,4.351125717163086
1365890049.2550313,1539.6341463414633,53.7,4.35701060295105
1365890049.484231,1755.4878048780486,53.2,4.367203235626221
1365890049.7124665,1693.2926829268292,52.6,4.5801427364349365
1365890049.9406652,1659.1463414634147,52.6,4.375386714935303
1365890050.169184,1794.5121951219512,52.6,4.387646436691284
1365890050.398662,1729.2682926829268,53.2,4.438790559768677
1365890050.6272748,1505.4878048780486,53.7,4.339729309082031
1365890050.8561285,1595.7317073170732,53.2,4.506277322769165
1365890051.084776,1632.3170731707316,53.2,4.477468252182007
1365890051.3129785,1674.390243902439,53.2,4.345959663391113
1365890051.5413752,1723.1707317073171,53.2,4.352626323699951
1365890051.7703254,1503.658536585366,53.2,4.346501111984253
1365890051.9923759,1650.609756097561,53.2,4.335429668426514
1365890052.2090545,1628.658536585366,53.7,4.326191186904907
