1365889750.717571,990.2439024390244,41.2,7.661185264587402
1365889751.0080152,926.219512195122,40.6,7.579188108444214
1365889751.2605171,1384.7560975609756,41.2,7.569551467895508
1365889751.513176,951.8292682926829,40.6,7.682371139526367
1365889751.766707,959.1463414634146,40.6,7.671642541885376
1365889752.021486,748.170731707317,40.6,7.6622474193573
1365889752.352538,978.0487804878048,40.6,7.6530516147613525
1365889752.6583931,1045.1219512195123,41.2,7.720529794692993
1365889752.9130151,857.9268292682926,41.2,8.20710039138794
1365889753.169107,951.8292682926829,40.6,7.952091932296753
1365889753.462856,959.1463414634146,41.2,7.74045991897583
1365889753.762012,942.0731707317073,40.6,7.644696950912476
1365889754.0628312,1039.0243902439024,41.2,7.6345374584198
1365889754.381595,907.3170731707318,41.2,7.634243011474609
1365889754.636661,796.9512195121952,41.2,7.582197666168213
1365889754.889336,838.4146341463414,41.2,7.626027584075928
1365889755.143162,636.5853658536586,40.1,7.59163498878479
1365889755.4128509,965.2439024390244,40.6,7.6031553745269775
1365889755.665406,904.8780487804878,41.2,7.884955167770386
1365889755.9236832,691.4634146341463,40.6,7.688707590103149
1365889756.19795,825.0,40.6,7.674222469329834
1365889756.4521012,932.3170731707318,40.6,7.57891845703125
1365889756.704703,945.1219512195122,40.1,7.599018096923828
1365889756.988037,771.3414634146342,40.6,7.653295278549194
1365889757.241336,854.8780487804878,40.6,7.579401731491089
1365889757.494344,860.9756097560976,40.6,7.579930305480957
1365889757.751013,724.390243902439,40.1,8.804781198501587
1365889758.024349,995.1219512195122,40.1,8.533210515975952
1365889758.276109,926.829268292683,41.2,8.31377100944519
1365889758.529139,835.9756097560976,40.6,8.061604976654053
1365889758.7869482,749.390243902439,40.1,7.804523468017578
1365889759.0640352,1835.9756097560976,40.6,8.014814615249634
1365889759.3170712,1445.7317073170732,40.6,7.762650489807129
1365889759.5702069,774.390243902439,40.6,7.731583118438721
1365889759.829004,753.0487804878048,40.1,7.634995937347412
1365889760.105407,800.0,40.6,7.57706618309021
1365889760.3581681,839.0243902439024,40.6,7.584984064102173
1365889760.610961,948.170731707317,40.1,7.593914985656738
1365889760.878529,946.951219512195,40.6,7.579444885253906
1365889761.131649,788.4146341463415,40.6,7.580537796020508
1365889761.385251,783.5365853658537,40.6,7.603270053863525
1365889761.6400561,740.2439024390244,40.6,7.603187322616577
1365889761.9139578,803.048780487805,40.6,7.577980995178223
1365889762.167027,951.8292682926829,40.6,7.562704563140869
1365889762.420686,946.3414634146341,40.1,7.5921385288238525
1365889762.67796,748.170731707317,40.1,7.954559564590454
1365889762.9547641,964.0243902439024,40.6,7.793355941772461
1365889763.207087,932.9268292682927,40.1,7.663864374160767
1365889763.4605281,824.390243902439,40.1,7.671960115432739
1365889763.722549,752.439024390244,40.1,7.590644359588623
1365889764.002487,915.8536585365854,40.6,7.603298187255859
1365889764.2552938,925.0,40.6,7.5697410106658936
1365889764.5083141,793.2926829268293,40.6,7.5910749435424805
1365889764.768567,684.1463414634147,40.1,7.9079625606536865
1365889765.041589,678.048780487805,40.1,7.636199951171875
1365889765.310612,789.0243902439024,40.1,7.572412014007568
1365889765.565214,962.1951219512194,40.1,7.587630033493042
1365889765.818105,742.0731707317074,40.1,7.60059666633606
1365889766.093269,812.1951219512194,40.6,7.564412832260132
1365889766.346022,829.2682926829268,40.6,7.5799384117126465
1365889766.599909,939.0243902439024,40.1,7.719330549240112
1365889766.867965,766.4634146341464,40.1,7.8000593185424805
1365889767.144256,838.4146341463414,40.6,7.6249189376831055
1365889767.397538,959.1463414634146,40.1,7.730149745941162
1365889767.650838,881.0975609756098,40.1,7.631528377532959
1365889767.921675,888.4146341463414,40.6,7.5647969245910645
1365889768.176041,779.2682926829268,41.2,7.701874256134033
1365889768.428871,863.4146341463414,40.6,7.707616329193115
1365889768.686948,758.5365853658536,40.1,7.602275133132935
1365889768.966283,893.2926829268292,40.1,7.578848600387573
1365889769.221128,946.951219512195,40.1,7.577201843261719
1365889769.4737642,939.0243902439024,40.1,7.589759588241577
1365889769.738903,669.5121951219512,40.1,7.655926704406738
1365889770.010192,882.9268292682926,40.1,7.567530155181885
1365889770.264832,907.3170731707318,40.1,7.5783774852752686
1365889770.517511,745.1219512195122,40.6,7.599323749542236
1365889770.791801,779.2682926829268,41.2,7.858388423919678
1365889771.0443048,771.3414634146342,40.6,7.634801626205444
1365889771.2976189,850.0,40.1,7.585150480270386
1365889771.5634408,721.3414634146342,40.1,7.585309028625488
1365889771.8375502,819.5121951219512,40.6,7.574503421783447
1365889772.0902998,915.8536585365854,40.6,7.597959995269775
1365889772.344299,868.2926829268292,41.2,7.6201934814453125
1365889772.609635,748.170731707317,40.1,7.608985662460327
1365889772.8839738,815.2439024390243,40.6,7.5705060958862305
1365889773.136617,770.1219512195122,40.6,7.580513000488281
1365889773.391559,859.1463414634146,40.1,7.595860958099365
1365889773.662766,937.1951219512194,40.1,7.61103081703186
1365889773.915467,857.9268292682926,40.1,7.739810228347778
1365889774.16824,759.1463414634146,41.2,7.890824794769287
1365889774.430603,704.2682926829268,40.1,7.629320383071899
1365889774.7032719,832.3170731707316,41.2,7.6928160190582275
1365889774.957311,940.2439024390243,40.1,7.567752361297607
1365889775.211193,940.8536585365853,41.2,7.6520302295684814
1365889775.481813,665.2439024390244,40.1,7.598946571350098
1365889775.755879,868.9024390243902,41.2,7.698344707489014
1365889776.0097651,946.3414634146341,40.6,7.568596124649048
1365889776.2648,794.5121951219512,40.1,7.5994696617126465
1365889776.54066,943.9024390243902,40.6,7.570486307144165
1365889776.793508,820.1219512195122,41.2,7.573490142822266
1365889777.046268,881.0975609756098,40.6,7.575602293014526
1365889777.3078568,733.5365853658536,40.1,7.596862316131592
1365889777.5853,912.1951219512196,40.6,7.576349258422852
1365889777.837743,935.3658536585366,40.1,7.565248250961304
1365889778.090463,859.1463414634146,40.6,7.571396589279175
1365889778.3511062,658.5365853658537,40.1,7.693871974945068
1365889778.6270878,796.9512195121952,40.6,7.67355489730835
1365889778.87961,792.0731707317074,40.1,7.6412670612335205
1365889779.1322591,846.951219512195,40.1,7.613553047180176
1365889779.404588,973.170731707317,40.1,7.570496559143066
1365889779.6588402,832.9268292682926,40.6,7.573194980621338
1365889779.9116852,945.1219512195122,41.2,7.865738391876221
1365889780.165972,710.3658536585366,40.1,7.649768829345703
1365889780.440587,734.1463414634146,40.1,7.6528565883636475
1365889780.717215,772.5609756097562,40.6,7.9338977336883545
1365889780.972021,806.0975609756098,40.6,7.680047988891602
1365889781.224579,823.170731707317,40.1,7.577550172805786
1365889781.490784,751.219512195122,40.1,7.593061447143555
1365889781.768126,815.2439024390243,40.6,7.623943328857422
1365889782.0206451,801.219512195122,40.1,7.574205636978149
1365889782.2732558,762.1951219512196,40.1,7.584681510925293
1365889782.542475,951.8292682926829,41.2,7.6535444259643555
1365889782.7962291,915.2439024390244,41.2,7.665292024612427
1365889783.048799,887.1951219512196,40.6,7.566980838775635
1365889783.303498,747.560975609756,40.1,7.619914293289185
1365889783.578951,750.0,40.1,7.59269642829895
1365889783.854341,684.1463414634147,40.6,7.605435371398926
1365889784.1254241,945.1219512195122,40.1,7.568009614944458
1365889784.379271,900.0,40.6,7.569660902023315
1365889784.633014,744.5121951219512,40.1,7.601556062698364
1365889784.918549,943.2926829268292,40.6,7.680800914764404
1365889785.170947,893.9024390243902,40.1,7.569308042526245
1365889785.4250722,837.1951219512194,40.6,7.590861797332764
1365889785.699112,849.390243902439,40.1,7.574188232421875
1365889785.955114,780.4878048780488,40.1,7.57727837562561
1365889786.207416,826.2195121951219,40.6,7.569687843322754
1365889786.467656,740.2439024390244,40.1,7.609540939331055
1365889786.742815,780.4878048780488,40.6,7.589135646820068
1365889787.0023959,948.170731707317,40.6,7.685209035873413
1365889787.25536,956.0975609756097,41.2,7.605565786361694
1365889787.523068,727.4390243902438,40.1,7.661193609237671
1365889787.7976131,950.0,40.6,7.68273401260376
1365889788.0509539,863.4146341463414,40.1,7.659936189651489
1365889788.3039548,878.0487804878048,40.1,7.587646484375
1365889788.562966,740.2439024390244,40.1,7.609741687774658
1365889788.837127,812.1951219512194,40.6,7.576977968215942
1365889789.091619,918.2926829268293,40.6,7.653025388717651
1365889789.344218,874.390243902439,40.1,7.593630313873291
1365889789.6119192,746.3414634146342,40.1,7.59748101234436
1365889789.886266,834.1463414634146,40.1,7.694406270980835
1365889790.140001,829.2682926829268,40.6,7.577725410461426
1365889790.392748,940.8536585365853,40.6,7.594841957092285
1365889790.666003,910.3658536585366,40.6,7.567666053771973
1365889790.91852,918.2926829268293,40.6,7.573279857635498
1365889791.172589,800.0,40.6,7.601980209350586
1365889791.4330099,635.3658536585366,40.6,7.591207265853882
1365889791.70894,819.5121951219512,40.1,7.585862159729004
1365889791.964706,828.0487804878048,40.1,7.5795745849609375
1365889792.218081,762.1951219512196,40.1,7.584671974182129
1365889792.48401,760.3658536585366,40.1,7.69387674331665
1365889792.7612128,957.3170731707316,40.1,7.62361216545105
1365889793.01559,785.9756097560976,41.2,7.833498954772949
1365889793.2692091,760.3658536585366,40.6,7.73142409324646
1365889793.53009,754.2682926829268,40.1,7.60805869102478
1365889793.805162,752.439024390244,40.1,7.588214874267578
1365889794.0777228,1012.8048780487804,40.6,7.57769250869751
1365889794.33219,815.2439024390243,41.2,7.580804347991943
1365889794.5853682,854.8780487804878,40.6,7.585576295852661
1365889794.859722,987.8048780487804,40.1,7.578802585601807
1365889795.114311,777.439024390244,41.2,7.719206094741821
1365889795.370674,951.2195121951219,40.1,7.593674182891846
1365889795.640796,746.3414634146342,40.1,7.659160375595093
1365889795.914602,937.1951219512194,41.2,7.810073375701904
1365889796.166913,951.2195121951219,41.2,7.704374551773071
1365889796.4210198,793.2926829268293,40.1,7.700676918029785
1365889796.6924548,1009.1463414634145,40.1,7.585811138153076
1365889796.966605,940.8536585365853,40.6,7.580849885940552
1365889797.219973,1504.2682926829268,40.6,7.748430252075195
1365889797.4740329,871.9512195121952,40.1,7.682541131973267
1365889797.746049,888.4146341463414,40.6,7.5753843784332275
1365889798.002248,851.219512195122,40.6,7.565159559249878
1365889798.254972,949.390243902439,40.1,7.565401554107666
1365889798.510817,730.4878048780488,40.6,7.593974828720093
1365889798.7857778,711.5853658536585,40.1,7.594502925872803
1365889799.062876,817.0731707317073,40.1,7.571160316467285
1365889799.315764,1020.1219512195121,40.6,7.5706164836883545
1365889799.572798,896.9512195121952,40.1,7.662837028503418
1365889799.8469918,807.3170731707318,40.6,7.613994836807251
1365889800.1023161,1039.0243902439024,41.2,7.635756969451904
1365889800.3581681,959.1463414634146,41.2,7.583988666534424
1365889800.6227121,735.3658536585366,40.1,7.707417964935303
1365889800.8989031,951.8292682926829,40.6,7.74168848991394
1365889801.153773,857.3170731707316,41.2,7.62568998336792
1365889801.4091609,1015.8536585365854,40.6,7.740478038787842
1365889801.6770492,748.170731707317,40.6,7.6587700843811035
1365889801.9545379,990.2439024390244,41.2,7.590242862701416
1365889802.20958,843.2926829268292,40.6,7.581928014755249
1365889802.4625988,909.1463414634146,40.6,7.594858169555664
1365889802.7382882,993.9024390243902,40.6,7.63742208480835
1365889802.993907,772.5609756097562,40.6,7.5740807056427
1365889803.247183,832.9268292682926,40.6,7.6493988037109375
1365889803.505492,672.5609756097562,40.6,7.668141841888428
1365889803.780979,910.3658536585366,41.2,7.5998406410217285
1365889804.039547,779.2682926829268,40.6,7.628057956695557
1365889804.293605,957.9268292682926,40.6,7.672113656997681
1365889804.5589912,631.0975609756098,40.6,7.64565634727478
1365889804.8324192,835.9756097560976,40.6,7.68132209777832
1365889805.089791,915.2439024390244,40.6,7.578789234161377
1365889805.344754,929.8780487804878,40.1,7.865458726882935
1365889805.619638,906.0975609756098,40.1,8.175432443618774
1365889805.874424,946.951219512195,40.6,7.993695974349976
1365889806.128425,907.9268292682927,40.1,7.7418506145477295
1365889806.3952188,720.1219512195122,40.1,7.766451835632324
1365889806.6730208,960.9756097560976,41.2,7.568857669830322
1365889806.92694,801.219512195122,40.1,7.880360126495361
1365889807.181097,918.9024390243903,40.1,7.627744436264038
1365889807.454245,948.170731707317,41.2,7.952075481414795
1365889807.7100742,929.8780487804878,40.6,7.6978912353515625
1365889807.9646049,965.8536585365854,40.1,7.595987796783447
1365889808.225628,661.5853658536586,40.1,7.684078931808472
1365889808.499784,932.9268292682927,40.6,7.714817762374878
1365889808.7548742,857.3170731707316,40.6,7.5666892528533936
1365889809.011412,954.2682926829268,40.6,7.588144302368164
1365889809.284405,946.951219512195,41.2,7.569126129150391
1365889809.5398788,884.1463414634146,41.2,7.580310344696045
1365889809.7964742,809.1463414634147,41.2,7.575047492980957
1365889810.055757,750.0,40.1,7.603985786437988
1365889810.331178,945.1219512195122,40.1,7.612545490264893
1365889810.583956,831.0975609756097,41.2,7.700536489486694
1365889810.839534,902.439024390244,40.6,7.7193686962127686
1365889811.107564,735.3658536585366,40.6,7.60436487197876
1365889811.383589,753.0487804878048,40.1,7.5985798835754395
1365889811.658924,774.390243902439,40.6,7.56586480140686
1365889811.9131572,924.3902439024391,40.6,7.70000147819519
1365889812.165974,785.3658536585366,40.6,7.643001556396484
1365889812.4406369,940.8536585365853,41.2,7.577117681503296
1365889812.693378,917.0731707317074,40.6,7.607303857803345
1365889812.9473321,812.1951219512194,40.6,7.603266477584839
1365889813.213969,736.5853658536586,40.6,7.687115669250488
1365889813.488118,794.5121951219512,40.6,7.582062721252441
1365889813.743685,777.439024390244,41.2,7.6483118534088135
1365889813.999391,780.4878048780488,40.1,7.605741024017334
1365889814.270432,812.1951219512194,40.6,7.574774503707886
1365889814.525283,863.4146341463414,41.2,7.56954550743103
1365889814.7797089,819.5121951219512,40.6,7.591430187225342
1365889815.045331,744.5121951219512,40.1,7.59618616104126
1365889815.319459,846.3414634146342,41.2,7.575075626373291
1365889815.575404,946.951219512195,40.6,7.5708160400390625
1365889815.829165,932.3170731707318,40.6,7.592211484909058
1365889816.104089,917.0731707317074,41.2,7.575727939605713
1365889816.358412,755.4878048780488,41.2,7.702847719192505
1365889816.6119208,769.5121951219512,40.6,7.57257866859436
1365889816.869508,753.0487804878048,40.1,7.612313270568848
1365889817.145895,848.170731707317,40.6,7.568739652633667
1365889817.399138,949.390243902439,40.1,7.562628269195557
1365889817.653761,953.0487804878048,40.6,7.5790815353393555
1365889817.919652,746.3414634146342,40.1,7.599730968475342
1365889818.195231,1680.4878048780488,40.6,7.678618431091309
1365889818.4479098,924.3902439024391,41.2,7.57068657875061
1365889818.7024379,878.0487804878048,40.1,7.600233793258667
1365889818.974699,987.8048780487804,41.2,7.570378303527832
1365889819.2297401,788.4146341463415,41.2,7.568805456161499
1365889819.482733,1778.0487804878048,41.2,7.570114374160767
1365889819.745866,755.4878048780488,40.1,7.600660085678101
1365889820.024948,826.2195121951219,40.6,7.569046974182129
1365889820.2782369,931.0975609756098,40.6,7.569794416427612
1365889820.531069,801.219512195122,41.2,7.579809904098511
1365889820.792886,745.1219512195122,40.6,7.605224609375
1365889821.079975,951.2195121951219,40.6,7.574403285980225
1365889821.333787,857.9268292682926,41.2,7.6237146854400635
1365889821.5867069,715.2439024390244,40.1,7.613506078720093
1365889821.86169,777.439024390244,40.6,7.5751564502716064
1365889822.114552,890.2439024390244,41.2,7.568103313446045
1365889822.368629,859.1463414634146,40.6,7.782632350921631
1365889822.627531,737.1951219512194,40.1,7.632126331329346
1365889822.904599,960.3658536585366,41.2,7.753870010375977
1365889823.157446,875.0,40.1,7.964665174484253
1365889823.409915,866.4634146341464,40.6,7.713122844696045
1365889823.6700978,754.2682926829268,40.6,7.7410972118377686
1365889823.944971,949.390243902439,41.2,7.643617153167725
1365889824.199302,860.9756097560976,40.6,7.594820976257324
1365889824.453248,931.0975609756098,40.1,7.603586196899414
1365889824.722813,645.1219512195122,40.1,7.594693899154663
1365889824.9974558,776.219512195122,40.1,7.583357334136963
1365889825.2503219,857.3170731707316,40.6,7.588717222213745
1365889825.505783,777.439024390244,40.6,7.603278636932373
1365889825.775123,942.0731707317073,40.1,7.673508405685425
1365889826.029898,868.9024390243902,40.6,7.570406675338745
1365889826.282625,805.4878048780488,40.6,7.579164743423462
1365889826.541169,729.2682926829268,40.6,7.675222158432007
1365889826.815352,940.2439024390243,40.6,7.714087724685669
1365889827.0683699,765.2439024390244,40.6,7.612554311752319
1365889827.320832,759.1463414634146,41.2,7.652214288711548
1365889827.577287,742.0731707317074,40.6,7.614614486694336
1365889827.8525498,982.3170731707316,41.2,7.602339267730713
1365889828.104945,893.9024390243902,41.2,7.896291732788086
1365889828.357642,830.4878048780488,40.6,7.83992862701416
1365889828.6175702,750.0,40.6,7.720949411392212
1365889828.8917801,835.9756097560976,40.6,7.819913864135742
1365889829.14416,879.2682926829268,41.2,7.618621349334717
1365889829.397959,795.1219512195122,40.1,8.063381433486938
1365889829.6558,724.390243902439,40.1,7.806873559951782
1365889829.929628,982.3170731707316,41.2,7.56628942489624
1365889830.1824389,789.0243902439024,40.6,7.578266382217407
1365889830.435315,874.390243902439,40.6,7.5630943775177
1365889830.690065,656.0975609756098,40.1,7.610552072525024
1365889830.9638212,780.4878048780488,40.6,7.575623035430908
1365889831.216934,899.390243902439,40.6,7.570882558822632
1365889831.47003,1726.219512195122,40.6,7.723450660705566
1365889831.7299662,748.170731707317,40.1,7.606752872467041
1365889832.004061,783.5365853658537,40.6,7.569117546081543
1365889832.256844,910.3658536585366,41.2,7.725645303726196
1365889832.5099351,1076.219512195122,41.2,7.851590394973755
1365889832.778901,725.0,40.1,7.653655529022217
1365889833.054519,953.0487804878048,40.6,7.570143699645996
1365889833.3079748,915.8536585365854,40.6,7.73693585395813
1365889833.561137,748.170731707317,40.1,7.666407108306885
1365889833.837076,857.9268292682926,41.2,7.9611077308654785
1365889834.089655,868.2926829268292,40.6,7.709547281265259
1365889834.343044,940.8536585365853,41.2,7.589115858078003
1365889834.611983,749.390243902439,40.1,7.836904764175415
1365889834.885371,915.8536585365854,40.6,7.627423286437988
1365889835.1375391,827.4390243902438,40.6,7.574800729751587
1365889835.39027,775.0,40.6,7.588526487350464
1365889835.6612039,799.3902439024391,40.1,7.633152961730957
1365889835.9163241,948.170731707317,41.2,7.716071367263794
1365889836.16877,954.8780487804878,41.2,7.579383373260498
1365889836.4298692,627.439024390244,40.1,7.652475595474243
1365889836.703945,960.9756097560976,40.6,7.579385042190552
1365889836.956914,765.2439024390244,41.2,7.695457696914673
1365889837.2092109,903.048780487805,40.6,7.6819984912872314
1365889837.476882,738.4146341463414,40.1,7.625999927520752
1365889837.750394,832.9268292682926,41.2,7.698084831237793
1365889838.0054789,939.0243902439024,41.2,7.820730209350586
1365889838.258164,862.1951219512194,40.6,7.761085271835327
1365889838.5158138,744.5121951219512,40.1,7.607594013214111
1365889838.78949,816.4634146341463,40.6,7.572009563446045
1365889839.045333,870.1219512195122,40.6,7.571926116943359
1365889839.2981591,950.0,40.6,7.5691142082214355
1365889839.55684,736.5853658536586,40.6,7.588767051696777
1365889839.830646,772.5609756097562,40.1,7.57962441444397
1365889840.08621,826.2195121951219,40.6,7.564061641693115
1365889840.338683,853.0487804878048,40.6,7.6111345291137695
1365889840.605746,900.0,40.6,7.571398496627808
1365889840.858628,924.3902439024391,40.6,7.569436073303223
1365889841.112978,910.3658536585366,41.2,7.5826575756073
1365889841.3658319,738.4146341463414,40.1,7.590169191360474
1365889841.640668,920.1219512195122,40.1,7.580581903457642
1365889841.8945541,920.1219512195122,40.6,7.569790601730347
1365889842.150135,942.0731707317073,40.1,7.597954988479614
1365889842.421123,932.3170731707318,40.6,7.5831992626190186
1365889842.673936,787.1951219512196,40.6,7.569224834442139
1365889842.926754,918.9024390243903,40.6,7.586179971694946
1365889843.1861959,734.1463414634146,40.1,7.623323440551758
1365889843.4599192,885.3658536585366,41.2,7.571158170700073
1365889843.713072,807.9268292682927,41.2,7.569226503372192
1365889843.9659479,857.9268292682926,41.2,7.567039966583252
1365889844.221639,695.1219512195122,40.1,7.612433671951294
1365889844.495755,857.9268292682926,40.6,7.565019845962524
1365889844.7486908,925.0,41.2,7.569850921630859
1365889845.001712,803.048780487805,41.2,7.606736660003662
1365889845.258804,652.439024390244,41.2,7.831589221954346
1365889845.532893,903.048780487805,40.6,7.564471960067749
1365889845.786512,964.0243902439024,41.2,7.576496839523315
1365889846.041325,950.0,40.6,7.578495979309082
1365889846.303103,709.1463414634146,40.1,7.606630086898804
1365889846.57718,867.0731707317074,40.1,7.579702377319336
1365889846.830196,946.951219512195,41.2,7.5856993198394775
1365889847.088539,771.3414634146342,40.6,7.572308301925659
1365889847.350168,633.5365853658536,40.1,7.601126194000244
1365889847.624236,932.3170731707318,41.2,7.5659589767456055
1365889847.877069,862.1951219512194,40.6,7.590854167938232
1365889848.130024,823.170731707317,41.2,7.600283145904541
1365889848.3931231,1644.5121951219512,40.6,7.978840351104736
1365889848.666822,915.8536585365854,40.6,7.796487092971802
1365889848.920498,904.2682926829268,41.2,7.624270439147949
1365889849.1741078,902.439024390244,40.6,7.562780857086182
1365889849.4296849,745.1219512195122,40.6,7.608850717544556
1365889849.703663,953.0487804878048,40.6,7.60140061378479
1365889849.9566941,780.4878048780488,40.6,7.5905632972717285
1365889850.209573,857.9268292682926,40.6,7.596802234649658
1365889850.4708328,646.3414634146342,40.6,7.6307525634765625
1365889850.744629,793.2926829268293,41.2,7.667578220367432
1365889850.9971762,839.0243902439024,40.6,7.619981050491333
1365889851.2500632,959.1463414634146,40.6,7.612343788146973
1365889851.512204,645.1219512195122,40.6,7.590650796890259
1365889851.786896,766.4634146341464,40.6,7.562968015670776
1365889852.0410151,951.2195121951219,41.2,7.631966590881348
1365889852.29349,962.1951219512194,40.6,7.59162449836731
1365889852.561277,721.3414634146342,40.6,7.593178749084473
1365889852.8349051,835.3658536585366,41.2,7.759878873825073
1365889853.0928938,881.0975609756098,40.1,7.568997383117676
1365889853.346737,851.219512195122,40.1,7.594799757003784
1365889853.619712,945.1219512195122,40.6,7.5664098262786865
1365889853.8727481,782.3170731707318,40.6,7.96174955368042
1365889854.12501,876.219512195122,41.2,7.711209774017334
1365889854.381712,773.1707317073171,40.6,7.602647066116333
1365889854.661439,818.2926829268292,41.2,7.857161521911621
1365889854.914167,766.4634146341464,40.6,7.605330944061279
1365889855.166262,904.8780487804878,40.6,7.575974702835083
1365889855.431833,731.0975609756098,40.6,7.599927663803101
1365889855.708799,943.2926829268292,40.6,7.566174745559692
1365889855.961739,821.3414634146341,41.2,7.5767035484313965
1365889856.2145112,783.5365853658537,40.6,7.580201864242554
1365889856.4758852,676.219512195122,40.1,7.593746185302734
1365889856.7512782,934.1463414634147,40.6,7.584465742111206
1365889857.003965,1409.7560975609756,41.2,7.570500612258911
1365889857.256744,759.1463414634146,40.1,7.606516599655151
1365889857.522559,672.5609756097562,40.1,7.626764297485352
1365889857.799639,765.2439024390244,40.6,7.59551739692688
1365889858.054452,837.1951219512194,40.6,7.590618848800659
1365889858.306923,700.6097560975609,41.2,7.588733434677124
1365889858.5816908,871.3414634146342,40.6,7.636093378067017
1365889858.83514,906.0975609756098,41.2,7.5814368724823
1365889859.09116,794.5121951219512,41.2,7.613726377487183
1365889859.351159,732.3170731707316,40.1,7.615745544433594
1365889859.625946,962.8048780487804,41.2,7.588959217071533
1365889859.880563,957.9268292682926,40.6,7.624173164367676
1365889860.136533,917.0731707317074,41.2,7.669564247131348
1365889860.394563,752.439024390244,40.1,7.650602340698242
1365889860.66643,1020.1219512195121,41.2,7.609787940979004
1365889860.9200242,864.0243902439024,40.6,7.698140382766724
1365889861.17209,664.6341463414634,40.6,7.626667022705078
1365889861.4475808,921.9512195121952,40.6,7.58045220375061
1365889861.700306,840.2439024390244,41.2,7.572445869445801
1365889861.9533298,881.0975609756098,40.6,7.646228313446045
1365889862.218448,741.4634146341464,40.1,7.595561504364014
1365889862.4940422,929.8780487804878,41.2,7.649966716766357
1365889862.746839,831.0975609756097,41.2,7.615744590759277
1365889863.000957,830.4878048780488,41.2,7.580740213394165
1365889863.260504,741.4634146341464,40.1,7.607639312744141
1365889863.53681,837.1951219512194,41.2,7.584857940673828
1365889863.789771,809.1463414634147,40.1,7.563604354858398
1365889864.044105,812.1951219512194,40.6,7.660124063491821
1365889864.310476,736.5853658536586,40.6,7.611457824707031
1365889864.587239,845.1219512195122,41.2,7.56362509727478
1365889864.84015,943.2926829268292,41.2,7.565235137939453
1365889865.09801,943.9024390243902,41.2,7.590145587921143
1365889865.3572679,727.4390243902438,40.1,7.5849339962005615
1365889865.6335192,856.0975609756098,40.6,7.617461442947388
1365889865.886303,785.9756097560976,40.1,7.594972133636475
1365889866.140008,810.9756097560976,41.2,7.57786750793457
1365889866.400621,736.5853658536586,40.1,7.751501083374023
1365889866.676511,910.9756097560976,40.1,7.574898958206177
1365889866.929246,954.2682926829268,40.6,7.564033269882202
1365889867.183052,865.2439024390244,41.2,7.577048063278198
1365889867.444779,672.5609756097562,40.1,7.599362373352051
1365889867.7211468,934.1463414634147,40.6,7.567029237747192
1365889867.973858,926.829268292683,41.2,7.564287900924683
1365889868.228074,813.4146341463414,41.2,7.57412314414978
1365889868.4875588,739.0243902439024,40.6,7.587660074234009
1365889868.76354,915.2439024390244,41.2,7.5698325634002686
1365889869.016261,932.9268292682927,41.2,7.574491262435913
1365889869.270838,945.1219512195122,40.1,7.572458028793335
1365889869.531926,620.1219512195122,40.6,7.592694520950317
1365889869.808225,948.170731707317,40.6,7.5743653774261475
1365889870.060918,873.170731707317,41.2,7.564979314804077
1365889870.314723,802.439024390244,41.2,7.574609279632568
1365889870.5735161,738.4146341463414,40.6,7.592894554138184
1365889870.848175,837.1951219512194,41.2,7.566352367401123
1365889871.104161,953.0487804878048,40.6,7.573755741119385
1365889871.358335,768.2926829268292,41.2,7.575920343399048
1365889871.618145,743.2926829268292,40.6,7.587545394897461
1365889871.8933709,830.4878048780488,40.1,7.650877475738525
1365889872.1462579,950.0,40.6,7.564144134521484
1365889872.4005618,818.2926829268292,40.1,7.591115713119507
1365889872.670479,812.1951219512194,40.1,7.579930067062378
1365889872.941238,792.0731707317074,41.2,7.57501482963562
1365889873.194192,968.9024390243902,41.2,7.575695037841797
1365889873.448355,803.048780487805,40.6,7.702587842941284
1365889873.720842,925.0,41.2,7.610870838165283
1365889873.973367,939.0243902439024,41.2,8.228451251983643
1365889874.225811,923.1707317073171,41.2,7.978301525115967
1365889874.481108,734.1463414634146,40.6,7.724324941635132
1365889874.756299,773.1707317073171,40.6,7.568695783615112
1365889875.010433,954.2682926829268,40.6,7.566314935684204
1365889875.2634041,805.4878048780488,41.2,7.644776105880737
1365889875.517335,672.5609756097562,40.6,7.7167887687683105
1365889875.79371,909.1463414634146,41.2,7.567721843719482
1365889876.047234,909.1463414634146,40.6,7.562207221984863
1365889876.300315,843.9024390243902,41.2,7.59314751625061
1365889876.571075,737.1951219512194,40.6,7.605082988739014
1365889876.8473332,862.1951219512194,41.2,7.564556837081909
1365889877.1032808,779.2682926829268,40.6,7.5959532260894775
1365889877.3560672,838.4146341463414,41.2,7.601505279541016
1365889877.613776,745.1219512195122,41.2,7.600536584854126
1365889877.888109,689.6341463414634,40.6,7.737360000610352
1365889878.161967,743.2926829268292,40.1,7.5909264087677
1365889878.4389539,739.0243902439024,40.1,7.590401649475098
1365889878.711981,879.8780487804878,41.2,7.563060760498047
1365889878.964742,773.1707317073171,40.6,7.573415040969849
1365889879.2176151,641.4634146341464,40.6,7.5885865688323975
1365889879.493539,765.2439024390244,41.2,7.571043252944946
1365889879.746347,870.1219512195122,40.6,7.568137884140015
1365889879.999093,956.0975609756097,41.2,7.575051546096802
1365889880.2585201,740.2439024390244,40.1,7.596205234527588
1365889880.535879,742.0731707317074,40.6,7.597611427307129
1365889880.8099709,781.0975609756098,41.2,7.57122015953064
1365889881.0646982,773.1707317073171,40.6,7.562685012817383
1365889881.317055,727.4390243902438,40.6,7.588682174682617
1365889881.595475,809.1463414634147,40.6,7.5641467571258545
1365889881.8483589,837.1951219512194,40.6,7.568315744400024
1365889882.104495,935.3658536585366,41.2,7.566919326782227
1365889882.361207,733.5365853658536,40.1,7.621508836746216
1365889882.639327,845.1219512195122,40.1,7.669663667678833
1365889882.8921459,946.951219512195,41.2,8.022579431533813
1365889883.145952,893.9024390243902,40.6,7.903256893157959
1365889883.411222,763.4146341463414,40.6,7.639089345932007
1365889883.6868858,770.1219512195122,40.6,7.561146020889282
1365889883.939442,776.219512195122,40.6,7.5765540599823
1365889884.194518,921.9512195121952,40.6,7.608102560043335
1365889884.459441,733.5365853658536,40.6,7.605863571166992
1365889884.735592,825.0,40.6,7.562856197357178
1365889884.98843,821.951219512195,40.6,7.5654683113098145
1365889885.243235,860.3658536585366,40.6,7.824675559997559
1365889885.511609,742.0731707317074,40.1,7.809790849685669
1365889885.786687,763.4146341463414,40.1,7.673642635345459
1365889886.0392551,776.219512195122,40.1,7.5862040519714355
1365889886.2946901,896.3414634146342,41.2,7.566880464553833
1365889886.5516071,751.219512195122,40.6,7.611720085144043
1365889886.827096,732.3170731707316,40.1,7.771374940872192
1365889887.103461,992.0731707317074,41.2,7.566754102706909
1365889887.358888,820.1219512195122,40.6,7.576400518417358
1365889887.6119459,636.5853658536586,41.2,7.6327714920043945
1365889887.8880472,960.9756097560976,40.6,7.585462331771851
1365889888.153193,940.8536585365853,41.2,7.632941246032715
1365889888.4076002,740.2439024390244,41.2,7.615190029144287
1365889888.681845,829.2682926829268,40.6,7.587836265563965
1365889888.936198,948.170731707317,40.6,7.5632851123809814
1365889889.189176,773.1707317073171,41.2,7.586619853973389
1365889889.450339,737.1951219512194,40.1,7.662046194076538
1365889889.724576,834.1463414634146,41.2,7.703949689865112
1365889889.979404,956.0975609756097,40.6,7.564719915390015
1365889890.233834,783.5365853658537,40.1,7.596607208251953
1365889890.495717,738.4146341463414,41.2,7.597296476364136
1365889890.769658,915.8536585365854,40.6,7.685152053833008
1365889891.024665,771.3414634146342,40.6,7.58390474319458
1365889891.2771351,978.0487804878048,40.6,7.568096399307251
1365889891.536617,739.0243902439024,40.1,7.615800142288208
1365889891.810797,962.8048780487804,41.2,7.560534715652466
1365889892.065556,939.0243902439024,40.6,7.616951942443848
1365889892.318492,954.8780487804878,40.6,7.690553665161133
1365889892.586509,624.390243902439,40.1,7.58435320854187
1365889892.8572748,892.0731707317074,41.2,7.578189134597778
1365889893.114199,918.2926829268293,41.2,7.5702667236328125
1365889893.366741,626.219512195122,40.6,7.592319011688232
1365889893.6423192,857.9268292682926,40.6,7.56253457069397
1365889893.895009,807.3170731707318,40.6,7.56120491027832
1365889894.1493042,939.0243902439024,40.6,7.580730199813843
1365889894.4160771,756.0975609756098,40.6,7.594672441482544
1365889894.6869671,791.4634146341464,41.2,7.563380241394043
1365889894.939723,818.2926829268292,41.2,7.561469078063965
1365889895.1937869,940.8536585365853,41.2,7.5819993019104
1365889895.466076,841.4634146341463,40.6,7.576184511184692
1365889895.719136,914.0243902439024,41.2,7.568624496459961
1365889895.971912,932.3170731707318,40.6,7.574899196624756
1365889896.235138,740.2439024390244,40.6,7.625942945480347
1365889896.5096462,794.5121951219512,40.1,7.8480329513549805
1365889896.76265,918.9024390243903,41.2,7.5961596965789795
1365889897.0147672,784.1463414634146,41.2,7.5735297203063965
1365889897.2732,603.6585365853658,40.1,7.647005796432495
1365889897.546892,681.0975609756098,40.6,7.583832502365112
1365889897.82193,716.4634146341463,40.1,7.587680339813232
1365889898.096543,1779.2682926829268,40.1,7.564679384231567
1365889898.3495412,773.1707317073171,41.2,7.575838804244995
1365889898.602558,951.2195121951219,40.6,7.608736276626587
1365889898.869747,728.0487804878048,40.6,7.747361183166504
1365889899.147031,705.4878048780488,40.1,7.592440605163574
1365889899.423693,926.829268292683,41.2,7.562642574310303
1365889899.678143,826.2195121951219,40.6,7.632963418960571
1365889899.9324229,835.3658536585366,40.6,7.71367883682251
1365889900.203924,950.0,41.2,7.571671009063721
1365889900.459668,935.9756097560976,41.2,7.740488290786743
1365889900.7126458,819.5121951219512,41.2,7.7679572105407715
1365889900.969913,678.048780487805,40.1,7.605510234832764
1365889901.246198,881.0975609756098,41.2,7.56556510925293
1365889901.50035,830.4878048780488,40.6,7.564974308013916
1365889901.7532969,1200.0,41.2,7.619618892669678
1365889902.011269,662.1951219512196,40.1,7.633028268814087
1365889902.285335,875.0,40.6,7.63256573677063
1365889902.540802,779.2682926829268,41.2,7.562615633010864
1365889902.7953842,775.0,41.2,7.608511686325073
1365889903.0547452,748.170731707317,40.1,7.6491358280181885
1365889903.329568,777.439024390244,40.6,7.631232976913452
1365889903.5829902,838.4146341463414,40.6,7.77171516418457
1365889903.8362648,1006.0975609756098,40.1,7.583893775939941
1365889904.0919309,616.4634146341464,40.6,7.593302965164185
1365889904.367481,845.1219512195122,40.6,7.604200124740601
1365889904.621841,1821.9512195121952,41.2,7.584238767623901
1365889904.8761458,835.3658536585366,41.2,7.601910591125488
1365889905.142386,754.2682926829268,40.1,7.58860182762146
1365889905.416178,951.2195121951219,41.2,7.583156585693359
1365889905.670057,801.219512195122,41.2,7.563789367675781
1365889905.9232042,960.9756097560976,41.2,7.573849439620972
1365889906.1901572,751.219512195122,40.1,7.6097493171691895
1365889906.464416,1646.341463414634,41.2,7.589676856994629
1365889906.71814,802.439024390244,41.2,7.573469877243042
1365889906.972297,896.3414634146342,40.6,7.627488613128662
1365889907.2414231,724.390243902439,40.6,7.588085889816284
1365889907.515657,846.3414634146342,40.6,7.564001560211182
1365889907.768397,917.0731707317074,41.2,7.565077304840088
1365889908.022388,837.1951219512194,41.2,7.604851245880127
1365889908.2842839,731.0975609756098,40.1,7.602210283279419
1365889908.558953,771.3414634146342,41.2,7.59260106086731
1365889908.8132968,870.1219512195122,41.2,7.568234920501709
1365889909.067172,825.0,41.2,7.707294225692749
1365889909.337478,945.1219512195122,41.2,7.727604627609253
1365889909.591007,940.8536585365853,41.2,7.563992023468018
1365889909.845322,1688.4146341463415,41.2,7.571172714233398
1365889910.09837,746.3414634146342,40.1,7.592013835906982
1365889910.371725,799.3902439024391,40.6,7.565722942352295
1365889910.624532,824.390243902439,41.2,7.563499212265015
1365889910.878471,948.170731707317,40.6,7.583881378173828
1365889911.1426802,646.3414634146342,40.1,7.582811117172241
1365889911.41842,817.0731707317073,41.2,7.66964864730835
1365889911.671288,951.8292682926829,40.6,7.563501358032227
1365889911.926229,962.8048780487804,41.2,7.5878050327301025
1365889912.197964,1109.7560975609756,40.6,7.575478553771973
1365889912.450911,902.439024390244,41.2,7.5784382820129395
1365889912.7036328,802.439024390244,40.6,7.569720029830933
1365889912.957309,704.2682926829268,40.6,7.587346315383911
1365889913.232835,863.4146341463414,41.2,7.566112279891968
1365889913.487029,777.439024390244,40.6,7.656189441680908
1365889913.7397,756.0975609756098,40.6,7.611548662185669
1365889914.011851,832.9268292682926,40.6,7.568796396255493
1365889914.265933,932.3170731707318,41.7,7.564038276672363
1365889914.5200279,796.9512195121952,40.6,7.582444429397583
1365889914.779128,760.3658536585366,40.6,7.915414810180664
1365889915.053719,900.0,41.2,7.6423914432525635
1365889915.306994,929.8780487804878,41.2,7.617448568344116
1365889915.561486,839.0243902439024,40.6,7.5863447189331055
1365889915.829412,740.2439024390244,40.6,7.626607418060303
1365889916.1029692,779.2682926829268,41.2,7.602705478668213
1365889916.357131,1510.3658536585365,40.6,7.562469482421875
1365889916.610374,807.9268292682927,41.2,7.594454526901245
1365889916.881953,824.390243902439,41.2,7.57278847694397
1365889917.137507,898.1707317073171,40.6,7.782444000244141
1365889917.3914912,777.439024390244,41.2,7.574439287185669
1365889917.6548638,739.0243902439024,40.1,7.5935468673706055
1365889917.92907,818.2926829268292,40.6,7.576112985610962
1365889918.1817842,934.1463414634147,40.6,7.566508531570435
1365889918.4360561,785.9756097560976,40.6,7.652998685836792
1365889918.6932979,627.439024390244,40.6,7.590116262435913
1365889918.9668312,771.3414634146342,41.2,7.563531160354614
1365889919.220021,949.390243902439,40.6,7.7321367263793945
1365889919.473304,854.8780487804878,41.2,7.609163522720337
1365889919.727131,729.2682926829268,40.1,7.586863040924072
1365889920.001087,888.4146341463414,41.2,7.602768182754517
1365889920.253469,830.4878048780488,41.2,7.574544906616211
1365889920.507626,890.2439024390244,41.2,7.577694892883301
1365889920.7653792,736.5853658536586,40.1,7.590428590774536
1365889921.039756,749.390243902439,40.1,7.7222325801849365
1365889921.314247,953.0487804878048,40.6,7.581726789474487
1365889921.570773,798.1707317073171,40.6,7.57156229019165
1365889921.824342,1695.121951219512,41.2,7.613962650299072
1365889922.097158,860.3658536585366,40.6,7.593794822692871
1365889922.350307,857.3170731707316,41.2,7.564246654510498
1365889922.603106,806.0975609756098,40.6,7.584947109222412
1365889922.869051,740.2439024390244,40.1,7.66154932975769
1365889923.14817,912.1951219512196,40.6,7.5633766651153564
1365889923.401011,787.1951219512196,40.6,7.572688102722168
1365889923.653745,816.4634146341463,41.2,7.5912017822265625
1365889923.92695,960.9756097560976,41.2,7.619577884674072
1365889924.184166,910.9756097560976,40.6,7.563588857650757
1365889924.4368582,795.1219512195122,40.6,7.605827331542969
1365889924.7031941,749.390243902439,40.6,7.617120742797852
1365889924.9754791,778.048780487805,41.2,7.569293975830078
1365889925.23103,846.3414634146342,41.2,7.5628485679626465
1365889925.484187,645.1219512195122,40.6,7.585901498794556
1365889925.7587981,821.951219512195,41.2,7.579947471618652
1365889926.011779,885.3658536585366,41.2,7.569572687149048
1365889926.265968,851.219512195122,41.2,7.655215740203857
1365889926.5317829,703.0487804878048,40.6,7.629222869873047
1365889926.807622,854.8780487804878,40.6,7.5702362060546875
1365889927.0603662,769.5121951219512,41.2,7.575071811676025
1365889927.3154628,915.8536585365854,41.2,7.579417705535889
1365889927.5695329,738.4146341463414,40.1,7.6162543296813965
1365889927.8438542,765.2439024390244,41.2,7.571477651596069
1365889928.097194,840.2439024390244,41.2,7.565011978149414
1365889928.352248,799.3902439024391,40.6,7.6186699867248535
1365889928.624437,915.8536585365854,40.6,7.561631441116333
1365889928.877592,785.3658536585366,40.6,7.561628103256226
1365889929.130642,950.0,41.2,7.580124378204346
1365889929.392118,742.0731707317074,40.6,7.585808277130127
1365889929.667472,798.1707317073171,41.2,7.599420070648193
1365889929.920413,876.219512195122,41.2,7.595904111862183
1365889930.176752,784.1463414634146,41.2,7.595550060272217
1365889930.4487228,821.951219512195,41.2,7.570324182510376
1365889930.7013881,781.0975609756098,41.2,7.56172513961792
1365889930.954508,951.8292682926829,41.2,7.570486068725586
1365889931.208512,740.2439024390244,40.6,7.58365273475647
1365889931.486217,670.1219512195122,40.6,7.591150999069214
1365889931.760158,707.3170731707316,40.1,7.588155746459961
1365889932.034962,862.1951219512194,40.1,7.573509454727173
1365889932.288021,868.9024390243902,40.6,7.559777021408081
1365889932.541574,832.9268292682926,40.1,7.571177244186401
1365889932.802542,731.0975609756098,40.6,7.612401008605957
1365889933.078538,827.4390243902438,40.6,7.562776565551758
1365889933.331255,785.3658536585366,41.2,7.593775033950806
1365889933.5856588,864.0243902439024,41.2,7.681480646133423
1365889933.8610072,948.170731707317,41.2,7.569517374038696
1365889934.1148338,830.4878048780488,40.6,7.567698955535889
1365889934.367914,924.3902439024391,41.2,7.610128879547119
1365889934.62945,750.0,40.1,7.62682843208313
1365889934.903938,915.8536585365854,41.2,7.708664894104004
1365889935.159298,774.390243902439,40.6,7.561522483825684
1365889935.4122748,940.8536585365853,41.2,7.574778318405151
1365889935.6752708,711.5853658536585,41.2,7.584165334701538
1365889935.950927,951.2195121951219,41.2,7.576999664306641
1365889936.2052102,843.2926829268292,40.6,7.572019338607788
1365889936.457972,951.2195121951219,41.2,7.659943580627441
1365889936.718556,750.0,40.6,7.589673280715942
1365889936.99238,912.1951219512196,41.2,7.578754186630249
1365889937.246507,812.1951219512194,41.2,7.574397325515747
1365889937.4991648,863.4146341463414,41.2,7.596282482147217
1365889937.768181,954.2682926829268,41.2,7.559451103210449
1365889938.022079,829.2682926829268,40.6,7.582081079483032
1365889938.2760708,853.0487804878048,41.2,7.589117765426636
1365889938.529582,708.5365853658536,40.6,7.615243673324585
1365889938.806251,946.951219512195,40.6,7.565171718597412
1365889939.059926,943.9024390243902,41.7,7.5845723152160645
1365889939.3122728,940.2439024390243,41.2,7.569974422454834
1365889939.572326,638.4146341463414,40.1,7.587867736816406
1365889939.850935,954.8780487804878,40.1,7.564347743988037
1365889940.103787,812.1951219512194,41.2,7.569447040557861
1365889940.358135,937.1951219512194,41.2,7.5995192527771
1365889940.6164758,716.4634146341463,40.1,7.588944435119629
1365889940.89234,926.219512195122,40.6,7.5594024658203125
1365889941.145903,940.8536585365853,41.2,7.558663368225098
1365889941.4000409,767.0731707317074,40.6,7.579325199127197
1365889941.6676018,742.0731707317074,40.1,7.598674774169922
1365889941.943358,949.390243902439,41.2,7.5887792110443115
1365889942.20266,821.951219512195,41.2,7.651537656784058
1365889942.4562051,948.170731707317,41.2,7.609597444534302
1365889942.72608,841.4634146341463,40.1,7.56886625289917
1365889942.979817,775.0,41.2,7.608942031860352
1365889943.233334,795.1219512195122,41.2,7.6512770652771
1365889943.490877,732.3170731707316,40.1,7.5924458503723145
1365889943.7662542,881.0975609756098,41.2,7.575546741485596
1365889944.0206988,939.0243902439024,40.1,7.569397449493408
1365889944.274543,868.9024390243902,40.6,7.573391914367676
1365889944.538128,744.5121951219512,40.6,7.592514514923096
1365889944.812059,829.2682926829268,40.6,7.5706467628479
1365889945.065899,796.3414634146342,40.6,7.567219972610474
1365889945.318741,913.4146341463415,40.6,7.577617168426514
1365889945.580412,739.0243902439024,40.6,7.5826804637908936
1365889945.85441,863.4146341463414,40.1,7.562509536743164
1365889946.107914,903.048780487805,41.7,7.5621888637542725
1365889946.360569,840.2439024390244,40.6,7.593554973602295
1365889946.630798,842.0731707317073,41.2,7.6211864948272705
1365889946.88362,959.1463414634146,41.2,7.567608594894409
1365889947.138138,1762.1951219512196,41.2,7.574915409088135
1365889947.393346,742.0731707317074,40.1,7.770173072814941
1365889947.670547,890.2439024390244,41.2,7.589663028717041
1365889947.924566,785.3658536585366,41.2,7.5854010581970215
1365889948.181866,943.9024390243902,40.6,7.841466188430786
1365889948.441652,675.609756097561,40.1,7.683043003082275
1365889948.716285,865.2439024390244,41.2,7.5683746337890625
1365889948.968947,830.4878048780488,41.2,7.565835475921631
1365889949.223522,856.0975609756098,40.6,7.576616048812866
1365889949.4888608,740.2439024390244,40.1,7.73403263092041
1365889949.7646542,848.170731707317,40.6,7.573657035827637
1365889950.017592,932.9268292682927,41.2,7.782966375350952
1365889950.271192,935.9756097560976,41.2,7.600911617279053
1365889950.538656,935.9756097560976,40.1,7.624508857727051
1365889950.813283,784.1463414634146,41.2,7.57090425491333
1365889951.066062,970.1219512195122,41.2,7.571172475814819
1365889951.3202481,885.3658536585366,40.6,7.578693866729736
1365889951.589168,744.5121951219512,40.1,7.592140436172485
1365889951.8641448,881.0975609756098,41.2,7.573404550552368
1365889952.116641,853.0487804878048,41.2,7.573093891143799
1365889952.3706088,774.390243902439,41.2,7.59882116317749
1365889952.638838,658.5365853658537,41.2,7.5843894481658936
1365889952.913769,893.9024390243902,41.2,7.588806629180908
1365889953.169159,779.2682926829268,40.6,7.570328712463379
1365889953.423837,784.1463414634146,41.2,7.586252450942993
1365889953.68887,743.2926829268292,40.6,7.62866473197937
1365889953.962036,854.2682926829268,40.6,7.728429079055786
1365889954.2171981,884.1463414634146,40.6,7.5753257274627686
1365889954.4718988,959.1463414634146,40.6,7.612692594528198
1365889954.745836,827.4390243902438,41.2,7.631056547164917
1365889955.0012622,873.170731707317,41.2,7.563926935195923
1365889955.2544131,923.1707317073171,41.2,7.601423740386963
1365889955.5180511,737.1951219512194,40.6,7.591465473175049
1365889955.792305,859.1463414634146,41.2,7.5722815990448
1365889956.045109,782.3170731707318,41.2,7.560388803482056
1365889956.2976902,794.5121951219512,40.1,7.581709623336792
1365889956.56583,727.4390243902438,40.1,7.599826335906982
1365889956.8397021,910.9756097560976,41.2,7.569888353347778
1365889957.092431,946.951219512195,40.6,7.5583178997039795
1365889957.345876,1034.7560975609756,40.1,7.586304426193237
1365889957.622433,890.8536585365854,40.6,7.566070079803467
1365889957.875628,965.2439024390244,41.2,7.561257362365723
1365889958.128543,893.2926829268292,41.2,7.69125771522522
1365889958.386397,742.0731707317074,41.2,7.614394903182983
1365889958.662573,945.1219512195122,41.2,7.567562818527222
1365889958.915303,879.2682926829268,41.2,7.562351942062378
1365889959.16851,910.9756097560976,41.2,7.578723669052124
1365889959.439004,769.5121951219512,41.2,7.564401388168335
1365889959.69312,954.2682926829268,41.2,7.572840690612793
1365889959.9458392,909.1463414634146,41.2,7.591928958892822
1365889960.20419,722.560975609756,40.1,7.6466286182403564
1365889960.4793952,723.170731707317,40.1,7.631945848464966
1365889960.755587,776.219512195122,40.1,7.628108739852905
1365889961.008311,865.2439024390244,40.6,7.695613384246826
1365889961.260677,800.0,40.6,7.575841903686523
1365889961.527848,744.5121951219512,41.2,7.622377395629883
1365889961.806279,904.2682926829268,40.6,7.574460029602051
1365889962.060365,821.951219512195,41.2,7.566705226898193
1365889962.3132942,945.1219512195122,40.1,7.581526756286621
1365889962.582355,832.3170731707316,40.6,7.565127611160278
1365889962.835628,956.0975609756097,40.1,7.5722644329071045
1365889963.0881221,937.8048780487804,41.2,7.592997074127197
1365889963.342605,656.0975609756098,40.6,7.586927890777588
1365889963.617152,846.3414634146342,41.2,7.573919296264648
1365889963.8701582,837.1951219512194,41.2,7.611374616622925
1365889964.122486,764.0243902439024,41.2,7.567050218582153
1365889964.378552,653.6585365853658,40.6,7.620643138885498
1365889964.6539671,957.9268292682926,40.6,7.55986475944519
1365889964.907238,848.170731707317,40.6,7.566197156906128
1365889965.160181,923.1707317073171,41.2,7.6124958992004395
1365889965.432564,768.2926829268292,41.2,7.577697515487671
1365889965.685525,943.2926829268292,41.2,7.567331314086914
1365889965.939502,864.0243902439024,41.2,7.581405162811279
1365889966.1976802,732.3170731707316,40.1,7.631455659866333
1365889966.471422,742.0731707317074,40.1,7.6397316455841064
1365889966.7459772,801.219512195122,40.6,7.561980247497559
1365889967.000106,951.2195121951219,40.6,7.642461776733398
1365889967.253661,954.8780487804878,40.6,7.571986675262451
1365889967.511292,672.5609756097562,40.6,7.581663370132446
1365889967.7809489,827.4390243902438,40.6,7.904481410980225
1365889968.0345018,815.2439024390243,41.2,7.651705265045166
1365889968.286653,747.560975609756,41.2,7.590506076812744
1365889968.563473,871.3414634146342,41.2,7.576889514923096
1365889968.816252,957.3170731707316,41.2,7.55864691734314
1365889969.0700958,860.9756097560976,41.2,7.590726137161255
1365889969.33728,641.4634146341464,40.6,7.633402585983276
1365889969.6123252,824.390243902439,41.2,7.5917463302612305
1365889969.865201,953.0487804878048,41.2,7.566137075424194
1365889970.118036,818.2926829268292,41.2,7.586227655410767
1365889970.3898659,873.170731707317,41.2,7.572491884231567
1365889970.644325,953.0487804878048,40.6,7.569762706756592
1365889970.897762,942.0731707317073,41.2,7.566409349441528
1365889971.158452,740.2439024390244,40.1,7.594304084777832
1365889971.4332612,937.8048780487804,40.6,7.6307172775268555
1365889971.688575,830.4878048780488,41.2,7.5728912353515625
1365889971.941958,773.1707317073171,41.2,7.627506256103516
1365889972.2085361,735.3658536585366,40.6,7.653750419616699
1365889972.4843369,948.170731707317,40.6,7.598291397094727
1365889972.7382798,890.8536585365854,41.2,7.577973127365112
1365889972.991106,821.3414634146341,41.2,7.620187759399414
1365889973.2520041,738.4146341463414,40.1,7.59657621383667
1365889973.52717,765.2439024390244,40.6,7.634525537490845
1365889973.781507,917.0731707317074,41.7,7.610924959182739
1365889974.034455,762.1951219512196,41.2,7.5940635204315186
1365889974.292756,651.219512195122,40.6,7.5888495445251465
1365889974.5687099,764.0243902439024,41.2,7.580353736877441
1365889974.8228102,956.0975609756097,41.2,7.642021417617798
1365889975.0756962,810.9756097560976,41.2,7.655339956283569
1365889975.338468,645.1219512195122,40.6,7.769166946411133
1365889975.614329,750.0,40.1,7.764849662780762
1365889975.890569,769.5121951219512,41.2,7.562767744064331
1365889976.144046,819.5121951219512,41.2,7.5712573528289795
1365889976.397503,870.1219512195122,41.2,7.566592216491699
1365889976.6579032,748.170731707317,40.1,7.7064597606658936
1365889976.932854,840.2439024390244,41.2,7.5910797119140625
1365889977.18574,818.2926829268292,41.2,7.564996957778931
1365889977.438635,939.0243902439024,40.6,7.578871488571167
1365889977.699373,721.3414634146342,40.1,7.622282266616821
1365889977.9748611,932.3170731707318,41.2,7.7217278480529785
1365889978.2303748,835.3658536585366,41.2,7.568064212799072
1365889978.484869,771.3414634146342,40.6,7.589766025543213
1365889978.75581,1148.780487804878,40.1,7.591601610183716
1365889979.0308921,773.1707317073171,41.2,7.5884387493133545
1365889979.284554,777.439024390244,41.2,7.731556177139282
1365889979.537171,828.0487804878048,40.6,7.60835337638855
1365889979.80337,741.4634146341464,40.1,7.587771654129028
1365889980.0785012,867.0731707317074,41.2,7.615891456604004
1365889980.330776,954.8780487804878,40.6,7.628113269805908
1365889980.5839539,804.2682926829269,40.6,7.58875036239624
1365889980.8579469,771.3414634146342,41.2,7.823769807815552
1365889981.11088,932.3170731707318,41.2,7.678344488143921
1365889981.3629818,773.1707317073171,41.2,7.651784896850586
1365889981.6192079,612.1951219512194,40.1,7.584025621414185
1365889981.8911018,926.829268292683,41.2,7.584884881973267
1365889982.1441228,813.4146341463414,41.2,7.580545663833618
1365889982.396888,695.1219512195122,41.2,7.590041399002075
1365889982.671701,874.390243902439,41.7,7.573596239089966
1365889982.924756,848.170731707317,41.2,7.564672231674194
1365889983.17743,912.1951219512196,41.2,7.594356536865234
1365889983.444553,752.439024390244,40.1,7.603424549102783
1365889983.718987,848.170731707317,41.2,7.567637920379639
1365889983.971756,971.3414634146342,41.2,7.563212871551514
1365889984.228267,796.9512195121952,41.2,7.579450368881226
1365889984.5012429,803.048780487805,41.2,7.56305718421936
1365889984.754391,907.3170731707318,41.2,7.571303367614746
1365889985.007584,890.2439024390244,41.2,7.591156244277954
1365889985.26663,742.0731707317074,40.6,7.5851826667785645
1365889985.541981,960.3658536585366,40.6,7.560426712036133
1365889985.795409,971.3414634146342,41.2,7.562586545944214
1365889986.0482051,932.3170731707318,41.2,7.627679109573364
1365889986.308587,737.1951219512194,40.6,7.580912828445435
1365889986.585022,779.2682926829268,40.6,7.604398488998413
1365889986.8375459,766.4634146341464,41.2,7.603815793991089
1365889987.0901911,832.3170731707316,41.2,7.683741092681885
1365889987.346447,742.0731707317074,40.6,7.583083391189575
1365889987.623415,660.3658536585366,40.1,7.597047328948975
1365889987.898252,759.1463414634146,41.2,7.712268114089966
1365889988.1512709,924.3902439024391,41.2,7.6576080322265625
1365889988.40571,664.6341463414634,40.1,7.6392951011657715
1365889988.6854138,926.219512195122,41.2,7.560576915740967
1365889988.938255,892.0731707317074,41.2,7.566503047943115
1365889989.191146,779.2682926829268,41.2,7.598905086517334
1365889989.451345,708.5365853658536,40.6,7.584262847900391
1365889989.728606,779.2682926829268,41.2,7.572422504425049
1365889989.981517,939.0243902439024,41.2,7.589153528213501
1365889990.2367501,832.3170731707316,41.2,7.565671920776367
1365889990.4952052,730.4878048780488,40.1,7.596420049667358
1365889990.771471,624.390243902439,40.1,7.588544130325317
1365889991.0450501,782.3170731707318,40.6,7.563154458999634
1365889991.298872,820.1219512195122,41.2,7.5656867027282715
1365889991.551659,906.0975609756098,40.1,7.582895994186401
1365889991.824696,940.2439024390243,41.2,7.560126543045044
1365889992.0775712,860.9756097560976,40.1,7.561042070388794
1365889992.330594,843.2926829268292,41.2,7.572169542312622
1365889992.5909781,617.6829268292682,40.6,7.582880258560181
1365889992.8676748,803.048780487805,41.2,7.564014196395874
1365889993.1207821,937.8048780487804,40.6,7.560312509536743
1365889993.373897,775.0,41.2,7.566967964172363
1365889993.6306229,740.2439024390244,40.6,7.5808727741241455
1365889993.9020731,942.0731707317073,41.2,7.5729358196258545
1365889994.1548219,910.9756097560976,41.2,7.561659812927246
1365889994.407619,743.2926829268292,41.2,7.6929709911346436
1365889994.681962,813.4146341463414,41.2,7.615036249160767
1365889994.9349718,937.1951219512194,41.2,7.5637147426605225
1365889995.187504,935.3658536585366,41.2,7.629354000091553
1365889995.453415,730.4878048780488,40.6,7.586885213851929
1365889995.727081,915.8536585365854,41.2,7.569382905960083
1365889995.982146,781.0975609756098,41.2,7.566962718963623
1365889996.237143,606.7073170731708,41.2,7.594119310379028
1365889996.512625,946.3414634146341,40.6,7.573626279830933
1365889996.7656362,775.0,40.1,7.562827110290527
1365889997.021214,1148.780487804878,41.2,7.59277606010437
1365889997.280593,708.5365853658536,40.6,7.593227863311768
1365889997.556057,918.9024390243903,41.2,7.563928127288818
1365889997.808841,926.219512195122,41.2,7.564892292022705
1365889998.0629141,782.3170731707318,40.6,7.682674884796143
1365889998.3343282,745.1219512195122,40.1,7.765124320983887
1365889998.610914,824.390243902439,40.6,7.5749242305755615
1365889998.8641438,954.8780487804878,41.2,7.585594654083252
1365889999.118669,925.0,41.2,7.5801568031311035
1365889999.389599,946.951219512195,40.6,7.565039873123169
1365889999.644393,942.0731707317073,41.2,7.567855596542358
1365889999.897017,882.9268292682926,40.6,7.626887083053589
1365890000.152523,627.439024390244,40.6,7.599751949310303
1365890000.42635,806.0975609756098,40.6,7.565502643585205
1365890000.680421,935.3658536585366,41.2,7.579266786575317
1365890000.933413,926.829268292683,41.2,7.5744709968566895
1365890001.1934452,731.0975609756098,41.2,7.595749378204346
1365890001.467124,909.1463414634146,40.6,7.573798894882202
1365890001.720643,946.951219512195,41.2,7.566685914993286
1365890001.9734988,846.951219512195,41.2,7.578948974609375
1365890002.235609,739.0243902439024,40.6,7.616607189178467
1365890002.509604,929.2682926829269,41.2,7.564249753952026
1365890002.7644749,857.9268292682926,41.2,7.596745729446411
1365890003.01683,888.4146341463414,41.2,7.592139482498169
1365890003.284659,749.390243902439,40.6,7.603341817855835
1365890003.560761,906.0975609756098,41.2,7.603527307510376
1365890003.814755,760.9756097560976,41.2,7.560025215148926
1365890004.067508,863.4146341463414,41.2,7.595235824584961
1365890004.335705,744.5121951219512,40.6,7.596153497695923
1365890004.6102011,807.3170731707318,41.2,7.578280448913574
1365890004.865401,918.2926829268293,40.6,7.576258420944214
1365890005.1182349,802.439024390244,41.2,7.57319712638855
1365890005.378528,708.5365853658536,40.1,7.620514631271362
1365890005.6525838,776.219512195122,40.6,7.562834024429321
1365890005.9067981,882.9268292682926,41.2,7.6381237506866455
1365890006.159549,831.0975609756097,41.2,7.589117050170898
1365890006.4327161,762.1951219512196,41.2,7.593835353851318
1365890006.6858492,943.9024390243902,41.2,7.568051099777222
1365890006.941088,779.2682926829268,41.2,7.591265678405762
1365890007.200562,612.1951219512194,40.6,7.588154077529907
1365890007.476788,943.2926829268292,40.1,7.570827484130859
1365890007.729631,857.9268292682926,41.2,7.562065601348877
1365890007.9842198,900.0,41.2,7.624885320663452
1365890008.2523751,704.2682926829268,40.6,7.685865879058838
1365890008.5258722,940.2439024390243,40.6,7.591022253036499
1365890008.779656,1506.7073170731705,41.2,7.566240072250366
1365890009.0338151,942.0731707317073,41.2,7.6005308628082275
1365890009.308165,954.8780487804878,41.2,7.686133623123169
1365890009.5620348,868.2926829268292,40.6,7.562028408050537
1365890009.814946,801.219512195122,41.2,7.639796257019043
1365890010.076617,750.0,40.1,7.651378154754639
1365890010.351443,1391.4634146341461,41.2,7.560959100723267
1365890010.6045709,835.3658536585366,41.7,7.56519341468811
1365890010.8577049,929.8780487804878,41.2,7.595796346664429
1365890011.125925,754.2682926829268,40.6,7.856062412261963
1365890011.397217,937.1951219512194,41.2,8.228842496871948
1365890011.651736,835.3658536585366,40.6,7.975246906280518
1365890011.9040902,748.170731707317,40.6,7.723618507385254
1365890012.177294,932.9268292682927,41.2,7.66658616065979
1365890012.4305222,842.0731707317073,41.2,7.570447206497192
1365890012.684117,832.3170731707316,41.7,7.588195323944092
1365890012.94108,750.0,40.6,7.592611074447632
1365890013.216439,818.2926829268292,41.2,8.411030054092407
1365890013.469703,859.1463414634146,41.7,8.158607721328735
1365890013.722854,910.9756097560976,41.2,8.276119470596313
1365890013.986787,709.1463414634146,41.2,8.013026475906372
1365890014.262848,852.4390243902438,40.6,7.7377026081085205
1365890014.515015,956.0975609756097,41.2,7.695944786071777
1365890014.7687821,954.8780487804878,40.6,7.58265495300293
1365890015.028081,742.0731707317074,40.1,7.631289958953857
1365890015.311532,940.2439024390243,40.6,7.568396091461182
1365890015.565141,954.8780487804878,41.2,7.584527015686035
1365890015.820408,774.390243902439,41.2,7.582015037536621
1365890016.09203,859.1463414634146,41.2,7.576005458831787
1365890016.34489,794.5121951219512,41.2,7.691672325134277
1365890016.597867,962.8048780487804,40.6,7.571207523345947
1365890016.857968,610.3658536585366,40.6,7.593950271606445
1365890017.134023,914.0243902439024,41.2,7.679770469665527
1365890017.3867772,924.3902439024391,41.2,7.6048901081085205
1365890017.639793,777.439024390244,40.6,7.625989198684692
1365890017.9015481,742.0731707317074,40.1,7.599647045135498
1365890018.175901,859.1463414634146,40.6,7.630472898483276
1365890018.429009,913.4146341463415,41.2,7.628958225250244
1365890018.681438,863.4146341463414,41.2,7.583777189254761
1365890018.941969,747.560975609756,41.2,7.62893009185791
1365890019.216147,928.048780487805,40.6,7.6348490715026855
1365890019.4689732,764.0243902439024,41.2,7.569486379623413
1365890019.721759,867.0731707317074,40.6,7.588169097900391
1365890019.995764,803.048780487805,41.2,7.620028257369995
1365890020.250613,896.9512195121952,41.2,7.563973903656006
1365890020.50367,846.3414634146342,41.2,7.614303350448608
1365890020.7650619,752.439024390244,40.6,7.619683265686035
1365890021.0412369,781.0975609756098,40.6,7.571831464767456
1365890021.301124,866.4634146341464,41.2,7.569394111633301
1365890021.554652,889.0243902439024,41.2,7.5632240772247314
1365890021.811334,750.0,40.1,8.14411735534668
1365890022.0922701,815.2439024390243,41.2,7.864095687866211
1365890022.344646,876.219512195122,41.2,8.29577350616455
1365890022.5974221,752.439024390244,41.2,8.043896436691284
1365890022.854957,752.439024390244,40.6,7.78739595413208
1365890023.1322398,942.0731707317073,41.2,7.582096099853516
1365890023.385751,960.3658536585366,41.2,7.563369035720825
1365890023.638818,762.1951219512196,40.6,7.561344861984253
1365890023.892989,620.1219512195122,40.6,7.617630243301392
1365890024.1692789,949.390243902439,41.2,7.588597059249878
1365890024.421775,960.3658536585366,41.2,7.566499471664429
1365890024.6747189,806.0975609756098,40.6,7.574315071105957
1365890024.9312792,738.4146341463414,40.6,7.5822412967681885
1365890025.206835,767.0731707317074,40.1,7.5692760944366455
1365890025.4598029,923.1707317073171,41.2,7.564738035202026
1365890025.712783,853.0487804878048,41.2,7.572097539901733
1365890025.968794,744.5121951219512,40.6,7.580456495285034
1365890026.244812,743.2926829268292,40.1,7.61953330039978
1365890026.519555,914.0243902439024,40.6,7.71640419960022
1365890026.773364,949.390243902439,40.6,7.859159708023071
1365890027.02629,876.219512195122,40.6,7.686062812805176
1365890027.292392,726.219512195122,41.2,7.688046455383301
1365890027.5665128,748.170731707317,40.1,7.621882200241089
1365890027.8422568,782.3170731707318,40.6,7.567073106765747
1365890028.094893,838.4146341463414,41.2,7.7534730434417725
1365890028.348667,940.2439024390243,40.6,7.631260633468628
1365890028.619448,864.0243902439024,41.2,7.6685850620269775
1365890028.872468,896.3414634146342,41.2,8.12125539779663
1365890029.125261,772.5609756097562,40.6,7.869573593139648
1365890029.38272,733.5365853658536,40.6,7.7345921993255615
1365890029.657442,766.4634146341464,40.6,7.563145160675049
1365890029.911314,901.219512195122,41.2,7.560822486877441
1365890030.16521,937.1951219512194,40.6,7.57751727104187
1365890030.429195,682.3170731707318,40.1,7.581986427307129
1365890030.704263,810.3658536585366,41.2,7.581401586532593
1365890030.956934,915.2439024390244,41.2,7.608962774276733
1365890031.20994,890.2439024390244,41.2,7.654050827026367
1365890031.470379,734.1463414634146,40.6,7.5869362354278564
1365890031.7446232,826.2195121951219,41.2,7.959519624710083
1365890031.998847,875.0,40.6,7.7063727378845215
1365890032.251935,879.8780487804878,40.6,7.588733673095703
1365890032.5118809,707.3170731707316,40.6,7.592989683151245
1365890032.7858481,770.1219512195122,41.2,7.564526796340942
1365890033.0392792,832.9268292682926,41.2,7.564875602722168
1365890033.2941859,940.2439024390243,41.2,7.57457160949707
1365890033.551967,739.0243902439024,40.6,7.581557512283325
1365890033.827178,749.390243902439,41.2,7.6155853271484375
1365890034.0811882,893.2926829268292,40.6,7.566001892089844
1365890034.333856,962.1951219512194,41.2,7.571883678436279
1365890034.598233,631.0975609756098,40.6,7.581787824630737
1365890034.874183,943.2926829268292,40.1,7.580178499221802
1365890035.1497548,946.951219512195,41.7,7.563333511352539
1365890035.403841,788.4146341463415,41.2,7.625867128372192
1365890035.657634,802.439024390244,41.2,7.581801176071167
1365890035.927588,871.9512195121952,41.2,7.5830442905426025
1365890036.1815732,931.0975609756098,41.2,7.56872034072876
1365890036.435033,959.1463414634146,41.2,7.567600250244141
1365890036.6894422,684.1463414634147,40.1,7.5893940925598145
1365890036.9652638,849.390243902439,41.2,7.5605528354644775
1365890037.219624,943.9024390243902,41.2,7.582085609436035
1365890037.47244,860.9756097560976,41.7,7.652368068695068
1365890037.734168,667.0731707317074,40.1,7.59670352935791
1365890038.003774,814.0243902439024,40.6,7.561897039413452
1365890038.2579122,924.3902439024391,41.2,7.571932554244995
1365890038.511851,753.0487804878048,41.2,7.603270769119263
1365890038.788507,888.4146341463414,41.2,7.5615856647491455
1365890039.041682,790.2439024390244,41.2,7.641791820526123
1365890039.298095,940.2439024390243,41.2,7.742261171340942
1365890039.569505,777.439024390244,40.6,7.563964366912842
1365890039.8239748,835.3658536585366,41.2,7.566418409347534
1365890040.078296,962.1951219512194,41.2,7.691690444946289
1365890040.3397791,749.390243902439,41.2,7.589127063751221
1365890040.6143968,854.8780487804878,41.2,7.5667784214019775
1365890040.868733,785.3658536585366,41.2,7.690796375274658
1365890041.1228318,931.0975609756098,41.2,7.655529499053955
1365890041.392017,737.1951219512194,40.6,7.581663131713867
1365890041.6642802,809.1463414634147,41.2,7.562570810317993
1365890041.917919,790.2439024390244,41.2,7.573866605758667
1365890042.1720052,929.2682926829269,41.2,7.59135103225708
1365890042.4458282,913.4146341463415,41.2,7.564456939697266
1365890042.698692,913.4146341463415,41.7,7.56511116027832
1365890042.952738,769.5121951219512,41.7,7.570094347000122
1365890043.2142222,654.2682926829268,41.2,7.660287141799927
1365890043.489984,819.5121951219512,41.2,7.564667463302612
1365890043.742933,878.0487804878048,41.2,7.673619270324707
1365890043.99704,846.3414634146342,41.2,7.568004846572876
1365890044.255511,703.0487804878048,40.6,7.583583831787109
1365890044.530615,819.5121951219512,41.2,7.686540126800537
1365890044.783576,946.3414634146341,41.2,7.680649042129517
1365890045.038336,915.2439024390244,41.2,8.055360078811646
1365890045.300997,729.2682926829268,40.6,7.793652534484863
1365890045.576579,957.3170731707316,41.2,7.680210113525391
1365890045.829086,914.0243902439024,41.2,7.571125507354736
1365890046.0820212,907.3170731707318,41.2,7.570789813995361
1365890046.3447008,703.0487804878048,40.1,7.623494625091553
1365890046.62027,945.1219512195122,40.6,7.56426215171814
1365890046.873259,954.2682926829268,41.2,7.674466609954834
1365890047.1269498,835.3658536585366,41.2,7.711767911911011
1365890047.387073,737.1951219512194,40.1,7.611932039260864
1365890047.662496,871.3414634146342,41.2,7.700794696807861
1365890047.915196,957.3170731707316,41.2,7.648243188858032
1365890048.168648,893.9024390243902,41.2,7.567775249481201
1365890048.428587,702.4390243902438,40.6,7.594567537307739
1365890048.704182,945.1219512195122,41.2,7.556114196777344
1365890048.9574862,857.3170731707316,40.6,7.562408447265625
1365890049.210482,1654.2682926829268,41.2,7.576672077178955
1365890049.471149,684.1463414634147,40.6,7.6343889236450195
1365890049.74679,873.170731707317,41.2,7.562619924545288
1365890049.999404,889.0243902439024,41.2,7.571974277496338
1365890050.252695,954.2682926829268,41.2,7.565312623977661
1365890050.510603,636.5853658536586,40.1,7.601718187332153
