1365889753.31691,979.8780487804878,44.4,2.4333229064941406
1365889753.624306,995.1219512195122,44.4,2.4263951778411865
1365889753.921189,1007.3170731707318,44.9,2.4247469902038574
1365889754.216747,979.8780487804878,44.4,2.43595027923584
1365889754.5177112,987.1951219512194,44.4,2.4269845485687256
1365889754.814952,979.2682926829268,44.4,2.4299628734588623
1365889755.115405,959.1463414634146,44.4,2.4371426105499268
1365889755.417693,968.9024390243902,44.4,2.442525625228882
1365889755.7263749,968.2926829268292,44.9,2.4401862621307373
1365889756.025381,979.8780487804878,44.9,2.4376540184020996
1365889756.333608,1134.1463414634145,44.4,2.4462945461273193
1365889756.645385,962.1951219512194,44.4,2.442427635192871
1365889756.9584908,987.1951219512194,44.4,2.435319662094116
1365889757.2650082,982.3170731707316,44.9,2.448730707168579
1365889757.575305,940.8536585365853,44.9,2.452540636062622
1365889757.89454,1021.9512195121952,44.9,2.4488861560821533
1365889756.127553,989.0243902439024,43.9,3.1784708499908447
1365889756.424767,1001.8292682926829,43.3,3.171557903289795
1365889756.717143,967.0731707317073,44.4,3.178040027618408
1365889757.0102952,1023.1707317073171,44.4,3.1968777179718018
1365889757.31597,1117.0731707317075,43.9,3.189422845840454
1365889757.620817,1979.878048780488,44.4,3.19039249420166
1365889757.926115,989.0243902439024,43.3,3.17825984954834
1365889758.222047,968.9024390243902,44.4,3.217726707458496
1365889758.5310159,968.2926829268292,43.9,3.1925840377807617
1365889758.8457909,990.8536585365854,44.4,3.193545341491699
1365889759.154485,973.780487804878,44.4,3.188612699508667
1365889759.4631119,984.7560975609756,44.4,3.210416078567505
1365889759.775879,981.0975609756098,44.4,3.2040650844573975
1365889760.0958688,992.0731707317074,44.9,3.1946661472320557
1365889760.411107,953.0487804878048,44.4,3.192368984222412
1365889760.723684,976.8292682926829,44.4,3.202169418334961
1365889761.0462809,987.8048780487804,44.4,3.2238903045654297
1365889761.3631518,979.8780487804878,44.4,3.2096810340881348
1365889761.68591,932.9268292682927,44.9,3.211280107498169
1365889762.0158741,990.2439024390244,44.4,3.1995909214019775
1365889762.333687,951.8292682926829,44.4,3.2170629501342773
1365889762.667014,960.9756097560976,44.4,3.2091612815856934
1365889762.991553,1182.9268292682925,44.4,3.160010814666748
1365889763.268161,1040.8536585365853,44.9,3.1805739402770996
1365889763.564018,951.2195121951219,44.4,3.2088987827301025
1365889763.893165,1176.8292682926829,44.4,3.1585426330566406
1365889764.170124,768.2926829268292,44.4,3.1586432456970215
1365889764.440798,959.1463414634146,44.4,3.2099180221557617
1365889764.776423,968.9024390243902,44.4,3.2139649391174316
1365889765.10532,879.8780487804878,44.4,3.1563103199005127
1365889765.380192,956.0975609756097,44.4,3.2186119556427
1365889765.712644,953.0487804878048,44.4,3.203009605407715
1365889766.0362282,857.9268292682926,44.4,3.1565611362457275
1365889766.309079,1140.8536585365853,44.4,3.2327332496643066
1365889766.646188,965.2439024390244,44.4,3.213106393814087
1365889766.974676,874.390243902439,44.4,3.1532788276672363
1365889767.2462862,882.3170731707318,44.4,3.166877031326294
1365889767.533809,946.3414634146341,44.4,3.2092912197113037
1365889767.867337,779.2682926829268,44.4,3.1580615043640137
1365889768.140639,1023.1707317073171,44.4,3.155306339263916
1365889768.414171,1007.9268292682925,44.4,3.209371566772461
1365889768.7437088,957.9268292682926,44.9,3.212831735610962
1365889769.069819,790.2439024390244,44.4,3.164397716522217
1365889769.341934,971.951219512195,44.4,3.211644172668457
1365889769.6676831,954.2682926829268,44.4,3.2074825763702393
1365889769.986408,951.8292682926829,44.4,3.1611785888671875
1365889770.257864,962.8048780487804,44.4,3.1762948036193848
1365889770.54601,951.2195121951219,44.9,3.2464685440063477
1365889770.8766358,921.3414634146342,44.9,3.1597468852996826
1365889771.1511738,935.3658536585366,44.4,3.181431531906128
1365889771.424124,957.3170731707316,45.5,3.212035655975342
1365889771.751415,954.8780487804878,44.4,3.2134833335876465
1365889772.083759,993.2926829268292,44.4,3.156538963317871
1365889772.355912,954.8780487804878,44.4,3.2277445793151855
1365889772.68594,959.1463414634146,44.4,3.247051477432251
1365889773.015939,807.9268292682927,44.4,3.1602365970611572
1365889773.293141,824.390243902439,44.4,3.19386625289917
1365889773.6023092,970.1219512195122,44.9,3.214815855026245
1365889773.9359171,924.3902439024391,44.4,3.1614818572998047
1365889774.2079391,1303.658536585366,44.4,3.1585521697998047
1365889774.4828491,967.0731707317073,44.4,3.2121503353118896
1365889774.816639,1065.2439024390244,44.9,3.1878180503845215
1365889775.122546,839.0243902439024,44.4,3.157902240753174
1365889775.392274,957.3170731707316,44.4,3.211042642593384
1365889775.7136,957.3170731707316,44.4,3.2126715183258057
1365889776.0459268,890.8536585365854,45.5,3.1619303226470947
1365889776.325647,996.9512195121952,44.4,3.2193963527679443
1365889776.654602,971.3414634146342,44.4,3.2082741260528564
1365889776.9859252,1610.3658536585365,44.9,3.2444729804992676
1365889777.255071,950.0,44.9,3.167998790740967
1365889777.546217,976.219512195122,44.4,3.2159178256988525
1365889777.874343,1140.8536585365853,44.4,3.1641268730163574
1365889778.1567638,946.951219512195,44.4,3.1569666862487793
1365889778.4311428,968.9024390243902,44.4,3.197516441345215
1365889778.752982,960.3658536585366,44.9,3.211474657058716
1365889779.0859132,854.2682926829268,44.4,3.155794382095337
1365889779.360024,973.170731707317,44.4,3.204943895339966
1365889779.6866848,956.0975609756097,44.4,3.2142281532287598
1365889780.0178099,940.2439024390243,44.4,3.2249197959899902
1365889780.29032,932.9268292682927,44.9,3.1947994232177734
1365889780.606113,956.0975609756097,44.9,3.2099266052246094
1365889780.936379,770.1219512195122,44.9,3.156536817550659
1365889781.2111108,789.0243902439024,45.5,3.162297487258911
1365889781.4869509,949.390243902439,44.4,3.2231805324554443
1365889781.824769,970.1219512195122,44.9,3.1872432231903076
1365889782.1231802,959.1463414634146,44.4,3.155062198638916
1365889782.3964438,979.2682926829268,44.4,3.237370014190674
1365889782.726298,968.9024390243902,44.4,3.209742784500122
1365889783.056708,1195.7317073170732,44.4,3.1546170711517334
1365889783.329522,1050.0,44.9,3.204249143600464
1365889783.6565251,957.3170731707316,44.9,3.2134387493133545
1365889783.9856472,888.4146341463414,44.4,3.166193723678589
1365889784.259181,953.0487804878048,44.4,3.1679437160491943
1365889784.546238,960.9756097560976,44.9,3.212486743927002
1365889784.8798459,954.8780487804878,44.9,3.157491445541382
1365889785.155943,866.4634146341464,44.9,3.1620724201202393
1365889785.430439,959.1463414634146,44.9,3.2242114543914795
1365889785.755956,954.8780487804878,44.4,3.236727237701416
1365889786.092512,826.2195121951219,44.4,3.1596221923828125
1365889786.3675551,962.8048780487804,44.9,3.206601142883301
1365889786.694988,1209.7560975609756,45.5,3.2109575271606445
1365889787.02787,951.2195121951219,44.9,3.1572418212890625
1365889787.302241,951.2195121951219,44.4,3.1917307376861572
1365889787.615395,970.1219512195122,44.9,3.2117135524749756
1365889787.940695,792.0731707317074,45.5,3.156827926635742
1365889788.2118342,970.1219512195122,44.9,3.155086040496826
1365889788.485812,1187.8048780487804,45.5,3.2238755226135254
1365889788.824388,959.1463414634146,45.5,3.187877893447876
1365889789.130636,841.4634146341463,44.9,3.155463218688965
1365889789.4044821,1059.7560975609756,44.9,3.210425615310669
1365889789.735604,970.1219512195122,44.9,3.2039425373077393
1365889790.060823,965.8536585365854,44.9,3.159025192260742
1365889790.33248,954.8780487804878,44.4,3.2091803550720215
1365889790.663429,970.1219512195122,44.9,3.2290749549865723
1365889790.995924,824.390243902439,44.9,3.157532215118408
1365889791.271274,990.8536585365854,44.9,3.171631097793579
1365889791.5639071,1054.2682926829268,44.9,3.2574691772460938
1365889791.892809,985.9756097560976,44.4,3.153820753097534
1365889792.163222,957.9268292682926,44.9,3.15451717376709
1365889792.435595,1048.780487804878,45.5,3.24796199798584
1365889792.7744331,989.0243902439024,44.9,3.20940899848938
1365889793.10657,835.9756097560976,44.9,3.206326723098755
1365889793.714119,962.8048780487804,44.9,3.3148581981658936
1365889793.377095,1220.7317073170732,44.9,3.656744956970215
1365889794.0459352,949.390243902439,44.9,3.1578240394592285
1365889794.319893,846.951219512195,44.9,3.2040374279022217
1365889794.645925,1012.8048780487804,44.9,3.2187039852142334
1365889794.985813,882.9268292682926,44.9,3.3238933086395264
1365889795.2548459,959.1463414634146,45.5,3.1637115478515625
1365889795.532438,949.390243902439,45.5,3.209866762161255
1365889795.86379,1009.7560975609756,45.5,3.17110538482666
1365889796.151454,942.0731707317073,44.9,3.1560168266296387
1365889796.423603,1220.1219512195123,44.9,3.218641519546509
1365889796.759218,964.0243902439024,44.9,3.2148282527923584
1365889797.094482,920.1219512195122,45.5,3.161940336227417
1365889797.3693829,945.1219512195122,45.5,3.2141458988189697
1365889797.695935,937.1951219512194,45.5,3.2160611152648926
1365889798.034351,815.2439024390243,45.5,3.156146764755249
1365889798.3090072,907.9268292682927,44.9,3.195265769958496
1365889798.615916,946.3414634146341,45.5,3.2050771713256836
1365889798.941899,783.5365853658537,44.9,3.158456802368164
1365889799.213133,914.0243902439024,45.5,3.159273386001587
1365889799.488051,962.1951219512194,45.5,3.213245153427124
1365889799.8221052,976.8292682926829,45.5,3.2034103870391846
1365889800.1441789,764.0243902439024,45.5,3.1889355182647705
1365889800.418318,1043.2926829268292,45.5,3.2168591022491455
1365889800.750279,1031.7073170731708,45.5,3.2229957580566406
1365889801.0759108,892.0731707317074,44.9,3.160376787185669
1365889801.3489332,935.9756097560976,45.5,3.2219669818878174
1365889801.691448,962.1951219512194,44.9,3.2044591903686523
1365889802.015976,913.4146341463415,45.5,3.162642240524292
1365889802.29055,956.0975609756097,46.0,3.1795732975006104
1365889802.582618,960.3658536585366,45.5,3.2203049659729004
1365889802.9160619,990.8536585365854,45.5,3.19887113571167
1365889803.1885529,1001.219512195122,45.5,3.1688528060913086
1365889803.468333,932.9268292682927,44.9,3.2170352935791016
1365889803.806558,943.9024390243902,45.5,3.209550380706787
1365889804.1359098,771.3414634146342,45.5,3.1674892902374268
1365889804.41029,942.0731707317073,45.5,3.203559637069702
1365889804.735944,937.8048780487804,45.5,3.273648738861084
1365889805.065921,775.0,45.5,3.1599433422088623
1365889805.345089,973.780487804878,45.5,3.2221620082855225
1365889805.674546,967.0731707317073,45.5,3.5277745723724365
1365889805.995934,766.4634146341464,45.5,3.2311058044433594
1365889806.266288,796.9512195121952,45.5,3.1969926357269287
1365889806.537364,953.0487804878048,45.5,3.2249841690063477
1365889806.8659468,1098.1707317073171,45.5,3.1745476722717285
1365889807.153265,763.4146341463414,45.5,3.163806915283203
1365889807.427408,948.170731707317,44.9,3.208763360977173
1365889807.756865,945.1219512195122,45.5,3.2178139686584473
1365889808.095669,949.390243902439,45.5,3.176525115966797
1365889808.3713322,942.0731707317073,45.5,3.2037739753723145
1365889808.6965508,962.8048780487804,44.9,3.2128357887268066
1365889809.024951,785.9756097560976,45.5,3.1543025970458984
1365889809.296604,783.5365853658537,44.9,3.18052077293396
1365889809.592829,939.0243902439024,44.9,3.202901840209961
1365889809.916351,820.1219512195122,45.5,3.216902017593384
1365889810.187936,792.0731707317074,45.5,3.173288583755493
1365889810.46737,990.2439024390244,45.5,3.212761878967285
1365889810.794733,935.3658536585366,45.5,3.213973045349121
1365889811.1243489,982.3170731707316,45.5,3.1592695713043213
1365889811.395891,940.8536585365853,45.5,3.2187914848327637
1365889811.73542,967.0731707317073,45.5,3.2113935947418213
1365889812.064822,823.170731707317,45.5,3.242710590362549
1365889812.337142,1139.6341463414635,45.5,3.2043654918670654
1365889812.6634712,946.3414634146341,45.5,3.2114224433898926
1365889812.996496,1025.0,45.5,3.2032406330108643
1365889813.267228,925.0,44.9,3.1595869064331055
1365889813.5429592,957.3170731707316,44.9,3.212660074234009
1365889813.875946,968.9024390243902,45.5,3.1685261726379395
1365889814.163746,932.9268292682927,46.0,3.1591176986694336
1365889814.435115,953.0487804878048,45.5,3.223724365234375
1365889814.7658958,954.8780487804878,46.0,3.2057576179504395
1365889815.0959418,896.3414634146342,45.5,3.15771222114563
1365889815.368245,959.1463414634146,45.5,3.206043004989624
1365889815.696604,1037.1951219512193,45.5,3.2124061584472656
1365889816.0247161,925.0,46.0,3.1574769020080566
1365889816.29841,939.0243902439024,46.5,3.18013858795166
1365889816.594549,973.170731707317,45.5,3.2093164920806885
1365889816.9205608,813.4146341463414,45.5,3.1730854511260986
1365889817.194436,825.0,45.5,3.1554532051086426
1365889817.4691179,1029.8780487804877,45.5,3.209019422531128
1365889817.792372,949.390243902439,45.5,3.2063229084014893
1365889818.120276,979.2682926829268,45.5,3.174762487411499
1365889818.3921092,1159.7560975609756,45.5,3.2050423622131348
1365889818.717834,957.3170731707316,45.5,3.2042665481567383
1365889819.043643,807.3170731707318,45.5,3.1618058681488037
1365889819.317642,1012.8048780487804,45.5,3.204648017883301
1365889819.624842,1098.7804878048782,45.5,3.2161803245544434
1365889819.954993,854.8780487804878,46.5,3.1534295082092285
1365889820.224422,804.2682926829269,45.5,3.1525678634643555
1365889820.496279,982.3170731707316,45.5,3.2076919078826904
1365889820.825932,962.8048780487804,45.5,3.2080166339874268
1365889821.155524,868.9024390243902,45.5,3.154006242752075
1365889821.429025,945.1219512195122,45.5,3.2193262577056885
1365889821.761493,973.170731707317,45.5,3.205205202102661
1365889822.082098,876.219512195122,45.5,3.1531801223754883
1365889822.351488,885.9756097560976,45.5,3.1970176696777344
1365889822.67601,973.780487804878,45.5,3.2248778343200684
1365889823.0058901,760.3658536585366,45.5,3.1772983074188232
1365889823.27717,864.0243902439024,45.5,3.1863503456115723
1365889823.55366,960.3658536585366,45.5,3.2115166187286377
1365889823.886016,962.1951219512194,45.5,3.2077343463897705
1365889824.17393,990.2439024390244,45.5,3.2506842613220215
1365889824.445523,962.1951219512194,45.5,3.220705509185791
1365889824.785943,979.2682926829268,45.5,3.207645893096924
1365889825.115396,943.9024390243902,46.0,3.152207136154175
1365889825.387213,951.8292682926829,46.0,3.219240188598633
1365889825.7260191,957.3170731707316,45.5,3.2089245319366455
1365889826.0559309,921.3414634146342,46.0,3.1560280323028564
1365889826.329143,802.439024390244,45.5,3.181126594543457
1365889826.624286,942.0731707317073,45.5,3.2123265266418457
1365889826.9514,819.5121951219512,46.0,5.8361334800720215
1365889827.222883,899.390243902439,45.5,5.666480541229248
1365889827.496831,965.8536585365854,45.5,5.4028637409210205
1365889827.823647,951.2195121951219,45.5,5.0937535762786865
1365889828.1559381,834.1463414634146,45.5,4.767944812774658
1365889828.428374,957.3170731707316,45.5,4.501909494400024
1365889828.764235,948.170731707317,46.0,4.181619167327881
1365889829.1061592,774.390243902439,46.0,3.8491175174713135
1365889829.380345,942.0731707317073,45.5,3.583247661590576
1365889829.703222,962.1951219512194,44.9,3.272850513458252
1365889830.0359402,846.951219512195,46.0,3.16082501411438
1365889830.310952,779.2682926829268,45.5,3.17037034034729
1365889830.603132,953.0487804878048,46.0,3.204286575317383
1365889830.929906,915.2439024390244,45.5,3.1578075885772705
1365889831.202272,807.3170731707318,46.5,3.166536569595337
1365889831.473829,1092.0731707317073,46.0,3.2080047130584717
1365889831.803454,951.8292682926829,45.5,3.216610908508301
1365889832.135929,803.048780487805,45.5,3.1622867584228516
1365889832.411846,959.1463414634146,46.0,3.202653408050537
1365889832.735939,967.0731707317073,46.0,3.212273359298706
1365889833.064977,881.0975609756098,45.5,3.1586101055145264
1365889833.3405728,956.0975609756097,46.0,3.189620018005371
1365889833.651414,953.0487804878048,45.5,3.2068021297454834
1365889833.9742908,876.219512195122,46.0,3.1624577045440674
1365889834.246506,794.5121951219512,45.5,3.1554651260375977
1365889834.519851,959.1463414634146,45.5,3.203749895095825
1365889834.845796,942.0731707317073,45.5,3.2098586559295654
1365889835.171295,1012.8048780487804,45.5,3.1590774059295654
1365889835.443348,967.0731707317073,45.5,3.213076591491699
1365889835.7712069,953.0487804878048,45.5,3.208139419555664
1365889836.0972328,951.2195121951219,45.5,3.161343812942505
1365889836.370028,863.4146341463414,45.5,3.2076632976531982
1365889836.694057,943.9024390243902,46.5,3.2696545124053955
1365889837.034158,882.3170731707318,45.5,3.155669689178467
1365889837.303516,875.0,46.0,3.152597427368164
1365889837.575659,942.0731707317073,45.5,3.2206125259399414
1365889837.8978539,962.8048780487804,46.0,3.181767463684082
1365889838.1847198,828.0487804878048,46.0,3.1559128761291504
1365889838.459611,971.3414634146342,45.5,3.2135400772094727
1365889838.794515,965.2439024390244,46.5,3.2085931301116943
1365889839.1251788,1131.0975609756097,45.5,3.1559035778045654
1365889839.395072,987.8048780487804,45.5,3.2193219661712646
1365889839.723572,957.3170731707316,46.0,3.2396507263183594
1365889840.0548239,871.9512195121952,46.0,3.1553144454956055
1365889840.328744,910.3658536585366,46.0,3.180612087249756
1365889840.6241071,942.0731707317073,46.5,3.21626615524292
1365889840.9550312,943.9024390243902,46.0,3.156592845916748
1365889841.224538,871.3414634146342,45.5,3.1517255306243896
1365889841.495459,975.0,45.5,3.207610845565796
1365889841.825931,953.0487804878048,46.0,3.2053823471069336
1365889842.156008,796.3414634146342,45.5,3.152745485305786
1365889842.429374,960.9756097560976,46.0,3.213810920715332
1365889842.762337,960.3658536585366,46.0,3.220918655395508
1365889843.085408,949.390243902439,46.0,3.156243085861206
1365889843.359493,798.1707317073171,46.0,3.1882424354553223
1365889843.6640892,948.170731707317,46.5,3.213993787765503
1365889844.001952,1076.829268292683,46.0,3.159137487411499
1365889844.275895,889.0243902439024,46.5,3.155402898788452
1365889844.551163,984.1463414634146,45.5,3.2033841609954834
1365889844.876526,935.3658536585366,46.0,3.3059277534484863
1365889845.1910222,937.8048780487804,46.5,3.1540255546569824
1365889845.4643998,940.8536585365853,45.5,3.2059357166290283
1365889845.792654,962.8048780487804,45.5,3.204455614089966
1365889846.116519,934.1463414634147,46.5,3.1583786010742188
1365889846.3896031,959.1463414634146,45.5,3.211534023284912
1365889846.7226849,979.8780487804878,45.5,3.21364426612854
1365889847.055926,828.0487804878048,46.5,3.154435634613037
1365889847.3295429,967.0731707317073,46.0,3.1634297370910645
1365889847.614145,956.0975609756097,45.5,3.207642078399658
1365889847.9440079,904.8780487804878,46.5,3.1522862911224365
1365889848.2156649,950.0,46.0,3.157635450363159
1365889848.49221,1233.5365853658539,45.5,3.2126357555389404
1365889848.8233228,982.3170731707316,46.0,3.214113712310791
1365889849.147834,1054.2682926829268,46.0,3.1707139015197754
1365889849.423341,959.1463414634146,46.0,3.2150232791900635
1365889849.747968,954.8780487804878,45.5,3.210092067718506
1365889850.075914,909.1463414634146,46.5,3.158935308456421
1365889850.350152,809.1463414634147,45.5,3.1786723136901855
1365889850.643637,957.3170731707316,46.0,3.2140700817108154
1365889850.976012,778.048780487805,46.5,3.1594016551971436
1365889851.245683,834.1463414634146,46.0,3.1548142433166504
1365889851.519797,1208.5365853658536,45.5,3.2094695568084717
1365889851.845946,962.1951219512194,46.0,3.2102158069610596
1365889852.178356,887.1951219512196,45.5,3.152463436126709
1365889852.450711,935.3658536585366,46.5,3.2033841609954834
1365889852.77569,984.1463414634146,46.5,3.249033212661743
1365889853.11375,875.0,46.0,3.155210256576538
1365889853.386912,828.0487804878048,46.5,3.210674285888672
1365889853.715934,968.9024390243902,45.5,3.2091257572174072
1365889854.045971,832.3170731707316,46.0,3.1581952571868896
1365889854.3231921,807.9268292682927,46.5,3.1938788890838623
1365889854.598203,946.3414634146341,45.5,3.2109124660491943
1365889854.9334242,932.3170731707318,46.5,3.212980270385742
1365889855.20984,804.2682926829269,46.5,3.1576273441314697
1365889855.483024,940.8536585365853,46.5,3.2080535888671875
1365889855.813051,943.9024390243902,46.5,3.2214910984039307
1365889856.145926,935.9756097560976,45.5,3.1558446884155273
1365889856.421647,926.829268292683,45.5,3.2060396671295166
1365889856.7524538,940.2439024390243,46.0,3.211378335952759
1365889857.079534,790.2439024390244,45.5,3.155160665512085
1365889857.354741,937.1951219512194,46.5,3.183881998062134
1365889857.6522582,954.8780487804878,46.5,3.2093756198883057
1365889857.9852211,937.8048780487804,46.5,3.1533491611480713
1365889858.257727,863.4146341463414,45.5,3.1576902866363525
1365889858.535831,940.2439024390243,46.5,3.2118895053863525
1365889858.8643,945.1219512195122,46.5,3.2148568630218506
1365889859.195916,796.3414634146342,46.5,3.1740448474884033
1365889859.469174,940.2439024390243,46.5,3.2209463119506836
1365889859.794821,964.0243902439024,45.5,3.2483091354370117
1365889860.133522,1242.0731707317075,46.0,3.16172194480896
1365889860.415133,954.2682926829268,45.5,3.2097535133361816
1365889860.746567,968.2926829268292,46.5,3.249444007873535
1365889861.075916,928.048780487805,46.5,3.1583216190338135
1365889861.3528519,950.0,46.5,3.181314468383789
1365889861.645806,1000.0,46.5,3.211599349975586
1365889861.972804,829.2682926829268,46.0,3.1573123931884766
1365889862.243659,820.1219512195122,46.5,3.163489580154419
1365889862.517995,973.170731707317,45.5,3.219712972640991
1365889862.854155,957.3170731707316,46.5,3.2114217281341553
1365889863.186728,976.8292682926829,45.5,3.1563689708709717
1365889863.462754,996.3414634146342,46.5,3.21086049079895
1365889863.7958038,946.951219512195,46.5,3.2091755867004395
1365889864.114879,1712.1951219512196,46.5,3.1549155712127686
1365889864.388948,770.1219512195122,45.5,3.1904683113098145
1365889864.702045,942.0731707317073,46.5,3.204864978790283
1365889865.0296462,951.8292682926829,46.5,3.1542437076568604
1365889865.302177,967.0731707317073,46.5,3.226783037185669
1365889865.575088,973.780487804878,46.5,3.26950740814209
1365889865.893402,1161.5853658536585,46.5,3.252305746078491
1365889866.2012281,915.2439024390244,46.5,3.195204019546509
1365889866.4725199,957.9268292682926,46.5,3.2151808738708496
1365889866.804492,973.170731707317,46.5,3.206773281097412
1365889867.135135,914.0243902439024,45.5,3.1620707511901855
1365889867.415122,1015.2439024390243,46.0,3.2169010639190674
1365889867.7565901,971.3414634146342,46.5,3.2132091522216797
1365889868.084733,890.8536585365854,46.5,3.1521663665771484
1365889868.356875,840.2439024390244,46.0,3.170882225036621
1365889868.6499012,967.0731707317073,46.5,3.2093093395233154
1365889868.97597,906.0975609756098,46.5,3.153454542160034
1365889869.2480671,843.9024390243902,46.5,3.162346124649048
1365889869.5203872,964.0243902439024,46.5,3.205096960067749
1365889869.851024,951.2195121951219,46.5,3.2323758602142334
1365889870.166164,1092.0731707317073,46.5,3.1577930450439453
1365889870.443763,965.2439024390244,46.0,3.212883710861206
1365889870.785967,943.9024390243902,46.5,3.2140119075775146
1365889871.104214,848.170731707317,47.1,3.1510748863220215
1365889871.3757389,965.8536585365854,46.5,3.1935698986053467
1365889871.684144,965.2439024390244,46.5,3.209012031555176
1365889872.0157042,946.3414634146341,46.5,3.1531624794006348
1365889872.289341,928.048780487805,46.5,3.155240297317505
1365889872.563759,971.951219512195,46.0,3.2166035175323486
1365889872.895079,942.0731707317073,46.5,3.2041468620300293
1365889873.215971,906.0975609756098,46.0,3.221867084503174
1365889873.488369,946.3414634146341,46.0,3.210108995437622
1365889873.820992,962.8048780487804,46.5,3.2051644325256348
1365889874.153876,884.1463414634146,46.5,3.1589181423187256
1365889874.4259598,967.0731707317073,46.5,3.213649272918701
1365889874.756793,954.2682926829268,46.5,3.204643487930298
1365889875.08086,779.2682926829268,46.5,3.156743288040161
1365889875.3541062,921.3414634146342,46.5,3.1675939559936523
1365889875.638607,946.951219512195,46.0,3.2165417671203613
1365889875.975905,940.8536585365853,46.5,3.1587157249450684
1365889876.24853,950.0,46.5,3.1564674377441406
1365889876.519048,959.1463414634146,46.5,3.2819020748138428
1365889876.845933,1023.7804878048779,46.5,3.267976760864258
1365889877.18468,962.1951219512194,46.5,3.1574108600616455
1365889877.45882,954.8780487804878,45.5,3.2058308124542236
1365889877.784001,953.0487804878048,46.5,3.2149760723114014
1365889878.107376,942.0731707317073,46.5,3.1548006534576416
1365889878.3826602,827.4390243902438,46.5,3.186424493789673
1365889878.685473,960.3658536585366,46.0,3.219078302383423
1365889879.0147688,926.219512195122,46.5,3.153550148010254
1365889879.285779,781.0975609756098,45.5,3.1541223526000977
1365889879.560003,1250.0,46.5,3.20985746383667
1365889879.886177,954.2682926829268,46.0,3.2394371032714844
1365889880.214844,854.8780487804878,46.5,3.15864896774292
1365889880.487544,945.1219512195122,46.5,3.209272861480713
1365889880.8137012,946.951219512195,46.5,3.2016212940216064
1365889881.138298,1098.1707317073171,46.5,3.1552300453186035
1365889881.413482,943.9024390243902,46.5,3.20275616645813
1365889881.7324831,950.0,46.5,3.205498218536377
1365889882.0559812,854.8780487804878,46.5,3.1562230587005615
1365889882.3315918,920.1219512195122,46.5,3.1615242958068848
1365889882.607451,1021.9512195121952,46.5,3.209881067276001
1365889882.934201,1059.1463414634145,46.5,3.1998558044433594
1365889883.232636,890.8536585365854,46.5,3.1557984352111816
1365889883.506764,950.0,46.5,3.208251476287842
1365889883.8359838,943.9024390243902,45.5,3.2118873596191406
1365889884.164424,951.2195121951219,46.5,3.1576988697052
1365889884.438878,950.0,46.5,3.207838296890259
1365889884.7694662,962.8048780487804,46.5,3.199361562728882
1365889885.0912871,951.8292682926829,46.5,3.158329963684082
1365889885.3608909,874.390243902439,46.0,3.165062189102173
1365889885.6367629,942.0731707317073,46.5,3.2112176418304443
1365889885.965927,840.2439024390244,46.5,3.351151466369629
1365889886.234781,1253.658536585366,46.5,3.161210060119629
1365889886.514786,1043.2926829268292,46.5,3.2157785892486572
1365889886.844595,942.0731707317073,46.5,3.206547975540161
1365889887.17592,783.5365853658537,46.5,3.1890783309936523
1365889887.445749,954.8780487804878,45.5,3.2574007511138916
1365889887.7859552,960.9756097560976,46.5,3.20363712310791
1365889888.1121018,830.4878048780488,46.0,3.154257297515869
1365889888.386836,876.219512195122,47.1,3.181422472000122
1365889888.6859362,943.9024390243902,46.5,3.208465576171875
1365889889.0174232,921.9512195121952,46.5,3.1584525108337402
1365889889.2897038,937.1951219512194,46.0,3.15199613571167
1365889889.562021,960.3658536585366,46.5,3.2023351192474365
1365889889.884641,954.2682926829268,46.5,3.2027225494384766
1365889890.209332,765.2439024390244,46.5,3.1546192169189453
1365889890.482058,956.0975609756097,46.5,3.2226223945617676
1365889890.8040261,962.1951219512194,46.5,3.215386390686035
1365889891.1332748,954.2682926829268,46.5,3.15216064453125
1365889891.405961,953.0487804878048,46.5,3.1826279163360596
1365889891.711997,954.2682926829268,46.5,3.207632303237915
1365889892.0422258,813.4146341463414,46.5,3.1548032760620117
1365889892.312143,926.219512195122,46.5,3.1599624156951904
1365889892.5840378,965.2439024390244,45.5,3.215153694152832
1365889892.9142458,964.0243902439024,46.5,3.2044119834899902
1365889893.235471,834.1463414634146,46.5,3.1548123359680176
1365889893.509017,946.3414634146341,46.5,3.219522714614868
1365889893.844349,935.3658536585366,46.5,3.2104105949401855
1365889894.175925,764.0243902439024,47.1,3.1575570106506348
1365889894.452965,979.8780487804878,46.5,3.2031283378601074
1365889894.77867,954.2682926829268,46.5,3.2065908908843994
1365889895.104576,830.4878048780488,46.5,3.156172752380371
1365889895.374573,937.8048780487804,46.5,3.2153515815734863
1365889895.665927,960.3658536585366,46.5,3.2127091884613037
1365889895.99481,793.2926829268293,46.5,3.188748836517334
1365889896.26609,940.2439024390243,46.5,3.1571686267852783
1365889896.5369081,1079.2682926829268,46.5,3.2128102779388428
1365889896.869514,960.9756097560976,46.0,3.2120466232299805
1365889897.204452,898.1707317073171,46.5,3.152439594268799
1365889897.477592,967.0731707317073,46.5,3.209249973297119
1365889897.806027,962.8048780487804,46.5,3.207108736038208
1365889898.135995,873.170731707317,46.0,3.159294605255127
1365889898.409429,957.3170731707316,46.5,3.1808767318725586
1365889898.705995,971.951219512195,46.0,3.213489532470703
1365889899.035924,1006.0975609756098,46.5,3.1761374473571777
1365889899.306485,785.3658536585366,46.5,3.157773017883301
1365889899.582593,946.3414634146341,46.5,3.2013661861419678
1365889899.9065511,973.170731707317,46.0,3.217914342880249
1365889900.235919,962.1951219512194,46.5,3.1611580848693848
1365889900.507305,945.1219512195122,46.5,3.213785171508789
1365889900.836152,959.1463414634146,46.5,3.210686206817627
1365889901.1577358,805.4878048780488,46.5,3.15299654006958
1365889901.429831,976.219512195122,46.5,3.2729687690734863
1365889901.7559621,1101.219512195122,46.5,3.205068826675415
1365889902.083332,803.048780487805,45.5,3.1499879360198975
1365889902.3537889,813.4146341463414,46.5,3.156473398208618
1365889902.62672,968.2926829268292,46.5,3.210069179534912
1365889902.951754,954.8780487804878,46.5,3.177311897277832
1365889903.249007,956.0975609756097,46.5,3.157653331756592
1365889903.5211048,940.2439024390243,46.5,3.200026750564575
1365889903.8379571,968.9024390243902,46.5,3.203756093978882
1365889904.16595,1093.9024390243903,46.5,3.154984712600708
1365889904.4406898,962.1951219512194,46.5,3.1975293159484863
1365889904.76116,1046.9512195121952,46.5,3.208367109298706
1365889905.088732,816.4634146341463,47.6,3.1530590057373047
1365889905.360399,774.390243902439,46.5,3.153062582015991
1365889905.633426,942.0731707317073,46.5,3.2009880542755127
1365889905.956217,957.3170731707316,46.5,3.192237615585327
1365889906.25941,867.0731707317074,46.5,3.1596853733062744
1365889906.532455,948.170731707317,46.5,3.2051217555999756
1365889906.854224,953.0487804878048,46.5,3.210663080215454
1365889907.1880488,780.4878048780488,46.5,3.151998996734619
1365889907.465177,1023.7804878048779,46.5,3.1995813846588135
1365889907.787883,959.1463414634146,47.1,3.2113800048828125
1365889908.114652,773.1707317073171,46.5,3.1644113063812256
1365889908.3844428,900.0,46.5,3.1633472442626953
1365889908.666821,943.2926829268292,46.5,3.252533197402954
1365889908.995892,909.1463414634146,47.1,3.1628475189208984
1365889909.2714229,917.0731707317074,47.1,3.1584537029266357
1365889909.543419,937.1951219512194,46.5,3.20522141456604
1365889909.875937,942.0731707317073,47.1,3.271329641342163
1365889910.195968,985.9756097560976,46.5,3.208789825439453
1365889910.470558,953.0487804878048,46.5,3.2078349590301514
1365889910.795927,970.1219512195122,46.0,3.2088277339935303
1365889911.121142,821.3414634146341,46.5,3.1583378314971924
1365889911.396279,821.3414634146341,46.5,3.166515588760376
1365889911.6852548,954.2682926829268,46.5,3.212458372116089
1365889912.015917,851.219512195122,46.5,3.152869701385498
1365889912.2889018,957.3170731707316,46.5,3.154973268508911
1365889912.5630689,968.9024390243902,47.1,3.201899766921997
1365889912.880363,935.9756097560976,46.5,3.207814931869507
1365889913.205954,946.951219512195,46.5,3.152754068374634
1365889913.478076,967.0731707317073,46.5,3.2233684062957764
1365889913.814178,953.0487804878048,46.5,3.2055325508117676
1365889914.140844,809.1463414634147,46.5,3.1641297340393066
1365889914.416318,874.390243902439,46.5,3.1859261989593506
1365889914.7230332,973.170731707317,47.1,3.2353906631469727
1365889915.0754979,953.0487804878048,46.5,3.178054094314575
1365889915.34757,765.2439024390244,46.5,3.157240390777588
1365889915.62355,973.780487804878,46.5,3.2005207538604736
1365889915.94463,957.3170731707316,47.1,3.199575185775757
1365889916.2632298,910.3658536585366,46.5,3.1549720764160156
1365889916.5361762,960.3658536585366,46.5,3.239495277404785
1365889916.874013,954.2682926829268,46.5,3.21223521232605
1365889917.208632,778.048780487805,46.5,3.1620545387268066
1365889917.482093,954.8780487804878,47.6,3.210538864135742
1365889917.8144488,965.8536585365854,46.5,3.2137293815612793
1365889918.144313,921.9512195121952,46.5,3.154782295227051
1365889918.4197,837.1951219512194,46.5,3.2441420555114746
1365889918.72595,1034.7560975609756,46.5,3.2129693031311035
1365889919.058134,904.2682926829268,46.5,3.1538302898406982
1365889919.3323112,877.439024390244,46.5,3.1722264289855957
1365889919.607096,971.951219512195,46.5,3.2131805419921875
1365889919.9447649,1015.8536585365854,47.1,3.2100441455841064
1365889920.262374,810.9756097560976,46.5,3.1577210426330566
1365889920.534233,960.3658536585366,46.5,3.2124226093292236
1365889920.865951,953.0487804878048,46.5,3.215818405151367
1365889921.2060642,951.2195121951219,46.5,3.1538779735565186
1365889921.479639,967.0731707317073,46.5,3.2013161182403564
1365889921.803326,960.9756097560976,46.5,3.207202672958374
1365889922.1278348,1421.3414634146343,46.5,3.1548233032226562
1365889922.403313,939.0243902439024,47.1,3.1650824546813965
1365889922.686917,1580.4878048780488,46.5,3.206094980239868
1365889923.0124989,816.4634146341463,46.5,3.1913540363311768
1365889923.282457,1577.439024390244,46.5,3.157280206680298
1365889923.557364,954.2682926829268,47.1,3.21870493888855
1365889923.885951,959.1463414634146,46.5,3.209061861038208
1365889924.212597,940.8536585365853,47.1,3.150465965270996
1365889924.484142,962.8048780487804,46.5,3.2102465629577637
1365889924.817325,968.2926829268292,46.5,3.2119011878967285
1365889925.1441898,857.9268292682926,46.5,3.172315835952759
1365889925.4143841,793.2926829268293,46.5,3.45418119430542
1365889925.705933,956.0975609756097,46.5,3.2485740184783936
1365889926.0459409,795.1219512195122,46.5,3.18591570854187
1365889926.318902,848.170731707317,46.5,3.1550402641296387
1365889926.5894248,957.3170731707316,46.5,3.2246391773223877
1365889926.915937,967.0731707317073,47.1,3.2140402793884277
1365889927.255921,843.9024390243902,46.5,3.1547560691833496
1365889927.530866,950.0,46.5,3.2054996490478516
1365889927.854134,1081.7073170731708,47.1,3.2081832885742188
1365889928.1843011,951.2195121951219,47.1,3.155135154724121
1365889928.455054,954.2682926829268,46.5,3.1958889961242676
1365889928.773514,971.951219512195,46.5,3.2048263549804688
1365889929.1015491,950.0,47.1,3.1543984413146973
1365889929.371391,996.3414634146342,47.1,3.154475688934326
1365889929.642045,971.951219512195,46.5,3.2041637897491455
1365889929.961511,1741.4634146341464,46.5,3.1952052116394043
1365889930.2746172,1051.8292682926829,47.1,3.1572601795196533
1365889930.5467288,957.3170731707316,47.1,3.219794273376465
1365889930.8842041,965.8536585365854,47.1,3.2089855670928955
1365889931.215323,1023.7804878048779,47.1,3.158811569213867
1365889931.489915,949.390243902439,46.5,3.206650495529175
1365889931.8159418,946.951219512195,46.5,3.215388298034668
1365889932.146144,816.4634146341463,47.1,3.326927423477173
1365889932.4169421,791.4634146341464,47.1,3.2004165649414062
1365889932.716578,948.170731707317,46.5,3.2155563831329346
1365889933.04657,945.1219512195122,46.5,3.1538426876068115
1365889933.321684,1081.7073170731708,46.5,3.1574819087982178
1365889933.591489,970.1219512195122,46.5,3.193108320236206
1365889933.9105742,945.1219512195122,46.5,3.203643798828125
1365889934.235925,804.2682926829269,46.5,3.1514198780059814
1365889934.508061,960.9756097560976,46.5,3.205488443374634
1365889934.834635,959.1463414634146,47.1,3.2083685398101807
1365889935.157989,835.3658536585366,47.1,3.180729389190674
1365889935.431387,946.3414634146341,46.5,3.1813364028930664
1365889935.735749,942.0731707317073,46.5,3.2530808448791504
1365889936.059904,921.3414634146342,47.1,3.1541435718536377
1365889936.332334,942.0731707317073,46.5,3.167257308959961
1365889936.604029,959.1463414634146,46.5,3.2620484828948975
1365889936.935949,954.8780487804878,46.5,3.2070329189300537
1365889937.264139,935.9756097560976,47.6,3.153989791870117
1365889937.535081,982.3170731707316,47.1,3.213402271270752
1365889937.865549,945.1219512195122,47.1,3.2090256214141846
1365889938.1933188,960.3658536585366,46.5,3.1603853702545166
1365889938.46641,776.219512195122,46.5,3.2582428455352783
1365889938.7959301,965.8536585365854,47.1,3.207415819168091
1365889939.126092,835.3658536585366,46.5,3.2077584266662598
1365889939.397218,856.0975609756098,46.5,3.159040689468384
1365889939.672041,935.3658536585366,47.1,3.2007875442504883
1365889939.9959161,1787.1951219512193,47.1,3.2273623943328857
1365889940.277065,873.170731707317,47.1,3.1586575508117676
1365889940.556396,995.1219512195122,46.5,3.216463327407837
1365889940.8843231,951.8292682926829,47.1,3.2015459537506104
1365889941.2090151,777.439024390244,47.1,3.2287964820861816
1365889941.4951959,962.1951219512194,47.1,3.201092481613159
1365889941.814191,1043.2926829268292,47.1,3.2148680686950684
1365889942.14416,1559.7560975609756,47.1,3.1989939212799072
1365889942.417942,774.390243902439,46.5,3.1730270385742188
1365889942.705935,959.1463414634146,46.5,3.2077674865722656
1365889943.027623,1530.4878048780488,46.5,3.1516685485839844
1365889943.2973099,767.0731707317074,46.5,3.151263475418091
1365889943.569767,975.0,46.5,3.216801643371582
1365889943.904164,939.0243902439024,46.5,3.2096240520477295
1365889944.227861,926.829268292683,46.5,3.1643776893615723
1365889944.50179,962.1951219512194,47.1,3.216081142425537
1365889944.834775,962.8048780487804,47.1,3.207298517227173
1365889945.158307,1026.8292682926829,46.5,3.1961617469787598
1365889945.428981,827.4390243902438,46.5,3.182607889175415
1365889945.724541,968.2926829268292,47.1,3.211416244506836
1365889946.054095,915.8536585365854,47.1,3.1621224880218506
1365889946.329055,950.0,46.5,3.1553590297698975
1365889946.598902,967.0731707317073,46.5,3.2070047855377197
1365889946.927692,953.0487804878048,46.5,3.2185354232788086
1365889947.2645602,1253.658536585366,47.1,3.156489849090576
1365889947.535806,943.2926829268292,46.5,3.2105722427368164
1365889947.864177,953.0487804878048,47.1,3.2128639221191406
1365889948.19593,802.439024390244,47.1,3.1676883697509766
1365889948.469155,959.1463414634146,47.1,3.1923069953918457
1365889948.783566,978.0487804878048,47.1,3.2179465293884277
1365889949.114201,868.9024390243902,46.5,3.1543519496917725
1365889949.38358,755.4878048780488,47.1,3.1539406776428223
1365889949.658808,957.3170731707316,47.1,3.204512357711792
1365889949.986287,1192.6829268292684,46.5,3.192209243774414
1365889950.293975,813.4146341463414,47.1,3.173978328704834
1365889950.5636091,982.9268292682926,46.5,3.276215076446533
1365889950.8959749,951.2195121951219,47.1,3.2058520317077637
1365889951.225622,956.0975609756097,47.1,3.1578896045684814
1365889951.498634,967.0731707317073,47.1,3.201724052429199
1365889951.825105,957.3170731707316,46.5,3.2404625415802
1365889952.156233,767.0731707317074,46.5,3.1546993255615234
1365889952.4298172,779.2682926829268,46.5,3.192915916442871
1365889952.714624,1017.0731707317074,47.1,3.210247755050659
1365889953.044203,882.9268292682926,46.5,3.155097007751465
1365889953.318202,904.2682926829268,47.1,3.154533624649048
1365889953.587887,953.0487804878048,47.1,3.2148876190185547
1365889953.919661,953.0487804878048,47.1,3.211186647415161
1365889954.255897,945.1219512195122,47.1,3.1561381816864014
1365889954.525572,968.2926829268292,47.1,3.2256202697753906
1365889954.865963,960.9756097560976,47.1,3.2056119441986084
1365889955.1957052,929.8780487804878,47.1,3.198401927947998
1365889955.46971,804.2682926829269,46.5,3.1860220432281494
1365889955.7791018,968.9024390243902,47.1,3.216409921646118
1365889956.115943,926.829268292683,47.1,3.15151309967041
1365889956.3877819,801.219512195122,46.5,3.156006097793579
1365889956.6623528,962.1951219512194,46.5,3.214287519454956
1365889956.985943,978.0487804878048,47.1,3.1919519901275635
1365889957.297222,831.0975609756097,46.5,3.1552391052246094
1365889957.566698,968.9024390243902,46.5,3.218906879425049
1365889957.905941,962.8048780487804,47.1,3.2013602256774902
1365889958.232152,953.0487804878048,47.1,3.172633409500122
1365889958.507904,937.8048780487804,46.5,3.2022523880004883
1365889958.832214,970.1219512195122,47.1,3.209818124771118
1365889959.166521,949.390243902439,47.1,3.2366533279418945
1365889959.438549,871.3414634146342,46.5,3.1747236251831055
1365889959.737081,967.0731707317073,47.1,3.352468490600586
1365889960.0659149,831.0975609756097,47.1,3.1939537525177
1365889960.339075,924.3902439024391,47.1,3.159843683242798
1365889960.6135948,954.8780487804878,46.5,3.2129597663879395
1365889960.944173,960.3658536585366,47.1,3.2360172271728516
1365889961.274763,790.2439024390244,47.1,3.1501529216766357
1365889961.546775,1159.7560975609756,46.5,3.2097034454345703
1365889961.874885,957.9268292682926,47.6,3.204580068588257
1365889962.197794,950.0,47.1,3.1587681770324707
1365889962.4709382,779.2682926829268,47.1,3.1969385147094727
1365889962.786921,1139.6341463414635,46.5,3.2055795192718506
1365889963.11071,901.219512195122,46.5,3.1594886779785156
1365889963.3841212,951.8292682926829,47.6,3.152339458465576
1365889963.657946,953.0487804878048,46.5,3.201565980911255
1365889963.983086,971.3414634146342,46.5,3.210700035095215
1365889964.2922509,834.1463414634146,47.1,3.1493191719055176
1365889964.563457,967.0731707317073,47.1,3.209963798522949
1365889964.8949802,954.8780487804878,47.1,3.211212635040283
1365889965.2247522,904.8780487804878,46.5,3.1514432430267334
1365889965.4972749,1101.8292682926829,46.5,3.220081329345703
1365889965.825942,962.8048780487804,47.1,3.2103142738342285
1365889966.154135,774.390243902439,47.1,3.1529226303100586
1365889966.428184,900.0,46.5,3.17254638671875
1365889966.716822,960.3658536585366,47.1,3.2030861377716064
1365889967.0438242,940.8536585365853,47.1,3.150649309158325
1365889967.3155682,837.1951219512194,47.1,3.1526496410369873
1365889967.5896,971.951219512195,47.1,3.209716320037842
1365889967.914268,1025.0,47.1,3.2026538848876953
1365889968.237818,932.9268292682927,46.5,3.150150775909424
1365889968.5091,1106.7073170731708,47.1,3.201573133468628
1365889968.8347871,937.8048780487804,47.1,3.219330072402954
1365889969.160799,805.4878048780488,46.5,3.1523075103759766
1365889969.4340842,809.1463414634147,46.5,3.1898622512817383
1365889969.726578,954.8780487804878,47.1,3.226308584213257
1365889970.064223,948.170731707317,47.1,3.153209686279297
1365889970.337825,931.0975609756098,46.5,3.152360677719116
1365889970.612084,973.170731707317,47.1,3.202112913131714
1365889970.939122,932.3170731707318,47.1,3.2323050498962402
1365889971.265923,917.0731707317074,47.6,3.179013252258301
1365889971.539509,954.8780487804878,47.1,3.210686683654785
1365889971.8740811,971.951219512195,47.1,3.2045207023620605
1365889972.194151,885.9756097560976,46.5,3.1593265533447266
1365889972.468449,935.3658536585366,46.5,3.195072650909424
1365889972.776024,968.9024390243902,46.5,3.2097668647766113
1365889973.1041942,901.219512195122,47.1,3.15596866607666
1365889973.375705,957.3170731707316,46.5,3.1626434326171875
1365889973.647506,973.780487804878,47.1,3.2205028533935547
1365889973.9746602,935.9756097560976,47.1,3.2136754989624023
1365889974.305834,890.2439024390244,47.1,3.161158323287964
1365889974.57916,957.9268292682926,47.1,3.2157716751098633
1365889974.909035,937.1951219512194,46.5,3.2073259353637695
1365889975.2345788,853.0487804878048,47.1,3.1566035747528076
1365889975.5046568,879.2682926829268,47.1,3.205698251724243
1365889975.835095,971.951219512195,47.1,3.2116551399230957
1365889976.164997,789.0243902439024,47.1,3.159273147583008
1365889976.435712,1154.8780487804877,47.1,3.197807788848877
1365889976.7163541,965.2439024390244,47.1,3.2255427837371826
1365889977.055903,906.0975609756098,47.6,3.166184186935425
1365889977.3277829,968.2926829268292,47.6,3.150787591934204
1365889977.60038,951.2195121951219,47.6,3.215996026992798
1365889977.928187,957.9268292682926,47.1,3.21199631690979
1365889978.26394,866.4634146341464,47.1,3.1498477458953857
1365889978.5357702,970.1219512195122,46.5,3.207627773284912
1365889978.86203,954.8780487804878,46.5,3.198180675506592
1365889979.18662,762.1951219512196,47.1,3.1547961235046387
1365889979.461571,810.9756097560976,47.6,3.1696090698242188
1365889979.755935,954.2682926829268,47.1,3.2030558586120605
1365889980.083133,987.8048780487804,47.6,3.161174774169922
1365889980.3542342,1173.780487804878,47.1,3.154494047164917
1365889980.6285582,987.1951219512194,47.1,3.212329387664795
1365889980.966131,948.170731707317,47.6,3.2005133628845215
1365889981.2907891,993.9024390243902,46.5,3.2025539875030518
1365889981.5621939,970.1219512195122,47.1,3.1994574069976807
1365889981.879565,968.9024390243902,47.1,3.196751356124878
1365889982.1943412,841.4634146341463,46.5,3.1520426273345947
1365889982.468315,924.3902439024391,47.1,3.251495122909546
1365889982.764102,946.3414634146341,47.6,3.2111566066741943
1365889983.092523,921.3414634146342,47.1,3.1514487266540527
1365889983.3654861,768.2926829268292,46.5,3.156991720199585
1365889983.6404638,965.8536585365854,47.1,3.202521800994873
1365889983.966604,951.2195121951219,46.5,3.2119555473327637
1365889984.301792,832.9268292682926,46.5,3.191751480102539
1365889984.576104,943.9024390243902,47.1,3.227964162826538
1365889984.915927,957.9268292682926,47.1,3.2057383060455322
1365889985.2494879,1096.9512195121952,47.1,3.1589434146881104
1365889985.525314,1004.8780487804878,47.1,3.3693811893463135
1365889985.847845,1001.8292682926829,47.1,3.231353759765625
1365889986.185904,868.2926829268292,47.1,3.1651859283447266
1365889986.459789,1090.2439024390244,47.1,3.164057970046997
1365889986.747666,965.2439024390244,47.1,3.2079591751098633
1365889987.079811,859.1463414634146,47.1,3.175227165222168
1365889987.350583,1053.0487804878048,47.1,3.1623647212982178
1365889987.623343,951.8292682926829,47.1,3.227172613143921
1365889987.9558668,960.3658536585366,47.1,3.205037832260132
1365889988.285067,870.1219512195122,47.1,3.154627799987793
1365889988.561583,965.2439024390244,46.5,3.20402193069458
1365889988.884296,954.8780487804878,47.1,3.206794261932373
1365889989.209968,956.0975609756097,46.5,3.1492159366607666
1365889989.4803782,960.9756097560976,47.1,3.186840772628784
1365889989.785644,957.9268292682926,46.5,3.205266237258911
1365889990.114599,1620.7317073170732,47.1,3.1563496589660645
1365889990.384953,979.2682926829268,47.1,3.175234794616699
1365889990.656419,960.9756097560976,47.1,3.217660427093506
1365889990.986177,951.8292682926829,46.5,3.2055158615112305
1365889991.3116438,1134.7560975609756,46.5,3.153879404067993
1365889991.587494,968.2926829268292,47.1,3.2398264408111572
1365889991.925954,957.3170731707316,47.6,3.2237181663513184
1365889992.2559612,853.0487804878048,46.5,3.153705358505249
1365889992.5311098,985.9756097560976,47.1,3.203892707824707
1365889992.860049,964.0243902439024,47.1,3.223292827606201
1365889993.2047832,982.9268292682926,47.1,3.17032790184021
1365889993.479276,954.8780487804878,47.6,3.184196710586548
1365889993.776012,1098.7804878048782,47.1,3.2788679599761963
1365889994.105338,984.1463414634146,47.1,3.153379201889038
1365889994.374475,873.170731707317,47.1,3.159815788269043
1365889994.648479,953.0487804878048,47.1,3.2162892818450928
1365889994.9860249,962.8048780487804,47.1,3.363442897796631
1365889995.31008,921.9512195121952,47.1,3.159759283065796
1365889995.5881238,1089.0243902439024,47.6,3.2116475105285645
1365889995.91462,940.2439024390243,47.1,3.205143690109253
1365889996.244208,882.3170731707318,47.1,3.155099868774414
1365889996.513642,874.390243902439,47.1,3.1965198516845703
1365889996.834095,967.0731707317073,47.6,3.1970179080963135
1365889997.1559548,900.0,47.1,3.1511971950531006
1365889997.428187,770.1219512195122,47.6,3.1536941528320312
1365889997.7009642,970.1219512195122,47.1,3.1988983154296875
1365889998.0221162,953.0487804878048,47.1,3.1820435523986816
1365889998.324121,953.0487804878048,47.1,3.165771722793579
1365889998.597878,943.9024390243902,46.5,3.216369867324829
1365889998.9359949,950.0,47.6,3.242173433303833
1365889999.2577438,854.8780487804878,47.6,3.1561310291290283
1365889999.5350761,965.2439024390244,47.1,3.250239133834839
1365889999.866015,937.8048780487804,47.6,3.2064220905303955
1365890000.187773,835.3658536585366,47.1,3.1618685722351074
1365890000.464067,890.2439024390244,47.1,3.229743242263794
1365890000.7659562,954.8780487804878,47.1,3.213002920150757
1365890001.100642,764.0243902439024,47.1,3.1557583808898926
1365890001.375979,950.0,47.1,3.1879632472991943
1365890001.645979,973.170731707317,47.1,3.210658311843872
1365890001.9743261,951.8292682926829,47.6,3.2063608169555664
1365890002.305922,965.2439024390244,47.1,3.1501104831695557
1365890002.5782871,946.3414634146341,47.1,3.2163279056549072
1365890002.915964,959.1463414634146,46.5,3.210937023162842
1365890003.245943,846.3414634146342,47.1,3.161243200302124
1365890003.516563,796.3414634146342,47.6,3.249821901321411
1365890003.8334742,965.2439024390244,47.1,3.5257763862609863
1365890004.166275,821.3414634146341,47.1,3.2335994243621826
1365890004.4364522,1096.9512195121952,47.1,3.1558644771575928
1365890004.713245,973.170731707317,47.1,3.206552743911743
1365890005.046626,964.0243902439024,47.1,3.1656289100646973
1365890005.334368,780.4878048780488,47.6,3.1510651111602783
1365890005.607564,951.2195121951219,47.1,3.2088265419006348
1365890005.935934,971.3414634146342,47.6,3.2028183937072754
1365890006.26308,889.0243902439024,47.1,3.1541714668273926
1365890006.5452402,957.9268292682926,46.5,3.211487054824829
1365890006.87043,1801.219512195122,47.1,3.2258450984954834
1365890007.2042801,829.2682926829268,47.6,3.151395559310913
1365890007.4767182,791.4634146341464,46.5,3.1677701473236084
1365890007.7664971,945.1219512195122,47.1,3.2082533836364746
1365890008.099815,809.1463414634147,47.6,3.1612043380737305
1365890008.374309,760.9756097560976,47.1,3.1555488109588623
1365890008.6471198,953.0487804878048,47.1,3.2079360485076904
1365890008.975917,960.9756097560976,47.1,3.214142084121704
1365890009.313055,790.2439024390244,47.1,3.1605074405670166
1365890009.585429,960.9756097560976,47.1,3.209707498550415
1365890009.914179,960.3658536585366,47.6,3.206416130065918
1365890010.2429461,1725.6097560975609,47.1,3.1567940711975098
1365890010.517931,840.2439024390244,47.1,3.1922202110290527
1365890010.834503,971.3414634146342,47.1,3.206913948059082
1365890011.165858,926.219512195122,47.6,3.1526124477386475
1365890011.440799,1189.0243902439024,47.1,3.154642343521118
1365890011.7144132,964.0243902439024,47.6,3.2063827514648438
1365890012.041504,981.0975609756098,47.6,3.241450548171997
1365890012.342763,949.390243902439,47.1,3.1535308361053467
1365890012.61583,957.3170731707316,47.1,3.2155449390411377
1365890012.956186,968.2926829268292,47.1,3.316775321960449
1365890013.295944,781.0975609756098,47.1,3.156263589859009
1365890013.570996,959.1463414634146,47.1,3.2067067623138428
1365890013.895948,943.9024390243902,47.6,3.222935676574707
1365890014.22594,1039.0243902439024,47.1,3.1565332412719727
1365890014.498083,912.1951219512196,47.1,3.177157402038574
1365890014.795923,959.1463414634146,47.1,3.2029614448547363
1365890015.123126,904.2682926829268,47.6,3.1502952575683594
1365890015.395794,881.0975609756098,47.1,3.1572415828704834
1365890015.6702468,959.1463414634146,47.6,3.2151923179626465
1365890016.005104,968.9024390243902,47.1,3.2058284282684326
1365890016.3353379,968.9024390243902,47.1,3.1590373516082764
1365890016.608775,948.170731707317,47.6,3.216768503189087
1365890016.9446762,968.2926829268292,46.5,3.2206125259399414
1365890017.275927,957.9268292682926,47.6,3.1701736450195312
1365890017.5486112,1043.9024390243903,47.1,3.209094762802124
1365890017.874377,970.1219512195122,47.1,3.2111713886260986
1365890018.2046132,918.9024390243903,47.6,3.1735284328460693
1365890018.478671,962.1951219512194,47.6,3.1824710369110107
1365890018.766012,976.219512195122,47.6,3.2811119556427
1365890019.0961862,918.9024390243903,47.6,3.1502909660339355
1365890019.367959,814.0243902439024,47.6,3.153857707977295
1365890019.6399949,973.780487804878,47.1,3.199397563934326
1365890019.954197,945.1219512195122,47.6,3.2139341831207275
1365890020.28595,865.2439024390244,46.5,3.1524698734283447
1365890020.559393,960.3658536585366,47.1,3.2069504261016846
1365890020.8846989,965.8536585365854,47.6,3.20035719871521
1365890021.204316,796.9512195121952,47.6,3.1517722606658936
1365890021.478548,971.951219512195,47.6,3.15604829788208
1365890021.755925,957.3170731707316,47.6,3.2072389125823975
1365890022.087039,821.3414634146341,47.1,3.159107208251953
1365890022.361474,835.9756097560976,47.1,3.150001049041748
1365890022.633151,1145.121951219512,46.5,3.2074410915374756
1365890022.957831,935.9756097560976,47.6,3.2062466144561768
1365890023.286762,962.8048780487804,47.1,3.1505324840545654
1365890023.559773,968.2926829268292,47.1,3.202955722808838
1365890023.884744,957.9268292682926,47.6,3.209458351135254
1365890024.207773,816.4634146341463,47.6,3.1528737545013428
1365890024.479729,951.8292682926829,47.1,3.1640267372131348
1365890024.7494211,970.1219512195122,47.1,3.197611093521118
1365890025.072566,1020.1219512195121,47.6,3.1698198318481445
1365890025.3585122,828.0487804878048,47.1,3.155231237411499
1365890025.6295848,968.9024390243902,46.5,3.1998188495635986
1365890025.955949,937.1951219512194,47.6,3.207566261291504
1365890026.283433,979.2682926829268,47.6,3.159304141998291
1365890026.557184,954.2682926829268,47.6,3.216707944869995
1365890026.885932,957.9268292682926,46.5,3.21028995513916
1365890027.2146099,951.2195121951219,47.6,3.159071445465088
1365890027.486279,932.9268292682927,47.1,3.170384645462036
1365890027.775984,943.2926829268292,47.1,3.2046573162078857
1365890028.099798,780.4878048780488,47.6,3.1716086864471436
1365890028.372391,996.9512195121952,47.1,3.155092716217041
1365890028.645878,949.390243902439,47.1,3.208418846130371
1365890028.975946,1035.9756097560976,47.6,3.2002193927764893
1365890029.300813,1120.121951219512,47.1,3.220604419708252
1365890029.5741172,979.2682926829268,47.1,3.2694337368011475
1365890029.89602,965.8536585365854,47.1,3.2081761360168457
1365890030.222409,896.9512195121952,47.1,3.154306173324585
1365890030.492018,807.3170731707318,47.1,3.173219919204712
1365890030.7789922,960.3658536585366,47.1,3.204263210296631
1365890031.1108952,957.3170731707316,47.6,3.1675446033477783
1365890031.385891,934.1463414634147,46.5,3.154900312423706
1365890031.662574,960.3658536585366,47.1,3.225484848022461
1365890032.005943,959.1463414634146,47.6,3.241072177886963
1365890032.3323898,843.2926829268292,47.1,3.155287027359009
1365890032.603959,984.7560975609756,47.6,3.211862802505493
1365890032.932208,951.8292682926829,47.1,3.203362226486206
1365890033.2542899,915.8536585365854,47.1,3.156244993209839
1365890033.5272489,962.1951219512194,47.6,3.189169406890869
1365890033.835718,950.0,47.6,3.2118747234344482
1365890034.169557,920.1219512195122,47.6,3.1569952964782715
1365890034.446304,959.1463414634146,47.1,3.153205394744873
1365890034.7216399,975.0,47.1,3.209908962249756
1365890035.0395641,951.8292682926829,47.6,3.1950154304504395
1365890035.35435,807.3170731707318,47.6,3.1594245433807373
1365890035.629558,964.0243902439024,47.6,3.219496726989746
1365890035.965944,953.0487804878048,47.1,3.2142152786254883
1365890036.288129,928.048780487805,47.1,3.151172399520874
1365890036.565096,990.8536585365854,47.1,3.2034759521484375
1365890036.893682,954.8780487804878,47.1,3.2100813388824463
1365890037.2259252,923.1707317073171,46.5,3.1570701599121094
1365890037.498527,813.4146341463414,47.1,3.196078300476074
1365890037.785318,964.0243902439024,47.6,3.208482503890991
1365890038.115965,828.0487804878048,47.6,3.154360055923462
1365890038.387371,893.9024390243902,47.1,3.1623849868774414
1365890038.662146,967.0731707317073,47.6,3.1990017890930176
1365890038.9863548,943.9024390243902,47.1,3.2300662994384766
1365890039.3143392,759.1463414634146,47.1,3.167163372039795
1365890039.586436,940.8536585365853,47.6,3.208909034729004
1365890039.916099,942.0731707317073,47.6,3.2056524753570557
1365890040.246782,1626.219512195122,47.6,3.1510040760040283
1365890040.518123,777.439024390244,47.6,3.185730457305908
1365890040.8156312,962.1951219512194,47.1,3.2249691486358643
1365890041.154171,935.9756097560976,47.6,3.220280408859253
1365890041.429672,788.4146341463415,47.6,3.1580965518951416
1365890041.7059321,943.9024390243902,47.1,3.209845542907715
1365890042.034559,959.1463414634146,47.6,3.2149040699005127
1365890042.358401,857.9268292682926,47.6,3.154935836791992
1365890042.631294,1082.9268292682927,47.1,3.213914394378662
1365890042.9658198,940.2439024390243,47.6,3.204470634460449
1365890043.295669,950.0,47.1,3.149862766265869
1365890043.5710561,1203.0487804878048,46.5,3.2087082862854004
1365890043.896648,1004.8780487804878,47.6,3.2325336933135986
1365890044.2208362,807.3170731707318,47.6,3.156665325164795
1365890044.49399,943.9024390243902,47.1,3.1560373306274414
1365890044.775371,948.170731707317,47.1,3.2083702087402344
1365890045.1059258,946.951219512195,47.6,3.152035713195801
1365890045.380298,1048.170731707317,47.6,3.2280983924865723
1365890045.6522748,950.0,47.6,3.2092349529266357
1365890045.975965,984.1463414634146,47.6,3.250364303588867
1365890046.3059268,779.2682926829268,47.6,3.152648448944092
1365890046.576077,965.2439024390244,47.1,3.2042601108551025
1365890046.906137,971.951219512195,47.1,3.2124879360198975
1365890047.237195,845.1219512195122,47.1,3.1525979042053223
1365890047.511266,957.3170731707316,47.1,3.1656250953674316
1365890047.8059561,1001.219512195122,47.6,3.2167396545410156
1365890048.135913,857.3170731707316,47.6,3.15425705909729
1365890048.411633,787.1951219512196,47.6,3.153409242630005
1365890048.6863291,973.170731707317,47.6,3.2060883045196533
1365890049.016002,945.1219512195122,47.6,3.202409505844116
1365890049.34444,774.390243902439,47.1,3.221846580505371
1365890049.615092,1134.1463414634145,46.5,3.2049615383148193
1365890049.94504,982.3170731707316,47.6,3.2010574340820312
1365890050.275967,828.0487804878048,47.6,3.1549599170684814
1365890050.550564,763.4146341463414,47.6,3.21917462348938
1365890050.875069,971.951219512195,47.1,3.2138516902923584
1365890051.204585,1056.09756097561,47.1,3.154634714126587
1365890051.480625,793.2926829268293,47.6,3.153527021408081
1365890051.754886,954.2682926829268,47.6,3.2118561267852783
1365890052.084865,960.3658536585366,47.6,3.1667513847351074
1365890052.371347,993.9024390243902,47.6,3.150585651397705
1365890052.643299,982.3170731707316,47.6,3.20809268951416
1365890052.976557,957.3170731707316,47.6,3.2064707279205322
1365890053.308059,783.5365853658537,47.6,3.154726982116699
1365890053.577474,1142.0731707317073,47.6,3.21708607673645
1365890053.906219,1065.2439024390244,47.6,3.2008163928985596
1365890054.235975,779.2682926829268,48.2,3.154409646987915
1365890054.510679,791.4634146341464,47.6,3.1926751136779785
1365890054.796649,959.1463414634146,47.1,3.2130608558654785
1365890055.134999,1028.0487804878048,47.1,3.158663749694824
1365890055.406328,775.0,47.1,3.1522228717803955
1365890055.681636,954.8780487804878,47.1,3.194382429122925
1365890056.0030131,960.9756097560976,47.6,3.204655885696411
