1365889750.392609,110.400002,2.0622506141662598
1365889750.5931296,106.400002,2.1027932167053223
1365889750.810579,110.400002,2.0349392890930176
1365889750.9936316,108.800003,2.0198662281036377
1365889751.1998944,108.800003,2.025200843811035
1365889751.3986416,106.400002,2.0312612056732178
1365889751.5959055,110.400002,2.035217046737671
1365889751.795843,108.800003,2.0315191745758057
1365889751.9929144,112.800003,2.0311951637268066
1365889752.1938353,108.800003,2.0363543033599854
1365889752.3937693,110.400002,2.028825283050537
1365889752.593984,110.400002,2.0217177867889404
1365889752.794625,110.400002,2.028604030609131
1365889752.9948432,107.200005,2.038182020187378
1365889753.1950607,110.400002,2.0324089527130127
1365889753.4035075,107.200005,2.0246737003326416
1365889753.5968251,108.800003,2.033325672149658
1365889753.7969377,112.800003,2.0330252647399902
1365889753.9969966,110.400002,2.0240769386291504
1365889754.1977282,111.200005,2.025104522705078
1365889754.4027617,110.400002,2.022658348083496
1365889754.5983849,108.800003,2.0221638679504395
1365889754.7980266,110.400002,2.0533559322357178
1365889754.9982698,111.200005,2.0532898902893066
1365889755.200635,108.800003,2.035130500793457
1365889755.3998358,112.800003,2.0284361839294434
1365889755.601163,106.400002,2.0343265533447266
1365889755.8017983,111.200005,2.0298309326171875
1365889756.0009537,110.400002,2.0364060401916504
1365889756.2022927,110.400002,2.0343399047851562
1365889756.4016387,111.200005,2.0281901359558105
1365889756.6010554,111.200005,2.0422539710998535
1365889756.801316,111.200005,2.0260603427886963
1365889757.0011992,108.800003,2.0317769050598145
1365889757.2033985,110.400002,2.0193800926208496
1365889757.4007077,111.200005,2.0345749855041504
1365889757.6015034,107.200005,2.0200443267822266
1365889757.801606,111.200005,2.0227067470550537
1365889758.0014634,110.400002,2.027567148208618
1365889758.2024686,110.400002,2.021064281463623
1365889758.4065132,110.400002,2.0272202491760254
1365889752.1847897,112.800003,2.390631675720215
1365889752.371456,110.400002,2.417041301727295
1365889752.5752268,108.800003,2.618957996368408
1365889752.7789345,110.400002,2.4176223278045654
1365889752.971679,106.400002,2.689772605895996
1365889753.1836424,111.200005,2.4796955585479736
1365889753.3773053,106.400002,2.3139774799346924
1365889753.589823,111.200005,2.314077138900757
1365889753.7715416,110.400002,2.3412182331085205
1365889753.9724543,112.800003,2.332371711730957
1365889754.1724412,108.800003,2.3613240718841553
1365889754.3731122,110.400002,2.329662322998047
1365889754.5721724,110.400002,2.308103561401367
1365889754.7772486,111.200005,2.3190314769744873
1365889754.9721045,108.800003,2.3148045539855957
1365889755.1723602,107.200005,2.3150992393493652
1365889755.372254,112.800003,2.3125600814819336
1365889755.5729516,110.400002,2.3090310096740723
1365889755.771671,106.400002,2.3104732036590576
1365889755.9724863,108.800003,2.3307178020477295
1365889756.177625,111.200005,2.3157336711883545
1365889756.37378,108.800003,2.34002423286438
1365889756.6314256,108.800003,2.334547281265259
1365889756.773005,111.200005,2.520683765411377
1365889756.9930992,110.400002,2.330254077911377
1365889757.1741292,112.800003,2.332261085510254
1365889757.37379,108.800003,2.3120570182800293
1365889757.5738657,107.200005,2.3260583877563477
1365889757.7740097,111.200005,2.317946434020996
1365889757.9743333,106.400002,2.312993288040161
1365889758.1742907,110.400002,2.3295581340789795
1365889758.374111,108.800003,2.31099271774292
1365889758.5748115,111.200005,2.3632943630218506
1365889758.7799547,108.800003,2.3417301177978516
1365889758.9832716,111.200005,2.35377836227417
1365889759.17766,108.800003,2.339956760406494
1365889759.3807874,107.200005,2.322282314300537
1365889759.5807757,111.200005,2.324592351913452
1365889759.7860925,106.400002,2.619563102722168
1365889759.9767258,107.200005,2.52994441986084
1365889760.176524,110.400002,2.343517541885376
1365889760.3841708,107.200005,2.332608938217163
1365889760.576851,111.200005,2.3417410850524902
1365889760.776921,110.400002,2.3272225856781006
1365889761.001507,110.400002,2.336937665939331
1365889761.1763833,108.800003,2.3517062664031982
1365889761.3831658,104.800003,2.4299416542053223
1365889761.5770476,111.200005,2.342294931411743
1365889761.7781103,104.800003,2.32842755317688
1365889761.9777255,111.200005,2.3300538063049316
1365889762.1813962,106.400002,2.4015753269195557
1365889762.3786697,111.200005,2.55257511138916
1365889762.5786803,111.200005,2.4912047386169434
1365889762.7970867,112.800003,2.432016372680664
1365889762.9797454,108.800003,2.310196876525879
1365889763.1835015,112.800003,2.332819700241089
1365889763.3815773,112.800003,2.3151392936706543
1365889763.58171,111.200005,2.5355172157287598
1365889763.783197,110.400002,2.335983991622925
1365889763.9841564,110.400002,2.3230056762695312
1365889764.1906261,111.200005,2.332777261734009
1365889764.3836458,112.800003,2.347609758377075
1365889764.585516,107.200005,2.4100635051727295
1365889764.7876813,111.200005,2.736996650695801
1365889764.9834707,108.800003,2.54732346534729
1365889765.1877768,112.800003,2.351393699645996
1365889765.3838444,110.400002,2.3255364894866943
1365889765.5871916,104.800003,2.8229830265045166
1365889765.7858202,114.400002,2.6309964656829834
1365889765.9832766,107.200005,2.4505727291107178
1365889766.1836052,129.600006,2.3596506118774414
1365889766.3835833,108.800003,2.3196980953216553
1365889766.583731,111.200005,2.3384549617767334
1365889766.8043725,108.800003,2.3533310890197754
1365889766.9852812,111.200005,2.3897616863250732
1365889767.185674,111.200005,2.3484461307525635
1365889767.3945937,107.200005,2.3186914920806885
1365889767.5847154,110.400002,2.343200922012329
1365889767.7845411,106.400002,2.396514892578125
1365889767.9882672,112.800003,2.347705841064453
1365889768.1886306,110.400002,2.344630241394043
1365889768.3858337,108.800003,2.7719767093658447
1365889768.5897014,104.800003,2.5932822227478027
1365889768.7982292,110.400002,2.3872787952423096
1365889768.9878683,115.200005,2.3321726322174072
1365889769.187989,108.800003,2.357743263244629
1365889769.388281,111.200005,2.311803102493286
1365889769.5888119,110.400002,2.407029151916504
1365889769.7939715,108.800003,2.331242084503174
1365889770.009546,110.400002,2.3387019634246826
1365889770.1879313,108.800003,2.4127063751220703
1365889770.3931696,106.400002,2.3098316192626953
1365889770.589374,112.800003,2.317675828933716
1365889770.7902462,187.199997,2.420560836791992
1365889770.9897237,110.400002,2.3601043224334717
1365889771.1894996,108.800003,2.378781795501709
1365889771.3895562,111.200005,2.3125009536743164
1365889771.589848,107.200005,2.378586530685425
1365889771.7896929,110.400002,2.341797351837158
1365889771.991848,111.200005,2.4124693870544434
1365889772.1923368,112.800003,2.3112523555755615
1365889772.3897467,108.800003,2.3131818771362305
1365889772.5909066,108.800003,2.307966470718384
1365889772.7942877,111.200005,2.3156063556671143
1365889773.0028064,110.400002,2.3371198177337646
1365889773.1915123,110.400002,2.3125154972076416
1365889773.4192939,108.800003,2.357353448867798
1365889773.610994,112.800003,2.4903924465179443
1365889773.7923505,107.200005,2.3738019466400146
1365889773.9914124,110.400002,2.333521604537964
1365889774.1918917,110.400002,2.4076614379882812
1365889774.4054546,107.200005,2.3343753814697266
1365889774.6086042,112.800003,2.382612466812134
1365889774.798152,107.200005,2.3236610889434814
1365889774.9923873,106.400002,2.3181138038635254
1365889775.1927998,107.200005,2.315138101577759
1365889775.394826,107.200005,2.3466877937316895
1365889775.5923567,110.400002,2.3172473907470703
1365889775.7956934,107.200005,2.311307668685913
1365889775.997293,111.200005,2.3340964317321777
1365889776.192136,110.400002,2.3374030590057373
1365889776.3952577,114.400002,2.3512282371520996
1365889776.5924487,110.400002,2.3228302001953125
1365889776.7934873,110.400002,2.367108106613159
1365889776.9931273,106.400002,2.4160397052764893
1365889777.2061915,110.400002,2.4250686168670654
1365889777.3952527,106.400002,2.3232553005218506
1365889777.5965056,110.400002,2.401209831237793
1365889777.7942905,106.400002,2.459550619125366
1365889777.9940665,110.400002,2.344952344894409
1365889778.194645,108.800003,2.7407968044281006
1365889778.3955564,111.200005,2.5421013832092285
1365889778.5954201,110.400002,2.3804891109466553
1365889778.7964468,108.800003,2.310511589050293
1365889778.996319,106.400002,2.3199315071105957
1365889779.2003973,110.400002,2.414336919784546
1365889779.3999877,108.800003,2.3118057250976562
1365889779.5963254,110.400002,2.3167190551757812
1365889779.810089,104.800003,2.3255832195281982
1365889779.996514,108.800003,2.314354419708252
1365889780.1968665,110.400002,2.3270363807678223
1365889780.3967235,106.400002,2.319065809249878
1365889780.6019278,114.400002,2.331077814102173
1365889780.8066936,110.400002,2.437093496322632
1365889781.0004103,108.800003,2.3997561931610107
1365889781.2008224,112.800003,2.3629648685455322
1365889781.3986583,108.800003,2.4119482040405273
1365889781.6139913,111.200005,2.3269288539886475
1365889781.7984045,164.800003,2.3162381649017334
1365889782.0135207,107.200005,2.3392398357391357
1365889782.1984386,114.400002,2.320991277694702
1365889782.4004917,106.400002,2.3182740211486816
1365889782.5998938,114.400002,2.3144311904907227
1365889782.8042593,111.200005,2.379718542098999
1365889783.0097113,106.400002,2.3419735431671143
1365889783.2021072,107.200005,2.3154196739196777
1365889783.4019248,108.800003,2.3396644592285156
1365889783.6075838,106.400002,2.3113062381744385
1365889783.8023217,110.400002,2.32454252243042
1365889784.0023723,110.400002,2.3155059814453125
1365889784.2021995,111.200005,2.3475773334503174
1365889784.4101877,108.800003,2.3498380184173584
1365889784.6049228,111.200005,2.3087334632873535
1365889784.8023565,112.800003,2.310559034347534
1365889785.0098586,110.400002,2.3199830055236816
1365889785.2028885,111.200005,2.312074899673462
1365889785.4072897,108.800003,2.311685562133789
1365889785.6274412,111.200005,2.3091959953308105
1365889785.8042488,114.400002,2.3353254795074463
1365889786.002877,111.200005,2.378969430923462
1365889786.202953,107.200005,2.337921619415283
1365889786.402826,111.200005,2.344447135925293
1365889786.603086,110.400002,2.356022834777832
1365889786.8029668,107.200005,2.310354709625244
1365889787.0031085,110.400002,2.3120059967041016
1365889787.2029424,107.200005,2.3101439476013184
1365889787.404505,110.400002,2.3173699378967285
1365889787.6100914,110.400002,2.3085155487060547
1365889787.8183062,106.400002,2.3317389488220215
1365889788.0083084,111.200005,2.309384822845459
1365889788.2239544,108.800003,2.345517635345459
1365889788.411356,107.200005,2.3467423915863037
1365889788.6040213,108.800003,2.3248143196105957
1365889788.8124487,108.800003,2.523643732070923
1365889789.034579,110.400002,2.3960375785827637
1365889789.2034123,110.400002,2.3168466091156006
1365889789.4032443,108.800003,2.3282217979431152
1365889789.6034825,111.200005,2.31424880027771
1365889789.8461986,111.200005,2.308521032333374
1365889790.0039845,110.400002,2.323753833770752
1365889790.2042332,111.200005,2.313671827316284
1365889790.4045246,108.800003,2.3191561698913574
1365889790.604043,106.400002,2.3279292583465576
1365889790.8169315,110.400002,2.339482307434082
1365889791.0044854,106.400002,2.4971516132354736
1365889791.2040985,108.800003,2.325944423675537
1365889791.4046345,111.200005,2.424928665161133
1365889791.605837,110.400002,2.3921585083007812
1365889791.8171663,110.400002,2.3318369388580322
1365889792.010392,111.200005,2.360300302505493
1365889792.2072883,110.400002,2.3192834854125977
1365889792.4387534,110.400002,2.384063720703125
1365889792.6058748,110.400002,2.3101041316986084
1365889792.8049438,106.400002,2.323734998703003
1365889793.0058892,112.800003,2.317131519317627
1365889793.2081096,110.400002,2.3118112087249756
1365889793.4048853,106.400002,2.3218159675598145
1365889793.605288,112.800003,2.3499951362609863
1365889793.8057861,104.800003,2.3111655712127686
1365889794.4059787,106.400002,2.6172711849212646
1365889794.005462,110.400002,3.0206427574157715
1365889794.6061618,111.200005,2.4218943119049072
1365889794.2059956,110.400002,2.822981595993042
1365889794.806353,108.800003,2.3252782821655273
1365889795.0121064,111.200005,2.314256429672241
1365889795.207951,110.400002,2.3112642765045166
1365889795.40815,111.200005,2.3156962394714355
1365889795.6158743,110.400002,2.319896936416626
1365889795.8083112,112.800003,2.5881283283233643
1365889796.008953,110.400002,2.389876127243042
1365889796.2161968,112.800003,2.3243536949157715
1365889796.4103606,108.800003,2.3136916160583496
1365889796.6090162,106.400002,2.315126895904541
1365889796.809181,116.800003,2.3072896003723145
1365889797.009818,107.200005,2.3597776889801025
1365889797.2097244,107.200005,2.384795904159546
1365889797.409208,110.400002,2.3165624141693115
1365889797.6092484,110.400002,2.3424785137176514
1365889797.8093827,111.200005,2.359074592590332
1365889798.0146618,108.800003,2.38026762008667
1365889798.2135928,110.400002,2.3265018463134766
1365889798.4150405,110.400002,2.308622360229492
1365889798.6108181,111.200005,2.416123390197754
1365889798.81133,110.400002,2.3693935871124268
1365889799.0111911,108.800003,2.326432704925537
1365889799.2132585,111.200005,2.3309214115142822
1365889799.4123564,110.400002,2.343442678451538
1365889799.6131735,111.200005,2.307859182357788
1365889799.8210073,106.400002,2.3875558376312256
1365889800.0186725,110.400002,2.313129425048828
1365889800.224162,108.800003,2.323596239089966
1365889800.4131873,111.200005,2.3158562183380127
1365889800.617481,106.400002,2.309258222579956
1365889800.8223042,110.400002,2.429482936859131
1365889801.0168939,111.200005,2.4374570846557617
1365889801.2164,111.200005,2.3417959213256836
1365889801.425683,110.400002,2.3608973026275635
1365889801.616841,112.800003,2.3769333362579346
1365889801.824284,108.800003,2.3291738033294678
1365889802.0165632,114.400002,2.3158318996429443
1365889802.229116,107.200005,2.3231308460235596
1365889802.418741,110.400002,2.3134982585906982
1365889802.6197472,107.200005,2.352104425430298
1365889802.816876,110.400002,2.314225435256958
1365889803.017292,111.200005,2.3140170574188232
1365889803.217773,106.400002,2.310246467590332
1365889803.4202104,114.400002,2.3125131130218506
1365889803.6174507,107.200005,2.309260606765747
1365889803.817472,111.200005,2.3182156085968018
1365889804.0180826,110.400002,2.3210296630859375
1365889804.2192469,106.400002,2.3781421184539795
1365889804.4180808,106.400002,2.324986696243286
1365889804.6193094,108.800003,2.3188862800598145
1365889804.8192928,104.800003,2.318307399749756
1365889805.0380838,111.200005,2.3717753887176514
1365889805.2233875,108.800003,2.326035976409912
1365889805.4196846,107.200005,2.3175206184387207
1365889805.6234484,110.400002,2.3115546703338623
1365889805.8194492,110.400002,2.3888609409332275
1365889806.0351248,107.200005,2.3397574424743652
1365889806.2197075,107.200005,2.643585205078125
1365889806.4211028,108.800003,2.4455184936523438
1365889806.6212497,112.800003,2.9854471683502197
1365889806.820671,107.200005,2.7887308597564697
1365889807.0207143,112.800003,2.5904040336608887
1365889807.221448,111.200005,2.5921993255615234
1365889807.422234,107.200005,2.3942413330078125
1365889807.6278133,111.200005,2.3543877601623535
1365889807.8233259,106.400002,2.313817262649536
1365889808.0249548,114.400002,2.313044786453247
1365889808.2297127,110.400002,2.547083616256714
1365889808.4547887,110.400002,2.450582265853882
1365889808.6667848,114.400002,2.3332347869873047
1365889808.822759,107.200005,2.339717149734497
1365889809.023442,111.200005,2.328106641769409
1365889809.227727,108.800003,2.3565945625305176
1365889809.4234984,110.400002,2.332413911819458
1365889809.638115,114.400002,2.312424421310425
1365889809.8243308,110.400002,2.319267749786377
1365889810.0301185,110.400002,2.3089818954467773
1365889810.2289662,106.400002,2.328366994857788
1365889810.4247444,110.400002,2.353738307952881
1365889810.6259027,156.000000,2.351196765899658
1365889810.8258257,107.200005,2.510725259780884
1365889811.0262933,112.800003,2.374067544937134
1365889811.2259862,108.800003,2.312419891357422
1365889811.4256382,111.200005,2.357344150543213
1365889811.6268263,110.400002,2.386256694793701
1365889811.82681,110.400002,2.310224771499634
1365889812.0310824,110.400002,2.312167167663574
1365889812.226815,108.800003,2.307662010192871
1365889812.430174,108.800003,2.3215341567993164
1365889812.6288679,108.800003,2.3742241859436035
1365889812.8299305,108.800003,2.589860677719116
1365889813.0290847,112.800003,2.3925487995147705
1365889813.2288334,110.400002,2.3647713661193848
1365889813.4348304,104.800003,2.334050178527832
1365889813.6306727,108.800003,2.3164095878601074
1365889813.8471947,107.200005,2.383363962173462
1365889814.0311477,108.800003,2.374569892883301
1365889814.231505,108.800003,2.3067891597747803
1365889814.4341824,110.400002,2.378990650177002
1365889814.6315947,110.400002,2.313668966293335
1365889814.8369257,108.800003,2.307677745819092
1365889815.0387144,116.800003,2.306039333343506
1365889815.2395134,449.600006,2.3683547973632812
1365889815.4365273,110.400002,2.3574225902557373
1365889815.6343415,111.200005,2.3075437545776367
1365889815.833005,111.200005,2.321338415145874
1365889818.6884978,110.400002,2.385052442550659
1365889818.6896677,111.200005,2.384989023208618
1365889818.690563,104.800003,2.384906530380249
1365889818.6914148,110.400002,2.384709358215332
1365889818.692266,110.400002,2.384437084197998
1365889818.6939483,106.400002,2.383371353149414
1365889818.6948757,107.200005,2.382969856262207
1365889818.695737,107.200005,2.3826706409454346
1365889818.696653,110.400002,2.3823189735412598
1365889818.6975155,110.400002,2.382006883621216
1365889818.698365,110.400002,2.381744384765625
1365889818.699205,112.800003,2.381422281265259
1365889818.700034,111.200005,2.38116192817688
1365889818.7008708,110.400002,2.3808810710906982
1365889818.837925,110.400002,2.3278679847717285
1365889819.0431154,110.400002,2.332913875579834
1365889819.32315,111.200005,2.3167078495025635
1365889819.4364097,108.800003,2.313154935836792
1365889819.636665,110.400002,2.312926769256592
1365889821.6460192,110.400002,2.415715456008911
1365889821.647896,111.200005,2.4148170948028564
1365889821.6491418,112.800003,2.4142773151397705
1365889821.6508179,108.800003,2.4132821559906006
1365889821.6522942,106.400002,2.4123501777648926
1365889821.6535137,107.200005,2.41162109375
1365889821.657491,107.200005,2.40811824798584
1365889821.6591117,110.400002,2.407083034515381
1365889821.6602094,110.400002,2.406778573989868
1365889821.6612308,108.800003,2.4065773487091064
1365889823.4581711,111.200005,2.3993988037109375
1365889823.4595952,111.200005,2.398958921432495
1365889823.4607685,111.200005,2.398751974105835
1365889823.4619863,107.200005,2.3984005451202393
1365889823.4632986,108.800003,2.397923231124878
1365889823.46451,110.400002,2.3974990844726562
1365889823.465672,107.200005,2.397338390350342
1365889823.4668305,107.200005,2.3970603942871094
1365889823.4679897,106.400002,2.3967113494873047
1365889823.659188,110.400002,2.4444210529327393
1365889823.865934,106.400002,2.5689303874969482
1365889824.0419173,110.400002,2.420107126235962
1365889824.2401319,108.800003,2.3851053714752197
1365889824.4392993,108.800003,2.324568271636963
1365889824.6400473,107.200005,2.3667185306549072
1365889824.8446622,111.200005,2.5794129371643066
1365889825.0423694,110.400002,2.4710261821746826
1365889825.2404718,110.400002,2.366764783859253
1365889825.4429836,110.400002,2.3361446857452393
1365889825.6403182,111.200005,2.309282064437866
1365889825.8399045,108.800003,2.3441312313079834
1365889826.0397296,110.400002,2.3125391006469727
1365889826.2542326,107.200005,2.3172366619110107
1365889826.4449785,112.800003,2.3165102005004883
1365889826.639925,111.200005,2.3200864791870117
1365889826.8435166,114.400002,2.350905418395996
1365889827.0694487,107.200005,2.348060131072998
1365889827.2481043,110.400002,2.3397722244262695
1365889827.441447,108.800003,2.3989555835723877
1365889827.8457434,108.800003,2.348557710647583
1365889827.6413577,111.200005,5.141894578933716
1365889828.0463583,107.200005,4.841847896575928
1365889828.241329,108.800003,4.662315368652344
1365889828.441967,112.800003,4.46893310546875
1365889828.6482913,107.200005,4.268083095550537
1365889828.8421695,110.400002,4.0783703327178955
1365889829.0430439,108.800003,3.8819057941436768
1365889829.251911,111.200005,3.677759885787964
1365889829.4464648,108.800003,3.4921610355377197
1365889829.6437154,106.400002,3.299851894378662
1365889829.8478453,110.400002,3.106269359588623
1365889830.0438113,110.400002,2.914377212524414
1365889830.2517877,111.200005,2.710407257080078
1365889830.4447315,110.400002,2.523530960083008
1365889830.6461418,108.800003,2.3343875408172607
1365889830.8532398,106.400002,2.3356070518493652
1365889831.0513139,108.800003,2.320209264755249
1365889831.248228,108.800003,2.3327975273132324
1365889831.4767683,110.400002,2.3424978256225586
1365889831.6461973,104.800003,2.316765308380127
1365889831.8468564,104.800003,2.3593454360961914
1365889832.0465229,112.800003,2.3236289024353027
1365889832.2456682,108.800003,2.3111016750335693
1365889832.4502378,111.200005,2.3105289936065674
1365889832.6468823,110.400002,2.3545756340026855
1365889832.8467238,115.200005,2.321241855621338
1365889833.0464528,107.200005,2.332824230194092
1365889833.246876,111.200005,2.3453431129455566
1365889833.4528983,108.800003,2.49395489692688
1365889833.6472197,111.200005,2.3968141078948975
1365889833.8477874,112.800003,2.3167223930358887
1365889836.6555533,107.200005,2.3708155155181885
1365889836.6569555,108.800003,2.3703792095184326
1365889836.658982,111.200005,2.369050979614258
1365889836.6606164,110.400002,2.3680484294891357
1365889836.6620102,111.200005,2.3673179149627686
1365889836.6647444,108.800003,2.365147829055786
1365889836.6660507,106.400002,2.3645708560943604
1365889836.6673582,107.200005,2.3640289306640625
1365889836.6687996,110.400002,2.363328695297241
1365889836.6700196,111.200005,2.363239049911499
1365889836.6713605,108.800003,2.362790584564209
1365889836.6727846,106.400002,2.362053632736206
1365889836.674215,111.200005,2.3613314628601074
1365889836.6755357,108.800003,2.360743761062622
1365889836.8521993,110.400002,2.322950601577759
1365889837.0495918,107.200005,2.321507215499878
1365889837.2494943,259.200012,2.3541362285614014
1365889837.4518619,108.800003,2.313711166381836
1365889837.650423,111.200005,2.3189547061920166
1365889837.8508286,111.200005,2.3398969173431396
1365889838.0507042,111.200005,2.312290906906128
1365889838.2503564,107.200005,2.310481548309326
1365889840.261578,112.800003,2.3316831588745117
1365889840.26236,110.400002,2.3344712257385254
1365889840.2631063,110.400002,2.33559250831604
1365889840.263754,108.800003,2.3370723724365234
1365889840.2643538,111.200005,2.338618755340576
1365889840.264951,110.400002,2.3416919708251953
1365889840.265545,111.200005,2.3441388607025146
1365889840.2661407,111.200005,2.3448145389556885
1365889840.2667315,110.400002,2.345334053039551
1365889840.2673311,106.400002,2.346085548400879
1365889840.4517922,114.400002,2.310699939727783
1365889840.6602795,107.200005,2.336317777633667
1365889840.851731,111.200005,2.3353869915008545
1365889841.0519114,110.400002,2.615946054458618
1365889841.2570782,110.400002,2.414036989212036
1365889841.4530852,112.800003,2.3135175704956055
1365889841.653802,115.200005,2.320173978805542
1365889841.8801856,108.800003,2.3490712642669678
1365889842.067665,111.200005,2.325489044189453
1365889842.2551763,110.400002,2.324554204940796
1365889842.4609644,108.800003,2.31718373298645
1365889842.6807141,110.400002,2.330263614654541
1365889842.860658,110.400002,2.316234827041626
1365889843.0639875,111.200005,2.322676658630371
1365889843.2556515,110.400002,2.3161330223083496
1365889843.455604,110.400002,2.3388924598693848
1365889843.65559,111.200005,2.329561233520508
1365889843.8638055,111.200005,2.3266658782958984
1365889844.0700881,110.400002,2.312819004058838
1365889844.2664952,120.800003,2.3077023029327393
1365889844.4640486,110.400002,2.3175852298736572
1365889844.6582782,111.200005,2.3489627838134766
1365889844.8634107,110.400002,2.315622091293335
1365889845.057176,112.800003,2.3087987899780273
1365889845.2583208,110.400002,2.330983877182007
1365889845.4654229,108.800003,2.3255224227905273
1365889845.6647072,121.599998,2.3321280479431152
1365889845.8682225,111.200005,2.317408800125122
1365889846.0597668,112.800003,2.347959518432617
1365889846.2608986,110.400002,2.3286256790161133
1365889846.4598343,110.400002,2.313354015350342
1365889846.6701708,112.800003,2.324556827545166
1365889846.8697667,108.800003,2.3360605239868164
1365889847.060614,111.200005,2.3736343383789062
1365889847.261874,111.200005,2.3555123805999756
1365889847.461292,107.200005,2.326786994934082
1365889847.661463,104.800003,2.343583583831787
1365889847.8615994,111.200005,2.324648141860962
1365889848.061871,108.800003,2.3234310150146484
1365889848.2699432,114.400002,2.3162872791290283
1365889848.4612703,107.200005,2.315925359725952
1365889848.660852,107.200005,2.345491409301758
1365889848.8606186,112.800003,2.3156707286834717
1365889849.0645628,110.400002,2.3451902866363525
1365889849.262157,115.200005,2.316436529159546
1365889849.4807515,110.400002,2.335752248764038
1365889849.6610813,108.800003,2.3571999073028564
1365889849.8622608,110.400002,2.411278247833252
1365889850.0783844,107.200005,2.3263661861419678
1365889850.2722287,112.800003,2.32302188873291
1365889850.463597,316.800018,2.3404541015625
1365889850.6673853,108.800003,2.349057197570801
1365889850.8677166,119.200005,2.3258490562438965
1365889851.0633833,111.200005,2.3160808086395264
1365889851.2667246,114.400002,2.3255743980407715
1365889851.4645576,108.800003,2.349931240081787
1365889851.6708162,112.800003,2.34328293800354
1365889851.8640733,110.400002,2.3082292079925537
1365889852.0724332,107.200005,2.3205559253692627
1365889852.2655356,121.599998,2.328498363494873
1365889852.4675643,111.200005,2.3187060356140137
1365889852.6728988,110.400002,2.3412230014801025
1365889852.9102585,112.800003,2.317462921142578
1365889853.0642874,114.400002,2.316352128982544
1365889853.2647798,104.800003,2.3297958374023438
1365889853.4750428,114.400002,2.4468488693237305
1365889853.6677153,108.800003,2.3559317588806152
1365889853.9852774,120.800003,2.313868522644043
1365889854.0678468,119.200005,2.3157405853271484
1365889854.286744,106.400002,2.317025899887085
1365889854.464922,120.800003,2.4187686443328857
1365889854.6697774,108.800003,2.562851667404175
1365889857.6899154,120.800003,2.343355655670166
1365889857.695701,110.400002,2.3508141040802
1365889857.6969252,108.800003,2.3503899574279785
1365889857.6980164,108.800003,2.3498780727386475
1365889857.6995378,110.400002,2.348942995071411
1365889857.7011638,117.599998,2.347818613052368
1365889857.7028565,121.599998,2.3466782569885254
1365889857.704348,114.400002,2.3457062244415283
1365889857.705787,110.400002,2.344738483428955
1365889857.7072124,108.800003,2.3438539505004883
1365889857.708629,108.800003,2.3429274559020996
1365889857.710143,117.599998,2.3419175148010254
1365889857.711561,114.400002,2.341207981109619
1365889857.7131338,110.400002,2.3404219150543213
1365889857.7146604,111.200005,2.3396503925323486
1365889857.8799145,110.400002,2.3194127082824707
1365889858.0805135,115.200005,2.309363842010498
1365889858.2702541,110.400002,2.323911666870117
1365889858.4771526,110.400002,2.3538897037506104
1365889858.678895,115.200005,2.364415168762207
1365889858.8857753,110.400002,2.340869188308716
1365889859.0724814,108.800003,2.30816912651062
1365889859.2709365,115.200005,2.4018750190734863
1365889859.4734836,110.400002,2.324730157852173
1365889859.6700723,106.400002,2.321011781692505
1365889859.8709972,114.400002,2.3191938400268555
1365889860.0805173,108.800003,2.666254997253418
1365889860.2724006,115.200005,2.4756369590759277
1365889860.4724262,110.400002,2.438906192779541
1365889860.6778133,108.800003,2.3200266361236572
1365889860.8724732,111.200005,2.3455114364624023
1365889861.0806656,110.400002,2.390500068664551
1365889861.2808433,111.200005,2.3319361209869385
1365889861.4726171,110.400002,2.3105857372283936
1365889861.6867955,110.400002,2.367216110229492
1365889861.8759189,106.400002,2.322373390197754
1365889862.0831454,112.800003,2.3147292137145996
1365889862.2779624,108.800003,2.372852087020874
1365889862.4754024,119.200005,2.3170464038848877
1365889862.674968,110.400002,2.3226897716522217
1365889862.8786018,107.200005,2.320312976837158
1365889863.0779006,111.200005,2.310776710510254
1365889863.2752032,108.800003,2.367556095123291
1365889863.4791434,112.800003,2.354057788848877
1365889863.6755457,108.800003,2.3236804008483887
1365889863.8812673,110.400002,2.3115885257720947
1365889864.0831277,111.200005,2.32902193069458
1365889864.2763793,112.800003,2.3154094219207764
1365889864.498482,119.200005,2.366084337234497
1365889864.6815567,106.400002,2.505730390548706
1365889864.8838906,114.400002,2.348484992980957
1365889865.0843472,108.800003,2.315908432006836
1365889865.2777152,111.200005,2.3850605487823486
1365889865.4871457,119.200005,2.3266077041625977
1365889865.6779506,107.200005,2.3962290287017822
1365889865.8839564,111.200005,2.3196732997894287
1365889866.07894,106.400002,2.3662848472595215
1365889866.2918062,111.200005,2.6456894874572754
1365889866.4878109,114.400002,2.655400276184082
1365889866.6952903,104.800003,2.452328681945801
1365889866.8861573,110.400002,2.364006996154785
1365889867.0884924,119.200005,2.3755712509155273
1365889867.2998283,107.200005,2.3149352073669434
1365889868.4930606,112.800003,2.341428279876709
1365889868.4940295,110.400002,2.3418076038360596
1365889868.4948225,108.800003,2.342377185821533
1365889868.4954476,111.200005,2.343165159225464
1365889868.4960492,110.400002,2.34395694732666
1365889868.4966419,111.200005,2.344789505004883
1365889868.6799066,110.400002,2.3199119567871094
1365889868.887098,108.800003,2.326486349105835
1365889869.0798626,111.200005,2.327317953109741
1365889869.279346,112.800003,2.31866717338562
1365889869.4787714,108.800003,2.3286311626434326
1365889869.6790717,108.800003,2.3144941329956055
1365889869.884605,108.800003,2.321788787841797
1365889870.093076,107.200005,2.3440377712249756
1365889870.2810812,106.400002,2.3108463287353516
1365889870.484919,106.400002,2.3199515342712402
1365889870.688949,110.400002,2.579230308532715
1365889870.8832116,110.400002,2.3860867023468018
1365889871.0972233,108.800003,2.322566509246826
1365889871.2839468,110.400002,2.317155122756958
1365889871.4842253,110.400002,2.3196475505828857
1365889871.6848087,108.800003,2.318415641784668
1365889871.8926117,112.800003,2.5380258560180664
1365889872.0839455,110.400002,2.347580909729004
1365889872.28354,110.400002,2.3061397075653076
1365889872.4910634,110.400002,2.3762850761413574
1365889872.6835828,111.200005,2.3228707313537598
1365889872.8862092,116.800003,2.3364527225494385
1365889873.0842953,111.200005,2.3418941497802734
1365889873.2838545,108.800003,2.3269548416137695
1365889873.4841535,111.200005,2.311208963394165
1365889873.688166,111.200005,2.342200994491577
1365889873.884528,107.200005,2.3049654960632324
1365889874.0844448,111.200005,2.474902868270874
1365889874.2907798,111.200005,2.3873939514160156
1365889874.4846294,111.200005,2.3140909671783447
1365889874.6859326,110.400002,2.308929443359375
1365889874.8867662,106.400002,2.3247644901275635
1365889875.0847924,110.400002,2.318251609802246
1365889875.284474,108.800003,2.3316586017608643
1365889875.4868536,111.200005,2.3176631927490234
1365889875.6854925,108.800003,2.3184399604797363
1365889875.8850708,106.400002,2.3136048316955566
1365889878.6972034,111.200005,2.441640615463257
1365889878.6988726,106.400002,2.440802574157715
1365889878.7004976,108.800003,2.43979811668396
1365889878.7020586,110.400002,2.438756227493286
1365889878.7036552,110.400002,2.437700033187866
1365889878.7053728,111.200005,2.4365172386169434
1365889878.707084,110.400002,2.435361862182617
1365889878.7089508,110.400002,2.4344029426574707
1365889878.7108982,106.400002,2.4330215454101562
1365889878.7128181,110.400002,2.431781768798828
1365889878.714615,110.400002,2.430607318878174
1365889878.716387,110.400002,2.4295132160186768
1365889878.718274,111.200005,2.428189516067505
1365889878.7201023,107.200005,2.4270715713500977
1365889878.8911655,108.800003,2.35760235786438
1365889879.0928812,112.800003,2.3230998516082764
1365889879.2889028,108.800003,2.364994764328003
1365889879.4979672,114.400002,2.3245115280151367
1365889879.6911056,106.400002,2.330005168914795
1365889879.889928,111.200005,2.310107946395874
1365889880.0904334,111.200005,2.3303794860839844
1365889880.2901442,107.200005,2.3225631713867188
1365889880.4904199,112.800003,2.3236935138702393
1365889880.6907284,108.800003,2.3150815963745117
1365889880.9096508,110.400002,2.389693260192871
1365889881.0906782,110.400002,2.3365020751953125
1365889881.2898386,107.200005,2.323326826095581
1365889881.489738,112.800003,2.311128854751587
1365889881.6911438,108.800003,2.3164162635803223
1365889881.8907716,110.400002,2.369457483291626
1365889882.0907826,112.800003,2.3370018005371094
1365889882.3179922,108.800003,2.3187193870544434
1365889882.4910848,106.400002,2.306063175201416
1365889882.698307,110.400002,2.4466428756713867
1365889882.8941665,108.800003,2.319981098175049
1365889883.11492,106.400002,2.3646695613861084
1365889883.3152783,111.200005,2.359168529510498
1365889883.4915895,107.200005,2.338588237762451
1365889883.6920779,112.800003,2.335083246231079
1365889883.898096,112.800003,2.3158998489379883
1365889884.0912848,111.200005,2.313246965408325
1365889884.297988,114.400002,2.3216919898986816
1365889884.50436,107.200005,2.3112261295318604
1365889884.6966279,110.400002,2.437141180038452
1365889884.8924167,108.800003,2.3964803218841553
1365889885.1057553,110.400002,2.335515022277832
1365889885.2917488,110.400002,2.31300687789917
1365889885.4922836,107.200005,2.331653594970703
1365889885.6997583,107.200005,2.8241584300994873
1365889885.8917246,108.800003,2.6601288318634033
1365889886.091833,106.400002,2.4627983570098877
1365889886.2921047,108.800003,2.313256025314331
1365889886.4926014,106.400002,2.322396993637085
1365889886.724257,106.400002,2.5971474647521973
1365889886.9255028,111.200005,2.3982999324798584
1365889887.0923514,114.400002,2.3216090202331543
1365889887.2930322,112.800003,2.3105413913726807
1365889887.4936755,110.400002,2.315955400466919
1365889887.693811,110.400002,2.316546678543091
1365889887.8942456,110.400002,2.490145206451416
1365889888.094721,114.400002,2.3953232765197754
1365889888.295435,106.400002,2.308032751083374
1365889888.4951515,111.200005,2.324455976486206
1365889888.6997035,111.200005,2.3986876010894775
1365889888.9005067,108.800003,2.3258159160614014
1365889889.0961912,111.200005,2.3059000968933105
1365889889.296928,110.400002,2.3217928409576416
1365889889.5004604,111.200005,2.3229098320007324
1365889889.6985946,111.200005,2.3218865394592285
1365889889.8995557,108.800003,2.3410837650299072
1365889890.0993826,106.400002,2.3220815658569336
1365889890.298627,108.800003,2.307483196258545
1365889890.5102384,112.800003,2.377119779586792
1365889890.6981966,107.200005,2.327397346496582
1365889890.9005961,111.200005,2.341179847717285
1365889891.098206,107.200005,2.3114233016967773
1365889891.3016052,110.400002,2.33858323097229
1365889891.4987483,110.400002,2.33520245552063
1365889891.6989563,111.200005,2.3223073482513428
1365889891.8989916,110.400002,2.3091225624084473
1365889892.1064944,114.400002,2.314469337463379
1365889892.314414,111.200005,2.3144638538360596
1365889892.499839,107.200005,2.312116861343384
1365889892.7161503,111.200005,2.354144334793091
1365889892.91256,110.400002,2.4955391883850098
1365889893.103917,111.200005,2.389056921005249
1365889893.3135269,114.400002,2.339707374572754
1365889893.508084,110.400002,2.3554577827453613
1365889893.7037885,112.800003,2.3771021366119385
1365889893.900232,112.800003,2.344961643218994
1365889894.1002018,110.400002,2.354196786880493
1365889894.300576,108.800003,2.3061373233795166
1365889894.5123682,114.400002,2.3167285919189453
1365889894.7010205,110.400002,2.323146104812622
1365889894.9047449,141.600006,2.3531057834625244
1365889895.1014395,110.400002,2.3629469871520996
1365889895.3221383,111.200005,2.3138153553009033
1365889895.501783,110.400002,2.319072961807251
1365889895.702879,108.800003,2.3227665424346924
1365889895.9030607,112.800003,2.639160394668579
1365889896.1023357,114.400002,2.5196690559387207
1365889896.303105,111.200005,2.321124792098999
1365889896.503215,106.400002,2.3248140811920166
1365889896.7042837,108.800003,2.3172149658203125
1365889896.904944,112.800003,2.322791814804077
1365889897.1049318,111.200005,2.321242094039917
1365889897.3151438,110.400002,2.3181216716766357
1365889897.5038354,112.800003,2.3648111820220947
1365889897.703963,112.800003,2.3140833377838135
1365889897.9198992,108.800003,2.4304423332214355
1365889898.10571,115.200005,2.3136186599731445
1365889898.3062968,110.400002,2.3232429027557373
1365889898.5054982,115.200005,2.313255548477173
1365889898.7067654,108.800003,2.3954970836639404
1365889898.906424,107.200005,2.3111987113952637
1365889899.112567,112.800003,2.308776378631592
1365889899.3062751,110.400002,2.31663179397583
1365889899.5083985,108.800003,2.318364381790161
1365889899.706586,111.200005,2.643679618835449
1365889899.907856,110.400002,2.445103168487549
1365889900.106964,107.200005,2.3161158561706543
1365889900.3082075,110.400002,2.346384048461914
1365889900.5061452,111.200005,2.3095703125
1365889900.7112408,114.400002,2.369861125946045
1365889900.9068325,110.400002,2.322338819503784
1365889901.1074631,108.800003,2.3637309074401855
1365889901.3072748,110.400002,2.310957670211792
1365889901.513819,108.800003,2.5519845485687256
1365889901.7075465,106.400002,2.3591439723968506
1365889901.9107468,108.800003,2.3157737255096436
1365889902.1088543,111.200005,2.3261375427246094
1365889902.3101802,108.800003,2.416823625564575
1365889902.5167558,108.800003,2.3122496604919434
1365889902.7155025,114.400002,2.3260037899017334
1365889902.9179206,111.200005,2.369929790496826
1365889903.1129324,111.200005,2.3107056617736816
1365889903.3114522,111.200005,2.3298604488372803
1365889903.5103414,110.400002,2.357994794845581
1365889903.7257998,107.200005,2.3810925483703613
1365889905.1161869,108.800003,2.3242900371551514
1365889905.1198282,143.199997,2.3217825889587402
1365889905.1210263,107.200005,2.321815013885498
1365889905.1221082,108.800003,2.321997880935669
1365889905.1237674,110.400002,2.3212761878967285
1365889905.1252904,114.400002,2.320793867111206
1365889905.1266105,112.800003,2.3210346698760986
1365889905.3115723,111.200005,2.315042018890381
1365889905.5103445,107.200005,2.3502988815307617
1365889905.7106917,112.800003,2.3699934482574463
1365889905.913583,110.400002,2.3403379917144775
1365889906.1136403,111.200005,2.380380153656006
1365889906.3325977,110.400002,2.3189501762390137
1365889906.5136125,107.200005,2.3479180335998535
1365889906.716972,110.400002,2.3219475746154785
1365889906.9230459,111.200005,2.387657880783081
1365889907.1154017,111.200005,2.3183045387268066
1365889907.315992,107.200005,2.3414816856384277
1365889907.5145972,111.200005,2.329232692718506
1365889907.7146673,108.800003,2.327040672302246
1365889907.9133358,110.400002,2.3144290447235107
1365889908.130264,108.800003,2.3230857849121094
1365889908.3203065,110.400002,2.3370323181152344
1365889908.5160398,110.400002,2.324331045150757
1365889908.7151067,107.200005,2.341109275817871
1365889908.9429438,112.800003,2.364065170288086
1365889909.114492,112.800003,2.3283305168151855
1365889909.327091,110.400002,2.329131841659546
1365889909.5154638,111.200005,2.3058676719665527
1365889909.7140539,107.200005,2.404750108718872
1365889909.9141638,110.400002,2.3260068893432617
1365889910.1179514,108.800003,2.3600807189941406
1365889910.3177886,112.800003,2.3313417434692383
1365889910.5147302,110.400002,2.327435255050659
1365889910.71531,107.200005,2.656144618988037
1365889910.9156797,111.200005,2.457766056060791
1365889911.1205454,108.800003,2.528918981552124
1365889911.319528,107.200005,2.3787736892700195
1365889911.5484722,110.400002,2.3220560550689697
1365889911.717084,104.800003,2.362786293029785
1365889911.9209769,108.800003,2.3281948566436768
1365889912.1237884,106.400002,2.412684440612793
1365889912.3206358,112.800003,2.3235483169555664
1365889912.533954,110.400002,2.3124685287475586
1365889912.7229166,108.800003,2.420886754989624
1365889912.9195583,111.200005,2.370511054992676
1365889913.1207376,106.400002,2.31559419631958
1365889913.3211675,111.200005,2.344402551651001
1365889913.5368562,108.800003,2.5155115127563477
1365889913.7230027,111.200005,2.3304526805877686
1365889913.9225903,108.800003,2.3305280208587646
1365889914.1221476,115.200005,2.4042954444885254
1365889914.3249435,108.800003,2.3104610443115234
1365889914.5286953,108.800003,2.3393099308013916
1365889914.725919,110.400002,2.3959505558013916
1365889914.9241936,110.400002,2.4609625339508057
1365889915.157134,107.200005,2.4025728702545166
1365889915.3242717,110.400002,2.369990110397339
1365889915.5225356,112.800003,2.3692362308502197
1365889915.722626,107.200005,2.469757556915283
1365889915.922339,111.200005,2.4497814178466797
1365889916.1422198,110.400002,2.35495662689209
1365889916.3243792,110.400002,2.3230769634246826
1365889916.5375667,111.200005,2.3739943504333496
1365889916.7243576,108.800003,2.352346897125244
1365889916.923458,108.800003,2.3297407627105713
1365889917.1258237,108.800003,2.3180291652679443
1365889917.3242052,110.400002,2.3279993534088135
1365889917.5238125,107.200005,2.4671854972839355
1365889917.7240062,111.200005,2.3367631435394287
1365889917.9238813,108.800003,2.335448980331421
1365889918.1246083,110.400002,2.342054605484009
1365889918.3259814,106.400002,2.3475804328918457
1365889918.5264363,110.400002,2.327690601348877
1365889918.7283092,114.400002,2.338064193725586
1365889918.9336126,110.400002,2.401048183441162
1365889919.132482,108.800003,2.318513870239258
1365889919.331851,107.200005,2.337137460708618
1365889919.528605,110.400002,2.345566987991333
1365889919.7341657,110.400002,2.3747541904449463
1365889919.9873903,112.800003,2.314819812774658
1365889920.1313999,112.800003,2.3748984336853027
1365889920.3283958,110.400002,2.381547689437866
1365889920.5310493,115.200005,2.32710337638855
1365889920.7287588,107.200005,2.320974588394165
1365889921.0007808,110.400002,2.4647557735443115
1365889921.1313927,108.800003,2.336176633834839
1365889921.3333821,110.400002,2.3183629512786865
1365889921.529652,110.400002,2.324272394180298
1365889921.7336328,107.200005,2.3680965900421143
1365889921.9326103,115.200005,2.41536545753479
1365889922.1325245,106.400002,2.4589319229125977
1365889922.3293521,111.200005,2.380645990371704
1365889922.5339854,111.200005,2.3090858459472656
1365889922.7304983,110.400002,2.4006221294403076
1365889922.9309194,110.400002,2.3446872234344482
1365889923.1355731,112.800003,2.5085813999176025
1365889923.3372276,108.800003,2.357576370239258
1365889923.5314379,108.800003,2.367583990097046
1365889923.731199,110.400002,2.6098268032073975
1365889923.9359508,108.800003,2.4067554473876953
1365889924.1421618,106.400002,2.3698606491088867
1365889924.3322544,111.200005,2.335416078567505
1365889924.5323808,108.800003,2.4200024604797363
1365889924.7322366,108.800003,2.552037239074707
1365889926.7464123,108.800003,3.1501548290252686
1365889926.7474022,110.400002,3.150290012359619
1365889926.7482667,110.400002,3.1504995822906494
1365889926.7491164,111.200005,3.150707960128784
1365889926.7500298,108.800003,3.150689125061035
1365889926.7508862,107.200005,3.150665044784546
1365889926.7517369,107.200005,3.150627613067627
1365889926.7525747,110.400002,3.150803565979004
1365889926.7535918,110.400002,3.150631904602051
1365889926.754458,110.400002,3.150573968887329
1365889926.9340913,111.200005,2.972548723220825
1365889927.133984,108.800003,2.774235963821411
1365889927.3357496,108.800003,2.5741796493530273
1365889927.5352707,111.200005,2.5552022457122803
1365889930.3529239,110.400002,2.3584625720977783
1365889930.3543956,110.400002,2.3579509258270264
1365889930.355719,110.400002,2.3592448234558105
1365889930.3581843,107.200005,2.357578754425049
1365889930.3600032,108.800003,2.35652756690979
1365889930.3617733,108.800003,2.35551118850708
1365889930.3637578,108.800003,2.3542747497558594
1365889930.3656263,107.200005,2.353156805038452
1365889930.3674142,110.400002,2.3521034717559814
1365889930.3691883,110.400002,2.3510892391204834
1365889930.3709364,111.200005,2.350181818008423
1365889930.372962,110.400002,2.3489365577697754
1365889930.3749073,110.400002,2.3479905128479004
1365889930.3767214,107.200005,2.3474020957946777
1365889930.5388136,110.400002,2.3328864574432373
1365889930.7390792,110.400002,2.415011167526245
1365889930.938932,111.200005,2.525285482406616
1365889931.1404867,115.200005,2.3546223640441895
1365889931.33605,111.200005,2.3339686393737793
1365889931.536616,107.200005,2.325817823410034
1365889931.7837634,110.400002,2.3134162425994873
1365889931.938865,107.200005,2.378662586212158
1365889932.1366417,111.200005,2.3896450996398926
1365889932.3397493,110.400002,2.3366281986236572
1365889932.5393822,110.400002,2.328934669494629
1365889932.7402437,106.400002,2.3725717067718506
1365889932.9403315,110.400002,2.5767979621887207
1365889933.1382763,108.800003,2.380338430404663
1365889933.3374972,104.800003,2.3395795822143555
1365889933.5410066,111.200005,2.330291509628296
1365889933.737773,108.800003,2.3602564334869385
1365889933.955561,110.400002,2.358534097671509
1365889934.1388185,108.800003,2.4068026542663574
1365889934.3373654,108.800003,2.320096731185913
1365889934.5369234,111.200005,2.3876655101776123
1365889934.7377248,112.800003,2.3071722984313965
1365889934.9377444,108.800003,2.3854382038116455
1365889935.137744,114.400002,2.32666015625
1365889935.3375735,111.200005,2.339947462081909
1365889935.537572,110.400002,2.351710319519043
1365889935.7388408,106.400002,2.369371175765991
1365889935.9381077,110.400002,2.3964500427246094
1365889936.1382205,107.200005,2.3359768390655518
1365889936.3375797,111.200005,2.3616671562194824
1365889936.5485692,114.400002,2.3216195106506348
1365889936.7380729,107.200005,2.3081295490264893
1365889936.9382122,110.400002,2.3865036964416504
1365889937.1390154,110.400002,2.352410078048706
1365889937.3415341,106.400002,2.3649678230285645
1365889937.5528378,110.400002,2.317417860031128
1365889937.7399855,112.800003,2.409196138381958
1365889937.940898,110.400002,2.3923890590667725
1365889938.2054853,110.400002,2.324890613555908
1365889938.3428245,108.800003,2.327547311782837
1365889938.5505838,110.400002,2.309701919555664
1365889938.7451124,114.400002,2.330592393875122
1365889939.1426084,111.200005,2.3572299480438232
1365889939.3424885,110.400002,2.304692506790161
1365889939.5418499,110.400002,2.3376054763793945
1365889939.7454062,106.400002,2.3203892707824707
1365889939.9429595,110.400002,2.426421642303467
1365889940.1395142,110.400002,2.3294074535369873
1365889940.3439722,111.200005,2.6894898414611816
1365889940.539208,112.800003,2.4952504634857178
1365889940.7407985,110.400002,2.3667640686035156
1365889940.939862,110.400002,2.404125213623047
1365889941.1394923,111.200005,2.3067820072174072
1365889941.3399634,106.400002,2.3189265727996826
1365889941.543492,114.400002,2.332822799682617
1365889941.7462103,107.200005,2.6077158451080322
1365889941.9409382,111.200005,2.414693832397461
1365889942.1498008,110.400002,2.4005234241485596
1365889942.3407276,110.400002,2.386057138442993
1365889942.542778,108.800003,2.3258893489837646
1365889942.743989,110.400002,2.6266207695007324
1365889942.9513376,107.200005,2.4205706119537354
1365889943.146114,112.800003,2.420123815536499
1365889943.3418229,111.200005,2.3295764923095703
1365889943.542059,108.800003,2.6394693851470947
1365889943.741602,112.800003,3.106647491455078
1365889943.9605315,108.800003,2.8912534713745117
1365889944.142128,110.400002,2.7111332416534424
1365889944.34174,108.800003,2.5138607025146484
1365889944.5557098,114.400002,2.3187437057495117
1365889944.743356,110.400002,2.410038709640503
1365889944.9477155,108.800003,2.4182326793670654
1365889945.1431646,110.400002,2.309635877609253
1365889945.3439882,107.200005,2.31626296043396
1365889945.5547278,110.400002,2.3172829151153564
1365889945.7428098,110.400002,2.32055401802063
1365889945.9425704,111.200005,3.337953805923462
1365889946.1424537,108.800003,3.4461724758148193
1365889946.342772,110.400002,3.2477595806121826
1365889946.5515332,107.200005,3.0422160625457764
1365889946.7504053,116.800003,2.845123052597046
1365889946.9520264,110.400002,2.651663303375244
1365889947.1468751,108.800003,2.5894391536712646
1365889947.3486462,111.200005,2.4067423343658447
1365889947.5479445,108.800003,2.317272424697876
1365889947.7454538,110.400002,2.3116700649261475
1365889947.9497468,110.400002,2.4135680198669434
1365889948.1557534,107.200005,2.3161096572875977
1365889948.3485014,110.400002,2.319810390472412
1365889948.547624,108.800003,2.3301355838775635
1365889948.7492254,114.400002,2.3505778312683105
1365889948.9513197,110.400002,2.331794500350952
1365889949.1507142,108.800003,2.311234712600708
1365889949.3478665,110.400002,2.3341755867004395
1365889949.54613,106.400002,2.3149728775024414
1365889949.7467108,112.800003,2.3628268241882324
1365889949.9478848,107.200005,2.3674938678741455
1365889950.153354,111.200005,2.322296619415283
1365889950.3499954,106.400002,2.326658248901367
1365889950.5523381,110.400002,2.328007698059082
1365889950.7983057,108.800003,2.308640956878662
1365889950.9509087,108.800003,2.5150277614593506
1365889951.1464453,110.400002,2.380192995071411
1365889951.3484044,110.400002,2.506312370300293
1365889951.574364,112.800003,2.313087224960327
1365889951.750396,110.400002,2.322902202606201
1365889951.9509625,111.200005,2.31768536567688
1365889952.1458955,110.400002,2.30989408493042
1365889952.346827,449.600006,2.3248159885406494
1365889952.5514722,108.800003,2.3274624347686768
1365889952.7507787,111.200005,2.3729355335235596
1365889952.9462292,110.400002,2.327554702758789
1365889953.1463265,111.200005,2.323472738265991
1365889953.3469675,111.200005,2.442185163497925
1365889953.5466545,112.800003,2.3126437664031982
1365889953.7509584,114.400002,2.32466721534729
1365889953.9463663,108.800003,2.3113625049591064
1365889954.1584623,111.200005,2.341726064682007
1365889954.3480618,108.800003,2.3238365650177
1365889954.5460396,111.200005,2.321276903152466
1365889954.7465725,111.200005,2.3108325004577637
1365889954.9475756,104.800003,2.3195855617523193
1365889955.1468086,108.800003,2.4671523571014404
1365889955.358457,107.200005,2.3323233127593994
1365889955.5508945,111.200005,2.307173252105713
1365889955.7650292,111.200005,2.438267469406128
1365889955.946247,111.200005,2.3243980407714844
1365889956.1522434,108.800003,2.3164000511169434
1365889956.352333,114.400002,2.3123128414154053
1365889956.551928,110.400002,2.309173107147217
1365889956.749918,107.200005,2.3138985633850098
1365889956.9481597,108.800003,2.318251371383667
1365889957.15692,112.800003,2.3178458213806152
1365889957.348653,108.800003,2.3175418376922607
1365889957.5520046,110.400002,2.3268470764160156
1365889957.751032,111.200005,2.308074951171875
1365889957.9491713,107.200005,2.504725694656372
1365889958.1497104,111.200005,2.33467173576355
1365889958.350231,110.400002,2.311573028564453
1365889958.5491092,107.200005,2.305171012878418
1365889958.7497792,114.400002,2.390014171600342
1365889958.95846,108.800003,2.3067855834960938
1365889959.1497626,112.800003,2.32239031791687
1365889959.350105,108.800003,2.35371732711792
1365889959.5519154,110.400002,2.3063833713531494
1365889959.7501621,108.800003,2.316516399383545
1365889959.9538684,106.400002,2.485968589782715
1365889960.150319,110.400002,2.3331799507141113
1365889960.3510473,107.200005,2.3147687911987305
1365889960.5592923,112.800003,2.3150687217712402
1365889960.7512417,110.400002,2.3606271743774414
1365889960.9537022,111.200005,2.530195951461792
1365889961.1510541,104.800003,2.4198079109191895
1365889961.3510063,106.400002,2.3155953884124756
1365889961.5510747,110.400002,2.309297800064087
1365889961.7522707,108.800003,2.4467029571533203
1365889961.9545054,111.200005,2.481531858444214
1365889962.152358,108.800003,2.368459463119507
1365889962.3525903,108.800003,2.5651285648345947
1365889962.556049,112.800003,2.3645639419555664
1365889962.7551856,110.400002,2.508894681930542
1365889962.9588327,110.400002,2.6081411838531494
1365889963.1534805,110.400002,2.43548583984375
1365889963.360769,108.800003,2.314502716064453
1365889963.5535,106.400002,2.3148698806762695
1365889963.7543318,110.400002,2.542168140411377
1365889963.9882379,107.200005,2.36397647857666
1365889964.1547763,110.400002,2.3214569091796875
1365889964.3584538,110.400002,2.3271944522857666
1365889964.5728176,107.200005,2.614316701889038
1365889964.7585137,112.800003,2.4300835132598877
1365889964.9554877,110.400002,2.3302760124206543
1365889965.1539683,106.400002,2.4421379566192627
1365889965.3541582,111.200005,2.329210042953491
1365889965.553686,110.400002,2.319632053375244
1365889965.7544656,106.400002,2.42749285697937
1365889965.9547577,114.400002,2.3286120891571045
1365889966.160111,110.400002,2.3295226097106934
1365889966.360581,111.200005,2.3206005096435547
1365889966.5535533,110.400002,2.323890209197998
1365889966.7536874,108.800003,2.3763184547424316
1365889966.956072,112.800003,2.3175151348114014
1365889967.1539447,108.800003,2.424041509628296
1365889967.3533757,110.400002,2.3207273483276367
1365889967.554414,107.200005,2.320063591003418
1365889967.753832,111.200005,2.3410050868988037
1365889967.9597585,107.200005,2.371487855911255
1365889968.1562757,111.200005,2.4176790714263916
1365889968.3543618,108.800003,2.3273379802703857
1365889968.5569422,111.200005,2.329554796218872
1365889968.7537298,108.800003,2.453723669052124
1365889968.9537995,110.400002,2.3185925483703613
1365889969.1546674,106.400002,2.4056968688964844
1365889969.3538957,111.200005,2.3211965560913086
1365889969.5540864,108.800003,2.405364751815796
1365889969.7544484,197.600006,2.4223954677581787
1365889969.9543908,108.800003,2.372060775756836
1365889970.1547265,111.200005,2.395132064819336
1365889970.365707,110.400002,2.3314268589019775
1365889970.5557106,108.800003,2.304349660873413
1365889970.7553506,112.800003,2.328892946243286
1365889970.9589698,111.200005,2.3354761600494385
1365889971.1617026,107.200005,2.3940045833587646
1365889971.3548145,111.200005,2.4200620651245117
1365889971.5861325,110.400002,2.6460390090942383
1365889971.87048,106.400002,2.4444026947021484
1365889971.992055,112.800003,2.3244028091430664
1365889972.1553667,106.400002,2.335453748703003
1365889972.3585148,112.800003,2.3154354095458984
1365889972.5561657,108.800003,2.320033550262451
1365889972.8337076,106.400002,2.321697235107422
1365889972.9557576,112.800003,2.3369975090026855
1365889973.1563132,107.200005,2.373215913772583
1365889973.3571043,111.200005,2.3130125999450684
1365889973.5612059,108.800003,2.3211381435394287
1365889973.7567573,106.400002,2.324153184890747
1365889973.9594662,112.800003,2.318293333053589
1365889974.2859166,161.600006,2.307809829711914
1365889974.3613665,114.400002,2.30993390083313
1365889974.5566182,106.400002,2.3127057552337646
1365889974.7615297,110.400002,2.3237569332122803
1365889974.9570336,111.200005,2.396263599395752
1365889975.1571574,110.400002,2.315051317214966
1365889975.36136,111.200005,2.3366200923919678
1365889975.5589952,108.800003,2.5072290897369385
1365889975.7601206,114.400002,2.3951451778411865
1365889975.9616148,110.400002,2.3140695095062256
1365889976.1614833,104.800003,2.3302814960479736
1365889976.3620262,108.800003,2.3030970096588135
1365889976.6234713,112.800003,2.3124871253967285
1365889976.7628977,110.400002,2.307569742202759
1365889976.9677,106.400002,2.5385425090789795
1365889977.1623724,110.400002,2.477182149887085
1365889977.3625424,108.800003,2.369101047515869
1365889977.5787427,112.800003,2.3197100162506104
1365889977.7761383,111.200005,2.4477202892303467
1365889978.0824146,108.800003,2.4258294105529785
1365889978.1672177,347.200012,2.3418211936950684
1365889978.3644028,111.200005,2.3387491703033447
1365889978.5668206,110.400002,2.324005126953125
1365889978.764389,267.200012,2.3215293884277344
1365889978.9643366,112.800003,2.3080339431762695
1365889979.1649384,114.400002,2.337736129760742
1365889979.366032,111.200005,2.321716547012329
1365889979.5691073,111.200005,2.316115140914917
1365889979.7681828,106.400002,2.3087687492370605
1365889979.9657114,111.200005,2.320209503173828
1365889980.165437,106.400002,2.3240816593170166
1365889980.365337,110.400002,2.3244290351867676
1365889980.5650392,110.400002,2.3369643688201904
1365889980.7655132,110.400002,2.318542003631592
1365889980.969098,111.200005,2.359086751937866
1365889981.171896,108.800003,2.333771228790283
1365889981.3658469,107.200005,2.3835043907165527
1365889981.565403,110.400002,2.3091964721679688
1365889981.766088,111.200005,2.3075499534606934
1365889981.9699202,110.400002,2.325788974761963
1365889982.1702242,276.800018,2.3260488510131836
1365889982.366628,106.400002,2.3210206031799316
1365889982.5668385,110.400002,2.3173718452453613
1365889982.7751749,111.200005,2.3210055828094482
1365889982.9683187,107.200005,2.4151504039764404
1365889983.1697826,316.800018,2.367480516433716
1365889983.3674366,110.400002,2.3776466846466064
1365889983.5676668,106.400002,2.3184447288513184
1365889983.7751038,112.800003,2.3138539791107178
1365889983.9685938,106.400002,2.310106039047241
1365889984.1701982,112.800003,2.3261258602142334
1365889984.3724482,110.400002,2.322375774383545
1365889984.568145,106.400002,2.3075785636901855
1365889984.7740483,111.200005,2.402696132659912
1365889984.9687386,110.400002,2.340257167816162
1365889985.169064,111.200005,2.325728178024292
1365889985.3924425,107.200005,2.313737630844116
1365889985.575651,112.800003,2.3149478435516357
1365889985.7697563,108.800003,2.331052780151367
1365889985.9698186,110.400002,2.401123523712158
1365889986.169727,110.400002,2.3372528553009033
1365889986.378184,108.800003,2.519967555999756
1365889986.569484,110.400002,2.4583890438079834
1365889986.7801182,111.200005,2.5563316345214844
1365889986.971075,110.400002,2.4818718433380127
1365889987.170714,107.200005,2.3668487071990967
1365889987.370541,106.400002,2.319892168045044
1365889987.5705068,106.400002,2.3627569675445557
1365889987.7708507,108.800003,2.6290712356567383
1365889987.9748409,111.200005,2.426661252975464
1365889988.1701708,108.800003,2.406297445297241
1365889988.3781717,110.400002,2.357759475708008
1365889988.5724258,108.800003,2.3032920360565186
1365889988.7722652,110.400002,2.318039894104004
1365889988.974638,114.400002,2.3565385341644287
1365889989.1786826,111.200005,2.3346385955810547
1365889989.3719318,110.400002,2.3139610290527344
1365889989.5786731,104.800003,2.3096137046813965
1365889989.7717712,112.800003,2.436729907989502
1365889989.9768174,108.800003,2.5406930446624756
1365889990.180629,262.399994,2.3386805057525635
1365889990.3731952,110.400002,2.313429832458496
1365889990.6479974,107.200005,2.4798498153686523
1365889990.7726183,110.400002,2.8033089637756348
1365889990.974905,108.800003,2.6029715538024902
1365889991.1738222,111.200005,2.4626615047454834
1365889991.3741837,110.400002,2.3994832038879395
1365889991.5799835,111.200005,2.3154184818267822
1365889991.7731051,111.200005,2.323709011077881
1365889991.9732268,110.400002,2.356926918029785
1365889992.173285,110.400002,2.350590944290161
1365889992.3722517,108.800003,2.3091983795166016
1365889992.5725665,104.800003,2.319878578186035
1365889992.7724242,108.800003,2.4564387798309326
1365889992.972779,110.400002,2.3638675212860107
1365889993.1733649,108.800003,2.350020170211792
1365889993.37282,112.800003,2.3116652965545654
1365889993.5725012,110.400002,2.3183488845825195
1365889993.7750878,107.200005,2.4205586910247803
1365889993.9728148,110.400002,2.316624641418457
1365889994.1728117,106.400002,2.351996421813965
1365889994.3725553,110.400002,2.315981388092041
1365889994.573099,111.200005,2.4064481258392334
1365889994.773391,108.800003,2.403113842010498
1365889994.975638,112.800003,2.3666861057281494
1365889995.1731668,110.400002,2.360163688659668
1365889995.3756475,108.800003,2.435260534286499
1365889995.5767975,108.800003,2.3372461795806885
1365889995.7737482,108.800003,2.5776212215423584
1365889995.9742494,108.800003,2.474883794784546
1365889996.1743383,110.400002,2.358853578567505
1365889996.3744287,106.400002,2.309800386428833
1365889996.574172,108.800003,2.3114659786224365
1365889996.7737918,112.800003,2.3217711448669434
1365889996.975386,106.400002,2.437626600265503
1365889997.1757662,111.200005,2.3075902462005615
1365889997.3777084,110.400002,2.3198866844177246
1365889997.5781875,114.400002,2.4432783126831055
1365889997.774882,110.400002,2.3105082511901855
1365889997.9752257,107.200005,2.6219851970672607
1365889998.1750631,111.200005,2.4448037147521973
1365889998.3763273,110.400002,2.3131706714630127
1365889998.5758097,104.800003,2.3231120109558105
1365889998.775983,108.800003,2.4778969287872314
1365889998.9761581,107.200005,2.3239426612854004
1365889999.1760461,110.400002,2.3206100463867188
1365889999.3810713,104.800003,2.314124345779419
1365889999.5762007,110.400002,2.323249578475952
1365889999.776313,106.400002,2.568511962890625
1365889999.9824247,111.200005,2.52133846282959
1365890000.1771498,110.400002,2.383246660232544
1365890000.3855114,110.400002,2.308777332305908
1365890000.5779321,309.600006,2.721008539199829
1365890000.790046,107.200005,2.5588290691375732
1365890000.9818969,110.400002,2.5802266597747803
1365890001.1780212,104.800003,2.3868348598480225
1365890001.3783007,112.800003,2.317291021347046
1365890001.5805893,107.200005,2.3211452960968018
1365890001.7766526,111.200005,2.4307937622070312
1365890001.9770992,111.200005,2.7128965854644775
1365890002.1778216,108.800003,2.5150961875915527
1365890002.3772614,111.200005,2.3896071910858154
1365890002.5823119,110.400002,2.5367414951324463
1365890002.7774177,104.800003,2.641321897506714
1365890002.9775667,108.800003,2.7715537548065186
1365890003.177548,112.800003,2.610572099685669
1365890003.3773925,110.400002,2.4143261909484863
1365890003.585454,104.800003,2.446516275405884
1365890003.784762,110.400002,2.3563578128814697
1365890003.978016,108.800003,2.3217875957489014
1365890004.179105,110.400002,2.3843305110931396
1365890004.380183,110.400002,2.317953586578369
1365890004.5769444,110.400002,2.9876420497894287
1365890004.7779589,107.200005,2.7889041900634766
1365890004.979036,106.400002,2.5895004272460938
1365890005.1782649,108.800003,2.3918941020965576
1365890005.3794222,110.400002,2.3292293548583984
1365890005.5847192,110.400002,2.306666851043701
1365890005.7814,108.800003,2.712049722671509
1365890005.9829028,110.400002,2.512073040008545
1365890006.1836455,110.400002,2.3898820877075195
1365890006.3831975,106.400002,2.310119152069092
1365890006.5836558,110.400002,2.316067934036255
1365890006.7833576,110.400002,2.334977149963379
1365890006.9839346,114.400002,2.3994712829589844
1365890007.1839066,110.400002,2.4744765758514404
1365890007.3887253,107.200005,2.3859353065490723
1365890007.584373,111.200005,2.3230414390563965
1365890007.78494,104.800003,3.1019604206085205
1365890007.9852362,110.400002,2.9035868644714355
1365890008.1873536,108.800003,2.724914789199829
1365890008.385597,111.200005,2.5293173789978027
1365890008.5860763,111.200005,2.33131742477417
1365890008.7892401,112.800003,2.4040400981903076
1365890008.9864366,111.200005,2.3564059734344482
1365890009.1867082,110.400002,2.3272290229797363
1365890009.384912,111.200005,2.445725440979004
1365890009.585101,110.400002,2.3251326084136963
1365890009.7851987,110.400002,2.320530891418457
1365890009.9855309,111.200005,2.34712290763855
1365890010.1854897,110.400002,2.3982510566711426
1365890010.3940594,108.800003,2.3109099864959717
1365890010.5851414,110.400002,2.3081188201904297
1365890010.785711,108.800003,2.4174559116363525
1365890010.9859047,107.200005,2.3263659477233887
1365890011.1856134,111.200005,2.317328929901123
1365890011.3872013,110.400002,2.312455177307129
1365890011.5872078,104.800003,2.3223745822906494
1365890011.8123698,112.800003,2.362229347229004
1365890011.986072,111.200005,2.311911106109619
1365890012.1894484,111.200005,2.312804937362671
1365890012.3863058,107.200005,2.3186841011047363
1365890012.6209977,111.200005,2.3679146766662598
1365890012.7882917,111.200005,2.338573455810547
1365890012.9909766,111.200005,2.3082172870635986
1365890013.1872938,111.200005,2.3130176067352295
1365890013.3940742,110.400002,2.313178777694702
1365890013.586093,110.400002,2.3223366737365723
1365890013.786451,108.800003,2.349022626876831
1365890013.9866116,104.800003,2.3189432621002197
1365890014.1863537,108.800003,2.315476179122925
1365890014.3860524,110.400002,2.332294225692749
1365890014.5880525,106.400002,2.535081386566162
1365890014.7922103,112.800003,2.343451976776123
1365890014.9869041,104.800003,2.3155510425567627
1365890015.1875753,108.800003,2.3202309608459473
1365890015.3873637,106.400002,2.3065874576568604
1365890015.590024,110.400002,2.3242297172546387
1365890015.7870378,107.200005,2.350527286529541
1365890015.9984996,111.200005,2.319981336593628
1365890016.1971214,106.400002,2.3088293075561523
1365890016.391169,112.800003,2.3152098655700684
1365890016.5872412,107.200005,2.316657781600952
1365890016.791399,112.800003,2.3119020462036133
1365890016.9877815,108.800003,2.3137478828430176
1365890017.187971,110.400002,2.3095667362213135
1365890017.398477,110.400002,2.3214361667633057
1365890017.5883207,107.200005,2.3196933269500732
1365890017.7872944,110.400002,2.4260919094085693
1365890017.9883623,108.800003,2.3222241401672363
1365890018.188619,107.200005,2.612027406692505
1365890018.3876197,110.400002,2.4154791831970215
1365890018.5924451,111.200005,2.337726354598999
1365890018.7876306,108.800003,2.3398985862731934
1365890018.9880118,107.200005,2.325782299041748
1365890019.1880364,108.800003,2.4282193183898926
1365890019.3871462,114.400002,2.4631617069244385
1365890019.5880892,110.400002,2.4640719890594482
1365890019.787673,110.400002,2.3039629459381104
1365890019.9877222,108.800003,2.322359561920166
1365890020.1878483,110.400002,2.3078603744506836
1365890020.391327,106.400002,2.312648057937622
1365890020.588253,112.800003,2.30948543548584
1365890020.7889373,110.400002,2.330354690551758
1365890020.988752,110.400002,2.320028066635132
1365890021.190572,104.800003,2.3095357418060303
1365890021.3887491,114.400002,2.3043336868286133
1365890021.588806,112.800003,2.3126800060272217
1365890021.7883322,110.400002,2.314603090286255
1365890021.992504,107.200005,2.3087499141693115
1365890022.1897175,110.400002,2.3216798305511475
1365890022.3896048,106.400002,2.308676242828369
1365890022.5894365,110.400002,2.3299455642700195
1365890022.8042638,111.200005,2.4919581413269043
1365890022.9897938,108.800003,2.33501935005188
1365890023.189445,111.200005,2.320187568664551
1365890023.389524,108.800003,2.326220989227295
1365890023.6045365,106.400002,2.3322255611419678
1365890023.7896159,108.800003,2.4244303703308105
1365890023.9882438,108.800003,2.313736915588379
1365890024.1883574,110.400002,2.3094019889831543
1365890024.388163,107.200005,2.3041152954101562
1365890024.5912373,111.200005,2.320254325866699
1365890024.7897198,108.800003,2.324934720993042
1365890024.991975,106.400002,2.330810070037842
1365890025.1895485,110.400002,2.310715436935425
1365890025.390001,110.400002,2.3171515464782715
1365890025.5898836,108.800003,2.314596652984619
1365890025.7980442,108.800003,2.316692590713501
1365890025.9907246,106.400002,2.3537328243255615
1365890026.1957097,110.400002,2.319683074951172
1365890026.4087794,108.800003,2.307788848876953
1365890026.5910857,106.400002,2.3058931827545166
1365890026.7917287,104.800003,2.3874564170837402
1365890026.9911084,110.400002,2.3084094524383545
1365890027.190103,107.200005,2.317950487136841
1365890027.3914506,111.200005,2.3124802112579346
1365890027.592144,108.800003,2.3060784339904785
1365890027.7906168,111.200005,2.3122382164001465
1365890028.0047963,111.200005,2.310910940170288
1365890028.190806,110.400002,2.3258485794067383
1365890028.3906686,108.800003,2.303431510925293
1365890028.594549,112.800003,2.3153796195983887
1365890028.7911925,106.400002,2.332745313644409
1365890028.9915266,111.200005,2.319382667541504
1365890029.1916907,111.200005,2.3318023681640625
1365890029.3929405,112.800003,2.3151867389678955
1365890029.5931208,112.800003,2.3164963722229004
1365890029.792606,110.400002,2.7266318798065186
1365890029.9926298,106.400002,2.5281717777252197
1365890030.193653,114.400002,2.483672857284546
1365890030.3939154,108.800003,2.314471483230591
1365890030.5933619,111.200005,2.322101593017578
1365890030.7938848,111.200005,2.40457820892334
1365890030.9980893,110.400002,2.905026912689209
1365890031.1937833,108.800003,2.7110819816589355
1365890031.392977,110.400002,2.5261130332946777
1365890031.5942242,111.200005,2.3285422325134277
1365890031.7946382,110.400002,2.3662731647491455
1365890031.9978213,107.200005,2.322209119796753
1365890032.2002528,110.400002,2.3075995445251465
1365890032.3988566,107.200005,2.3739736080169678
1365890032.6183033,112.800003,2.33620285987854
1365890032.7940662,110.400002,2.4511022567749023
1365890033.000885,110.400002,2.3188557624816895
1365890033.2220845,110.400002,2.3893229961395264
1365890033.3959763,110.400002,2.307849168777466
1365890033.6244676,111.200005,2.447162389755249
1365890033.804557,111.200005,2.786005735397339
1365890033.9984024,110.400002,2.593320608139038
1365890034.2029233,110.400002,2.8189868927001953
1365890034.3952816,111.200005,2.628880023956299
1365890034.5954137,107.200005,2.4309005737304688
1365890034.7988198,111.200005,2.378082036972046
1365890035.0017934,108.800003,2.335240602493286
1365890035.1963596,111.200005,2.3165318965911865
1365890035.3958008,108.800003,2.3439388275146484
1365890035.5969267,106.400002,2.388392686843872
1365890035.795608,108.800003,2.383784055709839
1365890035.9961207,111.200005,2.395171642303467
1365890036.205613,110.400002,2.4933762550354004
1365890036.4092486,108.800003,2.32228684425354
1365890036.6175196,112.800003,2.585571765899658
1365890036.7969775,110.400002,2.504132032394409
1365890036.9964046,108.800003,2.3525495529174805
1365890037.1964116,106.400002,2.31547474861145
1365890037.3987103,112.800003,2.358605146408081
1365890037.597506,108.800003,2.312889575958252
1365890037.7982209,111.200005,2.3250672817230225
1365890037.9976962,110.400002,2.308529853820801
1365890038.206204,106.400002,2.3223094940185547
1365890038.4171467,108.800003,2.311375856399536
1365890038.6006012,108.800003,2.314286231994629
1365890038.7990096,111.200005,2.3543572425842285
1365890038.9993753,108.800003,2.312591314315796
1365890039.2047246,106.400002,2.409942865371704
1365890039.402788,111.200005,2.3937134742736816
1365890039.599342,106.400002,2.344902992248535
1365890039.8021898,111.200005,2.4242055416107178
1365890040.0012362,371.200012,2.7970705032348633
1365890040.206932,106.400002,2.820880651473999
1365890040.402208,111.200005,2.627565622329712
1365890040.601984,110.400002,2.5482144355773926
1365890040.8218772,111.200005,2.392771005630493
1365890041.0013144,111.200005,2.8208863735198975
1365890041.2016542,107.200005,2.6226463317871094
1365890041.4019215,112.800003,2.4241786003112793
1365890041.603218,111.200005,2.3165624141693115
1365890041.8045805,107.200005,2.3535194396972656
1365890042.00279,110.400002,2.3725931644439697
1365890042.2050939,108.800003,2.332676410675049
1365890042.4028857,104.800003,2.3141047954559326
1365890042.6058328,111.200005,2.314272165298462
1365890042.8028545,108.800003,2.3050501346588135
1365890043.0028634,104.800003,2.3145880699157715
1365890043.2025266,108.800003,2.3095855712890625
1365890043.4041104,108.800003,2.3092408180236816
1365890043.6096423,106.400002,2.3193576335906982
1365890043.806326,111.200005,2.310767889022827
1365890044.0037313,110.400002,2.3180999755859375
1365890044.2036638,110.400002,2.311765193939209
1365890044.4048765,133.600006,2.3269550800323486
1365890044.6047385,108.800003,2.690369129180908
1365890044.8040755,110.400002,2.4944238662719727
1365890045.0049808,111.200005,2.310439348220825
1365890045.2087202,110.400002,2.3201327323913574
1365890045.408276,110.400002,2.328754425048828
1365890045.6103203,107.200005,2.341498613357544
1365890045.8080387,120.800003,2.400611639022827
1365890046.0078104,108.800003,2.313577175140381
1365890046.2099717,108.800003,2.3975138664245605
1365890046.4089015,106.400002,2.4195621013641357
1365890046.6089702,111.200005,2.3798327445983887
1365890046.8161888,110.400002,2.5173399448394775
1365890047.010004,108.800003,2.3252811431884766
1365890047.2569134,110.400002,2.3342556953430176
1365890047.4098473,111.200005,2.323777675628662
1365890047.6312706,111.200005,2.351221799850464
1365890047.825631,110.400002,2.342803716659546
1365890048.0217636,111.200005,2.3297245502471924
1365890048.2111225,110.400002,2.312253713607788
1365890048.4110653,112.800003,2.33089280128479
1365890048.6102302,107.200005,2.314687490463257
1365890048.8123276,111.200005,2.3232581615448
1365890049.009836,104.800003,2.313889503479004
1365890049.2097223,110.400002,2.326660394668579
1365890049.411343,111.200005,2.3327887058258057
1365890049.6096034,106.400002,2.3240609169006348
1365890049.809913,111.200005,2.3189713954925537
1365890050.0104842,110.400002,2.5019748210906982
1365890050.2101526,112.800003,2.4166316986083984
1365890050.4116127,108.800003,2.3341236114501953
1365890050.611866,112.800003,2.312964677810669
1365890050.8115501,110.400002,2.325620174407959
1365890051.0224078,111.200005,2.36879301071167
1365890051.2134368,108.800003,2.329772472381592
1365890051.4141853,111.200005,2.3414340019226074
1365890051.613468,108.800003,2.34531307220459
1365890051.8131104,108.800003,2.3109703063964844
1365890052.0157707,108.800003,2.3106956481933594
1365890052.2274134,112.800003,2.3058269023895264
1365890052.4133747,110.400002,2.340529680252075
1365890052.6413727,112.800003,2.5735878944396973
1365890052.8150284,111.200005,2.401808500289917
1365890053.0134387,114.400002,2.3712351322174072
1365890053.2271516,107.200005,2.3404183387756348
1365890053.4210308,108.800003,2.3335959911346436
1365890053.6208875,112.800003,2.303880214691162
1365890053.8134124,110.400002,2.3179783821105957
1365890054.0138333,110.400002,2.319072961807251
1365890054.218575,107.200005,2.3214337825775146
1365890054.4167056,111.200005,2.346470594406128
1365890054.6173863,111.200005,2.3087880611419678
1365890054.8142905,111.200005,2.3137459754943848
1365890055.0142148,110.400002,2.311084270477295
1365890055.2255995,107.200005,2.313795566558838
1365890055.4163349,114.400002,2.3470091819763184
1365890055.6160214,108.800003,2.3174054622650146
1365890055.8173885,110.400002,2.327345371246338
1365890056.0331001,107.200005,2.3028361797332764
1365890056.2179039,114.400002,2.305307149887085
1365890056.418145,108.800003,2.345059633255005
1365890056.6180787,110.400002,2.391606092453003
1365890056.8208554,111.200005,2.318674325942993
1365890057.0189095,108.800003,2.3049123287200928
1365890057.218484,106.400002,2.3051066398620605
1365890057.4182627,111.200005,2.344968795776367
1365890057.617897,110.400002,2.311110258102417
1365890057.8181384,232.000000,2.3188962936401367
1365890058.0178914,107.200005,2.3196544647216797
1365890058.218423,112.800003,2.319894313812256
1365890058.4214988,111.200005,2.351989269256592
1365890058.618132,110.400002,2.419806480407715
1365890058.8207915,108.800003,2.337228536605835
1365890059.0227451,112.800003,2.3388285636901855
1365890059.240672,110.400002,2.3352768421173096
1365890059.4213789,112.800003,2.35247540473938
1365890059.620039,108.800003,2.3163373470306396
1365890059.834197,110.400002,2.3054561614990234
1365890060.0199006,108.800003,2.356494665145874
1365890060.223798,104.800003,2.3194220066070557
1365890060.42071,110.400002,2.3524580001831055
1365890060.6292677,110.400002,2.3088648319244385
1365890060.8212829,110.400002,2.3144404888153076
1365890061.0219162,110.400002,2.356154203414917
1365890061.2231743,111.200005,2.318157434463501
1365890061.4244468,111.200005,2.359123706817627
1365890061.6253934,111.200005,2.313147783279419
