1365889747.660036,973.780487804878,54.6,3.258817434310913
1365889747.925408,854.2682926829268,54.1,3.248993396759033
1365889748.180959,1084.7560975609756,54.1,3.2696032524108887
1365889748.464541,775.0,54.1,3.2998759746551514
1365889748.777455,810.3658536585366,54.1,3.2565855979919434
1365889749.0453088,904.8780487804878,54.1,3.2966578006744385
1365889749.3220532,766.4634146341464,54.1,3.3229305744171143
1365889749.6171892,875.0,54.1,3.2673747539520264
1365889749.8917801,985.9756097560976,54.6,3.272599220275879
1365889750.167882,666.4634146341464,54.1,3.4558029174804688
1365889750.4512992,990.2439024390244,54.1,3.4451277256011963
1365889750.725694,968.9024390243902,54.1,3.289118766784668
1365889750.980876,1006.0975609756098,54.1,3.6224453449249268
1365889751.286099,884.1463414634146,54.1,3.5583724975585938
1365889751.555152,982.9268292682926,54.1,3.30977201461792
1365889751.826875,747.560975609756,54.1,3.3280692100524902
1365889752.1306822,951.8292682926829,54.6,3.24580979347229
1365889752.389927,831.0975609756097,54.6,3.2769935131073
1365889752.676105,751.219512195122,54.1,3.2831788063049316
1365889752.965395,1217.0731707317073,54.1,3.2620832920074463
1365889753.237319,1015.2439024390243,55.1,3.3225760459899902
1365889753.52004,1497.560975609756,54.1,3.310030221939087
1365889753.833406,1148.1707317073171,54.1,3.308828592300415
1365889754.115037,1156.7073170731708,54.6,3.2642300128936768
1365889754.392067,870.1219512195122,54.1,3.3029584884643555
1365889754.696098,968.2926829268292,54.6,3.3144893646240234
1365889754.9753852,843.9024390243902,54.1,3.3038506507873535
1365889755.2539651,1626.219512195122,53.5,3.3446366786956787
1365889755.560895,1023.1707317073171,54.1,3.268867254257202
1365889755.835132,865.2439024390244,54.1,3.3042662143707275
1365889756.101669,769.5121951219512,54.6,3.406134843826294
1365889756.3913379,964.0243902439024,54.1,3.2822444438934326
1365889756.670474,1084.1463414634147,54.6,3.2849793434143066
1365889756.942764,756.0975609756098,54.6,3.493560314178467
1365889757.2580612,827.4390243902438,54.6,3.2774839401245117
1365889757.538751,1656.7073170731708,54.6,3.2511229515075684
1365889757.804829,760.3658536585366,54.1,3.3480286598205566
1365889758.1227891,968.2926829268292,54.1,3.25103759765625
1365889758.3870022,976.8292682926829,54.1,3.254600763320923
1365889758.654376,754.2682926829268,54.1,3.3078665733337402
1365889758.944404,829.2682926829268,55.1,3.243269443511963
1365889759.2010298,824.390243902439,55.1,3.2535457611083984
1365889759.4674308,762.1951219512196,54.1,3.5301802158355713
1365889759.775795,851.219512195122,54.6,3.3619372844696045
1365889760.0441248,950.0,54.1,3.267559766769409
1365889760.314983,876.219512195122,54.1,3.314739465713501
1365889760.6178539,984.1463414634146,54.1,3.2782466411590576
1365889760.9041338,1173.780487804878,54.6,3.272900342941284
1365889761.1650171,769.5121951219512,55.1,3.3187973499298096
1365889761.47559,816.4634146341463,55.1,3.27714467048645
1365889761.7596102,987.1951219512194,55.1,3.2517523765563965
1365889762.022484,752.439024390244,54.6,3.316955804824829
1365889762.340408,960.3658536585366,55.1,3.251211404800415
1365889762.603776,893.9024390243902,55.1,3.256761312484741
1365889762.872144,722.560975609756,54.1,3.309694766998291
1365889763.168267,906.0975609756098,55.1,3.251960515975952
1365889763.437501,1246.9512195121952,55.1,3.284942626953125
1365889763.725367,1009.7560975609756,54.6,3.311816930770874
1365889764.0446699,965.8536585365854,55.1,3.4288949966430664
1365889764.305932,981.0975609756098,55.1,3.2823281288146973
1365889764.5907369,765.2439024390244,55.1,3.278620719909668
1365889764.882602,970.1219512195122,55.1,3.2906134128570557
1365889765.1624582,971.3414634146342,55.1,3.263916492462158
1365889765.428496,763.4146341463414,54.1,3.3563475608825684
1365889765.764436,1739.6341463414635,55.1,3.3164772987365723
1365889766.0214589,978.0487804878048,55.1,3.3560917377471924
1365889766.296812,813.4146341463414,55.1,3.3041136264801025
1365889766.6020322,838.4146341463414,55.1,3.2539291381835938
1365889766.86905,962.1951219512194,55.1,3.3128650188446045
1365889767.14181,762.1951219512196,55.1,3.3303544521331787
1365889767.433481,1023.7804878048779,55.7,3.2736825942993164
1365889767.7099252,1828.0487804878048,55.7,3.2832183837890625
1365889767.988517,748.170731707317,54.1,3.2946882247924805
1365889768.291126,1741.4634146341464,55.1,3.3136048316955566
1365889768.571705,1680.4878048780488,55.1,3.248563528060913
1365889768.833534,1572.560975609756,55.1,3.3498992919921875
1365889769.147902,989.0243902439024,55.1,3.2670421600341797
1365889769.421003,829.2682926829268,55.7,3.2708773612976074
1365889769.69797,771.3414634146342,55.1,3.3101112842559814
1365889770.0162718,924.3902439024391,55.1,3.255171298980713
1365889770.2836668,843.9024390243902,55.1,3.255182981491089
1365889770.545425,1398.780487804878,55.1,3.2890920639038086
1365889770.8458781,1745.121951219512,55.7,3.4240763187408447
1365889771.1067069,798.1707317073171,55.1,3.3641607761383057
1365889771.377453,744.5121951219512,55.1,3.3303298950195312
1365889771.663425,1129.878048780488,55.1,3.2621171474456787
1365889771.935623,992.0731707317074,55.1,3.2727582454681396
1365889772.220526,755.4878048780488,55.1,3.2961554527282715
1365889772.528747,1461.5853658536587,55.7,3.278480291366577
1365889772.81218,965.2439024390244,55.1,3.268167018890381
1365889773.088446,756.0975609756098,55.1,3.386983633041382
1365889773.385281,795.1219512195122,55.1,3.3098955154418945
1365889773.6465678,987.1951219512194,55.7,3.3061113357543945
1365889773.9186718,763.4146341463414,55.1,3.3256430625915527
1365889774.2295911,1101.8292682926829,55.1,3.254356622695923
1365889774.495667,946.951219512195,55.1,3.3088622093200684
1365889774.7735958,918.9024390243903,55.1,3.2757909297943115
1365889775.056996,992.0731707317074,55.1,3.9118826389312744
1365889775.322598,960.3658536585366,55.7,3.6579744815826416
1365889775.6081731,661.5853658536586,55.1,3.3941009044647217
1365889775.9096398,865.2439024390244,56.2,3.2973341941833496
1365889776.185867,1247.560975609756,55.7,3.2541842460632324
1365889776.4531891,724.390243902439,55.1,3.489014148712158
1365889776.787318,924.3902439024391,55.1,3.2505128383636475
1365889777.050636,892.0731707317074,56.2,3.2705390453338623
1365889777.332098,804.2682926829269,55.1,3.3002634048461914
1365889777.636138,889.0243902439024,55.7,3.256603479385376
1365889777.9058151,840.2439024390244,55.7,3.3066165447235107
1365889778.1814778,1536.5853658536585,55.1,3.3120312690734863
1365889778.466789,1637.1951219512196,55.7,3.2866954803466797
1365889778.736108,893.2926829268292,55.1,3.3101682662963867
1365889779.013143,751.219512195122,55.1,3.28233003616333
1365889779.3074539,1637.1951219512196,55.7,3.3056578636169434
1365889779.578859,1717.0731707317073,55.7,3.2446253299713135
1365889779.836871,979.8780487804878,55.1,3.284262180328369
1365889780.134699,937.8048780487804,55.7,3.2780659198760986
1365889780.426545,1683.5365853658536,55.1,3.277472734451294
1365889780.698508,1276.8292682926829,55.1,3.317290782928467
1365889781.000747,1435.3658536585365,55.7,3.4220807552337646
1365889781.26218,996.9512195121952,56.2,3.303579568862915
1365889781.540853,752.439024390244,55.7,3.338677167892456
1365889781.851392,815.2439024390243,55.7,3.348170518875122
1365889782.120151,1665.2439024390244,56.2,3.3471648693084717
1365889782.393758,1501.8292682926829,55.7,3.2754533290863037
1365889782.675968,813.4146341463414,55.7,3.2589714527130127
1365889782.947102,967.0731707317073,56.2,3.254167079925537
1365889783.210508,756.0975609756098,55.7,3.2825653553009033
1365889783.499545,1186.5853658536585,56.2,3.251216173171997
1365889783.761017,878.0487804878048,55.7,3.269134998321533
1365889784.040779,788.4146341463415,55.7,3.364609718322754
1365889784.3450549,831.0975609756097,55.7,3.2947468757629395
1365889784.6316202,929.8780487804878,56.2,3.250072479248047
1365889784.889066,769.5121951219512,55.7,3.2837071418762207
1365889785.178379,1893.2926829268292,55.7,3.2427713871002197
1365889785.4346309,866.4634146341464,56.2,3.249061346054077
1365889785.691367,949.390243902439,55.7,3.2743539810180664
1365889785.966927,967.0731707317073,55.7,3.2456533908843994
1365889786.225621,921.3414634146342,55.7,3.2456634044647217
1365889786.4811761,889.0243902439024,55.7,3.255124807357788
1365889786.743603,740.2439024390244,55.1,3.2954769134521484
1365889787.0410419,1318.90243902439,55.1,3.2480437755584717
1365889787.298738,871.3414634146342,55.7,3.2446556091308594
1365889787.5643342,918.9024390243903,55.1,3.288396120071411
1365889787.859564,843.9024390243902,56.2,3.248971939086914
1365889788.1144252,828.0487804878048,56.2,3.248049020767212
1365889788.37056,780.4878048780488,55.7,3.278548240661621
1365889788.658171,1824.3902439024391,55.7,3.3862967491149902
1365889788.96926,1015.2439024390243,56.2,3.309504508972168
1365889789.2397451,935.3658536585366,55.7,3.274940013885498
1365889789.5112069,1539.6341463414633,56.8,3.2598719596862793
1365889789.7839859,998.170731707317,56.2,3.300894021987915
1365889790.0657878,924.3902439024391,56.2,3.3610286712646484
1365889790.3675468,1656.7073170731708,55.7,3.276416063308716
1365889790.639261,1007.3170731707318,55.7,3.30661678314209
1365889790.90047,734.1463414634146,55.1,3.3216817378997803
1365889791.214824,821.951219512195,56.2,3.257136106491089
1365889791.47759,890.2439024390244,56.2,3.256258010864258
1365889791.745888,758.5365853658536,55.7,3.3125319480895996
1365889792.054762,805.4878048780488,56.8,3.2497293949127197
1365889792.312377,1285.9756097560976,56.2,3.2969300746917725
1365889792.582965,1220.1219512195123,56.2,3.289259195327759
1365889792.8810291,854.8780487804878,56.2,3.2651028633117676
1365889793.157276,928.048780487805,55.7,3.265856981277466
1365889793.43063,1652.4390243902437,56.2,3.2638440132141113
1365889793.703787,790.2439024390244,56.2,3.2939350605010986
1365889793.99263,967.0731707317073,56.2,3.2656993865966797
1365889794.2671978,1026.2195121951218,56.2,3.2856240272521973
1365889794.566598,1659.1463414634147,56.2,3.276139736175537
1365889794.850529,926.829268292683,56.2,3.2497856616973877
1365889795.1069288,715.2439024390244,56.2,3.3470466136932373
1365889795.4214752,1661.5853658536585,56.2,3.368234157562256
1365889795.683053,1327.439024390244,56.8,3.261493444442749
1365889795.9563441,1352.439024390244,56.2,3.2964026927948
1365889796.254501,971.951219512195,56.2,3.249802350997925
1365889796.51063,860.9756097560976,56.8,3.2843072414398193
1365889796.7953448,1280.4878048780488,56.2,3.2857418060302734
1365889797.076698,931.0975609756098,56.2,3.2728116512298584
1365889797.3526158,968.2926829268292,56.2,3.3164641857147217
1365889797.63555,1275.609756097561,56.8,3.285048007965088
1365889797.930699,1146.9512195121952,56.8,3.3263604640960693
1365889798.2235641,1427.439024390244,56.2,3.267010450363159
1365889798.494313,717.0731707317073,56.2,3.367863416671753
1365889798.824954,853.0487804878048,57.3,3.2511379718780518
1365889799.0835662,959.1463414634146,57.3,3.2584662437438965
1365889799.3548338,1387.8048780487804,56.2,3.3080015182495117
1365889799.659841,1286.5853658536585,57.3,3.2462425231933594
1365889799.9189959,906.0975609756098,57.3,3.265739917755127
1365889800.196692,766.4634146341464,56.8,3.2854745388031006
1365889800.481339,821.3414634146341,56.8,3.261579990386963
1365889800.743205,1250.0,56.8,3.3191442489624023
1365889801.026773,1454.8780487804877,56.2,3.260577440261841
1365889801.296858,805.4878048780488,56.2,3.2583858966827393
1365889801.567153,976.8292682926829,56.8,3.29490327835083
1365889801.847618,834.1463414634146,56.8,3.263617515563965
1365889802.123148,1117.0731707317075,56.8,3.283376932144165
1365889802.4137468,940.2439024390243,56.2,3.2702741622924805
1365889802.688422,666.4634146341464,56.8,3.3218626976013184
1365889802.987301,978.0487804878048,56.2,3.28513503074646
1365889803.280729,960.9756097560976,56.2,3.2567861080169678
1365889803.550478,770.1219512195122,56.2,3.33969783782959
1365889803.833838,1200.609756097561,56.8,3.274219274520874
1365889804.099085,1737.1951219512196,57.3,3.396472692489624
1365889804.356991,804.2682926829269,56.2,3.283052444458008
1365889804.6324859,901.219512195122,57.3,3.2542128562927246
1365889804.893034,996.9512195121952,57.3,3.2667646408081055
1365889805.16307,752.439024390244,56.8,3.3431522846221924
1365889805.4573991,827.4390243902438,57.3,3.248065948486328
1365889805.717839,967.0731707317073,57.3,3.280721664428711
1365889805.980067,760.3658536585366,56.8,3.3017001152038574
1365889806.274209,943.2926829268292,57.3,3.290250301361084
1365889806.554604,1335.9756097560976,57.3,3.6249048709869385
1365889806.817413,799.3902439024391,56.8,3.412353992462158
1365889807.103112,1079.2682926829268,56.8,3.267439842224121
1365889807.367019,917.0731707317074,57.3,3.255749225616455
1365889807.628682,1769.5121951219512,56.2,3.423084020614624
1365889807.9097111,765.2439024390244,56.8,3.2830722332000732
1365889808.205528,873.170731707317,56.8,3.3647773265838623
1365889808.466895,943.9024390243902,56.8,3.349830389022827
1365889808.752578,760.9756097560976,56.2,3.3776028156280518
1365889809.036523,877.439024390244,57.3,3.694653272628784
1365889809.295538,1128.0487804878048,57.3,3.4413530826568604
1365889809.552551,763.4146341463414,56.2,3.3940277099609375
1365889809.848896,813.4146341463414,56.8,3.2522828578948975
1365889810.1134589,924.3902439024391,56.2,3.2458620071411133
1365889810.37294,1303.658536585366,56.2,3.2570905685424805
1365889810.638438,784.1463414634146,56.2,3.2875633239746094
1365889810.938897,956.0975609756097,56.8,3.516089916229248
1365889811.229882,946.951219512195,57.3,3.2551894187927246
1365889811.488637,757.3170731707318,56.8,3.2666399478912354
1365889811.765954,752.439024390244,56.2,3.265601873397827
1365889812.0456882,824.390243902439,56.8,3.3227782249450684
1365889812.3307352,1431.7073170731708,57.3,3.2571280002593994
1365889812.599068,765.2439024390244,56.8,3.3447065353393555
1365889812.89255,940.8536585365853,56.8,3.2493414878845215
1365889813.152043,1012.8048780487804,56.8,3.256103754043579
1365889813.4299111,1612.1951219512196,56.2,3.3966164588928223
1365889813.739799,1168.9024390243903,57.3,3.3283421993255615
1365889813.999268,956.0975609756097,56.8,3.2673165798187256
1365889814.261205,754.2682926829268,56.8,3.2729904651641846
1365889814.541705,932.3170731707318,56.8,3.4425339698791504
1365889814.807408,782.3170731707318,56.8,3.3288638591766357
1365889815.085254,1414.6341463414633,56.8,3.329620838165283
1365889815.401845,1296.9512195121952,56.8,3.30102276802063
1365889815.663877,851.219512195122,57.3,3.2660932540893555
1365889815.9198232,1813.4146341463415,56.8,3.280512809753418
1365889816.214325,976.8292682926829,57.3,3.2431912422180176
1365889816.4710321,940.8536585365853,57.3,3.253248929977417
1365889816.7297542,1225.0,56.8,3.3178341388702393
1365889817.0286222,805.4878048780488,57.3,3.2773475646972656
1365889817.2910469,1009.1463414634145,57.3,3.2661163806915283
1365889817.5517702,770.1219512195122,57.3,3.741738796234131
1365889817.8385339,926.829268292683,57.3,3.457538366317749
1365889818.096079,1857.3170731707319,57.3,3.2916781902313232
1365889818.3698208,1117.6829268292684,57.3,3.274848699569702
1365889818.6563132,816.4634146341463,57.3,3.263741970062256
1365889818.913389,940.8536585365853,57.3,3.3195102214813232
1365889819.187876,759.1463414634146,57.3,3.2691922187805176
1365889819.4665558,1037.1951219512193,57.3,3.2556865215301514
1365889819.735299,1773.1707317073171,57.3,3.257416009902954
1365889819.993429,771.3414634146342,57.3,3.3241043090820312
1365889820.2819571,937.8048780487804,57.3,3.2467055320739746
1365889820.5382028,806.0975609756098,57.3,3.2466609477996826
1365889820.79374,1607.3170731707319,57.3,3.322618007659912
1365889821.076858,971.951219512195,57.3,3.305595874786377
1365889821.3634958,1817.0731707317075,57.3,3.3090035915374756
1365889821.6593359,780.4878048780488,57.3,3.291254758834839
1365889821.958188,1768.2926829268292,57.3,3.2653138637542725
1365889822.223284,959.1463414634146,57.3,3.2483699321746826
1365889822.4787068,1824.3902439024391,57.3,3.2700464725494385
1365889822.756137,1971.3414634146343,57.3,3.348025321960449
1365889823.04894,1399.3902439024391,57.8,3.2603681087493896
1365889823.3221571,756.0975609756098,57.3,3.338163137435913
1365889823.6346822,1114.6341463414635,57.3,3.254878044128418
1365889823.899298,915.8536585365854,57.3,3.2492265701293945
1365889824.164073,709.1463414634146,57.3,3.310206890106201
1365889824.469113,998.170731707317,57.3,3.2719192504882812
1365889824.733423,1709.1463414634147,57.3,3.246344566345215
1365889824.992979,741.4634146341464,57.3,3.267688035964966
1365889825.269197,1045.1219512195123,57.3,3.3666744232177734
1365889825.546706,910.9756097560976,57.3,3.2481141090393066
1365889825.8019662,731.0975609756098,57.3,3.2653825283050537
1365889826.0826292,1640.2439024390244,57.8,3.4374289512634277
1365889826.3483012,971.951219512195,57.8,3.249541997909546
1365889826.605768,759.1463414634146,57.3,3.2862513065338135
1365889826.904772,1821.341463414634,57.3,3.2999072074890137
1365889827.162444,960.9756097560976,57.3,3.515211343765259
1365889827.431262,744.5121951219512,57.3,3.264310836791992
1365889827.7087848,1164.6341463414633,57.3,3.270813226699829
1365889827.978101,1666.4634146341464,57.8,3.2583560943603516
1365889828.241578,1638.4146341463415,57.3,3.2771971225738525
1365889828.52704,957.3170731707316,57.3,3.3826935291290283
1365889828.783303,1275.609756097561,57.3,3.2532734870910645
1365889829.049988,864.0243902439024,57.3,3.27571964263916
1365889829.331701,1385.3658536585365,57.3,3.2499160766601562
1365889829.588355,987.1951219512194,57.3,3.285691738128662
1365889829.863861,1803.0487804878048,57.3,3.3034236431121826
1365889830.1740391,823.170731707317,57.3,3.259471893310547
1365889830.444475,992.0731707317074,57.8,3.3378281593322754
1365889830.71157,738.4146341463414,57.3,3.2715470790863037
1365889830.9884841,901.219512195122,57.8,3.2536463737487793
1365889831.255719,831.0975609756097,57.8,3.2482638359069824
1365889831.511001,745.1219512195122,57.3,3.271341323852539
1365889831.792545,802.439024390244,57.8,3.2566514015197754
1365889832.059278,1613.4146341463415,57.8,3.3082897663116455
1365889832.35481,657.3170731707318,57.3,3.278287649154663
1365889832.644799,1178.658536585366,57.8,3.2529289722442627
1365889832.904669,1729.2682926829268,57.8,3.2431533336639404
1365889833.1608691,1100.0,57.3,3.2823715209960938
1365889833.4556491,809.1463414634147,57.3,3.2487425804138184
1365889833.7109382,995.1219512195122,57.8,3.2512850761413574
1365889833.968367,769.5121951219512,57.8,3.3074593544006348
1365889834.268838,1408.5365853658536,57.8,3.246365547180176
1365889834.526263,1694.5121951219512,57.8,3.280369281768799
1365889834.785024,760.9756097560976,57.3,3.2757632732391357
1365889835.065431,879.8780487804878,57.8,3.3550119400024414
1365889835.326366,875.0,57.8,3.2556498050689697
1365889835.5852458,760.3658536585366,57.3,3.2780253887176514
1365889835.8645508,856.0975609756098,57.8,3.250509738922119
1365889836.120011,921.3414634146342,57.8,3.2481210231781006
1365889836.377352,1774.3902439024391,57.3,3.274657964706421
1365889836.6603782,899.390243902439,57.8,3.252023220062256
1365889836.918735,926.219512195122,57.8,3.2471213340759277
1365889837.178369,795.1219512195122,57.8,3.2577877044677734
1365889837.443219,1628.658536585366,57.3,3.2763278484344482
1365889837.727286,802.439024390244,57.8,3.245590925216675
1365889837.982071,1104.878048780488,57.8,3.3102834224700928
1365889838.279419,751.219512195122,57.3,3.272984504699707
1365889838.559662,806.0975609756098,57.3,3.244769811630249
1365889838.815207,831.0975609756097,57.3,3.251542091369629
1365889839.0708601,768.2926829268292,57.3,3.2819807529449463
1365889839.3667278,890.2439024390244,57.8,3.2495179176330566
1365889839.622136,813.4146341463414,57.8,3.248849391937256
1365889839.877247,910.9756097560976,57.3,3.268717050552368
1365889840.153766,807.3170731707318,57.3,3.2455642223358154
1365889840.4098299,962.1951219512194,57.3,3.247720718383789
1365889840.671493,993.9024390243902,57.3,3.2754077911376953
1365889840.9600582,881.0975609756098,57.3,3.248210906982422
1365889841.215349,970.1219512195122,57.3,3.2545766830444336
1365889841.4834602,818.2926829268292,57.8,3.2647297382354736
1365889841.759551,948.170731707317,57.3,3.2495603561401367
1365889842.018535,1703.6585365853657,57.3,3.257751226425171
1365889842.288394,978.0487804878048,57.3,3.2708773612976074
1365889842.568788,960.9756097560976,57.8,3.2780916690826416
1365889842.824107,984.7560975609756,58.4,3.325782060623169
1365889843.0891469,796.9512195121952,57.3,3.2632672786712646
1365889843.363783,907.3170731707318,57.8,3.246474027633667
1365889843.621096,984.1463414634146,57.8,3.252579927444458
1365889843.886454,928.048780487805,57.3,3.261129379272461
1365889844.15536,758.5365853658536,57.3,3.269700288772583
1365889844.430774,929.8780487804878,57.3,3.2961084842681885
1365889844.69871,982.9268292682926,57.8,3.253880262374878
1365889844.9658291,736.5853658536586,57.3,3.268826961517334
1365889845.2409449,931.0975609756098,57.8,3.2588813304901123
1365889845.513338,804.2682926829269,57.8,3.25003719329834
1365889845.7688708,770.1219512195122,57.3,3.479038953781128
1365889846.103435,982.9268292682926,58.4,3.446948766708374
1365889846.4527218,1419.5121951219512,58.4,3.3093597888946533
1365889846.741465,854.2682926829268,57.8,3.244685649871826
1365889846.997569,1755.4878048780486,57.8,3.2484254837036133
1365889847.252823,801.219512195122,58.4,3.2924540042877197
1365889847.549932,987.8048780487804,57.3,3.2453184127807617
1365889847.806228,799.3902439024391,58.4,3.25388240814209
1365889848.0663989,1311.5853658536585,57.8,3.3164517879486084
1365889848.373586,1651.2195121951218,58.4,3.2453672885894775
1365889848.6307452,925.0,58.4,3.2878568172454834
1365889848.9008331,694.5121951219512,58.4,3.2916595935821533
1365889849.196301,807.9268292682927,58.4,3.27021861076355
1365889849.467305,1555.4878048780488,57.3,3.255851984024048
1365889849.734766,760.3658536585366,58.4,3.273735761642456
1365889850.021816,1000.0,57.8,3.2571094036102295
1365889850.2920399,829.2682926829268,57.8,3.254643440246582
1365889850.5613902,1333.5365853658536,57.8,3.2635772228240967
1365889850.83729,896.9512195121952,57.8,3.258084535598755
1365889851.1084192,832.9268292682926,58.4,3.25722336769104
1365889851.379236,763.4146341463414,58.4,3.2646071910858154
1365889851.6506119,993.2926829268292,57.8,3.2668628692626953
1365889851.938132,971.951219512195,58.4,3.263446807861328
1365889852.210815,750.0,57.8,3.261432647705078
1365889852.482223,799.3902439024391,57.8,3.2431910037994385
1365889852.739245,1056.7073170731708,57.8,3.264521837234497
1365889853.010813,650.609756097561,58.4,3.2678744792938232
1365889853.285574,1661.5853658536585,57.8,3.247767686843872
1365889853.543017,1114.0243902439024,57.8,3.2598211765289307
1365889853.799883,774.390243902439,57.8,3.276658535003662
1365889854.079288,1070.7317073170732,57.3,3.251171588897705
1365889854.3364108,1029.2682926829268,58.4,3.2649242877960205
1365889854.612576,758.5365853658536,57.8,3.306931495666504
1365889854.9039118,954.8780487804878,58.4,3.254110813140869
1365889855.1715589,832.9268292682926,58.4,3.249006748199463
1365889855.427297,748.170731707317,57.8,3.2838542461395264
1365889855.722054,979.8780487804878,58.4,3.582608461380005
1365889856.055831,1761.5853658536585,58.4,3.3565495014190674
1365889856.332437,1045.7317073170732,57.3,3.2985293865203857
1365889856.6393652,846.3414634146342,58.4,3.258944034576416
1365889856.910663,1372.560975609756,58.4,3.2611846923828125
1365889857.1846,753.0487804878048,57.8,3.40769624710083
1365889857.468985,842.0731707317073,57.8,3.2723894119262695
1365889857.7262971,1009.1463414634145,57.8,3.255563974380493
1365889857.9954162,694.5121951219512,57.8,3.2622885704040527
1365889858.270088,1341.4634146341464,58.4,3.774869441986084
1365889858.525711,1674.390243902439,58.4,3.6318039894104004
1365889858.782152,1638.4146341463415,58.4,3.4185256958007812
1365889859.08287,1007.3170731707318,58.4,3.2561755180358887
1365889859.349447,998.170731707317,58.4,3.2608582973480225
1365889859.62132,735.3658536585366,58.4,3.275938034057617
1365889859.903332,975.0,58.4,3.258155107498169
1365889860.170145,998.170731707317,58.4,3.2497193813323975
1365889860.433543,733.5365853658536,58.4,3.281888484954834
1365889860.722924,967.0731707317073,58.4,3.2672946453094482
1365889860.9916642,904.2682926829268,58.4,3.2473504543304443
1365889861.252521,748.170731707317,57.8,3.2929046154022217
1365889861.546195,852.4390243902438,58.4,3.2641475200653076
1365889861.820804,981.0975609756098,58.4,3.258855104446411
1365889862.082412,1776.2195121951218,58.4,3.293220043182373
1365889862.3839738,912.1951219512196,58.4,3.245675563812256
1365889862.643438,923.1707317073171,58.4,3.2744219303131104
1365889862.912127,1620.7317073170732,57.8,3.3037383556365967
1365889863.227921,902.439024390244,58.4,3.2668988704681396
1365889863.494315,909.1463414634146,58.9,3.3191075325012207
1365889863.764043,777.439024390244,57.3,3.282477855682373
1365889864.059073,794.5121951219512,58.4,3.265683650970459
1365889864.3354502,901.219512195122,58.4,3.2958884239196777
1365889864.6030369,1247.560975609756,58.4,3.2655158042907715
1365889864.876299,866.4634146341464,58.9,3.2672922611236572
1365889865.162687,1846.9512195121952,58.4,3.391852617263794
1365889865.47624,810.3658536585366,58.4,3.691293239593506
1365889865.82573,1860.3658536585365,58.4,3.903486728668213
1365889866.1249669,965.2439024390244,59.5,3.6132638454437256
1365889866.3817909,1451.829268292683,58.4,3.3864052295684814
1365889866.657651,973.780487804878,58.4,3.532474994659424
1365889866.987993,1003.0487804878047,59.5,3.432678699493408
1365889867.297756,1040.8536585365853,59.5,3.2724857330322266
1365889867.58034,937.8048780487804,58.4,3.249509572982788
1365889867.836919,987.1951219512194,58.4,3.2889907360076904
1365889868.119765,1728.0487804878048,58.4,3.511795997619629
1365889868.378279,1658.5365853658536,58.9,3.286013126373291
1365889868.660688,1262.8048780487804,58.4,3.5085608959198
1365889868.972063,1893.90243902439,58.9,3.3306727409362793
1365889869.2743611,837.1951219512194,59.5,3.2542612552642822
1365889869.542041,1862.1951219512196,58.9,3.484184503555298
1365889869.8447092,990.2439024390244,58.9,3.255006790161133
1365889870.1144059,1208.5365853658536,58.9,3.2975635528564453
1365889870.3996558,1473.7804878048782,60.0,3.25248646736145
1365889870.659253,801.219512195122,59.5,3.2585678100585938
1365889870.922928,978.0487804878048,58.9,3.3106048107147217
1365889871.225568,951.8292682926829,58.4,3.2667834758758545
1365889871.505306,976.219512195122,59.5,3.3070003986358643
1365889871.7927139,1244.5121951219514,58.4,3.2452573776245117
1365889872.0493,748.170731707317,58.4,3.2815070152282715
1365889872.34415,973.780487804878,58.9,3.3027255535125732
1365889872.624135,946.3414634146341,59.5,3.2810425758361816
1365889872.887869,756.0975609756098,58.4,3.2884361743927
1365889873.183458,904.8780487804878,59.5,3.2630105018615723
1365889873.452737,984.1463414634146,59.5,3.264770746231079
1365889873.7307332,801.219512195122,58.4,3.324836492538452
1365889874.0553951,888.4146341463414,58.4,3.252403497695923
1365889874.314429,1212.8048780487807,58.4,3.316904306411743
1365889874.615555,1625.6097560975609,58.9,3.294564723968506
1365889874.9025578,1035.9756097560976,59.5,3.2726690769195557
1365889875.182642,1835.9756097560976,58.9,3.2645533084869385
1365889875.454356,829.2682926829268,58.9,3.255709648132324
1365889875.729892,1207.9268292682927,59.5,3.358006000518799
1365889876.083161,985.9756097560976,59.5,3.3830556869506836
1365889876.446541,975.0,59.5,3.4840612411499023
1365889876.778212,985.9756097560976,59.5,3.2818665504455566
1365889877.042387,1675.6097560975609,59.5,3.2633450031280518
1365889877.3220422,924.3902439024391,58.9,3.289412498474121
1365889877.6043499,1631.7073170731705,58.4,3.2808215618133545
1365889877.8966138,835.3658536585366,59.5,3.308699131011963
1365889878.1686358,935.9756097560976,59.5,3.2911782264709473
1365889878.460483,825.0,59.5,3.2976272106170654
1365889878.785077,1217.0731707317073,58.4,3.2610881328582764
1365889879.050514,824.390243902439,59.5,3.249560594558716
1365889879.313649,1001.219512195122,58.4,3.3285892009735107
1365889879.64111,1045.7317073170732,58.9,3.2528367042541504
1365889879.907298,1064.0243902439024,59.5,3.268662214279175
1365889880.18754,787.1951219512196,59.5,3.2839674949645996
1365889880.476492,968.2926829268292,60.0,3.2480363845825195
1365889880.731466,1642.6829268292681,59.5,3.315875291824341
1365889881.027491,667.0731707317074,58.4,3.2743144035339355
1365889881.3148859,856.0975609756098,59.5,3.29789400100708
1365889881.5942342,1642.6829268292681,59.5,3.2532811164855957
1365889881.8534532,1196.9512195121952,58.9,3.4141297340393066
1365889882.1736362,1004.2682926829267,59.5,3.302746295928955
1365889882.464755,824.390243902439,59.5,3.2492477893829346
1365889882.7212641,748.170731707317,58.9,3.333016872406006
1365889883.0429282,835.3658536585366,58.4,3.3459274768829346
1365889883.321505,943.2926829268292,59.5,3.2760703563690186
1365889883.6042922,817.0731707317073,58.9,3.2862865924835205
1365889883.8967721,810.3658536585366,59.5,3.2541990280151367
1365889884.164638,931.0975609756098,59.5,3.2925796508789062
1365889884.4431841,823.170731707317,59.5,3.552018880844116
1365889884.755444,1000.0,59.5,3.34932017326355
1365889885.088653,960.3658536585366,59.5,3.2457683086395264
1365889885.3505018,1565.2439024390244,59.5,3.3087992668151855
1365889885.6381671,910.3658536585366,58.9,3.247282028198242
1365889885.900566,1170.1219512195123,59.5,3.2821779251098633
1365889886.192522,1716.4634146341464,59.5,3.272801637649536
1365889886.477869,940.2439024390243,59.5,3.2495603561401367
1365889886.740659,732.3170731707316,59.5,3.331109046936035
1365889887.0586948,1148.780487804878,60.0,3.5618109703063965
1365889887.3175209,854.8780487804878,59.5,3.3826873302459717
1365889887.5762858,762.1951219512196,59.5,3.325350522994995
1365889887.883561,839.0243902439024,59.5,3.3363497257232666
1365889888.163885,850.0,59.5,3.586479902267456
1365889888.452116,748.170731707317,58.4,3.318596363067627
1365889888.746853,1780.4878048780488,59.5,3.315796375274658
1365889889.046005,1516.4634146341461,60.0,3.2462351322174072
1365889889.304184,868.2926829268292,58.9,3.2890357971191406
1365889889.614322,1020.1219512195121,59.5,3.268202304840088
1365889889.8920152,904.2682926829268,59.5,3.2485287189483643
1365889890.1478121,744.5121951219512,58.9,3.4648516178131104
1365889890.455483,902.439024390244,58.9,3.458219289779663
1365889890.71056,1788.4146341463413,58.4,3.2663092613220215
1365889890.983076,1051.219512195122,59.5,3.328735589981079
1365889891.3057752,864.0243902439024,59.5,3.2788302898406982
1365889891.579245,887.1951219512196,59.5,3.271979570388794
1365889891.8528981,1120.121951219512,59.5,3.2678942680358887
1365889892.1320472,951.8292682926829,58.9,3.269630193710327
1365889892.4024599,821.951219512195,59.5,3.3644018173217773
1365889892.6876018,762.1951219512196,59.5,3.715914726257324
1365889892.98402,1459.7560975609756,59.5,3.4292521476745605
1365889893.258243,1150.0,59.5,3.257028818130493
1365889893.528838,782.3170731707318,58.9,3.3527257442474365
1365889893.850152,1248.780487804878,59.5,3.2518527507781982
1365889894.110891,951.2195121951219,59.5,3.2635743618011475
1365889894.3848472,1632.3170731707316,59.5,3.2622742652893066
1365889894.6595452,1545.7317073170732,59.5,3.276900291442871
1365889894.949319,996.3414634146342,60.0,3.296128034591675
1365889895.229005,1588.4146341463415,59.5,3.351039171218872
1365889895.550077,1538.4146341463413,59.5,3.296086072921753
1365889895.832758,1004.2682926829267,59.5,3.2672600746154785
1365889896.101658,754.2682926829268,59.5,3.269033908843994
1365889896.377911,987.1951219512194,59.5,3.3065714836120605
1365889896.659832,1422.560975609756,59.5,3.2649757862091064
1365889896.9291542,1203.0487804878048,59.5,3.314234495162964
1365889897.247554,978.0487804878048,59.5,3.2432949542999268
1365889897.5047839,976.219512195122,59.5,3.2645375728607178
1365889897.759986,807.9268292682927,59.5,3.2934553623199463
1365889898.065755,1115.8536585365855,59.5,3.269537925720215
1365889898.348636,824.390243902439,59.5,3.26180362701416
1365889898.62239,1594.5121951219512,59.5,3.481985092163086
1365889898.923008,982.9268292682926,59.5,3.259103298187256
1365889899.1871219,985.9756097560976,59.5,3.304609775543213
1365889899.474048,756.0975609756098,59.5,3.295978307723999
1365889899.7737129,1717.0731707317073,59.5,3.300323963165283
1365889900.069621,890.8536585365854,59.5,3.268324375152588
1365889900.327314,738.4146341463414,59.5,3.3342292308807373
1365889900.638032,979.8780487804878,59.5,3.2866225242614746
1365889900.9209569,879.2682926829268,59.5,3.247598648071289
1365889901.176039,778.048780487805,59.5,3.3163304328918457
1365889901.4893188,904.8780487804878,59.5,3.2496531009674072
1365889901.752987,917.0731707317074,59.5,3.307882308959961
1365889902.0243242,1278.6585365853657,59.5,3.2972469329833984
1365889902.327411,940.2439024390243,59.5,3.273621082305908
1365889902.593191,1489.6341463414635,59.5,3.3016982078552246
1365889902.865185,779.2682926829268,58.9,3.331727981567383
1365889903.1607502,1076.219512195122,59.5,3.256704092025757
1365889903.432467,1390.8536585365853,60.0,3.2782950401306152
1365889903.711977,915.2439024390244,59.5,3.2850942611694336
1365889904.000622,924.3902439024391,59.5,3.3050808906555176
1365889904.279541,968.9024390243902,60.0,3.2515082359313965
1365889904.53665,742.0731707317074,59.5,3.2812111377716064
1365889904.830216,866.4634146341464,59.5,3.418336868286133
1365889905.1139681,981.0975609756098,60.0,3.302760601043701
1365889905.377675,745.1219512195122,59.5,3.550250291824341
1365889905.684268,835.9756097560976,59.5,3.275254487991333
1365889905.94798,1877.439024390244,59.5,3.3436620235443115
1365889906.213002,976.8292682926829,58.9,3.2822859287261963
1365889906.507972,830.4878048780488,59.5,3.2468557357788086
1365889906.7685409,973.780487804878,59.5,3.277597665786743
1365889907.03725,1736.5853658536585,59.5,3.3258516788482666
1365889907.3457139,868.9024390243902,59.5,3.2805917263031006
1365889907.622025,807.3170731707318,59.5,3.2781262397766113
1365889907.900071,783.5365853658537,59.5,3.270005702972412
1365889908.1784441,856.0975609756098,60.0,3.320499897003174
1365889908.4538822,1725.6097560975609,60.0,3.493727922439575
1365889908.7284539,752.439024390244,59.5,3.287715435028076
1365889908.9982562,998.780487804878,59.5,3.3433077335357666
1365889909.3045251,830.4878048780488,60.0,3.2713000774383545
1365889909.572194,954.2682926829268,59.5,3.3531579971313477
1365889909.8914628,1546.3414634146343,59.5,3.253970146179199
1365889910.15824,1084.7560975609756,59.5,3.417635440826416
1365889910.423657,757.3170731707318,58.4,3.340183973312378
1365889910.726083,960.9756097560976,59.5,3.247469663619995
1365889910.986619,810.3658536585366,59.5,3.56032657623291
1365889911.253088,743.2926829268292,59.5,3.333768606185913
1365889911.533128,909.1463414634146,59.5,3.253894090652466
1365889911.800988,850.0,59.5,3.3199689388275146
1365889912.102564,763.4146341463414,59.5,3.269970178604126
1365889912.370019,910.9756097560976,60.0,3.2606213092803955
1365889912.64321,810.9756097560976,59.5,3.609095811843872
1365889912.9257312,807.3170731707318,59.5,3.57723069190979
1365889913.2149491,1436.5853658536585,59.5,3.300987482070923
1365889913.487083,976.8292682926829,60.0,3.3478991985321045
1365889913.746154,765.2439024390244,59.5,3.334245204925537
1365889914.0458822,879.8780487804878,59.5,3.279278039932251
1365889914.337496,1742.0731707317075,60.0,3.252218723297119
1365889914.597408,718.2926829268292,59.5,3.326988458633423
1365889914.90583,1206.7073170731708,59.5,3.2475295066833496
1365889915.165677,851.219512195122,59.5,3.2687957286834717
1365889915.4396899,832.3170731707316,59.5,3.313998222351074
1365889915.7585092,835.9756097560976,60.0,3.2570927143096924
1365889916.018944,906.0975609756098,59.5,3.3345441818237305
1365889916.315815,771.3414634146342,58.4,3.2794902324676514
1365889916.600258,985.9756097560976,60.0,3.2757246494293213
1365889916.879922,918.2926829268293,60.0,3.255496025085449
1365889917.148426,1619.5121951219514,59.5,3.405008316040039
1365889917.414573,1017.0731707317074,59.5,3.2987964153289795
1365889917.692954,946.951219512195,60.0,3.4174249172210693
1365889917.961828,751.219512195122,59.5,3.629758834838867
1365889918.264878,904.8780487804878,59.5,3.4228708744049072
1365889918.536434,1490.8536585365855,59.5,3.2720227241516113
1365889918.805503,681.0975609756098,59.5,3.37522292137146
1365889919.125086,1477.439024390244,59.5,3.2749242782592773
1365889919.385698,907.9268292682927,60.0,3.466174840927124
1365889919.6528,1854.2682926829268,60.0,3.3697712421417236
1365889919.950239,890.2439024390244,59.5,3.248288869857788
1365889920.208569,1391.4634146341461,60.0,3.4686357975006104
1365889920.486697,703.0487804878048,60.0,3.3049609661102295
1365889920.795105,876.219512195122,60.5,3.371952772140503
1365889921.066918,1737.1951219512196,59.5,3.29225754737854
1365889921.3564641,1042.0731707317073,58.9,3.29675555229187
1365889921.655526,1708.5365853658536,59.5,3.300837993621826
1365889921.937662,923.1707317073171,60.0,3.2463572025299072
1365889922.194348,776.219512195122,60.0,3.294402599334717
1365889922.4895868,1835.3658536585367,60.0,3.3553452491760254
1365889922.771851,902.439024390244,60.0,3.300544261932373
1365889923.038336,856.0975609756098,59.5,3.3565452098846436
1365889923.352164,923.1707317073171,60.0,3.252216100692749
1365889923.613555,901.219512195122,60.5,3.2702090740203857
1365889923.882668,840.2439024390244,60.0,3.308302402496338
1365889924.200146,1279.8780487804877,59.5,3.2863852977752686
1365889924.476268,989.0243902439024,60.5,3.302609443664551
1365889924.770943,1012.8048780487804,59.5,3.296531915664673
1365889925.069785,1739.6341463414635,60.0,3.293874740600586
1365889925.351357,1657.3170731707316,60.0,3.2447781562805176
1365889925.610091,768.2926829268292,60.0,3.298597812652588
1365889925.915662,1584.7560975609756,60.0,3.2671587467193604
1365889926.184972,845.1219512195122,60.5,3.2762207984924316
1365889926.455004,1601.219512195122,60.0,3.4376862049102783
1365889926.768288,1012.1951219512196,60.0,3.4073803424835205
1365889927.051313,1605.4878048780488,60.0,3.305933713912964
1365889927.344337,1562.8048780487804,59.5,3.284306287765503
1365889927.6380951,946.3414634146341,60.0,3.3035333156585693
1365889927.921325,1767.0731707317073,60.0,3.2538745403289795
1365889928.1884549,738.4146341463414,60.0,3.296016216278076
1365889928.481515,1009.1463414634145,60.5,3.3096630573272705
1365889928.7775621,1014.0243902439023,60.0,3.2538039684295654
1365889929.0375092,674.3902439024391,60.0,3.3263139724731445
1365889929.363643,923.1707317073171,60.0,3.2701690196990967
1365889929.623727,826.2195121951219,60.0,3.2695930004119873
1365889929.904161,1167.6829268292684,59.5,3.2832422256469727
1365889930.200512,909.1463414634146,60.5,3.256622552871704
1365889930.467596,1794.5121951219512,60.0,3.499612331390381
1365889930.745655,757.3170731707318,59.5,3.2698493003845215
1365889931.0266361,1215.8536585365853,59.5,3.272944211959839
1365889931.30778,971.3414634146342,60.5,3.2765510082244873
1365889931.594943,1614.6341463414635,59.5,3.3084356784820557
1365889931.9069,1842.0731707317073,60.5,3.2919628620147705
1365889932.195654,992.0731707317074,60.0,3.246645450592041
1365889932.4642649,771.3414634146342,60.0,3.311373710632324
1365889932.756594,1493.2926829268295,60.5,3.250715970993042
1365889933.019551,1312.8048780487804,60.5,3.256054162979126
1365889933.287176,1619.5121951219514,60.0,3.304161548614502
1365889933.572781,1520.7317073170732,60.5,3.24798583984375
1365889933.828236,915.2439024390244,60.0,3.2535290718078613
1365889934.095763,755.4878048780488,60.0,3.310936212539673
1365889934.388405,1032.9268292682927,60.0,3.2481491565704346
1365889934.643967,801.219512195122,60.5,3.256697654724121
1365889934.920106,760.9756097560976,60.5,3.31992506980896
1365889935.216801,1001.8292682926829,60.0,3.5416719913482666
1365889935.493855,857.3170731707316,60.0,3.3055543899536133
1365889935.776333,727.4390243902438,59.5,3.6097359657287598
1365889936.064202,1659.1463414634147,60.0,3.329312562942505
1365889936.3302028,965.2439024390244,60.5,3.331160545349121
1365889936.588894,1505.4878048780486,60.0,3.4205288887023926
1365889936.87803,990.2439024390244,60.5,3.2638931274414062
1365889937.1450691,940.8536585365853,59.5,3.285738229751587
1365889937.412659,760.3658536585366,60.0,3.422433376312256
1365889937.701729,973.170731707317,60.0,3.345712423324585
1365889937.9624162,1365.8536585365855,60.5,3.2659478187561035
1365889938.2312572,1235.9756097560976,59.5,3.4739811420440674
1365889938.520823,1004.2682926829267,60.0,3.2902095317840576
1365889938.8005571,975.0,60.0,3.2496631145477295
1365889939.063946,762.1951219512196,59.5,3.3238704204559326
1365889939.375145,1827.439024390244,59.5,3.2642314434051514
1365889939.6518478,827.4390243902438,60.0,3.318453550338745
1365889939.9252841,826.2195121951219,60.0,3.518108606338501
1365889940.237834,888.4146341463414,60.0,3.2694315910339355
1365889940.49571,1825.0,60.5,3.2816386222839355
1365889940.770499,1001.8292682926829,60.0,3.2821271419525146
1365889941.0551412,821.3414634146341,60.5,3.270108938217163
1365889941.3358521,987.1951219512194,61.1,3.284956216812134
1365889941.614135,755.4878048780488,59.5,3.293637275695801
1365889941.917192,984.7560975609756,60.0,3.2943334579467773
1365889942.197837,929.8780487804878,60.0,3.260636329650879
1365889942.459906,1603.658536585366,60.0,3.3570587635040283
1365889942.7828732,890.8536585365854,60.5,3.2454326152801514
1365889943.042023,1446.341463414634,60.5,3.2722980976104736
1365889943.304553,776.219512195122,60.5,3.3074915409088135
1365889943.6125708,976.219512195122,60.5,3.2544949054718018
1365889943.872268,940.2439024390243,60.5,3.2808783054351807
1365889944.163004,946.3414634146341,60.0,3.2603139877319336
1365889944.436464,951.2195121951219,60.5,3.266653299331665
1365889944.7157052,989.0243902439024,60.5,3.3366379737854004
1365889944.99806,771.3414634146342,59.5,3.307204484939575
1365889945.305484,954.2682926829268,60.5,3.257350206375122
1365889945.578858,1351.8292682926829,60.5,3.249007225036621
1365889945.8354611,957.9268292682926,60.0,3.283987283706665
1365889946.128221,903.048780487805,60.5,3.278843402862549
1365889946.419939,870.1219512195122,60.5,3.2419307231903076
1365889946.6759748,1034.1463414634147,60.0,3.3837127685546875
1365889947.013744,1140.8536585365853,60.0,3.2601258754730225
1365889947.2740722,987.1951219512194,60.0,3.283883810043335
1365889947.532971,778.048780487805,60.0,3.308161735534668
1365889947.848475,981.0975609756098,60.0,3.2583744525909424
1365889948.118342,918.9024390243903,60.5,3.4363479614257812
1365889948.388118,762.1951219512196,60.0,3.2902474403381348
1365889948.661397,1625.6097560975609,60.5,3.2689385414123535
1365889948.9361432,1035.9756097560976,60.5,3.288612127304077
1365889949.2198248,760.3658536585366,59.5,3.276658535003662
1365889949.5105898,1507.3170731707316,60.5,3.2905595302581787
1365889949.792418,1633.5365853658536,60.5,3.250016212463379
1365889950.0560682,1516.4634146341461,60.0,3.2996716499328613
1365889950.362987,1159.1463414634147,60.0,3.3010246753692627
1365889950.6392572,914.0243902439024,60.5,3.258084535598755
1365889950.908024,754.2682926829268,59.5,3.366786003112793
1365889951.212713,1512.8048780487804,60.5,3.33685040473938
1365889951.467838,957.3170731707316,60.5,3.257673978805542
1365889951.738837,765.2439024390244,60.0,3.2863738536834717
1365889952.037382,893.2926829268292,61.1,3.247992753982544
1365889952.2924328,901.219512195122,60.5,3.2904958724975586
1365889952.578271,1435.3658536585365,60.5,3.2784109115600586
1365889952.865033,877.439024390244,60.5,3.2553491592407227
1365889953.134527,840.2439024390244,60.0,3.3002867698669434
1365889953.4160168,827.4390243902438,59.5,3.4555904865264893
1365889953.706424,1237.8048780487804,60.5,3.2707345485687256
1365889953.9865012,1151.8292682926829,60.5,3.2566182613372803
1365889954.252747,759.1463414634146,60.5,3.3348889350891113
1365889954.543581,1365.8536585365855,60.5,3.3628478050231934
1365889954.8235898,884.1463414634146,60.5,3.2440338134765625
1365889955.082711,762.1951219512196,60.5,3.3807289600372314
1365889955.3802419,1001.8292682926829,60.5,3.35831880569458
1365889955.6359522,943.9024390243902,60.5,3.2925870418548584
1365889955.893582,764.0243902439024,60.5,3.3419978618621826
1365889956.205329,968.9024390243902,60.5,3.2503600120544434
1365889956.469304,968.2926829268292,60.5,3.3516323566436768
1365889956.7468622,809.1463414634147,60.5,3.306401491165161
1365889957.0479438,803.048780487805,60.5,3.2496650218963623
1365889957.306201,982.9268292682926,60.5,3.321929693222046
1365889957.587554,981.0975609756098,60.0,3.343201160430908
1365889957.864604,890.2439024390244,60.5,3.279650926589966
1365889958.137207,827.4390243902438,60.5,3.305741786956787
1365889958.413895,751.219512195122,60.0,3.376697063446045
1365889958.6974452,1034.7560975609756,60.5,3.2925355434417725
1365889958.969849,1272.560975609756,60.0,3.2818710803985596
1365889959.2477891,759.1463414634146,60.0,3.282449245452881
1365889959.533786,877.439024390244,60.5,3.406034469604492
1365889959.8014789,928.048780487805,60.5,3.2877161502838135
1365889960.063228,893.9024390243902,60.5,3.3002123832702637
1365889960.35933,989.0243902439024,60.5,3.281696081161499
1365889960.6465878,814.0243902439024,60.5,3.2470943927764893
1365889960.9029849,726.219512195122,60.5,3.3282907009124756
1365889961.209573,1079.2682926829268,60.5,3.2496142387390137
1365889961.470303,1730.4878048780488,60.5,3.2845406532287598
1365889961.7360058,781.0975609756098,60.5,3.355687379837036
1365889962.0420249,840.2439024390244,60.5,3.2450318336486816
1365889962.3012621,957.9268292682926,60.5,3.2625672817230225
1365889962.578256,767.0731707317074,60.5,3.77138090133667
1365889962.885034,1450.609756097561,60.5,3.4757587909698486
1365889963.1481411,1021.9512195121952,60.5,3.293691635131836
1365889963.428412,771.3414634146342,60.5,3.323692798614502
1365889963.703396,1734.1463414634147,60.5,3.268173933029175
1365889963.978118,865.2439024390244,60.5,3.283430337905884
1365889964.2688372,767.0731707317074,60.5,3.2896816730499268
1365889964.5732129,794.5121951219512,60.5,3.2797114849090576
1365889964.8569841,837.1951219512194,60.5,3.2681994438171387
1365889965.1152372,760.9756097560976,60.5,3.3420753479003906
1365889965.437394,1444.5121951219512,60.5,3.2484545707702637
1365889965.6988668,871.9512195121952,60.5,3.2560606002807617
1365889965.96601,757.3170731707318,60.5,3.323044538497925
1365889966.2705832,832.9268292682926,60.5,3.251924991607666
1365889966.5280252,932.9268292682927,61.1,3.325537919998169
1365889966.816502,1018.9024390243901,60.5,3.2752768993377686
1365889967.105796,1026.2195121951218,60.5,3.2556207180023193
1365889967.375328,1801.219512195122,60.5,3.2913942337036133
1365889967.655987,766.4634146341464,60.5,3.272012233734131
1365889967.940398,940.8536585365853,60.5,3.310774803161621
1365889968.240191,1112.8048780487804,60.5,3.2559690475463867
1365889968.509527,748.170731707317,60.5,3.2727668285369873
1365889968.7964318,1382.9268292682925,60.5,3.2676303386688232
1365889969.063766,799.3902439024391,60.5,3.247504472732544
1365889969.322932,1289.6341463414633,60.5,3.323251485824585
1365889969.6271548,1591.4634146341464,61.1,3.248424768447876
1365889969.8886669,813.4146341463414,60.5,3.2455861568450928
1365889970.157907,793.2926829268293,60.5,3.262774705886841
1365889970.433988,1231.09756097561,60.0,3.2592780590057373
1365889970.697692,817.0731707317073,60.5,3.2606685161590576
1365889970.971808,772.5609756097562,60.5,3.3210196495056152
1365889971.283608,993.2926829268292,60.5,3.247906446456909
1365889971.544887,915.8536585365854,60.5,3.3073794841766357
1365889971.831973,1695.121951219512,61.1,3.261803388595581
1365889972.101593,860.3658536585366,61.1,3.2562272548675537
1365889972.370989,928.048780487805,61.1,3.4572274684906006
1365889972.652089,985.9756097560976,60.5,3.338108777999878
1365889972.98,985.9756097560976,61.1,3.2679836750030518
1365889973.258556,896.9512195121952,60.5,3.247892379760742
1365889973.514037,763.4146341463414,60.5,3.3143248558044434
1365889973.809503,971.3414634146342,60.5,3.277371406555176
1365889974.087884,896.3414634146342,61.1,3.249786615371704
1365889974.352024,762.1951219512196,60.5,3.3506855964660645
1365889974.679382,998.780487804878,60.5,3.249084234237671
1365889974.935185,973.170731707317,60.5,3.27465558052063
1365889975.232268,770.1219512195122,60.5,3.2804243564605713
1365889975.5262,1256.7073170731705,61.1,3.2588999271392822
1365889975.799166,962.8048780487804,61.6,3.2831132411956787
1365889976.074622,1638.4146341463415,60.5,3.2654342651367188
1365889976.35379,887.1951219512196,61.1,3.2793526649475098
1365889976.639311,987.1951219512194,61.1,3.266752004623413
1365889976.9161432,907.3170731707318,61.1,3.3342058658599854
1365889977.229515,838.4146341463414,60.5,3.273479461669922
1365889977.505902,860.3658536585366,60.5,3.243830442428589
1365889977.771429,812.1951219512194,60.5,3.483814239501953
1365889978.073847,890.2439024390244,61.6,3.246642827987671
1365889978.333909,799.3902439024391,61.1,3.2636401653289795
1365889978.604937,672.5609756097562,60.5,3.324228048324585
1365889978.90029,887.1951219512196,60.5,3.2582828998565674
1365889979.163195,1001.8292682926829,60.5,3.4128494262695312
1365889979.453286,1633.5365853658536,60.5,3.3180811405181885
1365889979.775542,1762.1951219512196,61.1,3.31597638130188
1365889980.069389,1714.6341463414633,60.5,3.4640583992004395
1365889980.331352,850.0,60.5,3.348750352859497
1365889980.625216,1062.8048780487804,61.1,3.3032548427581787
1365889980.9101171,851.219512195122,61.6,3.2485275268554688
1365889981.1779509,729.2682926829268,60.5,3.3146791458129883
1365889981.464739,859.1463414634146,60.5,3.2891130447387695
1365889981.725086,996.9512195121952,60.5,3.261593818664551
1365889981.998107,923.1707317073171,61.1,3.322995185852051
1365889982.3155332,802.439024390244,61.6,3.290773630142212
1365889982.583498,1221.9512195121952,61.6,3.2645962238311768
1365889982.860907,1613.4146341463415,60.5,3.2738137245178223
1365889983.1482298,1012.8048780487804,61.1,3.258159637451172
1365889983.4179661,1087.1951219512196,61.1,3.386265993118286
1365889983.702046,756.0975609756098,60.5,3.2955856323242188
1365889984.003263,1616.4634146341464,60.5,3.3700387477874756
1365889984.274764,895.1219512195122,61.1,3.314013719558716
1365889984.532278,957.9268292682926,60.5,3.3293673992156982
1365889984.837784,979.2682926829268,61.6,3.274299383163452
1365889985.117346,860.9756097560976,61.1,3.27822208404541
1365889985.378259,805.4878048780488,61.6,3.3235087394714355
1365889985.699308,899.390243902439,60.5,3.251093864440918
1365889985.958786,934.1463414634147,61.1,3.3162553310394287
1365889986.227843,740.2439024390244,60.5,3.3456051349639893
1365889986.5708401,1540.2439024390244,60.5,3.2674360275268555
1365889986.847902,1710.3658536585367,61.6,3.269902467727661
1365889987.128119,752.439024390244,61.1,3.277452230453491
1365889987.4164648,806.0975609756098,61.1,3.294456958770752
1365889987.697504,931.0975609756098,61.6,3.2455568313598633
1365889987.956314,1143.90243902439,60.5,3.3587889671325684
1365889988.283347,1570.7317073170732,60.5,3.250476837158203
1365889988.54145,910.9756097560976,61.1,3.2566163539886475
1365889988.804954,757.3170731707318,61.1,3.3407323360443115
1365889989.115314,921.9512195121952,60.5,3.245598554611206
1365889989.372138,960.3658536585366,60.5,3.3073055744171143
1365889989.650063,753.0487804878048,60.5,3.2793731689453125
1365889989.9401422,876.219512195122,61.6,3.2788941860198975
1365889990.211597,807.3170731707318,61.1,3.3737926483154297
1365889990.4668632,770.1219512195122,60.5,3.440211296081543
1365889990.7628958,832.3170731707316,61.6,3.294057846069336
1365889991.065255,820.1219512195122,61.6,3.2732882499694824
1365889991.340214,1114.0243902439024,60.5,3.3265159130096436
1365889991.64163,802.439024390244,61.6,3.2813241481781006
1365889991.9280498,978.0487804878048,61.6,3.2466230392456055
1365889992.188103,749.390243902439,61.1,3.330749988555908
1365889992.502537,987.8048780487804,60.5,3.2448666095733643
1365889992.762857,1785.3658536585367,61.1,3.257122278213501
1365889993.034045,725.0,60.5,3.3088173866271973
1365889993.35408,846.951219512195,60.5,3.261647939682007
1365889993.6221461,1009.1463414634145,61.1,3.277874231338501
1365889993.898289,774.390243902439,60.5,3.292205333709717
1365889994.191221,871.3414634146342,61.6,3.3311245441436768
1365889994.495764,990.8536585365854,61.6,3.329772472381592
1365889994.778116,670.1219512195122,61.1,3.3209547996520996
1365889995.094435,984.7560975609756,61.6,3.264998435974121
1365889995.366368,879.8780487804878,61.6,3.258918046951294
1365889995.639106,752.439024390244,61.1,3.2925074100494385
1365889995.938879,937.1951219512194,60.5,3.252370595932007
1365889996.198115,807.9268292682927,61.6,3.2843358516693115
1365889996.4806569,1001.8292682926829,61.1,3.2787890434265137
1365889996.762513,978.0487804878048,61.1,3.361858367919922
1365889997.040318,992.0731707317074,60.5,3.290666103363037
1365889997.32129,760.9756097560976,60.5,3.284468173980713
1365889997.610929,1009.7560975609756,61.1,3.2752346992492676
1365889997.899766,1214.0243902439024,61.6,3.2579212188720703
1365889998.170943,910.3658536585366,60.5,3.300227642059326
1365889998.4797618,1035.9756097560976,61.6,3.273850440979004
1365889998.758903,954.8780487804878,61.1,3.3302552700042725
1365889999.029207,1357.9268292682927,60.5,3.3448381423950195
1365889999.3589609,806.0975609756098,61.6,3.265934944152832
1365889999.6246998,1029.8780487804877,61.6,3.2743616104125977
1365889999.9010339,949.390243902439,61.1,3.278634548187256
1365890000.190589,873.170731707317,61.6,3.253807783126831
1365890000.457115,1001.219512195122,61.1,3.300739288330078
1365890000.73857,683.5365853658537,61.1,3.292080879211426
1365890001.038943,849.390243902439,60.5,3.3020942211151123
1365890001.317628,1004.8780487804878,61.6,3.251268148422241
1365890001.57966,868.2926829268292,60.5,3.3036305904388428
1365890001.896951,976.8292682926829,61.6,3.2653732299804688
1365890002.1689339,946.951219512195,60.5,3.3548684120178223
1365890002.4430232,771.3414634146342,61.1,3.4783170223236084
1365890002.742933,813.4146341463414,61.6,3.2770681381225586
1365890003.0281532,1009.1463414634145,60.5,3.261326789855957
1365890003.2998772,765.2439024390244,61.1,3.3357808589935303
1365890003.6084638,979.8780487804878,61.6,3.300001859664917
1365890003.889413,807.9268292682927,61.6,3.2629621028900146
1365890004.1645381,717.0731707317073,60.5,3.275498390197754
1365890004.4520152,907.9268292682927,61.6,3.30172061920166
1365890004.734408,982.3170731707316,61.1,3.2519712448120117
1365890004.992928,695.1219512195122,60.5,3.365220069885254
1365890005.32721,1713.4146341463415,60.5,3.2525360584259033
1365890005.5913112,896.3414634146342,61.6,3.2647664546966553
1365890005.86889,767.0731707317074,61.1,3.302067279815674
1365890006.1770308,921.9512195121952,61.6,3.2597522735595703
1365890006.450864,971.3414634146342,61.1,3.2648260593414307
1365890006.7226958,769.5121951219512,61.6,3.264214038848877
1365890007.000875,926.829268292683,61.6,3.2579407691955566
1365890007.272301,830.4878048780488,61.6,3.3021719455718994
1365890007.554409,937.8048780487804,60.5,3.2917943000793457
1365890007.8598468,1658.5365853658536,60.5,3.290302038192749
1365890008.1269372,965.8536585365854,61.6,3.2662336826324463
1365890008.3946161,750.0,60.5,3.321573495864868
1365890008.701786,1068.90243902439,61.6,3.258814573287964
1365890008.968674,912.1951219512196,61.6,3.2483766078948975
1365890009.225491,754.2682926829268,61.6,3.3459274768829346
1365890009.542196,904.8780487804878,61.6,3.258035898208618
1365890009.8132129,823.170731707317,61.6,3.262336254119873
1365890010.098103,1040.2439024390244,60.5,3.306929349899292
1365890010.412427,910.3658536585366,61.6,3.260287046432495
1365890010.685676,1012.1951219512196,61.6,3.299060344696045
1365890010.97084,785.9756097560976,60.5,3.278909683227539
1365890011.261746,937.1951219512194,61.6,3.2606348991394043
1365890011.53636,993.2926829268292,61.6,3.270303964614868
1365890011.817751,759.1463414634146,60.5,3.3034732341766357
1365890012.1321669,799.3902439024391,61.1,3.266106128692627
1365890012.4053278,901.219512195122,61.6,3.3018672466278076
1365890012.662238,1663.4146341463413,61.6,3.3006420135498047
1365890012.9747488,915.8536585365854,61.6,3.362653970718384
1365890013.236347,915.2439024390244,61.6,3.3248097896575928
1365890013.522468,772.5609756097562,61.1,3.2900850772857666
1365890013.82721,1101.8292682926829,61.6,3.262944221496582
1365890014.109268,995.1219512195122,61.6,3.2696685791015625
1365890014.375818,773.1707317073171,61.6,3.2798008918762207
1365890014.6691892,803.048780487805,61.6,3.2589468955993652
1365890014.940953,1078.0487804878048,61.6,3.2729854583740234
1365890015.2181609,758.5365853658536,61.1,3.3674283027648926
1365890015.508953,1582.3170731707316,61.6,3.2602012157440186
1365890015.783167,799.3902439024391,61.6,3.244873523712158
1365890016.0426939,784.1463414634146,61.1,3.358628273010254
1365890016.385542,982.3170731707316,61.6,3.259791135787964
1365890016.6475441,990.8536585365854,61.6,3.2935047149658203
1365890016.935776,681.0975609756098,61.6,3.426931619644165
1365890017.224324,973.170731707317,61.6,3.261324882507324
1365890017.498718,904.8780487804878,61.6,3.297449827194214
1365890017.7804291,819.5121951219512,61.1,3.3114562034606934
1365890018.066365,870.1219512195122,61.6,3.2974534034729004
1365890018.3445928,837.1951219512194,61.1,3.276407241821289
1365890018.616885,780.4878048780488,61.1,3.310516595840454
1365890018.919778,989.0243902439024,61.1,3.283513307571411
1365890019.2052102,860.3658536585366,61.1,3.264847993850708
1365890019.4796832,767.0731707317074,60.5,3.3435215950012207
1365890019.791986,910.3658536585366,61.6,3.2461793422698975
1365890020.049184,885.9756097560976,61.6,3.2902698516845703
1365890020.334713,763.4146341463414,61.1,3.314319610595703
1365890020.633378,981.0975609756098,61.6,3.265695333480835
1365890020.919308,1001.8292682926829,61.6,3.2834694385528564
1365890021.2064588,767.0731707317074,61.1,3.337749481201172
1365890021.5113049,832.3170731707316,61.6,3.3390893936157227
1365890021.793557,935.3658536585366,61.1,3.282259464263916
1365890022.048772,757.3170731707318,61.6,3.3223235607147217
1365890022.353763,876.219512195122,61.6,3.264533758163452
1365890022.631652,829.2682926829268,61.1,3.3308863639831543
1365890022.903986,1585.3658536585367,61.6,3.3585188388824463
1365890023.195786,957.3170731707316,61.6,3.3030846118927
1365890023.468626,993.2926829268292,61.6,3.262385845184326
1365890023.74381,765.2439024390244,61.1,3.3141424655914307
1365890024.0695229,1079.8780487804877,61.6,3.294722318649292
1365890024.354005,996.9512195121952,61.6,3.2693142890930176
1365890024.629524,763.4146341463414,61.6,3.2928974628448486
1365890024.931475,1862.1951219512196,61.6,3.289241313934326
1365890025.204343,982.9268292682926,61.1,3.2546775341033936
1365890025.478497,1218.9024390243903,61.1,3.3223817348480225
1365890025.789813,830.4878048780488,61.6,3.2703261375427246
1365890026.050071,962.1951219512194,61.1,3.274958372116089
1365890026.325412,1260.9756097560976,61.6,3.3090622425079346
1365890026.625118,957.9268292682926,61.6,3.265821933746338
1365890026.891241,1728.0487804878048,61.1,3.2901413440704346
1365890027.1646268,1026.8292682926829,61.6,3.31162428855896
1365890027.455602,907.9268292682927,61.1,3.2566978931427
1365890027.7266161,807.3170731707318,61.6,3.289480209350586
1365890027.9997509,765.2439024390244,61.6,3.3695404529571533
1365890028.3165598,912.1951219512196,61.6,3.3259668350219727
1365890028.5986629,1054.2682926829268,61.6,3.263294219970703
1365890028.8723042,881.0975609756098,61.6,3.3871400356292725
1365890029.17738,996.3414634146342,61.6,3.286590814590454
1365890029.450664,946.951219512195,61.1,3.2865383625030518
1365890029.723289,752.439024390244,61.1,3.3183186054229736
1365890030.007941,979.2682926829268,61.6,3.2534878253936768
1365890030.266984,1375.6097560975609,61.6,3.2625603675842285
1365890030.538527,771.3414634146342,61.1,3.3370859622955322
1365890030.8417192,895.1219512195122,61.6,3.373593807220459
1365890031.1060338,900.0,61.6,3.278869152069092
1365890031.3734431,889.0243902439024,61.6,3.2792446613311768
1365890031.665547,949.390243902439,61.6,3.2613937854766846
1365890031.94005,996.3414634146342,61.6,3.2706186771392822
1365890032.219758,1148.780487804878,60.5,3.2841594219207764
1365890032.5090072,1236.5853658536585,61.6,3.270439624786377
1365890032.7825642,973.170731707317,61.6,3.2575087547302246
1365890033.053466,737.1951219512194,61.6,3.2803728580474854
1365890033.3499599,1499.390243902439,61.6,3.4201042652130127
1365890033.610276,965.8536585365854,61.1,3.243990182876587
1365890033.869409,763.4146341463414,61.6,3.36144757270813
1365890034.193762,810.9756097560976,60.5,3.2594332695007324
1365890034.467176,981.0975609756098,61.6,3.256303071975708
1365890034.736661,1150.609756097561,60.5,3.318772792816162
1365890035.057188,1386.5853658536585,61.6,3.2578959465026855
1365890035.328938,921.3414634146342,61.6,3.2560501098632812
1365890035.598283,838.4146341463414,61.1,3.325366973876953
1365890035.886848,807.9268292682927,61.6,3.3004419803619385
1365890036.170787,943.2926829268292,61.6,3.2691709995269775
1365890036.44204,1054.878048780488,60.5,3.357757568359375
1365890036.737497,838.4146341463414,61.6,3.2707180976867676
1365890037.0218408,987.8048780487804,61.6,3.2478320598602295
1365890037.280551,749.390243902439,61.6,3.3002219200134277
1365890037.582108,1516.4634146341461,61.6,3.2685511112213135
1365890037.856805,920.1219512195122,61.6,3.2746143341064453
1365890038.129162,782.3170731707318,61.6,3.3248848915100098
1365890038.429205,1018.2926829268292,61.1,3.3055596351623535
1365890038.7111292,1458.5365853658536,61.6,3.254474401473999
1365890038.9803479,843.9024390243902,61.6,3.263930082321167
1365890039.25706,910.3658536585366,61.6,3.279879331588745
1365890039.516949,899.390243902439,61.6,3.26349139213562
1365890039.7868469,776.219512195122,61.6,3.5050747394561768
1365890040.100715,1001.8292682926829,60.5,3.4139933586120605
1365890040.376342,1473.7804878048782,62.1,3.2885050773620605
1365890040.6528609,763.4146341463414,61.6,3.4358062744140625
1365890040.942642,978.0487804878048,61.6,3.2929182052612305
1365890041.215598,962.1951219512194,61.6,3.298794984817505
1365890041.494215,773.1707317073171,61.1,3.337820291519165
1365890041.8220649,925.0,61.6,3.386120319366455
1365890042.103075,1402.4390243902437,61.6,3.2783074378967285
1365890042.3973088,1179.878048780488,61.6,3.279066801071167
1365890042.688032,865.2439024390244,61.6,3.3554306030273438
1365890042.967268,992.0731707317074,61.6,3.2601611614227295
1365890043.2377338,1588.4146341463415,61.6,3.3586747646331787
1365890043.5379908,781.0975609756098,61.6,3.261456251144409
1365890043.813185,859.1463414634146,61.6,3.270244836807251
1365890044.0825658,790.2439024390244,61.6,3.3244659900665283
1365890044.3776698,1532.3170731707316,61.6,3.3203296661376953
1365890044.639709,1844.5121951219512,61.6,3.255136013031006
1365890044.9045591,705.4878048780488,61.6,3.36885404586792
1365890045.230888,864.0243902439024,61.6,3.277269124984741
1365890045.5050611,806.0975609756098,61.6,3.313471555709839
1365890045.791144,772.5609756097562,61.6,3.270671844482422
1365890046.0735328,854.8780487804878,61.6,3.276724100112915
1365890046.343616,935.9756097560976,61.6,3.312302827835083
1365890046.612396,769.5121951219512,61.6,3.297128677368164
1365890046.9245372,1231.09756097561,61.6,3.250164747238159
1365890047.185924,940.2439024390243,61.6,3.2590246200561523
1365890047.454128,778.048780487805,61.1,3.327054262161255
