1365889745.094555,982.9268292682926,40.1,6.260523080825806
1365889745.36325,806.0975609756098,40.1,6.188145160675049
1365889745.6179688,856.0975609756098,40.1,6.21297550201416
1365889745.872659,785.9756097560976,40.1,6.213926076889038
1365889746.1299782,832.3170731707316,39.5,6.24506402015686
1365889746.402365,779.2682926829268,40.1,6.270210266113281
1365889746.657225,901.219512195122,40.1,6.18914532661438
1365889746.912194,918.2926829268293,39.5,6.197757244110107
1365889747.17729,689.6341463414634,39.0,6.447228193283081
1365889747.454008,850.0,39.5,6.19429874420166
1365889747.710752,803.048780487805,39.5,6.535472393035889
1365889747.972561,873.170731707317,39.0,6.36234974861145
1365889748.245161,917.0731707317074,39.5,6.362081289291382
1365889748.501483,882.3170731707318,39.5,6.34655237197876
1365889748.759962,765.2439024390244,39.0,6.2076096534729
1365889749.023638,691.4634146341463,38.5,6.212425231933594
1365889749.3025432,860.9756097560976,39.0,6.190679550170898
1365889749.560065,776.219512195122,39.0,6.189878225326538
1365889749.814707,687.1951219512194,39.0,6.212759494781494
1365889750.093492,871.3414634146342,39.5,6.212235450744629
1365889750.3515751,740.2439024390244,39.0,6.220198631286621
1365889750.605439,778.048780487805,39.5,6.264255046844482
1365889750.875243,976.219512195122,39.5,6.193195819854736
1365889751.133552,909.1463414634146,39.0,6.196324110031128
1365889751.3919418,901.219512195122,39.0,6.229331016540527
1365889751.649869,693.2926829268292,38.5,6.3459389209747314
1365889751.925982,929.2682926829269,39.0,6.277878522872925
1365889752.183958,795.1219512195122,40.1,6.21866774559021
1365889752.4398458,843.2926829268292,39.0,6.219931364059448
1365889752.711282,779.2682926829268,39.0,6.198168039321899
1365889752.9697669,746.3414634146342,40.1,6.229155778884888
1365889753.223556,856.0975609756098,39.5,6.286659240722656
1365889753.484315,682.3170731707318,39.0,6.226090431213379
1365889753.768168,918.9024390243903,39.0,6.259320497512817
1365889754.023235,893.2926829268292,39.0,6.411899566650391
1365889754.279993,749.390243902439,39.0,6.221813440322876
1365889754.562297,787.1951219512196,39.5,6.191488742828369
1365889754.818516,768.2926829268292,39.0,6.234334945678711
1365889755.073202,865.2439024390244,39.0,6.206204175949097
1365889755.3476858,699.390243902439,39.0,6.212795972824097
1365889755.6244202,1212.8048780487807,39.0,6.192997217178345
1365889755.880179,823.170731707317,39.5,6.190640449523926
1365889756.1357372,896.9512195121952,39.5,6.206967115402222
1365889756.40989,636.5853658536586,38.5,6.220410585403442
1365889756.685937,878.0487804878048,39.0,6.3149731159210205
1365889756.939539,810.3658536585366,39.0,6.199654579162598
1365889757.20206,687.1951219512194,39.0,6.2377028465271
1365889757.479775,909.1463414634146,39.0,6.189935684204102
1365889757.7358441,796.9512195121952,40.1,6.213908672332764
1365889757.995877,866.4634146341464,39.5,6.236518859863281
1365889758.268812,770.1219512195122,39.5,6.202340364456177
1365889758.52436,896.3414634146342,39.5,6.212138891220093
1365889758.783914,918.9024390243903,39.0,6.201332092285156
1365889759.0442328,639.6341463414634,39.0,6.220141887664795
1365889759.323692,837.1951219512194,39.5,6.2311272621154785
1365889759.581176,796.9512195121952,39.5,6.186675310134888
1365889759.837585,741.4634146341464,39.0,6.218406677246094
1365889760.109611,906.0975609756098,39.0,6.195504188537598
1365889760.367139,793.2926829268293,40.1,6.188302516937256
1365889760.622817,879.8780487804878,39.0,6.210228204727173
1365889760.88729,839.0243902439024,39.0,6.2305121421813965
1365889761.1683872,760.3658536585366,39.0,6.307482957839966
1365889761.424396,731.0975609756098,39.5,6.182666301727295
1365889761.679306,849.390243902439,39.5,6.206940650939941
1365889761.954984,843.9024390243902,39.0,6.1921961307525635
1365889762.212915,851.219512195122,39.0,6.185307025909424
1365889762.469723,799.3902439024391,39.0,6.200863838195801
1365889762.7363992,748.170731707317,39.0,6.343249082565308
1365889763.0186481,864.0243902439024,40.1,6.227906703948975
1365889763.272942,826.2195121951219,40.1,6.211904764175415
1365889763.527512,621.3414634146342,39.0,6.230474948883057
1365889763.809649,896.3414634146342,40.1,6.201317071914673
1365889764.06564,770.1219512195122,39.5,6.1879706382751465
1365889764.3201861,906.0975609756098,39.0,6.225412845611572
1365889764.5946372,904.8780487804878,39.5,6.18580174446106
1365889764.848746,900.0,39.5,6.194293975830078
1365889765.103984,884.1463414634146,39.5,6.30737829208374
1365889765.36097,711.5853658536585,39.0,6.242470979690552
1365889765.644028,863.4146341463414,39.0,6.190261363983154
1365889765.8978539,743.2926829268292,39.5,6.191046476364136
1365889766.152524,898.1707317073171,39.0,6.2016918659210205
1365889766.4259589,693.2926829268292,38.5,6.221454620361328
1365889766.703059,778.048780487805,39.5,6.2259745597839355
1365889766.958184,780.4878048780488,40.1,6.219188213348389
1365889767.2170382,634.1463414634146,39.0,6.228538751602173
1365889767.4969358,837.1951219512194,39.5,6.185991048812866
1365889767.752126,853.0487804878048,39.0,6.210322380065918
1365889768.009562,910.3658536585366,39.0,6.2765913009643555
1365889768.281234,838.4146341463414,39.5,6.282626152038574
1365889768.535562,730.4878048780488,40.1,6.234185457229614
1365889768.791703,793.2926829268293,39.0,6.278465986251831
1365889769.049721,704.2682926829268,39.0,6.214939832687378
1365889769.325456,874.390243902439,39.5,6.196516275405884
1365889769.582349,932.9268292682927,40.1,6.208454370498657
1365889769.840726,817.0731707317073,39.5,6.22251033782959
1365889770.1136131,900.0,39.0,6.201301336288452
1365889770.368232,809.1463414634147,40.1,6.241805553436279
1365889770.6300669,907.3170731707318,39.5,6.204517602920532
1365889770.890472,606.7073170731708,39.0,6.224932670593262
1365889771.168728,834.1463414634146,39.5,6.212666988372803
1365889771.427913,767.0731707317074,40.1,6.249972820281982
1365889771.68552,826.2195121951219,39.0,6.2190773487091064
1365889771.957164,744.5121951219512,39.0,6.19921088218689
1365889772.216502,753.0487804878048,39.5,6.761222839355469
1365889772.475487,910.9756097560976,39.0,6.515945911407471
1365889772.736567,691.4634146341463,39.0,6.271015644073486
1365889773.0215528,854.8780487804878,39.0,6.205521583557129
1365889773.278815,871.9512195121952,39.0,6.209528684616089
1365889773.534987,892.0731707317074,39.5,6.400409936904907
1365889773.811456,887.1951219512196,40.1,6.189068555831909
1365889774.066587,893.9024390243902,40.1,6.190126895904541
1365889774.321764,890.8536585365854,39.0,6.2139809131622314
1365889774.596593,699.390243902439,39.0,6.2406165599823
1365889774.877043,790.2439024390244,39.5,6.18640923500061
1365889775.1320472,746.3414634146342,39.5,6.225383043289185
1365889775.387954,709.1463414634146,39.0,6.3611345291137695
1365889775.668917,864.0243902439024,40.1,6.221539497375488
1365889775.9233348,739.0243902439024,40.1,6.250229597091675
1365889776.1790621,1003.0487804878047,40.1,6.319031715393066
1365889776.466048,774.390243902439,40.1,6.186880111694336
1365889776.72057,923.1707317073171,39.5,6.18380331993103
1365889776.9746828,889.0243902439024,39.5,6.240449666976929
1365889777.251512,871.9512195121952,39.5,6.188737154006958
1365889777.50929,766.4634146341464,40.1,6.239213943481445
1365889777.762756,896.3414634146342,40.1,6.204239845275879
1365889778.028573,584.1463414634146,39.0,6.392415285110474
1365889778.309014,764.0243902439024,39.5,6.2507336139678955
1365889778.564399,782.3170731707318,40.1,6.314085245132446
1365889778.823363,1617.6829268292684,39.0,6.375099182128906
1365889779.1013298,776.219512195122,39.0,6.363432168960571
1365889779.356228,898.1707317073171,39.0,6.2152018547058105
1365889779.619582,893.9024390243902,39.5,6.287252187728882
1365889779.888405,706.0975609756097,39.0,6.22150182723999
1365889780.166687,876.219512195122,39.5,6.204521179199219
1365889780.425697,752.439024390244,39.0,6.205068588256836
1365889780.682713,691.4634146341463,39.0,6.222247838973999
1365889780.957719,769.5121951219512,39.5,6.302615165710449
1365889781.2142951,926.829268292683,40.1,6.275278329849243
1365889781.468744,832.3170731707316,39.0,6.208743095397949
1365889781.7400188,688.4146341463414,39.5,6.234260320663452
1365889782.0204349,796.3414634146342,39.5,6.197357654571533
1365889782.275272,765.2439024390244,39.5,6.18936824798584
1365889782.5300312,931.0975609756098,39.0,6.228313207626343
1365889782.7971299,694.5121951219512,39.5,6.223266839981079
1365889783.0857291,848.170731707317,40.1,6.185518741607666
1365889783.340396,828.0487804878048,39.5,6.198836326599121
1365889783.5950599,799.3902439024391,39.0,6.421948671340942
1365889783.873068,738.4146341463414,39.5,6.18636155128479
1365889784.127743,906.0975609756098,39.5,6.201091051101685
1365889784.3820841,813.4146341463414,39.5,6.196767091751099
1365889784.6508539,588.4146341463414,39.0,6.214259147644043
1365889784.92641,890.2439024390244,39.5,6.191323518753052
1365889785.180654,902.439024390244,39.5,6.215309381484985
1365889785.43958,693.2926829268292,39.0,6.226807594299316
1365889785.720055,937.8048780487804,39.5,6.27535080909729
1365889785.977003,809.1463414634147,40.1,6.353450775146484
1365889786.2336938,934.1463414634147,39.5,6.204115152359009
1365889786.5077682,790.2439024390244,39.5,6.207086801528931
1365889786.7633312,907.9268292682927,39.5,6.198021411895752
1365889787.0201511,782.3170731707318,39.5,6.389571666717529
1365889787.282597,695.1219512195122,39.5,6.22052001953125
1365889787.560272,793.2926829268293,40.1,6.193677186965942
1365889787.8169432,921.9512195121952,40.1,6.345989227294922
1365889788.075526,882.3170731707318,40.1,6.251680374145508
1365889788.348217,854.2682926829268,39.0,6.20373010635376
1365889788.6022909,850.0,39.5,6.284747123718262
1365889788.8599072,737.1951219512194,39.5,6.199690580368042
1365889789.1212852,694.5121951219512,39.5,6.225679397583008
1365889789.3958132,835.3658536585366,39.5,6.288977384567261
1365889789.655041,923.1707317073171,40.1,6.202210903167725
1365889789.911863,749.390243902439,40.1,6.256868362426758
1365889790.186901,904.8780487804878,40.1,6.249998092651367
1365889790.4435542,760.9756097560976,40.1,6.186881065368652
1365889790.699997,776.219512195122,39.0,6.202975749969482
1365889790.9726489,873.170731707317,40.1,6.190670490264893
1365889791.231806,759.1463414634146,39.5,6.187307596206665
1365889791.486741,778.048780487805,39.5,6.191890239715576
1365889791.744255,712.1951219512194,39.5,6.222594738006592
1365889792.021566,885.3658536585366,40.1,6.233944416046143
1365889792.2859662,824.390243902439,39.5,6.216833829879761
1365889792.5413609,921.3414634146342,39.5,6.250592231750488
1365889792.8103979,877.439024390244,40.1,6.185750246047974
1365889793.068322,758.5365853658536,39.5,6.196362018585205
1365889793.3250802,893.2926829268292,40.1,6.201642036437988
1365889793.5802429,586.5853658536585,39.0,6.231266736984253
1365889793.863522,913.4146341463415,39.5,6.195802211761475
1365889794.118818,876.219512195122,40.1,6.186473846435547
1365889794.374507,809.1463414634147,39.5,6.223284482955933
1365889794.6514518,900.0,40.1,6.234143257141113
1365889794.908941,1173.780487804878,40.1,6.18641209602356
1365889795.16531,865.2439024390244,40.1,6.199214220046997
1365889795.425518,590.2439024390244,39.0,6.22458553314209
1365889795.713006,913.4146341463415,39.5,6.191949844360352
1365889795.9678779,790.2439024390244,40.1,6.189452886581421
1365889796.221805,742.0731707317074,39.5,6.353396654129028
1365889796.5014021,859.1463414634146,40.1,6.189895868301392
1365889796.755816,736.5853658536586,39.5,6.18905234336853
1365889797.010242,859.1463414634146,40.1,6.215498208999634
1365889797.276726,697.560975609756,39.5,6.22185754776001
1365889797.5516531,799.3902439024391,39.5,6.203184127807617
1365889797.8062458,849.390243902439,40.1,6.203046798706055
1365889798.06675,686.5853658536586,40.1,6.2146995067596436
1365889798.343714,856.0975609756098,39.5,6.187069892883301
1365889798.59708,832.3170731707316,40.1,6.194625377655029
1365889798.8538308,854.8780487804878,39.5,6.205545902252197
1365889799.124407,655.4878048780488,39.0,6.213005781173706
1365889799.4014459,868.2926829268292,40.1,6.214622974395752
1365889799.659586,789.0243902439024,39.5,6.194129943847656
1365889799.914655,621.3414634146342,39.5,6.213002443313599
1365889800.192757,884.1463414634146,40.1,6.204759359359741
1365889800.45111,867.0731707317074,40.1,6.188043832778931
1365889800.708371,864.0243902439024,40.1,6.212895154953003
1365889800.982381,807.3170731707318,40.1,6.227262735366821
1365889801.2363892,823.170731707317,39.5,6.532087326049805
1365889801.493984,838.4146341463414,40.1,6.457414627075195
1365889801.75295,679.2682926829269,39.0,6.2878499031066895
1365889802.0298162,842.0731707317073,40.1,6.267117023468018
1365889802.2866402,820.1219512195122,40.1,6.325780153274536
1365889802.541708,792.0731707317074,40.1,6.259979724884033
1365889802.810465,711.5853658536585,39.5,6.287353992462158
1365889803.089767,803.048780487805,40.1,6.760069131851196
1365889803.3430772,1799.390243902439,40.1,7.145416498184204
1365889803.596506,760.9756097560976,40.1,6.931970834732056
1365889803.865164,585.3658536585366,39.5,6.664814233779907
1365889804.139561,860.3658536585366,40.1,6.6550562381744385
1365889804.3939142,907.3170731707318,39.5,6.65184473991394
1365889804.647004,879.2682926829268,39.5,7.143557786941528
1365889804.931103,913.4146341463415,39.5,6.879374265670776
1365889805.184045,903.048780487805,39.5,6.628317832946777
1365889805.437404,799.3902439024391,39.0,8.722464799880981
1365889805.705131,686.5853658536586,39.5,8.745830774307251
1365889805.979778,893.2926829268292,40.1,8.472155094146729
1365889806.232799,889.0243902439024,40.1,8.22008466720581
1365889806.4885492,772.5609756097562,39.0,10.132753133773804
1365889806.760106,583.5365853658536,40.1,9.863465070724487
1365889807.03559,829.2682926829268,40.1,9.589272260665894
1365889807.2912698,835.9756097560976,39.5,9.33486819267273
1365889807.544275,755.4878048780488,40.1,9.083271026611328
1365889807.8029928,694.5121951219512,39.5,8.948917150497437
1365889808.080705,734.1463414634146,39.5,8.672325611114502
1365889808.3336189,749.390243902439,39.5,8.420416831970215
1365889808.587163,890.8536585365854,40.1,8.168569087982178
1365889808.846585,603.6585365853658,39.0,8.2117178440094
1365889809.126396,1711.5853658536587,39.0,7.932835102081299
1365889809.379571,884.1463414634146,40.1,7.68061089515686
1365889809.632549,900.0,40.1,7.428764343261719
1365889809.890625,677.439024390244,39.0,7.17170262336731
1365889810.169869,700.6097560975609,39.0,6.893476963043213
1365889810.4461608,749.390243902439,40.1,6.618374586105347
1365889810.703357,743.2926829268292,40.1,6.491290807723999
1365889810.957011,890.8536585365854,39.5,6.372093677520752
1365889811.2309482,1628.658536585366,40.1,9.571673393249512
1365889811.4882848,732.3170731707316,39.5,9.315188884735107
1365889811.741884,1798.170731707317,40.1,9.062145948410034
1365889811.998973,580.4878048780488,40.1,8.806421756744385
1365889812.277154,814.0243902439024,40.1,8.52980089187622
1365889812.530357,1605.4878048780488,40.1,8.768879175186157
1365889812.7847779,876.219512195122,40.1,8.515564441680908
1365889813.0400581,641.4634146341464,39.0,8.261651039123535
1365889813.3234408,893.2926829268292,39.5,7.980247259140015
1365889813.576905,749.390243902439,39.5,7.729756593704224
1365889813.8306901,810.9756097560976,40.1,7.477810382843018
1365889814.08714,699.390243902439,39.0,7.2226881980896
1365889814.363403,682.3170731707318,40.1,6.947875499725342
1365889814.637346,723.170731707317,39.0,7.072784423828125
1365889814.893431,789.0243902439024,40.1,6.889709234237671
1365889815.1483939,851.219512195122,39.5,6.636195659637451
1365889815.4060538,676.219512195122,39.0,8.250718593597412
1365889815.683132,631.0975609756098,39.0,7.991315841674805
1365889815.958988,882.9268292682926,40.1,7.716960906982422
1365889816.211971,890.8536585365854,39.5,7.465660810470581
1365889816.464728,890.8536585365854,40.6,7.214107990264893
1365889816.7228749,685.3658536585366,40.1,7.824259042739868
1365889816.997378,661.5853658536586,39.5,7.600467681884766
1365889817.271622,688.4146341463414,39.5,7.327280044555664
1365889817.5556061,896.9512195121952,39.5,7.0446085929870605
1365889817.80881,810.3658536585366,40.1,6.792430639266968
1365889818.062037,734.1463414634146,39.5,6.540410280227661
1365889818.3317912,680.4878048780488,39.5,7.722499132156372
1365889818.608858,760.3658536585366,40.1,7.44661545753479
1365889818.862993,740.2439024390244,40.1,7.193670988082886
1365889819.118607,868.2926829268292,40.1,7.6775054931640625
1365889819.3785899,689.6341463414634,39.0,7.456280946731567
1365889819.6526852,912.1951219512196,40.1,7.183889150619507
1365889819.909782,1120.121951219512,40.1,6.9295642375946045
1365889820.1628501,851.219512195122,40.1,6.678820371627808
1365889820.4215622,680.4878048780488,39.0,6.604603290557861
1365889820.701717,800.0,40.1,6.32582950592041
1365889820.9561548,1112.1951219512196,40.1,7.534082412719727
1365889821.209345,835.9756097560976,39.5,7.3995935916900635
1365889821.473629,678.048780487805,39.5,46.89592480659485
1365889821.756646,857.9268292682926,40.1,46.699806213378906
1365889822.010986,752.439024390244,40.1,46.446420669555664
1365889822.263834,828.0487804878048,40.1,46.194520473480225
1365889822.533351,678.048780487805,39.0,45.926109075546265
1365889822.808773,763.4146341463414,40.1,45.65184998512268
1365889823.062859,746.3414634146342,40.1,45.398743867874146
1365889823.318922,830.4878048780488,39.5,45.14364147186279
1365889823.591048,683.5365853658537,39.5,44.87248754501343
1365889823.865889,814.0243902439024,40.1,44.598793506622314
1365889824.1222668,749.390243902439,40.1,44.343599796295166
1365889824.374902,893.9024390243902,40.1,44.09220004081726
1365889824.64492,865.2439024390244,40.1,43.82326054573059
1365889824.901932,759.1463414634146,39.5,43.64849519729614
1365889825.1565099,1807.3170731707316,40.1,43.394792318344116
1365889825.412996,689.6341463414634,39.0,43.31318235397339
1365889825.687225,677.439024390244,39.0,43.13599634170532
1365889825.969131,606.7073170731708,39.0,42.855185747146606
1365889826.243407,652.439024390244,39.5,42.58197355270386
1365889826.521018,737.1951219512194,39.5,42.30542469024658
1365889826.774082,737.1951219512194,40.1,42.053433418273926
1365889827.027245,781.0975609756098,40.1,41.801658630371094
1365889827.287091,678.048780487805,40.1,41.54332160949707
1365889827.565618,791.4634146341464,39.5,41.57360005378723
1365889827.818495,754.2682926829268,40.1,41.32171320915222
1365889828.071562,774.390243902439,40.1,41.06969380378723
1365889828.349201,711.5853658536585,40.1,40.79307317733765
1365889828.602155,730.4878048780488,40.1,40.54108190536499
1365889828.8548,840.2439024390244,39.0,40.28949451446533
1365889829.124429,639.6341463414634,39.5,40.02082371711731
1365889829.393157,846.3414634146342,40.1,39.753281354904175
1365889829.646661,790.2439024390244,40.1,39.50083327293396
1365889829.900428,689.6341463414634,40.1,39.248066425323486
1365889830.1878662,768.2926829268292,39.5,38.9616379737854
1365889830.44303,783.5365853658537,40.1,38.70746207237244
1365889830.696485,832.3170731707316,40.1,38.454994916915894
1365889830.971054,846.951219512195,40.1,38.18138861656189
1365889831.223573,772.5609756097562,40.1,37.92987322807312
1365889831.476514,789.0243902439024,40.1,37.678006410598755
1365889831.736076,688.4146341463414,39.0,37.4194552898407
1365889832.011124,591.4634146341463,39.5,37.14539980888367
1365889832.28498,818.2926829268292,40.1,36.87253451347351
1365889832.5406861,819.5121951219512,40.1,36.61799120903015
1365889832.7938519,890.2439024390244,40.1,36.36668109893799
1365889833.051476,677.439024390244,39.0,36.11070775985718
1365889833.329182,691.4634146341463,39.0,35.835883378982544
1365889833.6035252,581.7073170731707,40.1,35.56299114227295
1365889833.878368,829.2682926829268,40.1,35.29021120071411
1365889834.133944,820.1219512195122,40.1,35.03566026687622
1365889834.387328,899.390243902439,40.1,35.3546404838562
1365889834.654997,671.3414634146342,39.0,35.08825874328613
1365889834.9321332,695.1219512195122,39.5,34.81368947029114
1365889835.206913,685.3658536585366,39.0,34.540971517562866
1365889835.481597,1655.4878048780488,39.5,34.27167248725891
1365889835.737719,810.3658536585366,40.1,34.01901721954346
1365889835.9904692,893.9024390243902,40.1,33.76749849319458
1365889836.2474492,633.5365853658536,39.0,33.51181602478027
1365889836.521375,857.9268292682926,40.1,33.24024987220764
1365889836.7806249,912.1951219512196,40.1,33.13018226623535
1365889837.033659,910.3658536585366,40.1,32.87821364402771
1365889837.299428,591.4634146341463,39.0,32.615314245224
1365889837.577897,734.1463414634146,39.5,32.41204595565796
1365889837.8307772,763.4146341463414,40.1,32.16053342819214
1365889838.0835001,954.2682926829268,40.1,31.909125328063965
1365889838.361276,688.4146341463414,39.5,31.6329984664917
1365889838.637063,802.439024390244,40.1,31.35866355895996
1365889838.889754,909.1463414634146,39.5,31.1072359085083
1365889839.1455202,732.3170731707316,39.5,30.852694511413574
1365889839.416578,714.0243902439024,39.0,30.5830819606781
1365889839.6946108,785.9756097560976,40.1,30.305898666381836
1365889839.950322,893.9024390243902,40.1,30.050902128219604
1365889840.2043772,848.170731707317,40.1,29.797515392303467
1365889840.464635,680.4878048780488,39.5,29.53787875175476
1365889840.741359,690.2439024390243,39.5,29.26247262954712
1365889841.019982,645.1219512195122,39.0,28.98558235168457
1365889841.2963688,772.5609756097562,40.1,28.710231065750122
1365889841.552417,857.9268292682926,40.1,28.455343008041382
1365889841.805554,789.0243902439024,40.1,28.203259229660034
1365889842.059998,641.4634146341464,39.5,28.01993203163147
1365889842.334502,790.2439024390244,40.1,27.74804973602295
1365889842.595092,783.5365853658537,40.1,27.489864587783813
1365889842.848267,860.9756097560976,40.1,27.239290475845337
1365889843.109076,684.1463414634147,39.5,26.981194019317627
1365889843.389046,887.1951219512196,40.1,26.702916383743286
1365889843.6430469,913.4146341463415,40.1,26.451976776123047
1365889843.8972101,876.219512195122,40.1,26.19999122619629
1365889844.1615942,629.2682926829268,40.1,25.94050407409668
1365889844.438358,837.1951219512194,39.5,25.666688442230225
1365889844.693202,743.2926829268292,40.1,25.41515040397644
1365889844.946531,835.3658536585366,40.1,25.165004014968872
1365889845.22501,1384.7560975609756,39.0,24.889221906661987
1365889845.5004458,814.0243902439024,40.1,24.615792989730835
1365889845.754265,896.3414634146342,40.1,24.36434578895569
1365889846.010151,816.4634146341463,40.1,24.110661268234253
1365889846.2632582,611.5853658536586,40.1,23.85931897163391
1365889846.539094,688.4146341463414,40.1,23.58545756340027
1365889846.828287,1159.7560975609756,39.5,23.346769332885742
1365889847.0829911,887.1951219512196,40.1,23.096943378448486
1365889847.336401,763.4146341463414,39.5,22.847180366516113
1365889847.604446,702.4390243902438,39.5,22.581952333450317
1365889847.882762,896.9512195121952,40.1,23.109806537628174
1365889848.1375968,838.4146341463414,40.1,22.93785309791565
1365889848.393288,825.0,40.1,22.68336844444275
1365889848.6514041,685.3658536585366,39.0,22.426429510116577
1365889848.929017,884.1463414634146,40.1,22.150089502334595
1365889849.187558,902.439024390244,40.1,21.893016576766968
1365889849.440671,890.2439024390244,40.1,21.641517162322998
1365889849.706887,690.2439024390243,39.0,21.377018451690674
1365889849.9863849,910.3658536585366,40.6,21.100039958953857
1365889850.241319,846.951219512195,40.1,21.06805443763733
1365889850.49547,712.1951219512194,40.1,20.81522250175476
1365889850.770275,746.3414634146342,40.1,20.541711568832397
1365889851.02771,924.3902439024391,40.1,20.285594701766968
1365889851.282669,906.0975609756098,39.0,20.332857370376587
1365889851.554476,741.4634146341464,40.1,20.0635187625885
1365889851.810254,899.390243902439,40.1,19.80913281440735
1365889852.063977,849.390243902439,40.1,19.55661106109619
1365889852.32498,689.6341463414634,39.5,19.384326934814453
1365889852.60621,754.2682926829268,40.1,19.167215824127197
1365889852.859371,762.1951219512196,40.1,18.915203094482422
1365889853.11427,766.4634146341464,40.1,18.66133189201355
1365889853.381136,689.6341463414634,39.5,18.396790981292725
1365889853.657807,863.4146341463414,39.5,18.12106966972351
1365889853.911382,813.4146341463414,40.1,17.868613719940186
1365889854.1661062,815.2439024390243,40.1,17.71376633644104
1365889854.4344351,633.5365853658536,39.0,17.44646668434143
1365889854.711492,873.170731707317,40.1,17.17048931121826
1365889854.965429,818.2926829268292,40.1,16.917705059051514
1365889855.221211,1676.219512195122,40.1,16.66333270072937
1365889855.484001,672.5609756097562,39.5,16.401814222335815
1365889855.760365,912.1951219512196,40.1,16.126675128936768
1365889856.0174642,889.0243902439024,40.1,15.871437549591064
1365889856.271806,871.9512195121952,40.1,15.618465662002563
1365889856.5390432,701.2195121951219,39.5,15.352509021759033
1365889856.814522,789.0243902439024,40.1,15.078308343887329
1365889857.0692549,882.3170731707318,40.1,14.826051950454712
1365889857.3235478,699.390243902439,40.1,14.579938888549805
1365889857.604028,848.170731707317,40.1,14.300888776779175
1365889857.8584309,879.8780487804878,40.1,14.047771215438843
1365889858.112024,754.2682926829268,40.1,13.795562744140625
1365889858.392101,738.4146341463414,40.1,13.517304182052612
1365889858.6454,849.390243902439,40.1,13.343584775924683
1365889858.8982432,795.1219512195122,40.1,13.093730688095093
1365889859.158584,699.390243902439,40.1,12.834819555282593
1365889859.439583,730.4878048780488,40.1,12.555505275726318
1365889859.6928499,821.3414634146341,40.1,12.303951501846313
1365889859.946288,881.0975609756098,40.1,12.052019119262695
1365889860.2199428,784.1463414634146,40.1,11.779887437820435
1365889860.476434,1640.2439024390244,39.5,11.524874448776245
1365889860.729492,765.2439024390244,40.6,11.27332091331482
1365889860.986208,704.2682926829268,40.1,11.018676519393921
1365889861.27246,907.9268292682927,40.1,10.73482608795166
1365889861.5296352,870.1219512195122,40.1,10.481367349624634
1365889861.783896,903.048780487805,39.5,10.228631973266602
1365889862.059066,771.3414634146342,40.1,9.955183267593384
1365889862.312617,888.4146341463414,40.1,9.70311951637268
1365889862.567928,1720.1219512195123,40.1,9.449496269226074
1365889862.836158,702.4390243902438,39.5,9.182927370071411
1365889863.1105878,816.4634146341463,40.1,9.051869869232178
1365889863.364993,744.5121951219512,40.1,8.798660278320312
1365889863.622624,701.2195121951219,40.1,8.54235553741455
1365889863.897989,784.1463414634146,40.1,9.115388870239258
1365889864.154401,937.1951219512194,40.1,8.860085725784302
1365889864.4116428,820.1219512195122,40.1,8.603893041610718
1365889864.6838348,730.4878048780488,40.1,8.333155632019043
1365889864.938686,813.4146341463414,40.1,8.079387187957764
1365889865.194891,846.951219512195,40.1,7.824233770370483
1365889865.4679072,614.6341463414634,40.1,7.552613019943237
1365889865.74486,904.2682926829268,40.1,7.276688575744629
1365889865.9986959,863.4146341463414,40.1,7.1591575145721436
1365889866.260418,907.9268292682927,40.1,6.946884393692017
1365889866.5354822,757.3170731707318,40.1,6.673577308654785
1365889866.791208,923.1707317073171,40.1,6.419715166091919
1365889867.0492191,803.048780487805,40.1,6.198932886123657
1365889867.3208709,882.9268292682926,40.1,6.196605920791626
1365889867.5744052,733.5365853658536,40.1,6.1866614818573
1365889867.832431,915.8536585365854,40.1,6.198280572891235
1365889868.092227,699.390243902439,40.1,6.2203919887542725
1365889868.370719,915.2439024390244,40.1,6.187635660171509
1365889868.630207,915.8536585365854,40.1,6.225992202758789
1365889868.88399,868.9024390243902,40.1,6.2070839405059814
1365889869.151835,675.609756097561,39.5,6.210047483444214
1365889869.433971,946.3414634146341,40.1,6.209950923919678
1365889869.690953,807.9268292682927,40.1,6.2153284549713135
1365889869.946941,694.5121951219512,39.0,6.243124485015869
1365889870.228965,921.3414634146342,40.1,6.269001007080078
1365889870.483513,921.3414634146342,40.1,6.2074058055877686
1365889870.738653,716.4634146341463,40.1,6.24288535118103
1365889871.014532,879.2682926829268,40.1,6.19811487197876
1365889871.275231,871.3414634146342,40.1,6.206415176391602
1365889871.529011,760.9756097560976,40.1,6.202549457550049
1365889871.7956119,697.560975609756,40.1,6.231632947921753
1365889872.079944,793.2926829268293,40.1,6.223100662231445
1365889872.3350022,846.3414634146342,40.1,6.277182102203369
1365889872.5897422,879.8780487804878,40.1,6.240581750869751
1365889872.868783,939.0243902439024,40.1,6.189626455307007
1365889873.1237519,877.439024390244,40.6,6.235521078109741
1365889873.379711,771.3414634146342,40.1,6.215850830078125
1365889873.653258,807.3170731707318,40.1,6.284496545791626
1365889873.907657,929.8780487804878,40.1,6.2360148429870605
1365889874.162946,884.1463414634146,40.1,6.185340404510498
1365889874.419379,700.6097560975609,39.5,6.2466721534729
1365889874.7069,798.1707317073171,40.1,6.201377630233765
1365889874.961617,899.390243902439,40.1,6.230410814285278
1365889875.2155032,821.951219512195,40.1,6.199072360992432
1365889875.4824178,693.2926829268292,40.1,6.212639331817627
1365889875.762175,732.3170731707316,40.1,6.186534881591797
1365889876.0160341,798.1707317073171,40.1,6.20305323600769
1365889876.274704,871.9512195121952,40.1,6.222097635269165
1365889876.544037,586.5853658536585,40.1,6.204896688461304
1365889876.8207612,845.1219512195122,40.1,6.193714618682861
1365889877.0842922,784.1463414634146,40.1,6.185358047485352
1365889877.338372,685.3658536585366,40.1,6.206653594970703
1365889877.6134322,898.1707317073171,40.1,6.211759805679321
1365889877.872022,846.951219512195,40.1,6.187920808792114
1365889878.1268349,902.439024390244,40.1,6.209391832351685
1365889878.398036,838.4146341463414,40.1,6.2388410568237305
1365889878.6554072,939.0243902439024,40.1,6.201866388320923
1365889878.911284,748.170731707317,40.1,6.353523254394531
1365889879.170246,691.4634146341463,40.1,6.219484567642212
1365889879.449117,904.2682926829268,40.6,6.187149286270142
1365889879.7032142,910.9756097560976,40.6,6.1879799365997314
1365889879.957978,821.3414634146341,40.1,6.202405214309692
1365889880.220396,689.6341463414634,39.5,6.227054595947266
1365889880.518579,873.170731707317,40.1,6.187715768814087
1365889880.772592,776.219512195122,40.1,6.184985399246216
1365889881.027491,689.6341463414634,40.1,6.219953298568726
1365889881.316454,971.951219512195,40.6,6.262969017028809
1365889881.572387,835.9756097560976,40.1,6.1859519481658936
1365889881.826539,788.4146341463415,40.1,6.211631774902344
1365889882.1069372,838.4146341463414,40.1,6.191174030303955
1365889882.3609118,787.1951219512196,40.1,6.1963417530059814
1365889882.615346,914.0243902439024,40.1,6.205154180526733
1365889882.891687,810.3658536585366,40.1,6.198718786239624
1365889883.146353,850.0,40.1,6.188732624053955
1365889883.400712,734.1463414634146,40.6,6.19877552986145
1365889883.663747,697.560975609756,40.1,6.212796211242676
1365889883.9414442,830.4878048780488,40.1,6.236262321472168
1365889884.194767,904.2682926829268,40.1,6.427226781845093
1365889884.4515278,747.560975609756,40.6,6.253947496414185
1365889884.711982,685.3658536585366,39.5,6.2142417430877686
1365889884.9906769,812.1951219512194,40.1,6.2120044231414795
1365889885.246193,770.1219512195122,40.6,6.503142833709717
1365889885.503833,887.1951219512196,40.6,6.265467166900635
1365889885.763335,684.1463414634147,40.1,6.214763164520264
1365889886.042159,915.8536585365854,40.1,6.193212509155273
1365889886.303066,812.1951219512194,40.6,6.199046611785889
1365889886.556661,846.3414634146342,40.1,6.1985132694244385
1365889886.818345,603.6585365853658,40.1,6.250659227371216
1365889887.101176,760.9756097560976,40.1,6.191452503204346
1365889887.359782,857.3170731707316,40.1,6.276872634887695
1365889887.614742,692.0731707317073,40.1,6.306260108947754
1365889887.8989398,756.0975609756098,40.1,6.243538856506348
1365889888.153439,1782.3170731707316,40.1,6.1949379444122314
1365889888.409847,899.390243902439,40.1,6.2365992069244385
1365889888.682941,642.6829268292684,40.1,6.213655948638916
1365889888.9581,780.4878048780488,40.1,6.206892490386963
1365889889.212068,829.2682926829268,40.6,6.399367809295654
1365889889.4688709,630.4878048780488,40.1,6.4134087562561035
1365889889.7474968,760.9756097560976,40.1,6.231316804885864
1365889890.001982,923.1707317073171,40.1,6.408597946166992
1365889890.2557771,799.3902439024391,40.1,6.2314536571502686
1365889890.536172,888.4146341463414,40.6,6.186418771743774
1365889890.792726,747.560975609756,40.6,6.184971332550049
1365889891.048658,884.1463414634146,40.1,6.446767330169678
1365889891.313484,706.0975609756097,40.1,6.212185859680176
1365889891.5965152,914.0243902439024,40.1,6.265090227127075
1365889891.85157,899.390243902439,40.1,6.2129411697387695
1365889892.1102378,688.4146341463414,40.1,6.205811262130737
1365889892.387371,756.0975609756098,40.1,6.25311541557312
1365889892.6417038,871.3414634146342,40.6,6.242734909057617
1365889892.9016771,816.4634146341463,40.1,6.215352535247803
1365889893.175076,825.0,40.1,6.2164223194122314
1365889893.4292538,800.0,40.1,6.1902382373809814
1365889893.6879501,768.2926829268292,40.1,6.22079610824585
1365889893.9473898,681.0975609756098,40.1,6.224731206893921
1365889894.2254038,860.3658536585366,40.1,6.188404083251953
1365889894.483288,951.2195121951219,40.1,6.192309856414795
1365889894.739939,743.2926829268292,39.5,6.219073534011841
1365889895.0080252,635.3658536585366,40.1,6.300722360610962
1365889895.288002,848.170731707317,40.1,6.188004493713379
1365889895.544959,742.0731707317074,40.1,6.186990976333618
1365889895.798568,678.048780487805,40.1,6.308265209197998
1365889896.0733771,1037.8048780487804,40.6,6.187016248703003
1365889896.3314261,913.4146341463415,40.1,6.200787305831909
1365889896.5863402,942.0731707317073,40.6,6.219563007354736
1365889896.860208,877.439024390244,40.1,6.199776649475098
1365889897.118686,871.9512195121952,40.1,6.198293924331665
1365889897.3724642,898.1707317073171,40.1,6.222870826721191
1365889897.632146,699.390243902439,40.1,6.23674750328064
1365889897.9161391,889.0243902439024,40.1,6.1826348304748535
1365889898.171757,803.048780487805,40.1,6.202019453048706
1365889898.426286,825.0,40.1,6.211344480514526
1365889898.704997,777.439024390244,40.6,6.1827309131622314
1365889898.9610088,758.5365853658536,40.1,6.190546274185181
1365889899.215512,846.3414634146342,40.6,6.193413257598877
1365889899.4749691,628.6585365853658,40.1,6.243278503417969
1365889899.7616708,784.1463414634146,40.1,6.190127849578857
1365889900.017913,895.1219512195122,40.6,6.217799186706543
1365889900.271452,681.0975609756098,40.1,6.249749183654785
1365889900.5576708,744.5121951219512,40.1,6.185363531112671
1365889900.811074,851.219512195122,40.1,6.362975358963013
1365889901.065852,729.2682926829268,40.1,6.222090721130371
1365889901.347646,859.1463414634146,40.6,6.198917627334595
1365889901.602645,924.3902439024391,40.6,6.205574989318848
1365889901.856365,790.2439024390244,40.1,6.388346433639526
1365889902.124022,705.4878048780488,40.6,6.290436506271362
1365889902.401172,825.0,40.1,6.201593399047852
1365889902.654984,735.3658536585366,40.1,6.345961093902588
1365889902.9106612,698.170731707317,40.1,6.306427240371704
1365889903.188174,801.219512195122,40.1,6.200092077255249
1365889903.4429529,784.1463414634146,40.6,6.185088634490967
1365889903.701976,926.829268292683,40.1,6.208998680114746
1365889903.9744241,697.560975609756,40.1,6.218611001968384
1365889904.248662,832.9268292682926,40.6,6.1942033767700195
1365889904.506485,857.3170731707316,40.1,6.185881614685059
1365889904.7638211,1237.8048780487804,40.1,6.211258888244629
1365889905.040918,745.1219512195122,40.6,6.1886680126190186
1365889905.294208,920.1219512195122,41.2,6.229679346084595
1365889905.557718,759.1463414634146,40.1,6.392194747924805
1365889905.8290591,643.2926829268292,40.1,6.319195747375488
1365889906.1078668,778.048780487805,40.6,6.20729398727417
1365889906.3653572,859.1463414634146,40.1,6.191378116607666
1365889906.6191769,681.0975609756098,40.1,6.2230682373046875
1365889906.895058,832.3170731707316,41.2,6.208513975143433
1365889907.156651,845.1219512195122,40.1,6.188446521759033
1365889907.412952,926.219512195122,40.6,6.22615122795105
1365889907.6919382,918.2926829268293,40.6,6.209505796432495
1365889907.950799,772.5609756097562,40.6,6.520956039428711
1365889908.207287,777.439024390244,40.1,6.344907999038696
1365889908.482671,764.0243902439024,40.1,6.2381415367126465
1365889908.741533,874.390243902439,41.2,6.19480299949646
1365889908.99538,768.2926829268292,40.1,6.206973314285278
1365889909.260103,701.2195121951219,40.1,6.224715948104858
1365889909.542099,746.3414634146342,40.1,6.196041584014893
1365889909.798248,785.9756097560976,40.1,6.455554246902466
1365889910.052644,659.1463414634146,40.1,6.453646898269653
1365889910.332702,1153.0487804878048,40.6,6.266003370285034
1365889910.587807,818.2926829268292,40.1,6.249336004257202
1365889910.8450298,617.6829268292682,40.1,6.291079998016357
1365889911.126399,1048.170731707317,40.6,6.188410520553589
1365889911.383026,915.8536585365854,40.6,6.192470550537109
1365889911.6391392,835.3658536585366,40.6,6.196167469024658
1365889911.905514,654.2682926829268,40.1,6.225166320800781
1365889912.187854,898.1707317073171,40.6,6.192226886749268
1365889912.441741,817.0731707317073,40.1,6.1873931884765625
1365889912.695092,697.560975609756,40.6,6.224554061889648
1365889912.979848,743.2926829268292,40.1,6.190244436264038
1365889913.234019,799.3902439024391,41.2,6.195439100265503
1365889913.488595,920.1219512195122,40.6,6.218898057937622
1365889913.764113,857.3170731707316,40.6,6.18741774559021
1365889914.02026,1226.8292682926829,40.6,6.202483415603638
1365889914.278731,913.4146341463415,40.1,6.276188611984253
1365889914.54773,612.1951219512194,40.1,6.207924842834473
1365889914.824409,895.1219512195122,40.6,6.288274526596069
1365889915.079197,744.5121951219512,40.6,6.5138702392578125
1365889915.337743,1026.2195121951218,40.6,6.351179361343384
1365889915.6159208,917.0731707317074,40.1,6.242614030838013
1365889915.869822,851.219512195122,40.6,6.186725616455078
1365889916.123251,834.1463414634146,40.1,6.216899394989014
1365889916.408983,773.1707317073171,40.6,6.196039438247681
1365889916.6639621,745.1219512195122,41.2,6.196902751922607
1365889916.917779,837.1951219512194,41.2,6.197210073471069
1365889917.186867,688.4146341463414,40.1,6.207900047302246
1365889917.462732,962.1951219512194,40.1,6.220179080963135
1365889917.718922,937.8048780487804,40.1,6.444977283477783
1365889917.979008,899.390243902439,40.6,6.211377859115601
1365889918.2531462,724.390243902439,40.6,6.203986167907715
1365889918.506942,840.2439024390244,40.6,6.19582462310791
1365889918.765381,806.0975609756098,40.1,6.196096420288086
1365889919.026172,678.048780487805,40.1,6.215648174285889
1365889919.304781,773.1707317073171,40.1,6.200502395629883
1365889919.565674,790.2439024390244,40.1,6.224167108535767
1365889919.8215559,802.439024390244,40.6,6.207758903503418
1365889920.097444,751.219512195122,41.2,6.204782009124756
1365889920.3546681,743.2926829268292,40.6,6.185397624969482
1365889920.61044,914.0243902439024,40.1,6.272096872329712
1365889920.879099,665.2439024390244,40.1,6.226183176040649
1365889921.164564,864.0243902439024,40.1,6.181620121002197
1365889921.418923,906.0975609756098,40.1,6.214182138442993
1365889921.67232,773.1707317073171,40.1,6.198943614959717
1365889921.9386592,623.170731707317,40.1,6.2217018604278564
1365889922.225008,801.219512195122,40.1,6.2078447341918945
1365889922.47866,802.439024390244,40.6,6.18839955329895
1365889922.734165,809.1463414634147,40.1,6.218959808349609
1365889923.0126941,705.4878048780488,40.1,6.225993871688843
1365889923.28837,763.4146341463414,40.1,6.213815212249756
1365889923.542083,912.1951219512196,40.6,6.41403865814209
1365889923.8005812,711.5853658536585,40.1,6.248187780380249
1365889924.082752,832.9268292682926,40.6,6.183520078659058
1365889924.338172,738.4146341463414,40.6,6.24254298210144
1365889924.600651,807.3170731707318,40.6,6.206385135650635
1365889924.87669,788.4146341463415,40.1,6.197924852371216
1365889925.131406,820.1219512195122,40.6,6.190776109695435
1365889925.3905332,925.0,40.1,6.199744462966919
1365889925.656246,633.5365853658536,40.1,6.208993196487427
1365889925.930869,867.0731707317074,40.6,6.191610813140869
1365889926.190308,865.2439024390244,40.6,6.195106267929077
1365889926.446035,684.1463414634147,40.1,6.221811294555664
1365889926.723969,860.3658536585366,40.6,6.188675880432129
1365889926.9820852,837.1951219512194,40.6,6.189866781234741
1365889927.23734,794.5121951219512,40.6,6.210309267044067
1365889927.509513,868.9024390243902,41.2,6.211812734603882
1365889927.767073,782.3170731707318,40.6,6.208871841430664
1365889928.023363,748.170731707317,40.6,6.195941925048828
1365889928.284967,1579.2682926829268,40.1,6.222812652587891
1365889928.564725,962.8048780487804,40.1,6.186811923980713
1365889928.821125,759.1463414634146,40.6,6.188565015792847
1365889929.07548,606.7073170731708,40.1,6.205564260482788
1365889929.3501499,821.3414634146341,40.6,6.229214191436768
1365889929.613339,835.3658536585366,40.1,6.194333076477051
1365889929.86894,798.1707317073171,40.1,6.208983659744263
1365889930.14306,816.4634146341463,40.1,6.187957763671875
1365889930.401228,912.1951219512196,40.1,6.237630128860474
1365889930.654797,800.0,41.2,6.241075754165649
1365889930.9162319,681.0975609756098,40.1,6.228727579116821
1365889931.201478,776.219512195122,40.1,6.206560134887695
1365889931.455055,888.4146341463414,40.1,6.230226755142212
1365889931.709001,1468.2926829268292,40.6,6.243191242218018
1365889931.97915,653.6585365853658,40.1,6.2527782917022705
1365889932.256897,795.1219512195122,40.6,6.499310731887817
1365889932.512656,843.9024390243902,40.6,6.2496116161346436
1365889932.767665,700.6097560975609,40.1,6.273731470108032
1365889933.050854,885.3658536585366,40.6,6.338823080062866
1365889933.3067908,860.9756097560976,40.6,6.350225210189819
1365889933.5612988,838.4146341463414,40.1,6.4470014572143555
1365889933.847913,740.2439024390244,40.6,6.292103052139282
1365889934.102676,882.9268292682926,41.2,6.217353343963623
1365889934.3581078,777.439024390244,40.6,6.251087188720703
1365889934.635946,757.3170731707318,40.1,6.204174041748047
1365889934.89307,848.170731707317,40.1,6.275280475616455
1365889935.1481678,889.0243902439024,40.6,6.544917821884155
1365889935.412232,704.2682926829268,40.1,6.298773288726807
1365889935.689549,903.048780487805,40.6,6.210647344589233
1365889935.946785,943.2926829268292,40.6,6.219444751739502
1365889936.2079208,748.170731707317,40.1,6.204980134963989
1365889936.482341,763.4146341463414,40.1,6.196457862854004
1365889936.738127,918.2926829268293,40.6,6.233397722244263
1365889936.996503,918.9024390243903,40.6,6.287550210952759
1365889937.263507,684.1463414634147,40.1,6.364969968795776
1365889937.540417,863.4146341463414,40.1,6.228492259979248
1365889937.7991621,1090.2439024390244,40.6,6.185306549072266
1365889938.055451,639.6341463414634,40.6,6.213380336761475
1365889938.333419,809.1463414634147,40.1,6.218845844268799
1365889938.591886,843.9024390243902,40.1,6.193109512329102
1365889938.8473809,877.439024390244,40.6,6.205336332321167
1365889939.1220381,841.4634146341463,40.1,6.185693025588989
1365889939.378106,914.0243902439024,41.2,6.234486818313599
1365889939.643656,812.1951219512194,40.6,6.201303482055664
1365889939.903569,695.1219512195122,40.1,6.291791677474976
1365889940.1804001,902.439024390244,40.1,6.214426040649414
1365889940.444468,753.0487804878048,40.6,6.188796281814575
1365889940.7017379,743.2926829268292,41.2,6.205487251281738
1365889940.971564,890.2439024390244,40.1,6.190329313278198
1365889941.230266,752.439024390244,40.1,6.185087203979492
1365889941.487054,937.8048780487804,40.1,6.197384834289551
1365889941.7527711,638.4146341463414,40.1,6.24164342880249
1365889942.0396512,850.0,40.1,6.200266599655151
1365889942.294187,918.2926829268293,40.6,6.192974090576172
1365889942.549165,726.219512195122,40.1,6.217936992645264
1365889942.833819,910.9756097560976,40.6,6.195660352706909
1365889943.090082,893.2926829268292,40.6,6.203622102737427
1365889943.343839,762.1951219512196,40.1,6.196597576141357
1365889943.60951,700.6097560975609,40.1,6.24226188659668
1365889943.887574,785.9756097560976,40.1,6.204402446746826
1365889944.142626,740.2439024390244,40.6,6.368488311767578
1365889944.399987,768.2926829268292,40.6,6.221692800521851
1365889944.674981,907.9268292682927,41.2,6.183212995529175
1365889944.929415,801.219512195122,40.1,6.198133230209351
1365889945.184014,862.1951219512194,40.1,6.382632255554199
1365889945.454036,641.4634146341464,40.1,6.22531795501709
1365889945.7292118,845.1219512195122,40.6,6.186836242675781
1365889945.982723,777.439024390244,41.2,6.1872923374176025
1365889946.2401652,840.2439024390244,40.6,6.222830295562744
1365889946.516166,871.3414634146342,40.6,6.200692176818848
1365889946.7709482,857.3170731707316,40.6,6.21500563621521
1365889947.0288389,923.1707317073171,40.6,6.219707250595093
1365889947.297844,1001.219512195122,40.1,6.269123077392578
1365889947.5735521,860.3658536585366,41.2,6.209277391433716
1365889947.8357482,842.0731707317073,40.6,6.191349506378174
1365889948.089612,658.5365853658537,41.2,6.222662687301636
1365889948.368025,839.0243902439024,40.1,6.259392261505127
1365889948.627132,898.1707317073171,41.2,6.1983983516693115
1365889948.881918,744.5121951219512,40.1,6.203318357467651
1365889949.153339,762.1951219512196,41.2,6.196176767349243
1365889949.40906,932.9268292682927,41.2,6.20022177696228
1365889949.66402,842.0731707317073,40.6,6.1880762577056885
1365889949.923742,722.560975609756,40.1,6.212449550628662
1365889950.200002,857.9268292682926,40.1,6.190088272094727
1365889950.4618628,915.2439024390244,40.6,6.19118857383728
1365889950.717088,877.439024390244,40.6,6.257728338241577
1365889950.992059,737.1951219512194,40.1,6.198946952819824
1365889951.252343,805.4878048780488,41.2,6.196084976196289
1365889951.5069811,838.4146341463414,40.1,6.228745222091675
1365889951.768373,683.5365853658537,40.1,6.236445903778076
1365889952.051024,893.9024390243902,40.6,6.220002174377441
1365889952.308531,807.3170731707318,41.2,6.429032564163208
1365889952.563475,982.3170731707316,40.1,6.362276077270508
1365889952.844639,814.0243902439024,40.6,6.205949783325195
1365889953.099339,860.3658536585366,41.2,6.20185923576355
1365889953.3558831,885.3658536585366,40.6,6.264817476272583
1365889953.630485,871.3414634146342,40.6,6.296498775482178
1365889953.884609,803.048780487805,41.2,6.208579063415527
1365889954.1395571,900.0,40.6,6.183053731918335
1365889954.394963,709.1463414634146,40.1,6.234980821609497
1365889954.677021,842.0731707317073,40.1,6.254942417144775
1365889954.9327328,832.9268292682926,40.6,6.196201801300049
1365889955.186385,791.4634146341464,40.6,6.214756011962891
1365889955.456759,689.6341463414634,40.6,6.29126501083374
1365889955.734588,767.0731707317074,41.2,6.1960108280181885
1365889955.9900448,868.2926829268292,40.1,6.223093509674072
1365889956.2472808,639.6341463414634,40.6,6.234129905700684
1365889956.5238268,768.2926829268292,41.2,6.415040016174316
1365889956.778341,907.3170731707318,40.1,6.225741863250732
1365889957.037418,790.2439024390244,40.6,6.200080633163452
1365889957.3061628,701.2195121951219,40.1,6.222876310348511
1365889957.583325,825.0,40.6,6.19131064414978
1365889957.842041,915.8536585365854,40.1,6.282646656036377
1365889958.097713,685.3658536585366,40.6,6.206852912902832
1365889958.37554,739.0243902439024,40.6,6.183756589889526
1365889958.631843,784.1463414634146,40.1,6.18676495552063
1365889958.886583,843.2926829268292,40.1,6.214751482009888
1365889959.163029,896.9512195121952,41.2,6.186694383621216
1365889959.420318,914.0243902439024,41.2,6.1931493282318115
1365889959.682868,871.9512195121952,40.6,6.668880462646484
1365889959.945992,696.3414634146341,40.1,6.416247844696045
1365889960.221416,926.829268292683,40.1,6.191795587539673
1365889960.483469,743.2926829268292,40.6,6.1936726570129395
1365889960.739538,806.0975609756098,40.6,6.230325222015381
1365889961.015606,803.048780487805,40.6,6.190838575363159
1365889961.274483,796.3414634146342,40.6,6.190279722213745
1365889961.528783,745.1219512195122,40.6,6.19868278503418
1365889961.795383,690.2439024390243,40.1,6.20844578742981
1365889962.077177,837.1951219512194,40.6,6.191405534744263
1365889962.331917,768.2926829268292,41.2,6.205383539199829
1365889962.5856571,906.0975609756098,41.2,6.346526145935059
1365889962.8639429,769.5121951219512,40.6,6.397549867630005
1365889963.1182988,856.0975609756098,41.2,6.19201922416687
1365889963.371996,743.2926829268292,40.6,6.193930625915527
1365889963.635037,626.219512195122,40.1,6.229875326156616
1365889963.922821,907.9268292682927,40.6,6.186607360839844
1365889964.178524,767.0731707317074,40.1,6.196557521820068
1365889964.432096,879.8780487804878,40.6,6.204762697219849
1365889964.709114,760.9756097560976,40.6,6.200080156326294
1365889964.9627368,904.8780487804878,40.6,6.189676523208618
1365889965.217102,825.0,41.2,6.220566272735596
1365889965.473654,697.560975609756,40.1,6.239062309265137
1365889965.747496,913.4146341463415,40.6,6.1963887214660645
1365889966.003029,819.5121951219512,40.6,6.190609693527222
1365889966.260766,937.8048780487804,40.6,6.213581323623657
1365889966.537299,724.390243902439,41.2,6.194307804107666
1365889966.790729,910.3658536585366,40.1,6.1903345584869385
1365889967.04434,705.4878048780488,40.6,6.211088180541992
1365889967.324904,910.9756097560976,40.6,6.206945180892944
1365889967.58092,996.9512195121952,41.2,6.1844260692596436
1365889967.835286,871.3414634146342,40.6,6.223769187927246
1365889968.105479,710.3658536585366,40.1,6.2165868282318115
1365889968.3820338,904.8780487804878,41.2,6.23370099067688
1365889968.64054,926.829268292683,41.2,6.214117050170898
1365889968.9043462,698.170731707317,41.2,6.211655616760254
1365889969.180989,906.0975609756098,41.2,6.197413206100464
1365889969.4363189,832.3170731707316,41.2,6.191039323806763
1365889969.6971872,737.1951219512194,40.6,6.2348151206970215
1365889969.9709198,860.3658536585366,40.1,6.230443000793457
1365889970.2275462,865.2439024390244,41.2,6.199964761734009
1365889970.4883342,760.9756097560976,40.1,6.2084245681762695
1365889970.753075,689.6341463414634,40.1,6.329362392425537
1365889971.0326731,904.8780487804878,40.1,6.189831018447876
1365889971.2918139,800.0,40.6,6.190601587295532
1365889971.546587,1301.8292682926829,40.6,6.212942838668823
1365889971.822716,882.3170731707318,40.6,6.243740797042847
1365889972.08069,742.0731707317074,40.6,6.1831910610198975
1365889972.3360288,784.1463414634146,40.1,6.208475351333618
1365889972.6036952,873.170731707317,40.1,6.234859943389893
1365889972.8811588,926.829268292683,40.6,6.209360837936401
1365889973.136089,834.1463414634146,40.6,6.187169790267944
1365889973.3917608,689.6341463414634,40.1,6.213900804519653
1365889973.6761558,765.2439024390244,40.6,6.199687719345093
1365889973.9306948,878.0487804878048,40.6,6.192406177520752
1365889974.184198,705.4878048780488,40.1,6.21075177192688
1365889974.464892,939.0243902439024,40.6,6.186898946762085
1365889974.721645,741.4634146341464,40.6,6.191457509994507
1365889974.976442,862.1951219512194,41.2,6.280019998550415
1365889975.243077,609.1463414634146,40.1,6.222294807434082
1365889975.522811,792.0731707317074,41.2,6.190903186798096
1365889975.777657,774.390243902439,41.2,6.18631649017334
1365889976.0330582,979.8780487804878,40.1,6.2162184715271
1365889976.312941,739.0243902439024,40.1,6.265925645828247
1365889976.567991,744.5121951219512,40.6,6.19587254524231
1365889976.8226922,914.0243902439024,40.6,6.205444097518921
1365889977.0981052,615.2439024390244,40.1,6.4337477684021
1365889977.374541,802.439024390244,40.6,6.207072973251343
1365889977.628413,1541.4634146341464,40.6,6.267527103424072
1365889977.886126,620.1219512195122,40.6,6.238515377044678
1365889978.165741,731.0975609756098,40.6,6.4376819133758545
1365889978.421124,826.2195121951219,40.6,6.26841402053833
1365889978.678286,1073.1707317073171,40.6,6.216758489608765
1365889978.9525928,771.3414634146342,41.2,6.198225736618042
1365889979.2064059,868.9024390243902,41.2,6.3939127922058105
1365889979.4615319,900.0,40.6,6.203603982925415
1365889979.733772,703.0487804878048,40.1,6.211634635925293
1365889980.010337,890.8536585365854,40.6,6.185477018356323
1365889980.2650518,723.170731707317,41.2,6.188967704772949
1365889980.526366,705.4878048780488,40.1,6.279129505157471
1365889980.801481,794.5121951219512,41.2,6.27147102355957
1365889981.056169,825.0,41.2,6.315515995025635
1365889981.3132071,918.9024390243903,40.6,6.27368426322937
1365889981.586019,896.9512195121952,40.1,6.274306058883667
1365889981.8432178,791.4634146341464,40.6,6.191613674163818
1365889982.1001852,918.2926829268293,40.6,6.260333776473999
1365889982.35845,634.1463414634146,40.1,6.226426839828491
1365889982.636415,896.3414634146342,40.6,6.189866065979004
1365889982.894484,885.9756097560976,40.6,6.187779903411865
1365889983.149332,743.2926829268292,40.1,6.281177759170532
1365889983.419991,890.8536585365854,40.1,6.199113845825195
1365889983.674617,726.219512195122,40.6,6.201908349990845
1365889983.938931,893.2926829268292,41.2,6.193297624588013
1365889984.2028558,691.4634146341463,40.6,6.2359771728515625
1365889984.477898,738.4146341463414,40.6,6.192996501922607
1365889984.7404969,745.1219512195122,40.6,6.194318532943726
1365889984.994432,633.5365853658536,40.1,6.208734750747681
1365889985.27183,940.2439024390243,40.6,6.205536842346191
1365889985.53097,803.048780487805,40.6,6.184016704559326
1365889985.786721,830.4878048780488,40.6,6.208961486816406
1365889986.050553,701.2195121951219,40.1,6.21775484085083
1365889986.331415,866.4634146341464,41.2,6.190952301025391
1365889986.585351,906.0975609756098,41.2,6.2020111083984375
1365889986.838922,726.219512195122,40.1,6.2309019565582275
1365889987.119683,781.0975609756098,40.6,6.184628248214722
1365889987.376199,779.2682926829268,40.6,6.2317986488342285
1365889987.629282,810.3658536585366,40.1,6.282768487930298
1365889987.90289,865.2439024390244,40.6,6.284780502319336
1365889988.158286,907.3170731707318,40.6,6.204974889755249
1365889988.413495,887.1951219512196,40.6,6.211157321929932
1365889988.671552,601.219512195122,40.1,6.230836391448975
1365889988.954328,739.0243902439024,41.2,6.1905694007873535
1365889989.211232,914.0243902439024,40.6,6.185786962509155
1365889989.4653928,876.219512195122,40.6,6.20455002784729
1365889989.735651,706.0975609756097,40.1,6.212680339813232
1365889990.012188,918.2926829268293,40.6,6.188203573226929
1365889990.266003,1414.6341463414633,40.6,6.243777275085449
1365889990.524637,898.1707317073171,41.2,6.3230273723602295
1365889990.7864661,691.4634146341463,40.1,6.21636962890625
1365889991.064938,896.9512195121952,40.6,6.227006912231445
1365889991.322592,857.3170731707316,41.2,6.1862499713897705
1365889991.576336,590.2439024390244,40.1,6.284107685089111
1365889991.853714,748.170731707317,40.6,6.193450212478638
1365889992.110537,907.3170731707318,40.6,6.2037131786346436
1365889992.366957,835.3658536585366,41.2,6.200515270233154
1365889992.637999,692.0731707317073,40.1,6.218209266662598
1365889992.91821,832.3170731707316,40.6,6.182306289672852
1365889993.1733918,796.9512195121952,40.6,6.1916728019714355
1365889993.4280891,893.2926829268292,40.1,6.216917991638184
1365889993.700651,923.1707317073171,40.1,6.288031101226807
1365889993.9598851,866.4634146341464,40.6,6.2422404289245605
1365889994.216224,932.9268292682927,41.2,6.198194742202759
1365889994.483531,694.5121951219512,40.1,6.257755517959595
1365889994.764218,915.2439024390244,40.6,6.211117744445801
1365889995.018025,796.3414634146342,41.2,6.188831567764282
1365889995.27296,729.2682926829268,40.1,6.234199523925781
1365889995.554943,766.4634146341464,40.1,6.191441535949707
1365889995.8117251,901.219512195122,40.6,6.274763107299805
1365889996.0675359,740.2439024390244,40.6,6.200855016708374
1365889996.339034,650.609756097561,40.1,6.204160451889038
1365889996.614156,785.3658536585366,40.6,6.196721076965332
1365889996.869895,851.219512195122,41.2,6.200785875320435
1365889997.1270301,898.1707317073171,40.6,6.35125207901001
1365889997.402359,791.4634146341464,40.6,6.190865993499756
1365889997.655659,782.3170731707318,41.2,6.183349132537842
1365889997.9113548,868.9024390243902,40.6,6.21637225151062
1365889998.200043,799.3902439024391,41.2,6.184903621673584
1365889998.45556,781.0975609756098,40.6,6.190864562988281
1365889998.710815,823.170731707317,40.6,6.21563982963562
1365889998.989417,731.0975609756098,40.6,6.18852424621582
1365889999.244925,857.3170731707316,40.6,6.2808239459991455
1365889999.498462,805.4878048780488,40.1,6.421988010406494
1365889999.762327,749.390243902439,40.6,6.207763195037842
1365890000.038086,732.3170731707316,41.2,6.190127611160278
1365890000.2926562,902.439024390244,40.6,6.228302955627441
1365890000.5507379,815.2439024390243,41.2,6.207025766372681
1365890000.8177989,627.439024390244,40.1,6.21364426612854
1365890001.095687,893.2926829268292,40.1,6.197793006896973
1365890001.353477,848.170731707317,40.6,6.1830315589904785
1365890001.607458,696.3414634146341,40.1,6.28296971321106
1365890001.883612,827.4390243902438,41.2,6.3345654010772705
1365890002.140576,820.1219512195122,40.6,6.2199437618255615
1365890002.398561,904.2682926829268,41.2,6.2049760818481445
1365890002.668965,842.0731707317073,41.2,6.205874919891357
1365890002.923203,779.2682926829268,40.6,6.199926137924194
1365890003.1833851,915.2439024390244,41.2,6.199066400527954
1365890003.441911,692.0731707317073,40.1,6.206634998321533
1365890003.720841,837.1951219512194,41.2,6.201403856277466
1365890003.982872,763.4146341463414,40.6,6.186306476593018
1365890004.2364311,875.0,40.6,6.265049695968628
1365890004.5087612,913.4146341463415,41.2,6.231149673461914
1365890004.765676,835.3658536585366,41.2,6.1833789348602295
1365890005.020223,876.219512195122,41.2,6.2375648021698
1365890005.278338,596.3414634146342,40.1,6.216894149780273
1365890005.5621178,752.439024390244,41.2,6.1906561851501465
1365890005.8169842,1667.6829268292684,41.2,6.195026159286499
1365890006.074673,758.5365853658536,40.6,6.204930305480957
1365890006.347651,893.2926829268292,40.1,6.202080249786377
1365890006.6033401,779.2682926829268,41.2,6.184222459793091
1365890006.859173,832.3170731707316,41.2,6.198966026306152
1365890007.114771,635.3658536585366,40.1,6.211508512496948
1365890007.3966022,735.3658536585366,40.6,6.1815783977508545
1365890007.650663,743.2926829268292,41.2,6.224948406219482
1365890007.905859,733.5365853658536,41.2,6.312195062637329
1365890008.176821,690.2439024390243,40.1,6.208198308944702
1365890008.451041,884.1463414634146,40.6,6.200066804885864
1365890008.706007,795.1219512195122,41.2,6.386924743652344
1365890008.962986,943.9024390243902,40.1,6.208552837371826
1365890009.2398982,751.219512195122,41.2,6.189318418502808
1365890009.495363,860.9756097560976,40.6,6.268888711929321
1365890009.753503,702.4390243902438,40.1,6.2283775806427
1365890010.03153,785.3658536585366,40.6,6.304633140563965
1365890010.285762,907.9268292682927,41.2,6.228443384170532
1365890010.54123,794.5121951219512,41.2,6.2300684452056885
1365890010.807613,648.1707317073171,40.1,6.203222036361694
1365890011.084175,841.4634146341463,41.2,6.1882336139678955
1365890011.3403578,751.219512195122,40.1,6.1926891803741455
1365890011.6044219,691.4634146341463,41.2,6.207684755325317
1365890011.880853,752.439024390244,41.2,6.18579626083374
1365890012.13457,793.2926829268293,41.2,6.189512252807617
1365890012.392342,813.4146341463414,40.6,6.224462509155273
1365890012.6653829,794.5121951219512,41.2,6.197775602340698
1365890012.9214091,1106.09756097561,40.6,6.186536073684692
1365890013.180696,921.3414634146342,40.6,6.190620422363281
1365890013.4398808,637.1951219512196,40.6,6.2206199169158936
1365890013.7173178,769.5121951219512,40.6,6.201408624649048
1365890013.97471,837.1951219512194,41.2,6.38584303855896
1365890014.229374,920.1219512195122,41.2,6.2015464305877686
1365890014.486183,700.6097560975609,40.1,6.220067262649536
1365890014.768687,901.219512195122,40.6,6.321866750717163
1365890015.023744,882.3170731707318,41.2,6.190709352493286
1365890015.277778,874.390243902439,40.6,6.445543527603149
1365890015.551761,796.9512195121952,41.2,6.202084541320801
1365890015.810677,856.0975609756098,40.1,6.200700759887695
1365890016.066369,796.9512195121952,40.6,6.194207429885864
1365890016.325857,700.6097560975609,40.1,6.3115105628967285
1365890016.6069498,754.2682926829268,40.1,6.187091827392578
1365890016.8617432,896.3414634146342,41.2,6.218053340911865
1365890017.1164942,809.1463414634147,40.6,6.239757061004639
1365890017.390132,606.7073170731708,40.1,6.256580829620361
1365890017.6646059,878.0487804878048,40.6,6.216165781021118
1365890017.9205709,734.1463414634146,41.2,6.206069231033325
1365890018.1774569,710.3658536585366,40.6,6.211705446243286
1365890018.454785,918.2926829268293,41.2,6.213930130004883
1365890018.710655,739.0243902439024,40.6,6.183535099029541
1365890018.964909,771.3414634146342,40.6,6.244652509689331
1365890019.249376,862.1951219512194,41.2,6.189537048339844
1365890019.505671,879.2682926829268,41.2,6.356206178665161
1365890019.759586,828.0487804878048,41.2,6.422282934188843
1365890020.022069,710.3658536585366,40.6,6.26175332069397
1365890020.298989,831.0975609756097,40.6,6.216621398925781
1365890020.553418,913.4146341463415,41.2,6.187314987182617
1365890020.811723,918.9024390243903,40.6,6.221725225448608
1365890021.091541,1145.7317073170732,40.6,6.202682971954346
1365890021.34599,835.3658536585366,41.2,6.1906492710113525
1365890021.6042109,860.3658536585366,40.6,6.20624566078186
1365890021.863512,695.1219512195122,40.1,6.219321966171265
1365890022.1387122,748.170731707317,40.6,6.1910810470581055
1365890022.395801,787.1951219512196,40.6,6.188646078109741
1365890022.6498718,791.4634146341464,41.2,6.200676679611206
1365890022.910294,806.0975609756098,40.1,6.23227071762085
1365890023.191276,840.2439024390244,40.6,6.206669330596924
1365890023.445798,791.4634146341464,41.2,6.213009595870972
1365890023.699824,762.1951219512196,40.6,6.226970672607422
1365890023.972665,917.0731707317074,40.6,6.21022891998291
1365890024.235681,809.1463414634147,41.2,6.239041566848755
1365890024.490423,914.0243902439024,41.2,6.196013450622559
1365890024.755818,699.390243902439,40.1,6.2169060707092285
1365890025.0338602,896.9512195121952,41.2,6.186699151992798
1365890025.287531,779.2682926829268,41.2,6.19469141960144
1365890025.542136,854.8780487804878,40.1,6.215266227722168
1365890025.824807,754.2682926829268,40.6,6.2579216957092285
1365890026.07966,896.9512195121952,40.6,6.208421230316162
1365890026.334252,805.4878048780488,40.6,6.253361940383911
1365890026.606931,613.4146341463414,40.1,6.231767177581787
1365890026.8826041,896.9512195121952,41.2,6.197307825088501
1365890027.135993,819.5121951219512,40.1,6.202095031738281
1365890027.3895528,725.0,41.2,6.217248916625977
1365890027.6723049,768.2926829268292,41.2,6.2054643630981445
1365890027.9282482,876.219512195122,41.2,6.288351058959961
1365890028.1819131,807.3170731707318,41.2,6.323473215103149
1365890028.4680479,737.1951219512194,41.2,6.204627752304077
1365890028.7227142,890.2439024390244,41.2,6.182569980621338
1365890028.977432,798.1707317073171,41.7,6.219465255737305
1365890029.25104,609.1463414634146,40.1,6.222024202346802
1365890029.528938,915.8536585365854,40.6,6.18861198425293
1365890029.782725,896.3414634146342,41.2,6.248990535736084
1365890030.041985,734.1463414634146,40.6,6.460122108459473
1365890030.319232,907.9268292682927,41.2,6.217758893966675
1365890030.574208,931.0975609756098,41.2,6.202435255050659
1365890030.834201,756.0975609756098,40.6,6.1945319175720215
1365890031.0934012,688.4146341463414,40.6,6.207984447479248
1365890031.36931,779.2682926829268,40.6,6.196983814239502
1365890031.627075,789.0243902439024,41.2,6.194903373718262
1365890031.882962,739.0243902439024,41.2,6.2059409618377686
1365890032.15964,753.0487804878048,40.6,6.209151983261108
1365890032.417112,1079.8780487804877,41.2,6.191784143447876
1365890032.672671,917.0731707317074,40.6,6.201892852783203
1365890032.9401631,699.390243902439,41.2,6.244441747665405
1365890033.218904,802.439024390244,40.6,6.21978759765625
1365890033.472637,907.9268292682927,41.2,6.325359582901001
1365890033.727363,660.3658536585366,40.1,6.20755410194397
1365890034.00419,843.9024390243902,41.2,6.201818466186523
1365890034.263813,888.4146341463414,41.2,6.197999000549316
1365890034.5185778,729.2682926829268,40.6,6.2146546840667725
1365890034.794413,885.9756097560976,41.2,6.3295981884002686
1365890035.0526369,769.5121951219512,41.2,6.184170484542847
1365890035.3072178,901.219512195122,41.2,6.227766275405884
1365890035.567492,614.6341463414634,40.6,6.213849067687988
1365890035.849238,743.2926829268292,40.6,6.199704170227051
1365890036.106414,771.3414634146342,41.2,6.195566892623901
1365890036.363876,788.4146341463415,40.6,6.20430326461792
1365890036.6379352,695.1219512195122,40.6,6.222592115402222
1365890036.9122849,904.2682926829268,41.2,6.380605936050415
1365890037.166868,770.1219512195122,41.2,6.348773956298828
1365890037.425171,701.2195121951219,40.6,6.275950908660889
1365890037.7052648,738.4146341463414,40.6,6.382345676422119
1365890037.959883,915.8536585365854,40.6,6.18339467048645
1365890038.217812,746.3414634146342,41.2,6.204058647155762
1365890038.49198,846.951219512195,40.6,6.18553900718689
1365890038.747038,882.3170731707318,41.2,6.458690404891968
1365890039.002236,878.0487804878048,41.2,6.250479221343994
1365890039.271014,703.0487804878048,40.1,6.215116739273071
1365890039.5472288,771.3414634146342,40.6,6.187505483627319
1365890039.802203,901.219512195122,41.2,6.24246621131897
1365890040.0600781,641.4634146341464,40.6,6.215837001800537
1365890040.337031,920.1219512195122,41.2,6.257694244384766
1365890040.59273,935.9756097560976,41.2,6.188616037368774
1365890040.8525498,846.3414634146342,40.1,6.208245754241943
1365890041.1273322,896.3414634146342,41.2,6.269604444503784
1365890041.380844,738.4146341463414,40.6,6.237356185913086
1365890041.639511,932.3170731707318,40.6,6.206356525421143
1365890041.90725,687.1951219512194,40.6,6.28232479095459
1365890042.1828392,746.3414634146342,41.2,6.205136299133301
1365890042.441107,807.9268292682927,41.2,6.192978382110596
1365890042.695429,724.390243902439,40.6,6.221731901168823
1365890042.967249,915.8536585365854,41.2,6.202927589416504
1365890043.229391,1001.8292682926829,41.2,6.218891620635986
1365890043.483891,885.9756097560976,40.6,6.201394557952881
1365890043.742432,708.5365853658536,40.6,6.212303400039673
1365890044.018922,867.0731707317074,41.2,6.20036506652832
1365890044.281945,867.0731707317074,41.2,6.1861162185668945
1365890044.536389,729.2682926829268,40.6,6.246311187744141
1365890044.80803,851.219512195122,41.2,6.1851818561553955
1365890045.0658948,796.9512195121952,40.6,6.183950424194336
