1365889753.360223,1623.1707317073171,55.8,1.5058178901672363
1365889753.5904756,1736.5853658536585,56.4,1.3587229251861572
1365889753.8200014,1710.3658536585367,56.4,1.356123924255371
1365889754.0488305,1587.1951219512196,56.4,1.3639090061187744
1365889754.2774181,1471.3414634146343,56.4,1.3591454029083252
1365889754.5062613,1688.4146341463415,56.4,1.3684048652648926
1365889754.7359824,1594.5121951219512,56.4,1.3790667057037354
1365889754.9643683,1530.4878048780488,55.8,1.4216527938842773
1365889755.1936898,1623.1707317073171,56.4,1.3648910522460938
1365889755.422714,1608.5365853658539,55.8,1.3412151336669922
1365889755.6387193,1633.5365853658536,55.8,1.3937337398529053
1365889755.8674324,1490.8536585365855,55.8,1.360163688659668
1365889756.095923,1501.8292682926829,55.8,1.3874261379241943
1365889756.3242543,1534.7560975609756,55.8,1.3862245082855225
1365889756.552484,1772.560975609756,55.8,1.3524503707885742
1365889756.7817152,1510.3658536585365,55.8,1.3669159412384033
1365889757.010505,1556.7073170731708,55.8,1.3548967838287354
1365889757.240576,1500.6097560975609,55.8,1.3537847995758057
1365889757.4688275,1543.2926829268292,55.8,1.3745150566101074
1365889757.697414,1510.3658536585365,55.8,1.3637542724609375
1365889757.9263306,1731.09756097561,55.8,1.376767873764038
1365889758.1547985,1627.439024390244,55.8,1.3570001125335693
1365889758.3831832,1703.6585365853657,55.8,1.3532109260559082
1365889758.6117928,1480.4878048780488,55.8,1.3602328300476074
1365889758.8401554,1503.658536585366,55.3,1.358400821685791
1365889759.0686133,1772.560975609756,55.8,1.3474743366241455
1365889759.2846923,1801.219512195122,55.8,1.3508026599884033
1365889759.5009022,1743.2926829268295,56.4,1.3912973403930664
1365889759.717069,1915.2439024390244,56.4,1.3591086864471436
1365889759.9345934,1590.2439024390244,56.4,1.388704776763916
1365889760.1508818,1769.5121951219512,56.4,1.345975399017334
1365889760.3670728,2212.8048780487807,56.4,1.404341220855713
1365889760.582997,1948.1707317073171,56.9,1.353712558746338
1365889760.7994542,1606.7073170731708,56.4,1.3567774295806885
1365889761.0280707,2253.048780487805,55.8,1.483980417251587
1365889761.2567177,1520.7317073170732,55.8,1.4446380138397217
1365889761.4854884,1659.1463414634147,56.4,1.3531358242034912
1365889761.7140791,1491.4634146341464,55.8,1.4132037162780762
1365889761.942992,1715.2439024390244,55.8,1.355459451675415
1365889762.1714447,2193.9024390243903,55.3,1.3579950332641602
1365889762.4011853,1571.341463414634,55.8,1.3759181499481201
1365889762.629557,1562.8048780487804,55.8,1.3687934875488281
1365889762.859934,1610.3658536585365,55.3,1.3668839931488037
1365889763.0884352,1519.5121951219512,55.8,1.37306547164917
1365889763.316989,1477.439024390244,54.8,1.378566026687622
1365889763.545624,1621.341463414634,55.8,1.3636929988861084
1365889763.7744215,1546.3414634146343,54.8,1.38313627243042
1365889764.0029113,1492.6829268292684,55.3,1.4071300029754639
1365889764.2317605,1583.5365853658536,55.3,1.345414400100708
1365889764.4482388,1669.5121951219512,55.8,1.403343915939331
1365889764.6642628,2043.2926829268295,56.4,1.3697211742401123
1365889764.8804991,1673.170731707317,55.8,1.348376750946045
1365889765.0966063,2020.121951219512,56.4,1.3547918796539307
1365889765.3129208,1563.4146341463415,56.4,1.424577236175537
1365889765.5417295,1570.7317073170732,55.8,1.354534387588501
1365889765.7701654,1556.7073170731708,55.8,1.3594398498535156
1365889765.998762,1473.7804878048782,55.3,1.3552346229553223
1365889766.2278273,1661.5853658536585,55.8,1.3550379276275635
1365889766.4564555,1471.3414634146343,54.8,1.3668949604034424
1365889766.6851969,1596.3414634146343,55.3,1.553004264831543
1365889766.9138877,1641.4634146341461,55.8,1.4017765522003174
1365889767.1451566,1622.560975609756,55.8,1.470442295074463
1365889767.374984,2315.8536585365855,55.3,1.3609726428985596
1365889767.6035404,1549.390243902439,55.8,1.4605114459991455
1365889767.8330462,2143.9024390243903,55.3,1.3866372108459473
1365889768.0619912,1793.2926829268292,55.3,1.4147164821624756
1365889768.2906055,1508.5365853658536,55.8,1.478071928024292
1365889768.5188222,2048.7804878048782,55.8,1.383514165878296
1365889768.73509,1998.780487804878,55.8,1.4258472919464111
1365889768.963949,1539.6341463414633,55.8,1.3677608966827393
1365889769.1925435,1490.8536585365855,56.4,1.354475498199463
1365889769.4215162,1631.7073170731705,55.3,1.3526430130004883
1365889769.6503758,1582.3170731707316,55.3,1.3620004653930664
1365889769.8790512,1686.5853658536585,55.3,1.3572490215301514
1365889770.1076524,1613.4146341463415,55.8,1.3543126583099365
1365889770.3364556,1496.341463414634,55.3,1.4164505004882812
1365889770.5663683,2004.878048780488,55.3,1.4856789112091064
1365889770.7953289,1498.780487804878,54.8,1.354724407196045
1365889771.0243506,1533.5365853658536,54.8,1.3548312187194824
1365889771.2539663,1481.7073170731708,55.8,1.382481336593628
1365889771.482289,1480.4878048780488,55.3,1.3560054302215576
1365889771.7109141,1539.6341463414633,55.3,1.358736276626587
1365889771.9407463,1758.5365853658536,55.3,1.4007189273834229
1365889772.1690197,1809.1463414634145,54.8,1.4337897300720215
1365889772.3852503,1695.121951219512,55.8,1.5134918689727783
1365889772.6013162,1876.219512195122,55.8,1.3842566013336182
1365889772.8178778,1615.2439024390244,55.8,1.339360237121582
1365889773.0339725,1460.3658536585367,55.8,1.3558557033538818
1365889773.2628303,1631.7073170731705,54.8,1.5240588188171387
1365889773.4910808,1623.1707317073171,55.8,1.3775243759155273
1365889773.7198734,1606.7073170731708,54.8,1.3721654415130615
1365889773.9486055,1459.7560975609756,55.8,1.4527759552001953
1365889774.1772928,1691.4634146341464,55.8,1.4021110534667969
1365889774.4056795,1635.3658536585365,55.3,1.3905160427093506
1365889774.6338584,1569.5121951219512,54.8,1.3667118549346924
1365889774.862456,1701.219512195122,55.3,1.3518729209899902
1365889775.0905933,1585.3658536585367,55.3,1.427495002746582
1365889775.3189986,1634.1463414634145,54.8,1.429335594177246
1365889775.5485773,1735.3658536585365,55.3,1.3687248229980469
1365889775.7769754,1752.439024390244,54.8,1.3554928302764893
1365889776.0052958,1748.1707317073171,55.3,1.3818790912628174
1365889776.2338312,1629.2682926829268,55.8,1.4586694240570068
1365889776.459072,2029.8780487804877,55.3,1.4552600383758545
1365889776.676523,1865.2439024390244,55.8,1.3627955913543701
1365889776.892593,1909.1463414634147,55.3,1.3980927467346191
1365889777.108673,1613.4146341463415,55.8,1.3602654933929443
1365889777.3369796,1611.5853658536585,55.3,1.381453037261963
1365889777.5654025,1697.560975609756,55.8,1.3786334991455078
1365889777.793874,1729.2682926829268,55.8,1.364603042602539
1365889778.0222936,1753.0487804878048,54.8,1.4025535583496094
1365889778.2504358,1619.5121951219514,54.8,1.4852252006530762
1365889778.4787667,1643.2926829268292,55.3,1.4310600757598877
1365889778.7069805,1536.5853658536585,55.3,1.445650577545166
1365889778.935551,1672.560975609756,55.8,1.361886739730835
1365889779.1646402,1473.7804878048782,55.3,1.3602685928344727
1365889779.3926914,1521.341463414634,55.3,1.3649463653564453
1365889779.6231577,1519.5121951219512,55.3,1.361706256866455
1365889779.8520093,2018.9024390243903,54.8,1.3607969284057617
1365889780.0805016,1678.658536585366,55.3,1.5046687126159668
1365889780.3090084,1940.8536585365855,55.3,1.3863399028778076
1365889780.5250442,1800.0,55.8,1.3550429344177246
1365889780.7425497,2029.8780487804877,55.8,1.3568875789642334
1365889780.9588416,1592.6829268292684,55.8,1.3465635776519775
1365889781.1750166,1442.6829268292684,55.3,1.3688817024230957
1365889781.4029827,1723.1707317073171,55.8,1.3730659484863281
1365889781.6326864,1482.3170731707319,55.8,1.4090237617492676
1365889781.8625154,1566.4634146341464,55.3,1.3513398170471191
1365889782.0914056,1539.6341463414633,55.3,1.3659448623657227
1365889782.31978,1523.780487804878,55.8,1.371847152709961
1365889782.5487487,2781.0975609756097,55.3,1.353989601135254
1365889782.7773125,1772.560975609756,55.3,1.523486852645874
1365889783.005712,1781.0975609756097,55.3,1.390822172164917
1365889783.2365446,1483.5365853658539,55.3,1.3582842350006104
1365889783.46641,1667.6829268292684,54.8,1.351360559463501
1365889783.6945097,1564.6341463414635,55.3,1.376422643661499
1365889783.9226491,1466.4634146341464,55.3,1.376521348953247
1365889784.151119,1473.7804878048782,55.3,1.3506529331207275
1365889784.3799725,1749.390243902439,55.3,1.3619956970214844
1365889784.6079593,1522.560975609756,55.3,1.3639917373657227
1365889784.8375745,1662.1951219512193,55.3,1.363919734954834
1365889785.0659814,1672.560975609756,55.3,1.3578598499298096
1365889785.294281,1762.1951219512196,54.8,1.4164717197418213
1365889785.522867,1638.4146341463415,54.8,1.4368901252746582
1365889785.7540364,1819.5121951219512,55.3,1.3584904670715332
1365889785.9829972,1505.4878048780486,54.8,1.3617064952850342
1365889786.2112315,1565.2439024390244,55.3,1.3665876388549805
1365889786.4397435,2570.7317073170734,54.8,1.3514602184295654
1365889786.6680374,1520.7317073170732,54.8,1.3941195011138916
1365889786.8964765,1476.8292682926829,54.8,1.4050402641296387
1365889787.1246223,1588.4146341463415,55.3,1.3840985298156738
1365889787.353619,1672.560975609756,55.8,1.4091167449951172
1365889787.5818613,1562.8048780487804,54.8,1.5076806545257568
1365889787.8103404,1631.7073170731705,54.8,1.392289638519287
1365889788.0388947,1746.341463414634,55.3,1.4280414581298828
1365889788.268498,1575.609756097561,54.8,1.374403476715088
1365889788.4967093,1767.0731707317073,54.8,1.3562476634979248
1365889788.7254255,1467.6829268292684,54.8,1.3658130168914795
1365889788.9544218,1881.0975609756097,54.2,1.358361005783081
1365889789.1826236,1677.439024390244,55.8,1.3664524555206299
1365889789.4107778,1538.4146341463413,55.3,1.377530574798584
1365889789.639595,1626.219512195122,54.8,1.3566193580627441
1365889789.869178,1573.780487804878,54.8,1.3517229557037354
1365889790.098546,1547.560975609756,54.8,1.4179346561431885
1365889790.3271039,1471.3414634146343,55.3,1.408320426940918
1365889790.5568595,1646.341463414634,54.8,1.3527913093566895
1365889790.7855916,1629.2682926829268,54.8,1.3781390190124512
1365889791.0141819,1472.5609756097563,54.8,1.4472804069519043
1365889791.243579,1481.7073170731708,55.3,1.4873416423797607
1365889791.472146,1689.6341463414635,54.8,1.3407909870147705
1365889791.6885467,1679.2682926829268,55.3,1.404214859008789
1365889791.917502,1668.2926829268292,55.3,1.3648827075958252
1365889792.1494582,1544.5121951219512,54.8,1.3538951873779297
1365889792.3781338,1475.6097560975609,54.8,1.6579101085662842
1365889792.6062288,1488.4146341463415,54.8,1.4865288734436035
1365889792.8382673,2015.2439024390244,54.8,1.364879846572876
1365889793.0670254,1591.4634146341464,54.8,1.3675808906555176
1365889793.2954001,1537.8048780487804,54.8,1.363720178604126
1365889793.5236497,1621.341463414634,55.3,1.3834500312805176
1365889793.7518787,1742.0731707317075,54.8,1.3650860786437988
1365889793.9802332,1728.0487804878048,54.8,1.3505656719207764
1365889794.2086644,1910.3658536585367,55.3,1.4186089038848877
1365889794.4374502,1463.4146341463415,54.8,1.3557722568511963
1365889794.6661816,1646.341463414634,55.3,1.4529480934143066
1365889794.8950267,1503.658536585366,54.8,1.397657871246338
1365889795.119453,1627.439024390244,54.8,1.6638026237487793
1365889795.3356931,1539.6341463414633,54.8,1.4488425254821777
1365889795.56514,1538.4146341463413,54.8,1.394620656967163
1365889795.7934287,1614.6341463414635,54.8,1.3687670230865479
1365889796.0220957,1473.7804878048782,54.8,1.3970420360565186
1365889796.250742,1613.4146341463415,54.8,1.4075374603271484
1365889796.4802413,1667.6829268292684,54.2,1.3540477752685547
1365889796.7089558,1577.439024390244,54.8,1.3698546886444092
1365889796.9376345,1502.439024390244,54.8,1.3572592735290527
1365889797.167372,1634.1463414634145,54.8,1.3794772624969482
1365889797.39573,1625.6097560975609,54.8,1.435563087463379
1365889797.623717,1464.6341463414633,54.8,1.370774507522583
1365889797.8525174,1679.2682926829268,55.3,1.3545210361480713
1365889798.0811853,1560.3658536585365,54.8,1.357680082321167
1365889798.3096976,1470.7317073170732,54.8,1.3573627471923828
1365889798.538343,1545.7317073170732,55.3,1.3593924045562744
1365889798.7667785,1566.4634146341464,54.2,1.40167236328125
1365889798.9954789,1798.170731707317,54.8,1.3542799949645996
1365889799.2240098,1529.2682926829268,54.2,1.3556008338928223
1365889799.454109,1552.439024390244,54.8,1.3982462882995605
1365889799.6828172,1559.7560975609756,54.8,1.3641154766082764
1365889799.9112642,1502.439024390244,54.8,1.4451208114624023
1365889800.1396296,1499.390243902439,54.8,1.3525733947753906
1365889800.3684402,1605.4878048780488,54.8,1.366206169128418
1365889800.5971012,1788.4146341463413,55.8,1.4288463592529297
1365889800.8255332,2187.1951219512193,55.3,1.4609081745147705
1365889801.0415676,1845.1219512195123,54.8,1.358431100845337
1365889801.2578454,2118.9024390243903,55.3,1.3571197986602783
1365889801.4753554,1826.219512195122,55.3,1.3459103107452393
1365889801.6914506,1845.1219512195123,55.3,1.3592207431793213
1365889801.9076262,1815.2439024390244,55.8,1.353271245956421
1365889802.123643,1923.170731707317,55.8,1.3901252746582031
1365889802.3398156,1789.0243902439024,55.8,1.3494858741760254
1365889802.556112,1696.341463414634,55.8,1.3722424507141113
1365889802.7721593,1808.5365853658536,55.3,1.3565938472747803
1365889802.988573,1556.7073170731708,55.8,1.3541018962860107
1365889803.217146,1700.609756097561,55.3,1.3609673976898193
1365889803.4490561,1514.6341463414635,55.3,1.3539917469024658
1365889803.6784663,1604.2682926829268,54.8,1.3708429336547852
1365889803.9076412,1846.9512195121952,54.8,1.3537914752960205
1365889804.1362617,1511.5853658536585,54.8,1.355806827545166
1365889804.366887,1488.4146341463415,54.8,1.355970859527588
1365889804.5959883,1589.6341463414633,54.8,1.373344898223877
1365889804.8246815,1474.390243902439,54.8,1.3642256259918213
1365889805.0540512,1472.5609756097563,54.8,1.4259390830993652
1365889805.2831764,1634.1463414634145,54.8,1.6290276050567627
1365889805.511988,1505.4878048780486,54.8,1.4013128280639648
1365889805.7404337,1565.2439024390244,54.8,1.3819804191589355
1365889805.9698381,1543.2926829268292,54.8,1.3797030448913574
1365889806.1992884,1580.4878048780488,54.8,1.3480432033538818
1365889806.4192526,1612.1951219512196,55.3,1.353574275970459
1365889806.63541,1927.439024390244,55.3,1.3569989204406738
1365889806.8517833,1982.3170731707319,55.3,1.348238468170166
1365889807.070526,1884.1463414634145,55.8,1.3436017036437988
1365889807.2867565,1580.4878048780488,54.8,1.3684933185577393
1365889807.5155077,1766.4634146341461,54.8,1.470273494720459
1365889807.744138,1497.560975609756,54.8,1.3562641143798828
1365889807.9736679,1564.6341463414635,54.8,1.3630990982055664
1365889808.2018912,1538.4146341463413,55.3,1.437058925628662
1365889808.4305542,1474.390243902439,54.8,1.4326934814453125
1365889808.6590881,1544.5121951219512,54.8,1.3523755073547363
1365889808.889247,1461.5853658536587,54.8,1.3891692161560059
1365889809.1175473,1471.3414634146343,54.8,1.3773105144500732
1365889809.345999,1482.3170731707319,54.8,1.5384478569030762
1365889809.5746877,1628.658536585366,54.8,1.364199161529541
1365889809.8031445,1698.1707317073171,54.8,1.3655877113342285
1365889810.031845,1540.2439024390244,54.8,1.36564302444458
1365889810.2646422,1473.7804878048782,54.8,1.3523478507995605
1365889810.49305,1753.0487804878048,55.3,1.3464405536651611
1365889810.709259,2142.0731707317073,55.8,1.358527421951294
1365889810.925744,1751.219512195122,55.3,1.3393754959106445
1365889811.142281,1595.7317073170732,55.3,1.4009745121002197
1365889811.361041,1717.0731707317073,55.8,1.3558082580566406
1365889811.589473,1659.1463414634147,55.8,1.3662338256835938
1365889811.8179932,1744.5121951219514,54.8,1.3674001693725586
1365889812.0468369,1472.5609756097563,54.8,1.3579843044281006
1365889812.279401,1471.3414634146343,54.8,1.4968359470367432
1365889812.5079846,1504.2682926829268,54.8,1.4667391777038574
1365889812.7370107,1481.7073170731708,54.8,1.359283447265625
1365889812.9670315,1722.5609756097563,54.2,1.3577234745025635
1365889813.1960034,1469.5121951219512,54.8,1.3652064800262451
1365889813.4246926,1682.3170731707316,54.8,1.7164876461029053
1365889813.6532767,1751.219512195122,54.8,1.488764762878418
1365889813.8824518,1665.2439024390244,54.8,2.6839401721954346
1365889814.1115272,1562.8048780487804,54.8,2.465880870819092
1365889814.344776,1637.1951219512196,54.8,2.2468671798706055
1365889814.5736952,1631.7073170731705,54.8,2.0236423015594482
1365889814.7916245,1600.6097560975609,55.8,1.8134424686431885
1365889815.007842,1937.1951219512196,54.8,1.6086196899414062
1365889815.224172,1916.4634146341464,55.8,1.3974740505218506
1365889815.4403803,1618.2926829268295,54.8,1.3720667362213135
1365889815.6563282,1758.5365853658536,55.8,1.4472784996032715
1365889815.872666,1629.2682926829268,55.8,1.3463568687438965
1365889816.0890598,2443.9024390243903,55.8,1.3794403076171875
1365889816.3055453,2064.0243902439024,55.8,1.3534760475158691
1365889816.5216417,1555.4878048780488,55.3,1.4051196575164795
1365889816.750206,1682.3170731707316,54.8,1.3811695575714111
1365889816.9801087,1497.560975609756,54.8,1.3784608840942383
1365889817.209008,1675.6097560975609,55.3,1.3570563793182373
1365889817.4375677,1739.6341463414635,54.8,1.3564443588256836
1365889817.6664758,1480.4878048780488,54.8,1.357734203338623
1365889817.897147,1828.0487804878048,54.8,1.369816780090332
1365889818.1262527,1473.7804878048782,55.3,1.3652243614196777
1365889818.3552065,1646.341463414634,54.8,1.3534564971923828
1365889818.5859897,1493.2926829268295,54.8,1.3725967407226562
1365889818.8147576,1561.5853658536585,54.8,1.36997389793396
1365889819.0431883,1632.3170731707316,54.8,1.3622453212738037
1365889819.2719185,1713.4146341463415,54.8,1.3538827896118164
1365889819.501618,1472.5609756097563,54.8,1.4013984203338623
1365889819.730251,1588.4146341463415,54.8,1.3467216491699219
1365889819.946651,1804.2682926829268,55.3,1.3449621200561523
1365889820.1641781,2014.0243902439026,55.8,1.358989953994751
1365889820.3844795,1975.0,55.8,1.3965940475463867
1365889820.6134667,1520.7317073170732,54.8,1.3575036525726318
1365889820.8417835,1724.390243902439,55.3,1.3578877449035645
1365889821.07232,1473.7804878048782,54.8,1.3543851375579834
1365889821.3044856,1789.0243902439024,54.8,1.3668947219848633
1365889821.5331175,1561.5853658536585,55.3,1.3650617599487305
1365889821.7635303,1631.7073170731705,54.8,1.3551135063171387
1365889821.9925508,1882.3170731707316,54.8,1.3666083812713623
1365889822.2210858,1717.0731707317073,54.8,1.401287317276001
1365889822.4499931,1497.560975609756,54.8,1.3591516017913818
1365889822.6791873,1531.7073170731708,54.8,1.3849246501922607
1365889822.9075186,1558.5365853658536,54.8,1.4343628883361816
1365889823.13608,1477.439024390244,54.8,1.4327046871185303
1365889823.364506,1475.6097560975609,54.2,1.3995680809020996
1365889823.593138,1693.2926829268292,54.2,1.3658862113952637
1365889823.821482,1611.5853658536585,54.8,1.3578805923461914
1365889824.0500255,1722.5609756097563,54.8,1.4158825874328613
1365889824.278878,1478.658536585366,54.8,1.3611750602722168
1365889824.5075276,1572.560975609756,54.8,1.3607852458953857
1365889824.7360322,1674.390243902439,54.8,1.4051463603973389
1365889824.965073,2489.6341463414633,54.8,1.3891217708587646
1365889825.1935353,1529.2682926829268,54.8,1.3538110256195068
1365889825.4219763,1541.4634146341464,54.2,1.3676252365112305
1365889825.649864,1502.439024390244,54.2,1.3738179206848145
1365889825.8802283,1588.4146341463415,54.8,1.4575927257537842
1365889826.1093233,1670.1219512195123,54.2,1.3957383632659912
1365889826.3377047,1703.6585365853657,54.8,1.3685333728790283
1365889826.566348,1582.3170731707316,54.8,1.3820791244506836
1365889826.7950277,1485.3658536585365,54.8,1.3564128875732422
1365889827.0236325,1597.5609756097563,54.8,1.403921365737915
1365889827.251874,1605.4878048780488,54.8,1.3522024154663086
1365889827.4681365,1522.560975609756,54.8,1.4164724349975586
1365889827.6969433,1548.780487804878,54.8,1.3740012645721436
1365889827.9258301,1543.2926829268292,54.8,1.352466106414795
1365889828.154624,1695.121951219512,54.8,1.3755815029144287
1365889828.3844905,1597.5609756097563,54.8,1.438870906829834
1365889828.612836,1643.2926829268292,54.8,1.3580236434936523
1365889828.8415546,1473.7804878048782,54.2,1.3577265739440918
1365889829.0700758,1479.878048780488,54.8,1.387392520904541
1365889829.2989686,1766.4634146341461,54.8,1.4771525859832764
1365889829.5272899,1625.6097560975609,54.2,1.3546946048736572
1365889829.7561963,1496.341463414634,54.8,1.3508810997009277
1365889829.9850264,1774.3902439024391,54.8,1.3516409397125244
1365889830.213789,1530.4878048780488,54.8,1.3655931949615479
1365889830.4427776,1935.3658536585365,54.8,1.381964921951294
1365889830.6712625,2018.292682926829,54.8,1.3439722061157227
1365889830.8879273,1616.4634146341464,54.8,1.3958001136779785
1365889831.1164446,1515.2439024390244,54.2,1.380359172821045
1365889831.345104,1485.3658536585365,54.2,1.3764219284057617
1365889831.5735,1553.658536585366,54.8,1.361922025680542
1365889831.8046203,1549.390243902439,54.8,1.3526201248168945
1365889832.0326838,1788.4146341463413,54.8,1.3688437938690186
1365889832.26077,1585.3658536585367,54.8,1.3552570343017578
1365889832.4892921,1688.4146341463415,54.8,1.3627524375915527
1365889832.7177358,1731.09756097561,54.8,1.3582980632781982
1365889832.9462729,1549.390243902439,54.8,1.4996020793914795
1365889833.1750305,1491.4634146341464,54.8,1.3573591709136963
1365889833.403951,1639.6341463414635,54.2,1.3813025951385498
1365889833.6323195,1612.1951219512196,54.2,1.365790605545044
1365889833.8607433,1550.6097560975609,54.8,1.367643117904663
1365889834.089499,1671.3414634146343,54.8,1.4476697444915771
1365889834.3056326,1948.1707317073171,54.8,1.414031982421875
1365889834.521491,1951.219512195122,54.8,1.3427801132202148
1365889834.737806,1882.3170731707316,54.8,1.3423426151275635
1365889834.9540758,1603.658536585366,55.3,1.3544585704803467
1365889835.1703064,2046.9512195121952,55.3,1.3555595874786377
1365889835.3870432,2159.7560975609754,55.3,1.346407413482666
1365889835.6032107,1620.7317073170732,54.8,1.3883025646209717
1365889835.8319767,1584.7560975609756,54.8,1.3787882328033447
1365889836.0607197,1500.6097560975609,54.8,1.3591973781585693
1365889836.2897503,1543.2926829268292,54.8,1.4631106853485107
1365889836.5185611,1681.09756097561,54.8,1.410804033279419
1365889836.747404,1598.1707317073171,54.8,1.3725709915161133
1365889836.9794464,1495.7317073170732,54.8,1.3534576892852783
1365889837.208642,1488.4146341463415,54.8,1.3547379970550537
1365889837.437293,1566.4634146341464,55.3,1.5158617496490479
1365889837.6656613,1589.6341463414633,54.8,1.4132912158966064
1365889837.8955534,1613.4146341463415,54.8,1.3599591255187988
1365889838.1244464,1562.8048780487804,54.8,1.524296760559082
1365889838.352889,1642.6829268292681,54.2,1.3508262634277344
1365889838.581545,1957.9268292682927,54.8,1.356809139251709
1365889838.8101695,1504.2682926829268,54.8,1.3606653213500977
1365889839.0391266,1681.09756097561,54.2,1.3647117614746094
1365889839.2678008,2623.780487804878,54.2,1.413468837738037
1365889839.497639,1738.4146341463415,54.8,1.4055657386779785
1365889839.7269046,1486.5853658536585,54.8,1.3817822933197021
1365889839.9557412,1776.2195121951218,54.2,1.3928227424621582
1365889840.1847904,1499.390243902439,54.8,1.3994667530059814
1365889840.4132864,1713.4146341463415,54.2,1.408249855041504
1365889840.6417263,1654.2682926829268,54.8,1.390998125076294
1365889840.8700583,1687.1951219512196,54.8,1.370711326599121
1365889841.100688,1742.0731707317075,54.2,1.3916871547698975
1365889841.3293202,1551.219512195122,54.8,1.3776214122772217
1365889841.5587778,1518.2926829268292,54.2,1.5171868801116943
1365889841.7887895,1636.5853658536585,54.8,1.395531415939331
1365889842.017161,1996.9512195121952,54.8,1.3610012531280518
1365889842.2461598,1501.8292682926829,54.2,1.3566138744354248
1365889842.4756298,1701.219512195122,54.8,1.365964412689209
1365889842.6922038,1818.2926829268292,54.8,1.389829397201538
1365889842.9090283,1640.2439024390244,54.8,1.3710691928863525
1365889843.1252928,1555.4878048780488,54.8,1.3543922901153564
1365889843.3540137,1476.8292682926829,54.8,1.3627209663391113
1365889843.5827596,2744.512195121951,54.8,1.3509750366210938
1365889843.8113797,1577.439024390244,54.2,1.3695309162139893
1365889844.040027,1478.658536585366,54.2,1.3578217029571533
1365889844.2683897,1469.5121951219512,54.8,1.370236873626709
1365889844.497454,1580.4878048780488,53.7,1.3524150848388672
1365889844.7268093,1609.7560975609756,53.7,1.3571643829345703
1365889844.955619,1477.439024390244,54.8,1.4013893604278564
1365889845.1846159,1612.1951219512196,53.7,1.3657238483428955
1365889845.4129503,1594.5121951219512,54.8,1.3614072799682617
1365889845.6415849,1484.7560975609756,54.8,1.3856334686279297
1365889845.870375,1671.3414634146343,54.8,1.376939058303833
1365889846.102224,1611.5853658536585,54.8,1.3666179180145264
1365889846.3306787,1523.780487804878,54.2,1.4402213096618652
1365889846.553579,2010.3658536585365,54.8,1.3593215942382812
1365889846.770657,1727.439024390244,55.3,1.3916130065917969
1365889846.9873705,2020.121951219512,54.8,1.3588130474090576
1365889847.2036247,2168.9024390243903,54.8,1.3433961868286133
1365889847.4201167,1938.4146341463415,54.8,1.6340479850769043
1365889847.6363974,1588.4146341463415,54.8,1.6196630001068115
1365889847.8524582,1973.1707317073171,54.8,1.4631226062774658
1365889848.0686378,1600.6097560975609,55.3,1.3454132080078125
1365889848.2859526,1821.341463414634,55.3,1.3589518070220947
1365889848.515744,1482.3170731707319,55.3,1.3541028499603271
1365889848.7451046,1475.6097560975609,54.2,1.4100172519683838
1365889848.9737122,1631.7073170731705,54.8,1.408034086227417
1365889849.203948,1510.3658536585365,54.8,1.3954267501831055
1365889849.4326935,1740.2439024390244,54.8,1.38541841506958
1365889849.6614485,1466.4634146341464,54.2,1.5125951766967773
1365889849.8929632,1499.390243902439,54.8,1.3715662956237793
1365889850.1236715,1721.3414634146343,54.8,1.360952615737915
1365889850.3523912,2605.487804878049,54.8,1.3883686065673828
1365889850.5813756,1500.6097560975609,54.8,1.3518338203430176
1365889850.8116512,1790.2439024390244,54.2,1.3606255054473877
1365889851.040234,1488.4146341463415,54.2,1.3592770099639893
1365889851.2686417,1494.5121951219514,54.8,1.366682767868042
1365889851.4970295,1588.4146341463415,54.2,1.3451600074768066
1365889851.7139277,2609.756097560976,54.8,1.338369369506836
1365889851.9301543,1816.4634146341464,54.8,1.3574676513671875
1365889852.1471682,1586.5853658536587,55.3,1.3518187999725342
1365889852.3631868,2046.9512195121952,54.8,1.4088377952575684
1365889852.580131,1808.5365853658536,55.3,1.4435951709747314
1365889852.7963564,3001.2195121951218,55.3,1.3743531703948975
1365889853.0126412,1592.6829268292684,55.3,1.3510222434997559
1365889853.2292254,1484.7560975609756,55.3,1.360309362411499
1365889853.4580605,1641.4634146341461,55.3,1.3570127487182617
1365889853.6862462,1971.9512195121952,54.8,1.3574988842010498
1365889853.9161482,1469.5121951219512,54.8,1.3975050449371338
1365889854.1447582,1507.3170731707316,54.8,1.3548119068145752
1365889854.373811,1490.8536585365855,54.8,1.3642349243164062
1365889854.6031668,1605.4878048780488,54.8,1.4731614589691162
1365889854.8319628,1532.3170731707316,54.8,1.3654918670654297
1365889855.06043,1614.6341463414635,54.8,1.350797414779663
1365889855.2901664,2311.5853658536585,54.8,1.378096580505371
1365889855.5196915,1574.3902439024391,54.2,1.3651049137115479
1365889855.7478428,1728.0487804878048,54.2,1.3911798000335693
1365889855.9764318,1548.780487804878,54.2,1.3608489036560059
1365889856.2059233,1524.3902439024391,54.8,1.3878307342529297
1365889856.4343283,1477.439024390244,54.8,1.3581562042236328
1365889856.662877,1682.3170731707316,54.8,1.3490548133850098
1365889856.8791187,2029.2682926829268,55.3,1.3420281410217285
1365889857.0954466,1661.5853658536585,54.8,1.348323106765747
1365889857.3158717,1899.3902439024391,54.8,1.3433983325958252
1365889857.5323288,1561.5853658536585,54.8,1.3623626232147217
1365889857.76094,1469.5121951219512,54.8,1.3566136360168457
1365889857.989677,1607.3170731707319,54.8,1.3590903282165527
1365889858.2187111,1486.5853658536585,54.8,1.3538563251495361
1365889858.4469202,1507.3170731707316,54.8,1.406367301940918
1365889858.6759841,1746.341463414634,54.8,1.3555688858032227
1365889858.904677,1518.2926829268292,54.2,1.3877623081207275
1365889859.1330507,1478.658536585366,54.8,1.355893611907959
1365889859.3616478,1457.3170731707316,54.2,1.3646893501281738
1365889859.593031,1478.658536585366,54.8,1.3506519794464111
1365889859.821721,1599.390243902439,53.7,1.3665766716003418
1365889860.0503457,1750.6097560975609,54.8,1.352508306503296
1365889860.2799475,1576.219512195122,53.7,1.365109920501709
1365889860.5146625,1576.219512195122,54.2,1.3953335285186768
1365889860.7426038,1716.4634146341464,54.8,1.3856301307678223
1365889860.9677255,1597.5609756097563,54.8,1.4119157791137695
1365889861.199391,1682.3170731707316,54.8,1.3577947616577148
1365889861.4277272,1674.390243902439,54.8,1.3720729351043701
1365889861.6563942,1571.341463414634,54.2,1.392033338546753
1365889861.885342,2190.8536585365855,54.2,1.3546452522277832
1365889862.1175659,1471.3414634146343,54.2,1.3688805103302002
1365889862.3461437,1498.780487804878,54.8,1.3525726795196533
1365889862.5755126,1486.5853658536585,54.2,1.5089552402496338
1365889862.8043675,1611.5853658536585,53.7,1.4606616497039795
1365889863.0331945,1472.5609756097563,54.2,2.635777235031128
1365889863.2616725,1512.8048780487804,54.8,2.453421115875244
1365889863.4901543,1570.7317073170732,54.2,2.226186752319336
1365889863.7212434,1473.7804878048782,53.7,1.9965801239013672
1365889863.9499285,1572.560975609756,54.2,1.7691714763641357
1365889864.1783235,1596.3414634146343,54.2,1.5420572757720947
1365889864.4018161,1598.1707317073171,54.2,1.3998205661773682
1365889864.6305647,1469.5121951219512,54.8,1.3541584014892578
1365889864.8591383,1570.7317073170732,53.7,1.3603601455688477
1365889865.087982,1559.7560975609756,54.8,1.3769004344940186
1365889865.3174915,1502.439024390244,53.7,1.3792011737823486
1365889865.546186,1508.5365853658536,54.2,1.350311279296875
1365889865.7750278,1608.5365853658539,54.2,1.3968124389648438
1365889866.0037127,1943.90243902439,54.2,1.3496441841125488
1365889866.2327235,1778.0487804878048,54.2,1.3723597526550293
1365889866.4613156,1547.560975609756,54.2,1.3822636604309082
1365889866.6897051,1479.878048780488,54.2,1.3663098812103271
1365889866.9186637,1648.1707317073171,54.2,1.3545606136322021
1365889867.1473408,1567.6829268292684,53.7,1.3500618934631348
1365889867.3755903,1868.2926829268295,54.8,1.3638217449188232
1365889867.6042802,2593.2926829268295,54.2,1.3457980155944824
1365889867.8286712,1540.2439024390244,53.7,1.3552238941192627
1365889868.0569105,1492.6829268292684,54.8,1.3778154850006104
1365889868.2851632,1516.4634146341461,54.2,1.3831219673156738
1365889868.5157056,1478.658536585366,53.7,1.3528246879577637
1365889868.744157,1650.609756097561,54.2,1.4059689044952393
1365889868.9723244,1461.5853658536587,54.8,1.356652021408081
1365889869.2023575,1789.0243902439024,54.2,1.3532567024230957
1365889869.430609,1751.219512195122,54.2,1.3556947708129883
1365889869.659146,1580.4878048780488,54.2,1.3534085750579834
1365889869.8875115,1559.7560975609756,54.2,1.4017822742462158
1365889870.1163855,1528.6585365853657,54.2,1.4469714164733887
1365889870.344483,1527.4390243902437,54.2,1.3855986595153809
1365889870.572636,1519.5121951219512,54.2,1.3598651885986328
1365889870.8014987,1685.3658536585365,54.2,1.368072509765625
1365889871.0296433,1483.5365853658539,53.7,1.423518180847168
1365889871.2556057,1967.0731707317073,54.8,1.352264165878296
1365889871.4718442,1768.2926829268292,55.3,1.3639097213745117
1365889871.6880205,1469.5121951219512,54.8,1.3768937587738037
1365889871.9167702,1637.1951219512196,54.2,1.3646130561828613
1365889872.1459162,1507.3170731707316,54.2,1.3585772514343262
1365889872.374632,1698.1707317073171,53.7,1.373164415359497
1365889872.604675,1798.170731707317,53.7,1.356440544128418
1365889872.8332427,1582.3170731707316,54.8,1.3627190589904785
1365889873.0616174,1611.5853658536585,53.7,1.3703880310058594
1365889873.2899761,1673.170731707317,54.2,1.4244930744171143
1365889873.518563,1753.0487804878048,54.2,1.4548466205596924
1365889873.7473476,1466.4634146341464,53.7,1.3779375553131104
1365889873.9759874,1864.0243902439024,53.7,1.3764054775238037
1365889874.2046657,1748.1707317073171,54.2,1.3525340557098389
1365889874.4329083,1718.2926829268292,54.2,1.35957932472229
1365889874.661419,1634.1463414634145,53.7,1.3659989833831787
1365889874.8900506,1945.121951219512,53.7,1.3397140502929688
1365889875.1062877,1824.3902439024391,54.8,1.379183292388916
1365889875.3226812,1522.560975609756,54.2,1.350449800491333
1365889875.5509632,1583.5365853658536,54.8,1.3806734085083008
1365889875.7795045,1631.7073170731705,54.2,1.366603136062622
1365889876.0093157,1582.3170731707316,54.2,1.357121229171753
1365889876.237847,1485.3658536585365,53.7,1.3929221630096436
1365889876.4662428,1464.6341463414633,54.2,1.4155023097991943
1365889876.69505,1746.341463414634,54.2,1.4602925777435303
1365889876.9247584,1619.5121951219514,54.2,1.3511216640472412
1365889877.1528914,1708.5365853658536,54.2,1.358994960784912
1365889877.3815298,1526.8292682926829,53.7,1.3611397743225098
1365889877.6103082,1508.5365853658536,54.2,1.3571994304656982
1365889877.8386893,1533.5365853658536,53.7,1.3522579669952393
1365889878.0673504,1728.0487804878048,54.8,1.4038035869598389
1365889878.295719,1776.2195121951218,54.2,1.385254144668579
1365889878.5276065,1971.9512195121952,54.8,1.454773187637329
1365889878.7437367,1588.4146341463415,54.2,1.4638376235961914
1365889878.9597507,1576.219512195122,54.2,1.3497605323791504
1365889879.1879168,1738.4146341463415,54.2,1.3556091785430908
1365889879.4174283,1629.2682926829268,54.2,1.3910586833953857
1365889879.6460764,1470.7317073170732,53.7,1.4383134841918945
1365889879.8743994,1466.4634146341464,53.7,1.361487627029419
1365889880.103219,1649.3902439024391,53.7,1.4830801486968994
1365889880.334427,1478.658536585366,53.7,1.355651617050171
1365889880.5627792,1462.8048780487807,54.8,1.3531360626220703
1365889880.7911198,1683.5365853658536,54.2,1.350318193435669
1365889881.0199199,1723.1707317073171,53.7,1.3579950332641602
1365889881.2484028,1791.4634146341464,54.2,1.349827527999878
1365889881.477258,1476.8292682926829,54.2,1.3796045780181885
1365889881.705387,1466.4634146341464,54.2,1.3775169849395752
1365889881.9351187,1525.609756097561,54.2,1.386457920074463
1365889882.163463,1586.5853658536587,53.7,1.3476777076721191
1365889882.3797038,2034.7560975609756,53.7,1.3451926708221436
1365889882.5959878,2389.6341463414633,54.2,1.340186357498169
1365889882.8120255,1968.2926829268292,54.8,1.3414373397827148
1365889883.0283759,1895.121951219512,54.8,1.3526113033294678
1365889883.2445607,1699.3902439024391,55.3,1.4154069423675537
1365889883.4607224,1637.1951219512196,54.8,1.369786024093628
1365889883.6889296,1742.0731707317075,54.8,1.3535254001617432
1365889883.9173725,1799.390243902439,54.2,1.365126132965088
1365889884.1475375,1585.3658536585367,54.2,1.392789602279663
1365889884.376232,1775.0,53.7,1.361337661743164
1365889884.6047246,1540.2439024390244,53.7,1.3736646175384521
1365889884.8329573,1621.341463414634,54.2,1.3735954761505127
1365889885.0617657,1485.3658536585365,54.2,1.4474103450775146
1365889885.2901404,1477.439024390244,53.7,1.3539891242980957
1365889885.5186703,1577.439024390244,53.7,1.3542993068695068
1365889885.7474787,1553.658536585366,54.2,1.3515598773956299
1365889885.9765031,1634.1463414634145,54.2,1.355574369430542
1365889886.2067122,1487.8048780487804,54.2,1.3572237491607666
1365889886.4359117,1467.6829268292684,54.8,1.373833417892456
1365889886.6641352,1493.2926829268295,53.7,1.3586373329162598
1365889886.8892572,2042.0731707317073,54.2,1.3453447818756104
1365889887.105562,1792.0731707317073,54.8,1.3405086994171143
1365889887.3216646,1915.2439024390244,54.8,1.347688913345337
1365889887.5382302,2003.0487804878048,54.2,1.3378314971923828
1365889887.7545707,1882.9268292682925,54.8,1.344557762145996
1365889887.97073,1732.3170731707319,54.8,1.3554623126983643
1365889888.187077,2028.0487804878046,54.8,1.345707893371582
1365889888.404725,2539.6341463414633,54.8,1.3999302387237549
1365889888.6208858,1603.658536585366,54.8,1.3396334648132324
1365889888.8370473,2034.7560975609756,55.3,1.3377189636230469
1365889889.0531304,1609.7560975609756,54.8,1.4251255989074707
1365889889.2691717,1937.1951219512196,54.8,1.3505496978759766
1365889889.485465,1595.7317073170732,54.8,1.3428707122802734
1365889889.701565,2042.0731707317073,54.8,1.3582754135131836
1365889889.9179032,1588.4146341463415,54.8,1.4007234573364258
1365889890.135851,1765.2439024390244,54.8,1.5096423625946045
1365889890.364068,1774.3902439024391,54.2,1.4177682399749756
1365889890.592431,1741.4634146341464,54.2,1.3543095588684082
1365889890.82122,1477.439024390244,54.8,1.358985185623169
1365889891.0495887,1488.4146341463415,54.2,1.382941722869873
1365889891.277708,1577.439024390244,54.8,1.41434645652771
1365889891.5063565,1487.8048780487804,54.8,1.3700892925262451
1365889891.7369452,1483.5365853658539,54.8,1.360529899597168
1365889891.965434,1560.3658536585365,54.8,1.4012322425842285
1365889892.1935909,1461.5853658536587,54.2,1.3548593521118164
1365889892.4230988,1493.2926829268295,54.2,1.361386775970459
1365889892.6514452,1535.3658536585367,54.2,1.3759393692016602
1365889892.87987,1567.6829268292684,54.8,1.3506104946136475
1365889893.1084204,1701.219512195122,54.2,1.372816801071167
1365889893.3374033,1827.439024390244,54.2,1.4385955333709717
1365889893.5533414,1600.6097560975609,54.2,1.4283103942871094
1365889893.7692554,1611.5853658536585,54.2,1.409423828125
1365889893.997805,1489.6341463414635,54.2,1.401282548904419
1365889894.2262976,1480.4878048780488,54.2,1.3490159511566162
1365889894.454728,1480.4878048780488,54.2,1.3907697200775146
1365889894.6830695,1524.3902439024391,54.2,1.4740805625915527
1365889894.911444,1475.6097560975609,54.2,1.3771450519561768
1365889895.1400332,1583.5365853658536,54.2,1.3568871021270752
1365889895.3684237,1635.3658536585365,54.2,1.3610806465148926
1365889895.5968375,1656.7073170731708,53.7,1.5602009296417236
1365889895.827334,2250.0,54.2,1.3818366527557373
1365889896.0559032,1642.6829268292681,54.2,1.3702445030212402
1365889896.284477,1465.8536585365853,53.7,1.3584845066070557
1365889896.5130372,1467.6829268292684,53.7,1.3591420650482178
1365889896.7419674,1768.2926829268292,54.2,1.3529386520385742
1365889896.9708042,1471.3414634146343,53.7,1.3575851917266846
1365889897.1990983,1750.6097560975609,53.7,1.3413074016571045
1365889897.4157975,1462.8048780487807,54.8,1.4012696743011475
1365889897.6442478,1565.2439024390244,54.2,1.3605380058288574
1365889897.8723516,1473.7804878048782,53.7,1.5165472030639648
1365889898.1006522,1466.4634146341464,54.8,1.4030656814575195
1365889898.3288155,1636.5853658536585,54.2,1.362746000289917
1365889898.5574834,1473.7804878048782,54.2,1.355051040649414
1365889898.7861714,1624.390243902439,53.7,1.3530123233795166
1365889899.0154212,1513.4146341463415,53.7,1.4082772731781006
1365889899.2439117,1722.5609756097563,53.7,1.3772048950195312
1365889899.4723496,1687.1951219512196,53.7,1.372793436050415
1365889899.7007692,1747.560975609756,53.7,1.3484771251678467
1365889899.9292808,1622.560975609756,54.2,1.4916229248046875
1365889900.15787,1475.6097560975609,54.2,1.5176782608032227
1365889900.3864558,1463.4146341463415,53.7,1.4468004703521729
1365889900.6153722,1965.2439024390244,54.2,1.4629361629486084
1365889900.831665,1600.6097560975609,54.8,1.3700613975524902
1365889901.0479324,1916.4634146341464,54.8,1.3425068855285645
1365889901.2641323,1787.1951219512193,54.2,1.3532638549804688
1365889901.4808419,1868.9024390243903,54.8,1.4152319431304932
1365889901.7103403,1615.2439024390244,54.2,1.4518814086914062
1365889901.9415965,1957.3170731707316,53.7,1.3501536846160889
1365889902.1706407,1466.4634146341464,53.7,1.4001350402832031
1365889902.3989782,1461.5853658536587,54.8,1.4018092155456543
1365889902.6272933,1479.878048780488,53.7,1.3705523014068604
1365889902.8559082,1554.2682926829268,54.2,1.3538227081298828
1365889903.084199,1556.7073170731708,53.7,1.3693790435791016
1365889903.3123238,1471.3414634146343,54.8,1.3680212497711182
1365889903.5409138,1504.2682926829268,53.7,1.3779637813568115
1365889903.7691073,1464.6341463414633,54.2,1.3514184951782227
1365889903.9977455,1595.7317073170732,53.7,1.3620004653930664
1365889904.226649,1522.560975609756,54.2,1.3709368705749512
1365889904.4552174,1482.3170731707319,54.2,1.3912875652313232
1365889904.6839135,1680.4878048780488,54.2,1.3546760082244873
1365889904.9123974,1854.2682926829268,54.2,1.3446283340454102
1365889905.1286604,1642.6829268292681,54.2,1.4227778911590576
1365889905.3461888,1856.09756097561,54.8,1.4056251049041748
1365889905.5622098,1583.5365853658536,54.8,1.448305368423462
1365889905.7784402,1862.1951219512196,54.8,1.367859125137329
1365889905.9945898,1750.6097560975609,54.8,1.3562283515930176
1365889906.2110417,1889.0243902439024,54.8,1.35408616065979
1365889906.439472,1622.560975609756,54.2,1.3506784439086914
1365889906.6682107,1582.3170731707316,54.2,1.3757915496826172
1365889906.8967752,1480.4878048780488,54.2,1.369849443435669
1365889907.1253107,1531.7073170731708,54.2,1.3727843761444092
1365889907.354201,1603.658536585366,53.7,1.4011480808258057
1365889907.5824726,1769.5121951219512,54.8,1.370044469833374
1365889907.8108487,1738.4146341463415,54.8,1.3574438095092773
1365889908.0390968,1857.9268292682927,53.7,1.3492648601531982
1365889908.2674546,2256.0975609756097,54.2,1.3650035858154297
1365889908.495857,1785.3658536585367,53.7,1.35109281539917
1365889908.7243514,1531.7073170731708,53.7,1.3687262535095215
1365889908.9534838,1646.341463414634,54.8,1.4056568145751953
1365889909.1819673,1739.6341463414635,54.2,1.4099583625793457
1365889909.4101684,2145.731707317073,54.2,1.345569133758545
1365889909.6262848,1950.0,54.8,1.3507304191589355
1365889909.8422217,1589.6341463414633,54.8,1.4044370651245117
1365889910.0586267,1871.9512195121952,54.8,1.4097957611083984
1365889910.2748792,1893.2926829268292,54.8,1.3884429931640625
1365889910.49108,1656.7073170731708,55.3,1.3554203510284424
1365889910.7072632,2076.2195121951218,54.8,1.350616693496704
1365889910.9234266,1598.1707317073171,55.3,1.340003252029419
1365889911.1396482,2090.2439024390246,54.8,1.4053301811218262
1365889911.3560297,1828.0487804878048,54.8,1.363424301147461
1365889911.5726068,1740.2439024390244,54.8,1.4188802242279053
1365889911.7888331,1790.2439024390244,54.8,1.342057466506958
1365889912.0050097,1881.0975609756097,55.3,1.3419997692108154
1365889912.2227335,1871.9512195121952,54.8,1.342097282409668
1365889912.4394598,1624.390243902439,54.8,1.3496506214141846
1365889912.6682413,1724.390243902439,54.8,1.3617022037506104
1365889912.8968153,1663.4146341463413,54.2,1.3491640090942383
1365889913.1255424,1650.609756097561,53.7,1.3938426971435547
1365889913.3541932,1466.4634146341464,54.8,1.3597745895385742
1365889913.582611,1457.3170731707316,54.2,1.3919909000396729
1365889913.8111486,1488.4146341463415,54.8,1.3977255821228027
1365889914.0403833,1485.3658536585365,54.2,1.387345790863037
1365889914.2688663,1509.7560975609756,54.8,1.3624439239501953
1365889914.4988184,1640.2439024390244,54.2,1.3902456760406494
1365889914.7276165,1465.8536585365853,54.8,1.4812448024749756
1365889914.959951,1537.8048780487804,54.2,1.3575081825256348
1365889915.1886923,1497.560975609756,54.8,1.396125316619873
1365889915.4183476,1688.4146341463415,54.2,1.3482894897460938
1365889915.6469972,2018.292682926829,54.2,1.3519928455352783
1365889915.863004,1723.1707317073171,54.8,1.3438000679016113
1365889916.0790799,1835.9756097560976,54.2,1.3418073654174805
1365889916.2953851,1609.7560975609756,54.8,1.3607275485992432
1365889916.5114942,1617.6829268292684,54.8,1.432485580444336
1365889916.7399342,1550.6097560975609,54.2,1.3595118522644043
1365889916.968602,1474.390243902439,54.2,1.359297752380371
1365889917.1972024,1550.6097560975609,54.8,1.438291072845459
1365889917.4260402,1574.3902439024391,54.2,1.4000747203826904
1365889917.65462,1479.878048780488,53.7,1.3522214889526367
1365889917.883082,1534.7560975609756,53.7,1.368579387664795
1365889918.1116574,1583.5365853658536,54.2,1.456045389175415
1365889918.340019,1605.4878048780488,54.2,1.3514657020568848
1365889918.568877,1549.390243902439,54.2,1.3481130599975586
1365889918.7970076,1771.341463414634,54.2,1.4005932807922363
1365889919.0262556,1670.1219512195123,54.2,1.34846830368042
1365889919.2547414,1758.5365853658536,54.2,1.356471061706543
1365889919.483272,1582.3170731707316,54.2,1.3778769969940186
1365889919.7114182,1875.0,53.7,1.360673189163208
1365889919.9277387,1593.2926829268292,54.8,1.3888864517211914
1365889920.143772,1996.341463414634,54.8,1.3393149375915527
1365889920.3604677,1963.4146341463415,54.8,1.342707633972168
1365889920.576524,1682.3170731707316,55.3,1.3672187328338623
1365889920.7926967,1763.4146341463415,54.8,1.3516111373901367
1365889921.0214036,1841.4634146341464,54.8,1.464848518371582
1365889921.2503896,1740.2439024390244,53.7,1.379650592803955
1365889921.4794111,1529.2682926829268,54.2,1.3579466342926025
1365889921.7078567,1598.1707317073171,53.7,1.3570642471313477
1365889921.936597,1614.6341463414635,54.2,1.3648533821105957
1365889922.166844,1673.170731707317,54.2,1.3535242080688477
1365889922.3958168,1473.7804878048782,53.7,1.3583343029022217
1365889922.6245048,1813.4146341463415,53.7,1.3614330291748047
1365889922.8542078,1566.4634146341464,53.7,1.4081017971038818
1365889923.0831103,1506.7073170731705,54.2,1.3599655628204346
1365889923.3120084,1596.3414634146343,53.7,1.3685147762298584
1365889923.5400722,1700.609756097561,54.2,1.4369173049926758
1365889923.7687216,1585.3658536585367,54.2,1.362537145614624
1365889923.9976978,1680.4878048780488,53.7,1.348719835281372
1365889924.213851,1486.5853658536585,53.7,1.351236343383789
1365889924.4442108,1563.4146341463415,54.2,1.356381893157959
1365889924.672668,1483.5365853658539,54.2,1.3887121677398682
1365889924.9012063,1467.6829268292684,54.8,1.3567028045654297
1365889925.129704,1483.5365853658539,54.2,1.3623690605163574
1365889925.3593707,1659.1463414634147,54.2,1.4187126159667969
1365889925.5894878,1467.6829268292684,53.7,1.3520538806915283
1365889925.81874,1470.7317073170732,53.7,1.3922722339630127
1365889926.0494645,1546.3414634146343,53.7,1.3609795570373535
1365889926.2781188,1680.4878048780488,54.2,1.3803911209106445
1365889926.5068836,1506.7073170731705,54.2,1.4359161853790283
1365889926.7356238,1556.7073170731708,54.2,1.3667430877685547
1365889926.9646113,1530.4878048780488,53.7,1.388277530670166
1365889927.1930625,1480.4878048780488,53.7,1.3756418228149414
1365889927.4215698,1814.0243902439024,53.7,1.3715693950653076
1365889927.6396132,1603.658536585366,53.7,1.3742876052856445
1365889927.8558612,1882.9268292682925,54.2,1.3488519191741943
1365889928.071939,1580.4878048780488,54.2,1.36466383934021
1365889928.2883008,1686.5853658536585,54.2,1.389497995376587
1365889928.5045557,2146.951219512195,54.8,1.3542287349700928
1365889928.7208254,2131.707317073171,54.8,1.3469593524932861
1365889928.9379401,2076.8292682926826,54.8,1.3431127071380615
1365889929.1543355,1971.3414634146343,54.8,1.4085991382598877
1365889929.3836112,1654.2682926829268,54.2,1.3564631938934326
1365889929.6121829,1742.0731707317075,54.8,1.363771677017212
1365889929.8416839,1604.2682926829268,54.2,1.3597240447998047
1365889930.0702586,1480.4878048780488,54.2,1.3660297393798828
1365889930.2988648,1504.2682926829268,53.7,1.3836414813995361
1365889930.5276864,1641.4634146341461,53.7,1.3533685207366943
1365889930.7564619,1468.2926829268292,53.7,1.3650548458099365
1365889930.985017,1515.2439024390244,54.2,1.474531888961792
1365889931.2133994,1540.2439024390244,53.7,1.3556385040283203
1365889931.4418635,1631.7073170731705,53.7,1.3496253490447998
1365889931.6701932,1638.4146341463415,54.2,1.3557119369506836
1365889931.898679,1719.5121951219512,54.2,1.3689801692962646
1365889932.1269302,1636.5853658536585,54.2,1.3528659343719482
1365889932.356076,1480.4878048780488,53.7,1.3867402076721191
1365889932.574277,2025.0,53.7,1.3416509628295898
1365889932.7903886,1463.4146341463415,53.7,1.3536009788513184
1365889933.0185506,1470.7317073170732,54.8,1.3617866039276123
1365889933.247219,1602.439024390244,53.7,1.3542675971984863
1365889933.4758284,1687.1951219512196,54.2,1.365339756011963
1365889933.704061,1754.2682926829268,53.7,1.3677220344543457
1365889933.932655,1771.341463414634,53.7,1.3905258178710938
1365889934.16116,1708.5365853658536,53.7,1.3552508354187012
1365889934.3896368,1521.341463414634,54.2,1.365387201309204
1365889934.6179755,1508.5365853658536,53.7,1.3573799133300781
1365889934.848233,1781.0975609756097,54.2,1.3533539772033691
1365889935.0771844,1528.6585365853657,54.2,1.367710828781128
1365889935.3058794,1783.5365853658536,54.2,1.362419843673706
1365889935.5343492,2608.5365853658536,54.2,1.3695414066314697
1365889935.7639122,1537.8048780487804,54.2,1.4212069511413574
1365889935.992204,1808.5365853658536,53.7,1.3836770057678223
1365889936.2087626,1984.1463414634147,54.2,1.3456149101257324
1365889936.4249997,1824.3902439024391,54.2,1.3994591236114502
1365889936.6537392,1770.121951219512,54.8,1.3485705852508545
1365889936.8822002,1600.6097560975609,54.2,1.3628320693969727
1365889937.110502,1623.1707317073171,54.2,1.3576321601867676
1365889937.3389544,1562.8048780487804,53.7,1.350778341293335
1365889937.5675366,1554.2682926829268,53.7,1.4231150150299072
1365889937.7958474,1473.7804878048782,53.7,1.3719689846038818
1365889938.0246105,1661.5853658536585,54.2,1.374617576599121
1365889938.2532601,1776.2195121951218,53.2,1.3547658920288086
1365889938.4816008,1793.2926829268292,54.2,1.3674633502960205
1365889938.7100563,1675.6097560975609,53.7,1.4139368534088135
1365889938.9385657,1475.6097560975609,53.7,1.3608222007751465
1365889939.1674511,1910.3658536585367,53.7,1.3717591762542725
1365889939.3959694,1979.2682926829268,53.7,1.3983519077301025
1365889939.6244197,2123.780487804878,53.7,1.6284945011138916
1365889939.8403797,1812.1951219512196,54.2,1.4805219173431396
1365889940.056439,1597.5609756097563,54.2,1.3451447486877441
1365889940.2725494,1946.9512195121952,54.8,1.3385329246520996
1365889940.4887357,1699.3902439024391,54.2,1.3562710285186768
1365889940.7170382,1671.3414634146343,53.7,1.3584089279174805
1365889940.9454238,1742.0731707317075,54.8,1.3613786697387695
1365889941.1735775,1547.560975609756,54.2,1.354767084121704
1365889941.4020138,1613.4146341463415,53.7,1.3640861511230469
1365889941.6301677,1484.7560975609756,54.2,1.3801686763763428
1365889941.8585222,1495.7317073170732,54.2,1.355931282043457
1365889942.0868728,1517.6829268292681,53.7,1.354402780532837
1365889942.315475,1742.0731707317075,53.7,1.3723795413970947
1365889942.544162,1545.7317073170732,53.7,1.37027907371521
1365889942.7729418,1478.658536585366,54.2,1.3536114692687988
1365889943.0014663,1669.5121951219512,53.7,1.3534369468688965
1365889943.2301939,1594.5121951219512,53.7,1.381183385848999
1365889943.460754,1574.3902439024391,53.7,1.3606252670288086
1365889943.6891775,1502.439024390244,53.7,1.3681933879852295
1365889943.9176216,1918.2926829268292,54.2,1.343836784362793
1365889944.1345878,1628.658536585366,54.2,1.362400770187378
1365889944.3507001,2034.7560975609756,54.8,1.3669676780700684
1365889944.5682557,1979.2682926829268,54.2,1.354633092880249
1365889944.7847588,1647.560975609756,54.8,1.3578276634216309
1365889945.0131414,1647.560975609756,54.8,1.350839614868164
1365889945.2416823,1741.4634146341464,53.7,1.4146950244903564
1365889945.4700315,1776.2195121951218,53.7,1.357461929321289
1365889945.6980846,1615.2439024390244,53.7,1.3808560371398926
1365889945.9265997,1757.3170731707316,54.8,1.3785762786865234
1365889946.1547432,1580.4878048780488,54.2,1.3538682460784912
1365889946.3834953,1935.3658536585365,53.7,1.3642866611480713
1365889946.6120887,1481.7073170731708,53.7,1.3745148181915283
1365889946.842399,1555.4878048780488,53.7,1.3628933429718018
1365889947.0721073,1477.439024390244,53.7,1.3535494804382324
1365889947.3004878,1458.5365853658536,53.7,1.3564531803131104
1365889947.5289888,1537.8048780487804,53.7,1.3537755012512207
1365889947.7573981,1576.219512195122,53.7,1.352515459060669
1365889947.9862502,1579.2682926829268,53.7,1.3493456840515137
1365889948.2062078,2009.1463414634147,53.7,1.4621002674102783
1365889948.4223075,1568.2926829268292,54.8,1.353461742401123
1365889948.6384768,2034.7560975609756,53.7,1.363297462463379
1365889948.854558,1591.4634146341464,54.2,1.3802168369293213
1365889949.0707324,2007.3170731707316,54.8,1.3424360752105713
1365889949.2868674,1574.3902439024391,54.8,1.3485946655273438
1365889949.5030515,1920.1219512195123,54.8,1.3360342979431152
1365889949.719258,1706.0975609756097,54.8,1.3507225513458252
1365889949.947955,1528.6585365853657,54.8,1.3694238662719727
1365889950.1765494,1489.6341463414635,54.8,1.3668487071990967
1365889950.405164,1568.2926829268292,54.2,1.3635549545288086
1365889950.6334713,1552.439024390244,53.7,1.4397099018096924
1365889950.8619978,1651.2195121951218,53.7,1.3509769439697266
1365889951.0907884,1510.3658536585365,54.2,1.363893985748291
1365889951.3192606,1493.2926829268295,54.2,1.3565635681152344
1365889951.547562,1475.6097560975609,54.2,1.3744091987609863
1365889951.7759776,1979.2682926829268,53.7,1.3734331130981445
1365889952.0042627,1477.439024390244,54.2,1.4013350009918213
1365889952.2328985,1531.7073170731708,53.7,1.358813762664795
1365889952.4644732,1619.5121951219514,53.7,1.3668923377990723
1365889952.693253,1627.439024390244,53.7,1.3619530200958252
1365889952.922755,1670.1219512195123,53.7,1.3684589862823486
1365889953.1440263,1745.121951219512,54.8,1.3421452045440674
1365889953.3601527,1904.8780487804877,54.2,1.4462969303131104
1365889953.5776374,1603.658536585366,54.8,1.4468767642974854
1365889953.793579,2278.048780487805,54.2,1.3379566669464111
1365889954.0099294,1583.5365853658536,54.8,1.4894673824310303
1365889954.2262206,1800.0,54.2,1.4368183612823486
1365889954.442338,1753.0487804878048,54.8,1.340446949005127
1365889954.6586552,1621.341463414634,54.2,1.3461570739746094
1365889954.874988,1502.439024390244,54.8,1.423860788345337
1365889955.1036112,1505.4878048780486,54.8,1.4352140426635742
1365889955.3321157,1570.7317073170732,53.7,1.8528809547424316
1365889955.5606904,1703.6585365853657,54.8,1.6254894733428955
1365889955.7898452,1532.3170731707316,54.2,1.5714354515075684
1365889956.0181456,1494.5121951219514,54.2,1.3897569179534912
1365889956.2466567,1600.6097560975609,54.2,1.397970199584961
1365889956.4751353,1695.121951219512,54.2,1.353269338607788
1365889956.7031982,1514.6341463414635,54.2,1.3754668235778809
1365889956.931376,1472.5609756097563,54.2,1.3880958557128906
1365889957.1595008,1522.560975609756,53.7,1.363849401473999
1365889957.3885942,1717.0731707317073,53.7,1.3524348735809326
1365889957.6170664,1765.2439024390244,53.7,1.3773853778839111
1365889957.845448,1599.390243902439,54.2,1.3513436317443848
1365889958.0742052,1498.780487804878,53.7,1.5831983089447021
1365889958.2915576,2059.1463414634145,54.2,1.4273462295532227
1365889958.5078285,1595.7317073170732,54.8,1.342655897140503
1365889958.7238808,2042.0731707317073,54.2,1.3441720008850098
1365889958.9399152,1712.1951219512196,54.2,1.349478006362915
1365889959.1561465,2112.8048780487807,54.2,1.348311424255371
1365889959.3722787,1585.3658536585367,55.3,1.3358855247497559
1365889959.5886683,1784.1463414634147,54.2,1.4132518768310547
1365889959.8049686,1978.0487804878048,54.8,1.3757164478302002
1365889960.0209768,1727.439024390244,54.8,1.4932353496551514
1365889960.237211,1935.9756097560976,54.8,1.388073205947876
1365889960.4535067,1554.2682926829268,54.8,1.3752686977386475
1365889960.6816409,1493.2926829268295,54.2,1.3568456172943115
1365889960.9099767,1482.3170731707319,54.8,1.3539838790893555
1365889961.138277,1469.5121951219512,54.8,1.3698973655700684
1365889961.3666265,1474.390243902439,53.7,1.348860502243042
1365889961.5957994,1497.560975609756,54.2,1.3637943267822266
1365889961.824348,1490.8536585365855,53.7,1.3665165901184082
1365889962.053791,1489.6341463414635,53.7,1.3516151905059814
1365889962.2825081,1667.6829268292684,54.2,1.3586597442626953
1365889962.5109243,1749.390243902439,53.7,1.37078857421875
1365889962.739322,1810.3658536585365,53.7,1.363858938217163
1365889962.9680228,1504.2682926829268,53.7,1.3632423877716064
1365889963.1987593,1471.3414634146343,53.7,1.357874870300293
1365889963.4270465,1480.4878048780488,53.7,1.3523108959197998
1365889963.6557164,1585.3658536585367,53.7,1.4114091396331787
1365889963.8719196,1929.2682926829268,54.2,1.3566639423370361
1365889964.0880394,1598.1707317073171,54.2,1.350052833557129
1365889964.3044372,1643.2926829268292,54.2,1.4067201614379883
1365889964.520757,1509.7560975609756,54.2,1.3948006629943848
1365889964.7493274,1470.7317073170732,54.2,1.37544846534729
1365889964.9787793,1796.3414634146343,54.2,1.396646499633789
1365889965.2076685,1753.0487804878048,54.2,1.3477723598480225
1365889965.436591,2520.731707317073,53.7,1.3493518829345703
1365889965.6660652,1516.4634146341461,54.2,1.3571228981018066
1365889965.8950546,1548.780487804878,54.2,1.3609626293182373
1365889966.1237485,1480.4878048780488,53.7,1.3625519275665283
1365889966.3528507,1494.5121951219514,53.7,1.3618175983428955
1365889966.5818574,1580.4878048780488,53.7,1.492785930633545
1365889966.8116486,1511.5853658536585,53.7,1.3664014339447021
1365889967.0401418,1464.6341463414633,54.2,1.3828611373901367
1365889967.2708695,1522.560975609756,54.2,1.3570644855499268
1365889967.5000684,1477.439024390244,53.7,1.360438346862793
1365889967.729016,1632.3170731707316,53.7,1.3779387474060059
1365889967.9571087,1594.5121951219512,54.2,1.3567721843719482
1365889968.1734335,1803.0487804878048,54.8,1.3522686958312988
1365889968.3902085,1727.439024390244,53.7,1.3510563373565674
1365889968.6065567,1974.390243902439,54.8,1.5900933742523193
1365889968.8225927,1499.390243902439,53.7,1.3761017322540283
1365889969.0527277,1542.6829268292684,53.7,1.4182207584381104
1365889969.2816525,1702.439024390244,54.2,1.3638975620269775
1365889969.5104585,1493.2926829268295,54.2,1.3633344173431396
1365889969.7393203,1664.6341463414633,53.7,1.3704850673675537
1365889969.9680333,1596.3414634146343,54.2,1.3694205284118652
1365889970.1980379,1542.6829268292684,54.2,1.3932323455810547
1365889970.4270968,1460.3658536585367,53.7,1.3565831184387207
1365889970.6560438,1976.219512195122,54.2,1.3651494979858398
1365889970.8844259,1580.4878048780488,53.7,1.3827569484710693
1365889971.1133184,1479.878048780488,54.8,1.3599178791046143
1365889971.341706,1469.5121951219512,53.7,1.3592095375061035
1365889971.5705285,1756.0975609756097,54.2,1.353454351425171
1365889971.8024957,1463.4146341463415,53.7,1.3560893535614014
1365889972.0315225,1664.6341463414633,54.2,1.4534921646118164
1365889972.2617192,1580.4878048780488,54.2,1.339709758758545
1365889972.4780862,1757.3170731707316,54.2,1.4049835205078125
1365889972.6940992,1902.4390243902437,54.2,1.3582284450531006
1365889972.9110336,1832.3170731707316,54.2,1.368424892425537
1365889973.1396365,1478.658536585366,53.7,1.3584439754486084
1365889973.3681676,1486.5853658536585,53.7,1.3552751541137695
1365889973.5987008,1470.7317073170732,53.7,1.4629855155944824
1365889973.826925,1465.8536585365853,54.2,1.3704142570495605
1365889974.0562534,1752.439024390244,53.7,1.3801498413085938
1365889974.285107,1689.6341463414635,53.7,1.3543102741241455
1365889974.5132678,1573.780487804878,54.2,1.3728399276733398
1365889974.741514,1520.7317073170732,54.2,1.3536171913146973
1365889974.970285,1802.439024390244,54.2,1.3885471820831299
1365889975.201591,1611.5853658536585,53.7,1.4423465728759766
1365889975.4299512,1641.4634146341461,53.7,1.379655361175537
1365889975.6582716,1595.7317073170732,54.2,1.4544196128845215
1365889975.8866527,1626.219512195122,53.7,1.4178638458251953
1365889976.1152968,1626.219512195122,53.7,1.3677382469177246
1365889976.3361874,1979.878048780488,54.2,1.3520355224609375
1365889976.5523465,1641.4634146341461,54.2,1.358870267868042
1365889976.7686107,2512.80487804878,54.2,1.3691835403442383
1365889976.984726,1688.4146341463415,53.7,1.3362822532653809
1365889977.2008972,2112.19512195122,54.2,1.3370463848114014
1365889977.417025,1570.7317073170732,54.8,1.4328444004058838
1365889977.6330664,1624.390243902439,54.2,1.3931536674499512
1365889977.8611412,1674.390243902439,54.2,1.3523998260498047
1365889978.08958,1749.390243902439,53.7,1.3868002891540527
1365889978.3177447,1630.4878048780486,54.2,1.3487114906311035
1365889978.5462773,1793.2926829268292,53.7,1.3498406410217285
1365889978.7744093,1675.6097560975609,53.7,1.3739123344421387
1365889979.0029972,1898.1707317073171,53.7,1.4027206897735596
1365889979.231635,1508.5365853658536,53.7,1.4240405559539795
1365889979.4611118,1480.4878048780488,54.2,1.348750352859497
1365889979.6894972,1477.439024390244,54.2,1.3592941761016846
1365889979.9177701,1496.341463414634,53.7,1.36146879196167
1365889980.1462667,1473.7804878048782,53.7,1.3597657680511475
1365889980.3744366,1463.4146341463415,53.7,1.3634154796600342
1365889980.605059,1467.6829268292684,54.2,1.4762561321258545
1365889980.833402,1495.7317073170732,54.2,1.6934700012207031
1365889981.0619438,1466.4634146341464,53.7,1.465872049331665
1365889981.2913089,1593.2926829268292,53.7,1.3598036766052246
1365889981.5200129,1715.2439024390244,53.7,1.3631575107574463
1365889981.7483397,1784.1463414634147,53.7,1.355468511581421
1365889981.9770422,1523.780487804878,53.7,1.3774962425231934
1365889982.2058995,1535.3658536585367,54.2,1.3531336784362793
1365889982.434999,2492.682926829268,53.7,1.3494040966033936
1365889982.6635735,1532.3170731707316,53.7,1.3546051979064941
1365889982.8923326,1759.1463414634145,53.7,1.4117534160614014
1365889983.120616,1751.219512195122,53.7,1.3630437850952148
1365889983.3491611,1606.7073170731708,54.2,1.363882303237915
1365889983.577646,1512.8048780487804,53.7,1.3751802444458008
1365889983.8065202,1585.3658536585367,53.7,1.360152244567871
1365889984.0350714,1771.341463414634,53.7,1.349123477935791
1365889984.263509,1914.0243902439024,54.2,1.3397891521453857
1365889984.4801087,1835.3658536585367,54.2,1.3470945358276367
1365889984.6964025,1603.658536585366,54.8,1.3482024669647217
1365889984.9125993,2043.9024390243903,54.2,1.344447135925293
1365889985.1285913,2730.487804878049,54.2,1.340374231338501
1365889985.3447428,1946.9512195121952,54.8,1.3480768203735352
1365889985.5609305,1490.8536585365855,54.2,1.3551926612854004
1365889985.7894123,1604.2682926829268,54.2,1.425978183746338
1365889986.01842,2688.4146341463415,53.7,1.3869574069976807
1365889986.2472692,1654.2682926829268,53.7,1.3742752075195312
1365889986.4755366,1582.3170731707316,53.7,1.3702428340911865
1365889986.7038462,1772.560975609756,53.7,1.35603928565979
1365889986.9324043,1706.0975609756097,53.7,1.3600528240203857
1365889987.1608906,1799.390243902439,53.7,1.348222017288208
1365889987.3894765,1504.2682926829268,53.7,1.3841042518615723
1365889987.6192436,1518.2926829268292,53.7,1.5027050971984863
1365889987.8477166,1592.6829268292684,53.7,1.488886833190918
1365889988.0764487,1761.5853658536585,53.7,1.3965566158294678
1365889988.3052518,1486.5853658536585,54.2,1.366119623184204
1365889988.5335984,1483.5365853658539,53.7,1.355238676071167
1365889988.762194,1594.5121951219512,53.7,1.3833844661712646
1365889988.978397,1454.8780487804877,53.7,1.357703447341919
1365889989.2070808,1499.390243902439,53.7,1.3710176944732666
1365889989.4356012,1609.7560975609756,53.7,1.7059595584869385
1365889989.6638505,1747.560975609756,53.7,1.4785850048065186
1365889989.8923173,1652.4390243902437,53.7,1.3646337985992432
1365889990.1207056,1684.1463414634145,53.7,1.3549203872680664
1365889990.349298,1632.3170731707316,53.7,1.37076735496521
1365889990.5783925,1641.4634146341461,53.7,1.3533010482788086
1365889990.8082569,1542.6829268292684,53.7,1.350661039352417
1365889991.0372114,2386.5853658536585,53.7,1.5039560794830322
1365889991.265829,1752.439024390244,53.7,1.409947395324707
1365889991.4942687,1568.2926829268292,53.7,1.3844525814056396
1365889991.722705,1542.6829268292684,53.7,1.3613648414611816
1365889991.952671,1684.1463414634145,53.7,1.3668293952941895
1365889992.1813445,1953.0487804878048,53.7,1.3351731300354004
1365889992.397707,1580.4878048780488,54.2,1.4194190502166748
1365889992.615889,2021.3414634146343,53.7,1.3521928787231445
1365889992.8322313,1742.0731707317075,54.2,1.3631689548492432
1365889993.0483203,1921.9512195121952,54.2,1.3360817432403564
1365889993.2644908,2040.8536585365855,54.2,1.3497130870819092
1365889993.493366,1473.7804878048782,54.2,1.3595576286315918
1365889993.7217,1504.2682926829268,53.7,1.3572659492492676
1365889993.9501524,1500.6097560975609,53.7,1.3526194095611572
1365889994.1787047,1529.2682926829268,53.7,1.373476266860962
1365889994.4071298,1567.6829268292684,53.7,1.3544626235961914
1365889994.635621,1634.1463414634145,53.7,1.4010071754455566
1365889994.863824,1749.390243902439,53.7,1.3645718097686768
1365889995.09239,1736.5853658536585,53.7,1.351064682006836
1365889995.3208153,1790.2439024390244,53.7,1.3560163974761963
1365889995.5492353,1642.6829268292681,53.7,1.370762586593628
1365889995.7776456,1576.219512195122,53.7,1.3737986087799072
1365889996.0064292,1473.7804878048782,53.7,1.4019653797149658
1365889996.2352147,1796.3414634146343,54.2,1.3554229736328125
1365889996.463475,1686.5853658536585,53.7,1.3484501838684082
1365889996.692578,1628.658536585366,53.7,1.3459150791168213
1365889996.9089296,1993.9024390243903,53.7,1.3481378555297852
1365889997.124975,1591.4634146341464,53.7,1.3439147472381592
1365889997.341098,2026.8292682926829,54.2,1.3411314487457275
1365889997.5573573,1581.7073170731708,53.7,1.3461167812347412
1365889997.7735455,1880.4878048780486,54.2,1.335221290588379
1365889997.9896328,1585.3658536585367,54.2,1.3520629405975342
1365889998.2078123,1691.4634146341464,54.2,1.354362964630127
1365889998.4367816,1661.5853658536585,53.7,1.3595783710479736
1365889998.665389,1742.0731707317075,53.7,1.3912570476531982
1365889998.8942277,1501.8292682926829,53.7,1.3801558017730713
1365889999.1228023,1619.5121951219514,53.7,1.3562891483306885
1365889999.351685,1528.6585365853657,53.7,1.3527841567993164
1365889999.5800803,1484.7560975609756,53.7,1.4489083290100098
1365889999.8083556,1527.4390243902437,53.7,1.354811191558838
1365890000.037429,1703.6585365853657,53.7,1.363807201385498
1365890000.2663803,1469.5121951219512,53.7,1.3646886348724365
1365890000.4968193,1476.8292682926829,53.7,1.3508970737457275
1365890000.7257516,1762.1951219512196,53.7,1.404083013534546
1365890000.9543896,1459.7560975609756,53.7,1.3547186851501465
1365890001.1829193,1469.5121951219512,53.7,1.3584084510803223
1365890001.4136553,1561.5853658536585,53.7,1.400876522064209
1365890001.6423988,1804.2682926829268,53.7,1.3492999076843262
1365890001.871236,1990.8536585365855,53.7,1.350846290588379
1365890002.1013775,1550.6097560975609,53.7,1.3682947158813477
1365890002.3300831,1473.7804878048782,54.2,1.349947214126587
1365890002.558987,1626.219512195122,53.7,1.379040002822876
1365890002.7875943,1475.6097560975609,53.7,1.3633840084075928
1365890003.016969,1487.8048780487804,53.7,1.3997790813446045
1365890003.2457807,1630.4878048780486,53.7,1.3612949848175049
1365890003.4752073,2157.9268292682923,53.7,1.3819494247436523
1365890003.7037764,1873.170731707317,53.7,1.4061367511749268
1365890003.9321346,1745.121951219512,53.7,1.3704266548156738
1365890004.160763,2079.2682926829266,53.7,1.4297435283660889
1365890004.377451,2012.1951219512196,54.2,1.346449375152588
1365890004.5937345,1796.3414634146343,53.7,1.351130723953247
1365890004.8103752,1739.6341463414635,53.7,1.350757360458374
1365890005.0267057,1643.2926829268292,54.2,1.372899055480957
1365890005.242742,1850.0,54.2,1.3513612747192383
1365890005.4588265,1782.3170731707316,54.8,1.4451124668121338
1365890005.6751344,1971.9512195121952,54.2,1.4154107570648193
1365890005.8919475,2029.8780487804877,54.8,1.355649709701538
1365890006.1089602,1657.3170731707316,54.2,1.3451526165008545
1365890006.3256207,1667.6829268292684,54.8,1.339442491531372
1365890006.5416372,1826.219512195122,54.8,1.363062858581543
1365890006.7581568,1586.5853658536587,54.8,1.3782024383544922
1365890006.9743426,1895.121951219512,54.2,1.3551993370056152
1365890007.1906085,1740.2439024390244,54.2,1.4159457683563232
1365890007.4191432,1559.7560975609756,54.2,1.3760509490966797
1365890007.6475897,1830.4878048780488,54.2,1.4342114925384521
1365890007.8765259,1995.121951219512,53.7,1.3564016819000244
1365890008.1054919,1480.4878048780488,54.2,1.394150972366333
1365890008.334048,1523.780487804878,54.2,1.4307692050933838
1365890008.5624874,1573.780487804878,53.7,1.3682270050048828
1365890008.7908752,1636.5853658536585,54.2,1.361738681793213
1365890009.0197697,1543.2926829268292,53.7,1.3581578731536865
1365890009.248281,1507.3170731707316,53.7,1.3508429527282715
1365890009.4769964,1583.5365853658536,54.2,1.3636119365692139
1365890009.7064517,1631.7073170731705,53.7,1.360992670059204
1365890009.935186,1609.7560975609756,53.7,1.3643920421600342
1365890010.1635392,1579.2682926829268,53.7,1.371962547302246
1365890010.3917906,1646.341463414634,53.7,1.3506207466125488
1365890010.6212022,1931.09756097561,53.7,1.3358938694000244
1365890010.8374374,1585.3658536585367,54.2,1.3354299068450928
1365890011.0536067,1702.439024390244,53.7,1.372894048690796
1365890011.281977,1562.8048780487804,53.7,1.3501136302947998
1365890011.5108676,1606.7073170731708,53.7,1.3487839698791504
1365890011.739212,1588.4146341463415,53.7,1.3934476375579834
1365890011.967665,1651.2195121951218,53.7,1.3816978931427002
1365890012.1962101,1773.1707317073171,53.7,1.3596971035003662
1365890012.4266121,1703.6585365853657,53.7,1.3500890731811523
1365890012.6552584,1560.3658536585365,53.7,1.4963741302490234
1365890012.8836052,1623.1707317073171,53.7,1.3658967018127441
1365890013.111744,1796.3414634146343,53.7,1.5136914253234863
1365890013.3404198,1476.8292682926829,53.7,1.4067208766937256
1365890013.5685523,1597.5609756097563,53.7,1.413517951965332
1365890013.7970693,1488.4146341463415,53.7,1.3618590831756592
1365890014.025925,1583.5365853658536,53.7,1.4114444255828857
1365890014.2540648,1628.658536585366,53.7,1.357469081878662
1365890014.4701223,1740.2439024390244,53.7,1.3512303829193115
1365890014.698714,1845.1219512195123,53.7,1.3546288013458252
1365890014.9274476,1479.878048780488,53.7,1.3545548915863037
1365890015.1559868,1621.341463414634,53.7,1.3545918464660645
1365890015.3842754,1691.4634146341464,53.7,1.41524338722229
1365890015.6126263,2957.9268292682927,53.7,1.3514842987060547
1365890015.8412943,1781.0975609756097,53.7,1.353376865386963
1365890016.0696986,1628.658536585366,53.7,1.351768970489502
1365890016.298546,1480.4878048780488,53.7,1.3471722602844238
1365890016.527247,1669.5121951219512,53.7,1.3503451347351074
1365890016.755833,1605.4878048780488,53.7,1.5102920532226562
1365890016.9842913,1497.560975609756,53.7,1.3683161735534668
1365890017.2129798,1504.2682926829268,53.7,1.3721258640289307
1365890017.4425569,1547.560975609756,53.7,1.3500261306762695
1365890017.6716666,1460.3658536585367,53.7,1.3593127727508545
1365890017.9007754,2020.121951219512,53.7,1.3412625789642334
1365890018.1175807,2040.2439024390242,54.8,1.386716604232788
1365890018.334193,2073.780487804878,54.8,1.368143081665039
1365890018.5506701,1940.2439024390244,54.2,1.3634889125823975
1365890018.767093,1591.4634146341464,54.8,1.3500721454620361
1365890018.9838214,1716.4634146341464,54.2,1.3403584957122803
1365890019.2000108,1854.2682926829268,54.8,1.3831548690795898
1365890019.4165132,1626.219512195122,54.2,1.3817641735076904
1365890019.6455348,1680.4878048780488,54.2,1.5185532569885254
1365890019.8737154,1609.7560975609756,54.2,1.3567543029785156
1365890020.1023247,1730.4878048780488,53.7,1.5746006965637207
1365890020.3310359,1497.560975609756,53.7,1.5277338027954102
1365890020.5599074,1721.3414634146343,53.7,1.50388503074646
1365890020.788334,1790.2439024390244,53.7,1.3649210929870605
1365890021.0171146,1485.3658536585365,53.2,1.3843746185302734
1365890021.2459373,2581.7073170731705,53.7,1.3505148887634277
1365890021.4747958,1507.3170731707316,53.7,1.360325574874878
1365890021.7039,1761.5853658536585,53.7,1.3773999214172363
1365890021.9325535,1539.6341463414633,53.7,1.4345448017120361
1365890022.1611097,1482.3170731707319,53.7,1.3798274993896484
1365890022.390668,1532.3170731707316,53.7,1.3573076725006104
1365890022.6201937,2176.829268292683,53.7,1.3522024154663086
1365890022.836517,1880.4878048780486,54.8,1.337813377380371
1365890023.052824,1893.90243902439,53.7,1.3411521911621094
1365890023.2691815,1762.1951219512196,54.2,1.373622179031372
1365890023.4856765,1650.609756097561,54.2,1.3353633880615234
1365890023.7019122,2021.3414634146343,54.2,1.3501951694488525
1365890023.9183693,1860.9756097560976,54.2,1.3368239402770996
1365890024.1349027,1725.6097560975609,54.2,1.3522357940673828
1365890024.3510416,1893.2926829268292,54.2,1.3454654216766357
1365890024.5674748,2070.1219512195125,54.2,1.3866233825683594
1365890024.783625,1540.2439024390244,54.2,1.3621368408203125
1365890025.0120025,1570.7317073170732,53.7,1.3708696365356445
1365890025.2407453,1694.5121951219512,53.7,1.3589370250701904
1365890025.4698884,1644.5121951219512,53.7,1.358186960220337
1365890025.6989393,1479.878048780488,54.2,1.3545475006103516
1365890025.927806,1740.2439024390244,53.7,1.350041389465332
1365890026.1567554,1468.2926829268292,53.7,1.377636432647705
1365890026.3852162,1527.4390243902437,53.7,1.38850736618042
1365890026.613608,1562.8048780487804,53.7,1.367130994796753
1365890026.842818,1469.5121951219512,53.7,1.3764855861663818
1365890027.071195,1467.6829268292684,53.7,1.4001352787017822
1365890027.3009276,1623.1707317073171,54.2,1.418809175491333
1365890027.530089,1502.439024390244,53.7,1.3982617855072021
1365890027.7583888,1493.2926829268295,53.7,1.3595030307769775
1365890027.988816,1724.390243902439,53.7,1.3389348983764648
1365890028.2053597,1851.219512195122,54.2,1.3406708240509033
1365890028.421665,1914.0243902439024,54.2,1.3448543548583984
1365890028.6378605,1604.2682926829268,53.7,1.3406884670257568
1365890028.8541393,2012.8048780487804,54.8,1.3446805477142334
1365890029.0703099,1569.5121951219512,54.2,1.3913531303405762
1365890029.2865372,1946.341463414634,53.7,1.403930902481079
1365890029.5026126,1627.439024390244,54.2,1.3557829856872559
1365890029.7310293,1721.3414634146343,54.2,1.350576639175415
1365890029.9594474,1765.2439024390244,54.2,1.3666300773620605
1365890030.1876175,1629.2682926829268,53.7,1.3653807640075684
1365890030.416115,1723.1707317073171,53.7,1.3477888107299805
1365890030.6447847,1542.6829268292684,53.7,1.3553481101989746
1365890030.8749795,1748.1707317073171,53.7,1.3836016654968262
1365890031.1036847,1576.219512195122,54.2,1.4816060066223145
1365890031.3322017,1470.7317073170732,53.7,1.4744939804077148
1365890031.5604615,1465.8536585365853,54.2,1.4565997123718262
1365890031.7901726,1590.2439024390244,53.2,1.3738460540771484
1365890032.0183625,1479.878048780488,53.7,1.3546507358551025
1365890032.2470024,1621.341463414634,53.7,1.4158143997192383
1365890032.475907,1477.439024390244,53.7,1.3520972728729248
1365890032.70598,2906.0975609756097,54.2,1.4553608894348145
1365890032.922081,1842.0731707317073,53.7,1.351358413696289
1365890033.138383,1984.1463414634147,53.7,1.3373522758483887
1365890033.3543644,1806.09756097561,54.2,1.3509910106658936
1365890033.5706663,1987.1951219512196,54.8,1.3525125980377197
1365890033.7869022,1594.5121951219512,53.7,1.3728530406951904
1365890034.0030303,2118.9024390243903,54.8,1.370612382888794
1365890034.2190866,1598.1707317073171,54.8,1.340392827987671
1365890034.4352798,1998.170731707317,54.8,1.3858044147491455
1365890034.651245,1702.439024390244,54.8,1.3436877727508545
1365890034.8675518,2120.731707317073,54.8,1.3433663845062256
1365890035.0835855,1645.121951219512,54.2,1.3969831466674805
1365890035.300066,1842.0731707317073,54.2,1.337578535079956
1365890035.5161808,1752.439024390244,54.8,1.411745548248291
1365890035.7323132,1866.4634146341464,54.8,1.5047845840454102
1365890035.9484093,1605.4878048780488,54.8,1.384124755859375
1365890036.1645818,2000.0,54.2,1.370072603225708
1365890036.3805377,1579.2682926829268,54.8,1.3613433837890625
1365890036.596742,2001.2195121951218,54.8,1.4487886428833008
1365890036.8134391,1965.2439024390244,54.2,1.4099607467651367
1365890037.0298755,1604.2682926829268,54.8,1.3567545413970947
1365890037.2585845,1466.4634146341464,54.8,1.4990625381469727
1365890037.487114,1500.6097560975609,54.2,1.3498945236206055
1365890037.7163641,1483.5365853658539,53.7,1.4132733345031738
1365890037.945017,1600.6097560975609,54.2,1.3488376140594482
1365890038.1730933,1478.658536585366,54.2,1.3593356609344482
1365890038.4015481,1519.5121951219512,54.2,1.4799344539642334
1365890038.6298046,1478.658536585366,54.2,1.3586933612823486
1365890038.8602703,1459.7560975609756,53.7,1.505852222442627
1365890039.088737,1513.4146341463415,53.7,1.3478288650512695
1365890039.3178596,1477.439024390244,53.7,1.3635056018829346
1365890039.546665,1624.390243902439,53.7,1.3625802993774414
1365890039.7754402,1566.4634146341464,53.7,1.3581912517547607
1365890040.0043561,1630.4878048780486,53.7,1.3794488906860352
1365890040.2357845,1482.3170731707319,53.7,1.3486738204956055
1365890040.4588616,1592.6829268292684,54.2,1.3600521087646484
1365890040.6750407,2012.1951219512196,54.2,1.4605798721313477
1365890040.8910625,1633.5365853658536,54.2,1.350891351699829
1365890041.107474,1951.219512195122,54.8,1.3505570888519287
1365890041.3236656,1752.439024390244,54.8,1.423112154006958
1365890041.539826,1837.1951219512196,54.8,1.3500945568084717
1365890041.7562885,1530.4878048780488,54.8,1.3533282279968262
1365890041.9846172,1550.6097560975609,54.2,1.4034879207611084
1365890042.2129524,1559.7560975609756,53.7,1.4130909442901611
1365890042.4415393,2617.682926829268,54.2,1.3641810417175293
1365890042.669815,1481.7073170731708,53.7,1.362760305404663
1365890042.8978484,1884.1463414634145,53.7,1.3678874969482422
1365890043.126151,1786.5853658536585,53.7,1.4090237617492676
1365890043.3544934,1626.219512195122,53.7,1.3623034954071045
1365890043.5829513,1593.2926829268292,54.2,1.3733010292053223
1365890043.8113935,1538.4146341463413,53.7,1.3597352504730225
1365890044.0401232,1495.7317073170732,53.7,1.3493754863739014
1365890044.2687676,1820.121951219512,53.7,1.3709487915039062
1365890044.4971426,1735.3658536585365,53.7,1.3532707691192627
1365890044.7259564,1487.8048780487804,53.7,1.3663864135742188
1365890044.9542077,1485.3658536585365,54.2,1.465754508972168
1365890045.1828907,1699.3902439024391,53.7,1.4376842975616455
1365890045.3990645,2023.170731707317,54.2,1.338219404220581
1365890045.6153848,1596.3414634146343,54.2,1.3375053405761719
1365890045.831511,2007.3170731707316,54.8,1.3988423347473145
1365890046.0478892,1879.2682926829268,54.8,1.3702373504638672
1365890046.263935,1465.8536585365853,54.2,1.359907627105713
1365890046.492107,1548.780487804878,54.2,1.34926438331604
1365890046.7208636,1507.3170731707316,53.7,1.348175048828125
1365890046.9496357,1903.0487804878048,53.7,1.4218926429748535
1365890047.1777675,1655.4878048780488,53.7,1.3588268756866455
1365890047.4065073,1557.3170731707316,54.2,1.3780803680419922
1365890047.6372998,1474.390243902439,54.2,1.669954776763916
1365890047.8659186,1588.4146341463415,53.7,1.442432165145874
1365890048.0944095,1743.2926829268295,54.2,1.3947484493255615
1365890048.3230033,1660.3658536585367,53.7,1.3684053421020508
1365890048.5519674,1562.8048780487804,53.7,1.3552582263946533
1365890048.7803202,1573.780487804878,53.7,1.3712561130523682
1365890049.00878,1665.2439024390244,53.7,1.364121675491333
1365890049.2372622,1735.3658536585365,53.7,1.3650619983673096
1365890049.4657097,1913.4146341463413,53.7,1.395625114440918
1365890049.6818166,1715.2439024390244,54.2,1.477308750152588
1365890049.897928,1954.8780487804877,53.7,1.393474817276001
1365890050.126533,1564.6341463414635,53.7,1.3466365337371826
1365890050.3557637,1790.2439024390244,53.7,1.3562343120574951
1365890050.5842302,1529.2682926829268,53.7,1.358781099319458
1365890050.81287,1470.7317073170732,54.2,1.35524320602417
1365890051.0416837,1701.219512195122,54.2,1.349987506866455
1365890051.2702937,1602.439024390244,53.7,1.3636960983276367
1365890051.4985623,1884.1463414634145,53.7,1.4177343845367432
1365890051.727373,1476.8292682926829,53.7,1.3517663478851318
1365890051.956468,1567.6829268292684,53.7,1.3534502983093262
1365890052.1846662,1796.3414634146343,53.7,1.3604466915130615
1365890052.4129412,1684.1463414634145,53.7,1.3941199779510498
1365890052.641301,1736.5853658536585,53.7,1.348592758178711
1365890052.8709788,1511.5853658536585,53.7,1.3519468307495117
1365890053.0996025,1788.4146341463413,53.7,1.3390648365020752
1365890053.3162107,1778.0487804878048,53.7,1.341951847076416
