1365889751.0173519,110.400002,1.424835205078125
1365889751.2395816,107.200005,1.3338797092437744
1365889751.4155295,108.800003,1.35829496383667
1365889751.6160715,111.200005,1.4505164623260498
1365889751.8158197,108.800003,1.4268152713775635
1365889752.0282495,107.200005,1.3374600410461426
1365889752.224846,108.800003,1.3278837203979492
1365889752.418121,108.800003,1.4330253601074219
1365889752.6182969,110.400002,1.5836265087127686
1365889752.8169675,111.200005,1.3878686428070068
1365889753.0177984,107.200005,1.3293201923370361
1365889753.2182443,107.200005,1.32796311378479
1365889753.4182687,107.200005,1.4468355178833008
1365889753.6208596,112.800003,1.3431167602539062
1365889753.8188765,114.400002,1.3306117057800293
1365889754.018801,111.200005,1.34002685546875
1365889754.2249231,112.800003,1.3374850749969482
1365889754.4185143,112.800003,1.4210760593414307
1365889754.6285102,110.400002,1.3819925785064697
1365889754.827586,115.200005,1.3309099674224854
1365889755.0198731,112.800003,1.4220197200775146
1365889755.2185938,108.800003,1.3264193534851074
1365889755.4185913,110.400002,1.3256075382232666
1365889755.6198683,111.200005,1.3396382331848145
1365889755.8206716,111.200005,1.3427963256835938
1365889756.0213764,112.800003,1.3381969928741455
1365889756.222461,110.400002,1.3509631156921387
1365889756.4223294,108.800003,1.4636704921722412
1365889756.62655,112.800003,1.3506405353546143
1365889756.823807,112.800003,1.384904146194458
1365889757.023912,111.200005,1.337172508239746
1365889757.2226493,114.400002,1.330721139907837
1365889757.42312,112.800003,1.3346068859100342
1365889757.6274683,112.800003,1.344142198562622
1365889757.8241038,111.200005,1.350616216659546
1365889758.0256894,110.400002,1.3552088737487793
1365889758.2258642,108.800003,1.3261089324951172
1365889758.425351,108.800003,1.3246238231658936
1365889758.6462855,111.200005,1.327625036239624
1365889758.8265314,108.800003,1.3757388591766357
1365889759.0262969,110.400002,1.329003095626831
1365889759.2307758,110.400002,1.3260369300842285
1365889759.427874,107.200005,1.329207181930542
1365889759.627006,107.200005,1.3459477424621582
1365889759.8269942,111.200005,1.346435785293579
1365889760.0255167,111.200005,1.361539363861084
1365889760.2301755,111.200005,1.3231639862060547
1365889760.4309254,114.400002,1.3777110576629639
1365889760.6267238,110.400002,1.4491732120513916
1365889760.8284993,110.400002,1.5460896492004395
1365889761.0439708,182.400009,1.469700574874878
1365889761.2284584,106.400002,1.371488332748413
1365889761.4308815,107.200005,1.3895351886749268
1365889761.6284416,106.400002,1.4282944202423096
1365889761.8437674,108.800003,1.3686566352844238
1365889762.0315886,108.800003,1.3272671699523926
1365889762.2281425,107.200005,1.3264164924621582
1365889762.4393094,108.800003,1.3994848728179932
1365889762.6335194,107.200005,1.325105905532837
1365889762.8292437,108.800003,1.3965795040130615
1365889763.0308905,107.200005,1.3560285568237305
1365889763.2302878,106.400002,1.4811456203460693
1365889763.4386227,106.400002,1.3323686122894287
1365889763.6288805,106.400002,1.3323943614959717
1365889763.831991,106.400002,1.3272852897644043
1365889764.0332327,106.400002,1.3787150382995605
1365889764.2333765,110.400002,1.3415040969848633
1365889764.4423997,111.200005,1.3875548839569092
1365889764.63385,111.200005,1.3246619701385498
1365889764.8302782,111.200005,1.3874428272247314
1365889765.0298548,106.400002,1.4230477809906006
1365889765.23158,112.800003,1.3365585803985596
1365889765.432651,112.800003,1.3335540294647217
1365889765.7512398,108.800003,1.3332428932189941
1365889765.8326254,111.200005,1.4420952796936035
1365889766.036453,107.200005,1.3667144775390625
1365889766.2327669,111.200005,1.3444199562072754
1365889766.4609542,114.400002,1.3459045886993408
1365889766.638989,111.200005,1.594592809677124
1365889766.8321254,111.200005,1.4126837253570557
1365889767.0326254,110.400002,1.3279638290405273
1365889767.2441332,114.400002,1.3935825824737549
1365889767.4356515,114.400002,1.549785852432251
1365889767.6429806,110.400002,1.5118107795715332
1365889767.832985,110.400002,1.3321707248687744
1365889768.0324259,110.400002,1.3789794445037842
1365889768.2388594,107.200005,1.513885498046875
1365889768.4323282,111.200005,1.3461952209472656
1365889768.6320512,110.400002,1.3286480903625488
1365889768.832067,110.400002,1.332643747329712
1365889769.0325356,110.400002,1.3385405540466309
1365889769.2321465,110.400002,1.3355035781860352
1365889769.4327264,108.800003,1.325742244720459
1365889769.632276,108.800003,1.32499361038208
1365889769.8327422,108.800003,1.3290371894836426
1365889770.0333793,108.800003,1.324784755706787
1365889770.2513542,107.200005,1.3356826305389404
1365889770.4324012,108.800003,1.375852108001709
1365889770.7037873,107.200005,1.3687334060668945
1365889770.8320174,106.400002,1.3371191024780273
1365889771.0328317,107.200005,1.3450958728790283
1365889771.2337778,106.400002,1.4535095691680908
1365889771.4325533,106.400002,1.386274814605713
1365889771.634112,108.800003,1.3378880023956299
1365889771.8389132,102.400002,1.3299376964569092
1365889772.0323267,106.400002,1.3555173873901367
1365889772.2372446,106.400002,1.3772594928741455
1365889772.4317858,107.200005,1.4664077758789062
1365889772.6329129,108.800003,1.3537888526916504
1365889772.8392136,114.400002,1.323143482208252
1365889773.0938802,106.400002,1.332995891571045
1365889773.2360718,110.400002,1.3690807819366455
1365889773.4344401,110.400002,1.3894898891448975
1365889773.635059,110.400002,1.4218854904174805
1365889773.835771,110.400002,1.4176909923553467
1365889774.0370336,108.800003,1.480290174484253
1365889774.236838,110.400002,1.4616799354553223
1365889774.4371185,111.200005,1.3571524620056152
1365889774.637455,108.800003,1.3449387550354004
1365889774.858663,107.200005,1.3248553276062012
1365889775.0415845,108.800003,1.4741575717926025
1365889775.2449768,110.400002,1.5014722347259521
1365889775.4479175,108.800003,1.3453826904296875
1365889775.6389878,104.800003,1.3397481441497803
1365889775.8415263,114.400002,1.3460917472839355
1365889776.0398705,112.800003,1.348252534866333
1365889776.2417212,110.400002,1.477757215499878
1365889776.4635093,119.200005,1.3644154071807861
1365889776.643009,111.200005,1.4070367813110352
1365889776.8395736,106.400002,1.3531954288482666
1365889777.0413415,104.800003,1.3274319171905518
1365889777.2421281,110.400002,1.3241820335388184
1365889777.445107,116.800003,1.3322274684906006
1365889777.644247,110.400002,1.3266072273254395
1365889777.8432176,119.200005,1.5753560066223145
1365889778.0646544,114.400002,1.4006407260894775
1365889778.242648,115.200005,1.4950079917907715
1365889778.4424334,114.400002,1.4505960941314697
1365889778.6440818,252.800003,1.3600621223449707
1365889778.843734,106.400002,1.3409349918365479
1365889779.044315,106.400002,1.3499388694763184
1365889779.2456982,106.400002,1.3271076679229736
1365889779.4442863,103.200005,1.3272695541381836
1365889779.6450663,110.400002,1.3309664726257324
1365889779.8536332,112.800003,1.3341090679168701
1365889780.045095,106.400002,1.5675506591796875
1365889780.2453756,110.400002,1.3692066669464111
1365889780.445254,110.400002,1.343123197555542
1365889780.6460097,112.800003,1.3952419757843018
1365889780.8470902,114.400002,1.4307115077972412
1365889781.0474708,111.200005,1.347991943359375
1365889781.247451,111.200005,1.3349027633666992
1365889781.4504106,112.800003,1.3527264595031738
1365889781.650671,110.400002,1.3982064723968506
1365889781.8504267,111.200005,1.3261568546295166
1365889782.0485556,110.400002,1.3367090225219727
1365889782.248178,110.400002,1.3263459205627441
1365889782.450131,110.400002,1.3553698062896729
1365889782.6512635,108.800003,1.408635139465332
1365889782.8485696,108.800003,1.494016408920288
1365889783.0549803,445.600006,1.3516876697540283
1365889783.2557683,110.400002,1.3562300205230713
1365889783.4492233,108.800003,1.3998684883117676
1365889783.6489763,108.800003,1.325915813446045
1365889783.849665,111.200005,1.3444042205810547
1365889784.051515,111.200005,1.3285200595855713
1365889784.2585475,110.400002,1.3441822528839111
1365889784.4487696,110.400002,1.3318967819213867
1365889784.6613605,108.800003,1.3275268077850342
1365889784.8942277,111.200005,1.3254725933074951
1365889785.0496876,110.400002,1.38397216796875
1365889785.2497842,110.400002,1.339385747909546
1365889785.4504066,107.200005,1.3312580585479736
1365889785.6566045,111.200005,1.3356177806854248
1365889785.85029,108.800003,1.3550810813903809
1365889786.0519478,110.400002,1.4036574363708496
1365889786.2500048,108.800003,1.3339343070983887
1365889786.492106,110.400002,1.3258397579193115
1365889786.6489937,110.400002,1.4096343517303467
1365889786.8563845,108.800003,1.471897840499878
1365889787.0498922,108.800003,1.4605190753936768
1365889787.250278,104.800003,1.525298833847046
1365889787.4520679,252.000000,1.3606858253479004
1365889787.6512449,107.200005,1.4804248809814453
1365889787.8526478,107.200005,1.3509116172790527
1365889788.0615728,112.800003,1.3775455951690674
1365889788.2509768,108.800003,1.4058012962341309
1365889788.4566722,108.800003,1.372516393661499
1365889788.6564991,108.800003,1.3497796058654785
1365889788.8532162,106.400002,1.3443477153778076
1365889789.05549,107.200005,1.3440303802490234
1365889789.2516785,107.200005,1.381077766418457
1365889789.4588373,107.200005,1.364361047744751
1365889789.6540782,107.200005,1.3258445262908936
1365889789.8556652,108.800003,1.3633670806884766
1365889790.05321,106.400002,1.4841351509094238
1365889790.251237,106.400002,1.5582520961761475
1365889790.4520874,108.800003,1.3599259853363037
1365889790.6578422,107.200005,1.3244619369506836
1365889790.853559,110.400002,1.3791556358337402
1365889791.0514274,112.800003,1.432119369506836
1365889791.2537167,111.200005,1.515629768371582
1365889791.4513571,111.200005,1.360893964767456
1365889791.6569493,415.200012,1.510704517364502
1365889791.8541098,107.200005,1.358837604522705
1365889792.0527828,106.400002,1.3262324333190918
1365889792.2617056,108.800003,1.3688490390777588
1365889792.4534836,106.400002,1.5092108249664307
1365889792.65891,110.400002,1.416794776916504
1365889792.8636823,108.800003,1.3883631229400635
1365889793.0537357,108.800003,1.3763058185577393
1365889793.2554429,108.800003,1.3851487636566162
1365889793.4559329,110.400002,1.4427480697631836
1365889793.6620579,106.400002,1.4677307605743408
1365889793.8542244,106.400002,1.4615416526794434
1365889794.0533984,107.200005,1.3852853775024414
1365889794.2541223,106.400002,1.3751857280731201
1365889794.4538765,107.200005,1.3352117538452148
1365889794.6537883,107.200005,1.388972282409668
1365889794.8665817,106.400002,1.4469575881958008
1365889795.0617943,108.800003,1.4066307544708252
1365889795.2542794,107.200005,1.340557336807251
1365889795.4562094,106.400002,1.5005896091461182
1365889795.658964,111.200005,1.3457891941070557
1365889795.8583384,112.800003,1.3861610889434814
1365889796.0632498,112.800003,1.377187967300415
1365889796.2614381,106.400002,1.336106300354004
1365889796.4595284,107.200005,1.3300209045410156
1365889796.657965,107.200005,1.3231050968170166
1365889796.859751,104.800003,1.3719735145568848
1365889797.0562851,106.400002,1.3274388313293457
1365889797.2568407,106.400002,1.3268358707427979
1365889797.4594376,106.400002,1.3810722827911377
1365889797.6578422,110.400002,1.3540916442871094
1365889797.8599985,120.800003,1.3250579833984375
1365889798.0594592,110.400002,1.3457539081573486
1365889798.2581327,110.400002,1.3256745338439941
1365889798.459398,111.200005,1.3629872798919678
1365889798.658556,115.200005,1.3628606796264648
1365889798.8608456,117.599998,1.3703973293304443
1365889799.058247,111.200005,1.332906723022461
1365889799.2586398,111.200005,1.3257498741149902
1365889799.4581387,110.400002,1.3929357528686523
1365889799.6584978,108.800003,1.3453118801116943
1365889799.8582327,108.800003,1.3383243083953857
1365889800.0594447,114.400002,1.3239386081695557
1365889800.259429,110.400002,1.3292653560638428
1365889800.459515,103.200005,1.3271698951721191
1365889800.6647167,110.400002,1.5492191314697266
1365889800.8674288,107.200005,1.5304675102233887
1365889801.0718367,110.400002,1.394946575164795
1365889801.260142,107.200005,1.353822946548462
1365889801.4587038,108.800003,1.3277535438537598
1365889801.6660542,111.200005,1.3330950736999512
1365889801.8648074,108.800003,1.3265354633331299
1365889802.070287,108.800003,1.4428930282592773
1365889802.259006,108.800003,1.332655906677246
1365889802.4600422,107.200005,1.3387999534606934
1365889802.6644247,108.800003,1.3266139030456543
1365889802.8590362,104.800003,1.3974215984344482
1365889803.0597622,107.200005,1.3279716968536377
1365889803.2610898,110.400002,1.3337030410766602
1365889803.4606247,110.400002,1.3279180526733398
1365889803.6600385,112.800003,1.3321263790130615
1365889803.8604848,111.200005,1.41410493850708
1365889804.0611494,110.400002,1.33272123336792
1365889804.2609448,108.800003,1.32401704788208
1365889804.460122,108.800003,1.329237699508667
1365889804.6606095,108.800003,1.3838393688201904
1365889804.8605545,108.800003,1.3707709312438965
1365889805.0610514,106.400002,1.4328813552856445
1365889805.2716162,108.800003,1.3370165824890137
1365889805.4606693,107.200005,1.349341869354248
1365889805.6602404,110.400002,1.335681676864624
1365889805.8606887,110.400002,1.346332311630249
1365889806.0613155,108.800003,1.3830983638763428
1365889806.2611654,106.400002,1.3413431644439697
1365889806.461978,110.400002,1.365436315536499
1365889806.661524,108.800003,1.4897863864898682
1365889806.8643074,108.800003,1.3303656578063965
1365889807.0657423,110.400002,1.334087610244751
1365889807.2625751,108.800003,1.363332986831665
1365889807.4623125,110.400002,1.3339195251464844
1365889807.6756504,111.200005,1.3702054023742676
1365889807.862759,111.200005,1.337829351425171
1365889808.0652366,107.200005,1.3459913730621338
1365889808.2623477,111.200005,1.4701144695281982
1365889808.4971912,110.400002,1.475640058517456
1365889808.6628013,110.400002,1.3411846160888672
1365889808.863759,111.200005,1.4588911533355713
1365889809.0629458,107.200005,1.3407399654388428
1365889809.2649794,447.200012,1.3469297885894775
1365889809.46586,111.200005,1.4679532051086426
1365889809.6628296,111.200005,1.3312828540802002
1365889809.862587,106.400002,1.4017131328582764
1365889810.0626442,106.400002,1.34555983543396
1365889810.262264,110.400002,1.4007906913757324
1365889810.462155,111.200005,1.3700103759765625
1365889810.6624737,110.400002,1.4125680923461914
1365889810.8693588,110.400002,1.3674237728118896
1365889811.0647948,110.400002,1.378572702407837
1365889811.2634625,110.400002,1.4495031833648682
1365889811.465218,115.200005,1.3552629947662354
1365889811.6634696,111.200005,1.3268859386444092
1365889811.8631856,110.400002,1.3524556159973145
1365889812.064734,107.200005,1.3393354415893555
1365889812.265847,106.400002,1.5671019554138184
1365889812.4709532,104.800003,1.3648872375488281
1365889812.6711042,112.800003,1.3234531879425049
1365889812.9016845,114.400002,1.3338572978973389
1365889813.0658615,111.200005,1.379016399383545
1365889813.2732477,110.400002,1.5342862606048584
1365889813.466553,110.400002,1.5518677234649658
1365889813.6667373,242.400009,1.5184636116027832
1365889813.865873,106.400002,2.7014105319976807
1365889814.0667067,108.800003,2.5033676624298096
1365889814.2679834,108.800003,2.321545362472534
1365889814.4670482,107.200005,2.1278202533721924
1365889814.6685092,107.200005,1.933596134185791
1365889814.8661773,107.200005,1.7478718757629395
1365889815.0661106,107.200005,1.5521609783172607
1365889815.2662594,104.800003,1.3565185070037842
1365889815.4656851,107.200005,1.3686745166778564
1365889815.6667285,108.800003,1.447103500366211
1365889815.8678005,107.200005,1.3478970527648926
1365889816.0675576,110.400002,1.3752238750457764
1365889816.2669365,104.800003,1.335033655166626
1365889816.472758,110.400002,1.638782262802124
1365889816.6674109,108.800003,1.4461922645568848
1365889816.867844,110.400002,1.3353919982910156
1365889817.0727742,115.200005,1.346684455871582
1365889817.2696426,111.200005,1.344081163406372
1365889817.4680555,110.400002,1.3911962509155273
1365889817.6703072,110.400002,1.3526051044464111
1365889817.8688133,114.400002,1.3390815258026123
1365889818.0685802,448.000000,1.3585491180419922
1365889818.2700005,111.200005,1.3281049728393555
1365889818.4686391,111.200005,1.3867912292480469
1365889818.6704578,110.400002,1.3292582035064697
1365889818.8749917,115.200005,1.3306634426116943
1365889819.0735757,111.200005,1.3632235527038574
1365889819.2717767,110.400002,1.339172124862671
1365889819.4768455,110.400002,1.3396310806274414
1365889819.6847193,108.800003,1.3296136856079102
1365889819.8720157,108.800003,1.3421118259429932
1365889820.0723312,108.800003,1.3284821510314941
1365889820.2727857,108.800003,1.3482367992401123
1365889820.4778104,104.800003,1.3534917831420898
1365889820.6742535,103.200005,1.3420634269714355
1365889820.8759646,114.400002,1.3821887969970703
1365889821.079935,110.400002,1.3794269561767578
1365889821.2749307,110.400002,1.3364570140838623
1365889821.480891,108.800003,1.3887121677398682
1365889821.6754313,106.400002,1.3336315155029297
1365889821.8754957,111.200005,1.345451831817627
1365889822.0751133,106.400002,1.3806474208831787
1365889822.2765243,111.200005,1.3978612422943115
1365889822.4754596,106.400002,1.7326734066009521
1365889822.6755986,111.200005,1.5340590476989746
1365889822.8751688,107.200005,1.536808967590332
1365889823.075694,111.200005,1.49534010887146
1365889823.2751226,107.200005,1.4894986152648926
1365889823.475571,111.200005,1.3877668380737305
1365889823.7074869,112.800003,1.338148832321167
1365889823.8764813,112.800003,1.3328371047973633
1365889824.0756795,111.200005,1.4653778076171875
1365889824.27785,106.400002,1.3310606479644775
1365889824.480446,110.400002,1.3580937385559082
1365889824.6769638,111.200005,1.3355798721313477
1365889824.8898256,111.200005,1.379098653793335
1365889825.0773914,110.400002,1.3469271659851074
1365889825.2834575,116.800003,1.6892027854919434
1365889825.478058,119.200005,1.4973838329315186
1365889825.6788213,110.400002,1.349914789199829
1365889825.8893313,111.200005,1.5191764831542969
1365889826.079253,110.400002,1.3567492961883545
1365889826.283026,110.400002,1.330423355102539
1365889826.481043,111.200005,1.409271240234375
1365889826.6884794,110.400002,1.3960912227630615
1365889826.881026,106.400002,1.3323092460632324
1365889827.0796275,111.200005,1.4418725967407227
1365889827.282692,107.200005,1.3577909469604492
1365889827.4799478,107.200005,1.4793274402618408
1365889827.6829116,108.800003,1.379284381866455
1365889827.8937407,107.200005,1.3315272331237793
1365889828.0793087,110.400002,1.8457021713256836
1365889828.279803,108.800003,1.6472728252410889
1365889828.480139,108.800003,1.4764540195465088
1365889828.6798124,107.200005,1.3401145935058594
1365889828.8809192,104.800003,1.3781795501708984
1365889829.080685,106.400002,1.3868451118469238
1365889829.3278232,102.400002,1.5221028327941895
1365889829.4825523,107.200005,1.369694471359253
1365889829.6814413,111.200005,1.3338258266448975
1365889829.8818843,111.200005,1.3562865257263184
1365889830.0814872,111.200005,1.469923734664917
1365889830.2932236,111.200005,1.3242413997650146
1365889830.482562,106.400002,1.3269743919372559
1365889830.6819077,111.200005,1.3489463329315186
1365889830.8807454,110.400002,1.4046809673309326
1365889831.0817118,110.400002,1.3830368518829346
1365889831.28185,107.200005,1.3295583724975586
1365889831.4964259,111.200005,1.3371913433074951
1365889831.6837318,106.400002,1.3778483867645264
1365889831.8875954,107.200005,1.3248732089996338
1365889832.0842416,107.200005,1.3372066020965576
1365889832.2871828,107.200005,1.3328461647033691
1365889832.4829013,108.800003,1.3768775463104248
1365889832.6883607,108.800003,1.4395747184753418
1365889832.882769,106.400002,1.3386683464050293
1365889833.0833545,106.400002,1.3725039958953857
1365889833.283701,110.400002,1.3688340187072754
1365889833.4865096,114.400002,1.3342511653900146
1365889833.6872463,111.200005,1.3513429164886475
1365889833.8914187,110.400002,1.351297378540039
1365889834.0852165,112.800003,1.4124255180358887
1365889834.295426,110.400002,1.3353924751281738
1365889834.4857373,106.400002,1.344240427017212
1365889834.6853762,107.200005,1.3452439308166504
1365889834.8901718,106.400002,1.332751989364624
1365889835.088543,107.200005,1.3554725646972656
1365889835.2864864,106.400002,1.3387353420257568
1365889835.4862933,107.200005,1.3678796291351318
1365889835.6902313,110.400002,1.3309974670410156
1365889835.9192312,107.200005,1.3302032947540283
1365889836.0872793,110.400002,1.381822109222412
1365889836.2893782,111.200005,1.5269286632537842
1365889836.5157745,195.199997,1.3936028480529785
1365889836.6875398,110.400002,1.383791446685791
1365889836.8895187,111.200005,1.3515493869781494
1365889837.0873468,108.800003,1.3558673858642578
1365889837.2954729,104.800003,1.3977277278900146
1365889837.4959164,107.200005,1.4596023559570312
1365889837.7094002,107.200005,1.3949332237243652
1365889837.8890336,106.400002,1.3736484050750732
1365889838.0875797,108.800003,1.5647332668304443
1365889838.2873805,106.400002,1.3682451248168945
1365889838.4908826,111.200005,1.4152500629425049
1365889838.689497,104.800003,1.3405253887176514
1365889838.8884947,108.800003,1.3814201354980469
1365889839.0901234,104.800003,1.4329204559326172
1365889839.2880247,108.800003,1.4117085933685303
1365889839.4872682,104.800003,1.3459727764129639
1365889839.6871543,104.800003,1.3364677429199219
1365889839.8894005,108.800003,1.3540701866149902
1365889840.0900903,111.200005,1.4229254722595215
1365889840.2883067,111.200005,1.5352206230163574
1365889840.492084,114.400002,1.360647439956665
1365889840.688381,112.800003,1.388310432434082
1365889840.8901312,112.800003,1.356389045715332
1365889841.090193,114.400002,1.405259609222412
1365889841.290257,114.400002,1.3386452198028564
1365889841.5051773,110.400002,1.3909268379211426
1365889841.6890852,104.800003,1.3624110221862793
1365889841.9012825,108.800003,1.3428635597229004
1365889842.089995,110.400002,1.355726718902588
1365889842.2893517,108.800003,1.3720886707305908
1365889842.4908154,107.200005,1.3690485954284668
1365889842.690583,108.800003,1.389096736907959
1365889842.8965175,107.200005,1.4208955764770508
1365889843.0908391,108.800003,1.342832326889038
1365889843.2979095,110.400002,1.3933541774749756
1365889843.4942026,110.400002,1.3323707580566406
1365889843.6908755,110.400002,1.3264670372009277
1365889843.8915427,106.400002,1.3234217166900635
1365889844.091794,106.400002,1.3268258571624756
1365889844.2924297,110.400002,1.3841273784637451
1365889844.4936187,108.800003,1.336571455001831
1365889844.6954777,110.400002,1.3422355651855469
1365889844.8949916,107.200005,1.3319368362426758
1365889845.093409,112.800003,1.3524444103240967
1365889845.2949224,111.200005,1.3328707218170166
1365889845.4946423,110.400002,1.3353807926177979
1365889845.6992455,112.800003,1.3362226486206055
1365889845.8956535,111.200005,1.3428397178649902
1365889846.094351,112.800003,1.3926663398742676
1365889846.295167,111.200005,1.5213649272918701
1365889846.4937265,110.400002,1.4019701480865479
1365889846.6955261,111.200005,1.5282249450683594
1365889846.8953924,111.200005,1.4039556980133057
1365889847.0950837,110.400002,1.413329839706421
1365889847.2946124,110.400002,1.435502052307129
1365889847.4940462,111.200005,1.5643339157104492
1365889847.6940002,112.800003,1.6159858703613281
1365889847.895414,111.200005,1.4178259372711182
1365889848.0947623,111.200005,1.3438942432403564
1365889848.296928,110.400002,1.3343212604522705
1365889848.5122416,110.400002,1.3566689491271973
1365889848.6973233,111.200005,1.5065479278564453
1365889848.8974965,110.400002,1.5434277057647705
1365889849.0996377,111.200005,1.3517274856567383
1365889849.3067153,104.800003,1.3512976169586182
1365889849.5026746,106.400002,1.3397133350372314
1365889849.6997297,106.400002,1.5178968906402588
1365889849.8987584,112.800003,1.4094691276550293
1365889850.0979698,108.800003,1.4009416103363037
1365889850.3016636,106.400002,1.4377481937408447
1365889850.4986477,106.400002,1.4325480461120605
1365889850.7004187,104.800003,1.3805043697357178
1365889850.8982198,106.400002,1.334824800491333
1365889851.0988913,106.400002,1.4175376892089844
1365889851.3078494,108.800003,1.3505511283874512
1365889851.4983342,107.200005,1.3406472206115723
1365889851.7010436,108.800003,1.340108871459961
1365889851.9075391,107.200005,1.3301570415496826
1365889852.1002173,107.200005,1.337195873260498
1365889852.3067422,106.400002,1.3360543251037598
1365889852.5047884,112.800003,1.504955530166626
1365889852.7019684,110.400002,1.3749899864196777
1365889852.898728,111.200005,1.392547845840454
1365889853.103249,111.200005,1.3302421569824219
1365889853.2990656,108.800003,1.355299711227417
1365889853.5053568,326.399994,1.3538813591003418
1365889853.702022,111.200005,1.3322157859802246
1365889853.8994262,110.400002,1.3322529792785645
1365889854.0989814,111.200005,1.3737564086914062
1365889854.299389,112.800003,1.4258980751037598
1365889854.4989831,110.400002,1.337460994720459
1365889854.7002046,112.800003,1.414865493774414
1365889854.9008932,112.800003,1.4318387508392334
1365889855.1010864,115.200005,1.322361946105957
1365889855.2998257,112.800003,1.36326265335083
1365889855.4996061,110.400002,1.4064602851867676
1365889855.7070975,106.400002,1.4587078094482422
1365889855.9002855,111.200005,1.3913953304290771
1365889856.1002834,108.800003,1.3437395095825195
1365889856.3009753,108.800003,1.355536937713623
1365889856.501511,108.800003,1.3304941654205322
1365889856.7073624,112.800003,1.3799512386322021
1365889856.9086897,112.800003,1.3240923881530762
1365889857.101834,110.400002,1.33563232421875
1365889857.301152,107.200005,1.3464665412902832
1365889857.5013237,108.800003,1.3783249855041504
1365889857.7015595,106.400002,1.3458080291748047
1365889857.901141,108.800003,1.4255592823028564
1365889858.104603,110.400002,1.3380296230316162
1365889858.3060553,112.800003,1.3545944690704346
1365889858.5015087,104.800003,1.3322768211364746
1365889858.7020514,110.400002,1.3451035022735596
1365889858.903436,108.800003,1.390364408493042
1365889859.1010146,110.400002,1.3323771953582764
1365889859.3014188,110.400002,1.3475613594055176
1365889859.501718,108.800003,1.3478965759277344
1365889859.7057612,114.400002,1.381913423538208
1365889859.901713,114.400002,1.3349502086639404
1365889860.1016252,108.800003,1.3957881927490234
1365889860.3027084,108.800003,1.328183889389038
1365889860.5028782,108.800003,1.4126553535461426
1365889860.7032576,106.400002,1.421553611755371
1365889860.9036133,108.800003,1.375579833984375
1365889861.107695,108.800003,1.3332371711730957
1365889861.3063285,107.200005,1.361210823059082
1365889861.6032407,112.800003,1.5934946537017822
1365889861.7063892,107.200005,1.4914424419403076
1365889861.9094105,108.800003,1.3406972885131836
1365889862.1096146,107.200005,1.3624064922332764
1365889862.3051107,372.000000,1.369678020477295
1365889862.5059335,107.200005,1.343061923980713
1365889862.7068913,106.400002,1.3881497383117676
1365889862.9084423,111.200005,1.5046439170837402
1365889863.1062255,114.400002,2.2850723266601562
1365889863.3063214,112.800003,2.2530977725982666
1365889863.5065796,107.200005,2.0578291416168213
1365889863.7070944,107.200005,1.8591504096984863
1365889863.9070091,104.800003,1.6699340343475342
1365889864.1071966,107.200005,1.562601089477539
1365889864.3066442,108.800003,1.491286039352417
1365889864.5051963,111.200005,1.3618659973144531
1365889864.7063038,112.800003,1.3313827514648438
1365889864.9052665,112.800003,1.3256733417510986
1365889865.1068518,111.200005,1.3572895526885986
1365889865.3126898,110.400002,1.3857338428497314
1365889865.5122383,107.200005,1.3295319080352783
1365889865.7282722,108.800003,1.365224838256836
1365889865.9064882,103.200005,1.3318548202514648
1365889866.1056094,107.200005,1.3283417224884033
1365889866.3050134,107.200005,1.3244342803955078
1365889866.5055256,106.400002,1.3285508155822754
1365889866.706717,108.800003,1.34010910987854
1365889866.906064,107.200005,1.335676670074463
1365889867.1135416,107.200005,1.3411509990692139
1365889867.3060567,111.200005,1.4012384414672852
1365889867.5071716,116.800003,1.3540959358215332
1365889867.7078118,123.200005,1.3296120166778564
1365889867.9083395,112.800003,1.3281724452972412
1365889868.1076458,111.200005,1.3424413204193115
1365889868.3064044,110.400002,1.6105890274047852
1365889868.5067184,111.200005,1.4125821590423584
1365889868.7063375,111.200005,1.3360552787780762
1365889868.906694,111.200005,1.413128137588501
1365889869.1130095,111.200005,1.3427097797393799
1365889869.3064833,110.400002,1.3663129806518555
1365889869.5084472,111.200005,1.323455572128296
1365889869.7072387,110.400002,1.324568510055542
1365889869.9064987,110.400002,1.3814399242401123
1365889870.1084845,110.400002,1.3371260166168213
1365889870.3183644,108.800003,1.3466761112213135
1365889870.5073745,108.800003,1.336364507675171
1365889870.7091131,107.200005,1.3329660892486572
1365889870.910023,108.800003,1.3400964736938477
1365889871.1066878,111.200005,1.3636863231658936
1365889871.3250203,110.400002,1.3307275772094727
1365889871.508006,110.400002,1.3307344913482666
1365889871.712873,112.800003,1.3342418670654297
1365889871.9122827,114.400002,1.3300087451934814
1365889872.1097062,106.400002,1.3283746242523193
1365889872.3081343,104.800003,1.3293516635894775
1365889872.5087113,108.800003,1.3690016269683838
1365889872.7085927,110.400002,1.3260056972503662
1365889872.9234648,115.200005,1.3447351455688477
1365889873.1086428,112.800003,1.3719682693481445
1365889873.3129058,116.800003,1.3608956336975098
1365889873.5082982,110.400002,1.3233420848846436
1365889873.7085617,110.400002,1.3291356563568115
1365889873.912253,110.400002,1.364966630935669
1365889874.1115716,112.800003,1.3361382484436035
1365889874.3090398,111.200005,1.330260992050171
1365889874.5098622,102.400002,1.375535249710083
1365889874.7095606,110.400002,1.3428092002868652
1365889874.9165409,110.400002,1.3465044498443604
1365889875.1131384,104.800003,1.3344001770019531
1365889875.3127472,288.000000,1.3458027839660645
1365889875.5104609,115.200005,1.3294363021850586
1365889875.7141185,108.800003,1.3288040161132812
1365889875.9111855,107.200005,1.330775499343872
1365889876.1113195,107.200005,1.3610217571258545
1365889876.3138807,104.800003,1.5615851879119873
1365889876.5124383,106.400002,1.3921761512756348
1365889876.7118793,108.800003,1.4427525997161865
1365889876.9116914,108.800003,1.3452963829040527
1365889877.1132276,106.400002,1.3279082775115967
1365889877.310975,112.800003,1.33491849899292
1365889877.51357,108.800003,1.3675296306610107
1365889877.7123494,108.800003,1.3338463306427002
1365889877.9133914,107.200005,1.3324368000030518
1365889878.117579,112.800003,1.3546497821807861
1365889878.3141932,110.400002,1.3471999168395996
1365889878.5149155,111.200005,1.3339250087738037
1365889878.7137938,108.800003,1.3434178829193115
1365889878.9149752,108.800003,1.3390350341796875
1365889879.1163423,107.200005,1.3231890201568604
1365889879.3269267,108.800003,1.4806766510009766
1365889879.5163345,107.200005,1.3595483303070068
1365889879.7169793,107.200005,1.3666181564331055
1365889879.9196587,111.200005,1.326453685760498
1365889880.1190114,111.200005,1.4651942253112793
1365889880.3183372,114.400002,1.3239614963531494
1365889880.526398,112.800003,1.3729255199432373
1365889880.7185483,114.400002,1.3376944065093994
1365889880.9188519,106.400002,1.3327085971832275
1365889881.1211503,110.400002,1.3395426273345947
1365889881.3258662,106.400002,1.323436975479126
1365889881.51924,111.200005,1.3258202075958252
1365889881.718989,110.400002,1.3416831493377686
1365889881.919533,112.800003,1.3508377075195312
1365889882.118317,111.200005,1.329766035079956
1365889882.3217793,112.800003,1.4085254669189453
1365889882.5214083,111.200005,1.3691437244415283
1365889882.719045,111.200005,1.396247148513794
1365889882.926607,111.200005,1.3421282768249512
1365889883.1206326,110.400002,1.400740385055542
1365889883.3182492,108.800003,1.3591508865356445
1365889883.5213153,108.800003,1.3773224353790283
1365889883.7200463,107.200005,1.3367350101470947
1365889883.9380267,107.200005,1.3435297012329102
1365889884.1254032,110.400002,1.3354923725128174
1365889884.3201818,108.800003,1.3817102909088135
1365889884.5230618,106.400002,1.504544734954834
1365889884.7237735,107.200005,1.3229172229766846
1365889884.9240668,108.800003,1.3332428932189941
1365889885.127306,108.800003,1.4006717205047607
1365889885.3229666,111.200005,1.3439669609069824
1365889885.530307,108.800003,1.3259601593017578
1365889885.723126,108.800003,1.348182201385498
1365889885.9235477,106.400002,1.3544981479644775
1365889886.1230454,106.400002,1.4189422130584717
1365889886.3259935,104.800003,1.3259868621826172
1365889886.5241802,108.800003,1.469109296798706
1365889886.7267547,108.800003,1.3233375549316406
1365889886.924435,106.400002,1.373633861541748
1365889887.1243865,106.400002,1.3336272239685059
1365889887.3255024,106.400002,1.3428928852081299
1365889887.5253286,108.800003,1.331205129623413
1365889887.7255108,110.400002,1.3251421451568604
1365889887.9251575,108.800003,1.3340857028961182
1365889888.125747,107.200005,1.358797311782837
1365889888.3270595,107.200005,1.4077861309051514
1365889888.5252976,107.200005,1.3514368534088135
1365889888.7248712,110.400002,1.3423535823822021
1365889888.9271672,107.200005,1.342496395111084
1365889889.124915,108.800003,1.3706798553466797
1365889889.3252623,108.800003,1.331000804901123
1365889889.526161,108.800003,1.3299622535705566
1365889889.7263083,108.800003,1.336693525314331
1365889889.9270272,106.400002,1.7735950946807861
1365889890.1284099,107.200005,1.70591139793396
1365889890.329372,112.800003,1.5074262619018555
1365889890.5288181,112.800003,1.3411812782287598
1365889890.739741,111.200005,1.3398768901824951
1365889890.9279628,110.400002,1.338029384613037
1365889891.1274571,112.800003,1.3277099132537842
1365889891.3269336,106.400002,1.366044521331787
1365889891.5280113,104.800003,1.340442419052124
1365889891.7269254,110.400002,1.330789566040039
1365889891.931134,110.400002,1.4289698600769043
1365889892.1363037,104.800003,1.388352870941162
1365889892.3274446,111.200005,1.4322125911712646
1365889892.5280359,110.400002,1.3308823108673096
1365889892.7284095,110.400002,1.4407882690429688
1365889892.9292555,108.800003,1.3266584873199463
1365889893.1315975,111.200005,1.3385827541351318
1365889893.3353095,110.400002,1.3352923393249512
1365889893.5395956,111.200005,1.4205472469329834
1365889893.728551,111.200005,1.3263800144195557
1365889893.9409854,110.400002,1.321697473526001
1365889894.1291046,110.400002,1.3386855125427246
1365889894.3639302,111.200005,1.3340909481048584
1365889894.5296574,108.800003,1.4907317161560059
1365889894.729489,106.400002,1.414841890335083
1365889894.9328363,108.800003,1.353236198425293
1365889895.134044,111.200005,1.3618741035461426
1365889895.336833,119.200005,1.3278162479400635
1365889895.5312533,114.400002,1.6075057983398438
1365889895.7388368,111.200005,1.4389619827270508
1365889895.9365742,112.800003,1.3297350406646729
1365889896.1333325,111.200005,1.3258934020996094
1365889896.3339996,106.400002,1.322256326675415
1365889896.5308616,106.400002,1.3283045291900635
1365889896.730457,111.200005,1.3478198051452637
1365889896.9307077,112.800003,1.3351011276245117
1365889897.1311672,449.600006,1.3276939392089844
1365889897.3326275,111.200005,1.3833973407745361
1365889897.534041,112.800003,1.3746309280395508
1365889897.7308545,114.400002,1.3259527683258057
1365889897.9319406,110.400002,1.477583408355713
1365889898.1364207,112.800003,1.3888154029846191
1365889898.3328402,112.800003,1.3341119289398193
1365889898.5411568,114.400002,1.3279573917388916
1365889898.7487817,111.200005,1.331270456314087
1365889898.9322445,112.800003,1.3401918411254883
1365889899.1327076,106.400002,1.3247263431549072
1365889899.3336382,107.200005,1.3283705711364746
1365889899.5338492,108.800003,1.3303046226501465
1365889899.7384655,104.800003,1.3357312679290771
1365889899.9341593,110.400002,1.4917242527008057
1365889900.1337183,104.800003,1.6293072700500488
1365889900.335576,108.800003,1.429316520690918
1365889900.5339444,104.800003,1.348351240158081
1365889900.7348018,106.400002,1.367687463760376
1365889900.9324594,111.200005,1.3399014472961426
1365889901.1330676,110.400002,1.3621628284454346
1365889901.336374,110.400002,1.3477544784545898
1365889901.5335815,110.400002,1.3638689517974854
1365889901.7337627,108.800003,1.427640676498413
1365889901.9417944,114.400002,1.3220601081848145
1365889902.1333356,111.200005,1.3416800498962402
1365889902.334662,108.800003,1.3294956684112549
1365889902.535322,112.800003,1.350154161453247
1365889902.734278,111.200005,1.3429431915283203
1365889902.9350102,112.800003,1.3285770416259766
1365889903.1340744,110.400002,1.327176570892334
1365889903.3350651,114.400002,1.3303370475769043
1365889903.5339475,111.200005,1.3709754943847656
1365889903.7357109,111.200005,1.3416810035705566
1365889903.934905,112.800003,1.3364150524139404
1365889904.1368973,111.200005,1.3359992504119873
1365889904.3360114,110.400002,1.3284111022949219
1365889904.5359068,110.400002,1.3719494342803955
1365889904.7341352,108.800003,1.326061487197876
1365889904.9358602,108.800003,1.44832444190979
1365889905.1369867,108.800003,1.3639957904815674
1365889905.335489,110.400002,1.4154207706451416
1365889905.5367455,115.200005,1.3399314880371094
1365889905.737,108.800003,1.3256592750549316
1365889905.9353237,107.200005,1.327470302581787
1365889906.1373901,110.400002,1.3241455554962158
1365889906.3363104,110.400002,1.3264403343200684
1365889906.54196,112.800003,1.3475782871246338
1365889906.7384737,108.800003,1.3479037284851074
1365889906.9444678,108.800003,1.3266866207122803
1365889907.1448023,110.400002,1.326244831085205
1365889907.3378005,107.200005,1.3637559413909912
1365889907.5415978,107.200005,1.3267650604248047
1365889907.7401583,106.400002,1.32651948928833
1365889907.9382458,110.400002,1.3682565689086914
1365889908.1390975,111.200005,1.335542917251587
1365889908.3423455,112.800003,1.3362090587615967
1365889908.5393682,111.200005,1.3332059383392334
1365889908.7386284,111.200005,1.3399362564086914
1365889908.938813,111.200005,1.3711397647857666
1365889909.1395547,114.400002,1.346585988998413
1365889909.351914,111.200005,1.3343746662139893
1365889909.5405934,110.400002,1.3475348949432373
1365889909.7375052,106.400002,1.3529386520385742
1365889909.9378645,111.200005,1.3622848987579346
1365889910.1494284,112.800003,1.3281843662261963
1365889910.3619924,112.800003,1.37579345703125
1365889910.543608,120.800003,1.32588791847229
1365889910.7405624,444.000000,1.32832670211792
1365889910.9533906,111.200005,1.3300261497497559
1365889911.142394,110.400002,1.352989673614502
1365889911.3405006,110.400002,1.3778085708618164
1365889911.5411944,110.400002,1.3879406452178955
1365889911.7407486,110.400002,1.3386023044586182
1365889911.9408886,110.400002,1.3266806602478027
1365889912.1433458,110.400002,1.371291160583496
1365889912.3425663,111.200005,1.385986566543579
1365889912.5465345,108.800003,1.336535930633545
1365889912.7428586,108.800003,1.3474974632263184
1365889912.942122,108.800003,1.3241257667541504
1365889913.143101,108.800003,1.3274455070495605
1365889913.3420665,108.800003,1.3325409889221191
1365889913.543339,110.400002,1.3493506908416748
1365889913.742702,108.800003,1.3355987071990967
1365889913.9442043,107.200005,1.3399479389190674
1365889914.1494465,107.200005,1.4637157917022705
1365889914.3461592,106.400002,1.4468858242034912
1365889914.5421324,108.800003,1.6007673740386963
1365889914.743412,108.800003,1.4010989665985107
1365889914.942138,107.200005,1.3359520435333252
1365889915.1474862,316.800018,1.4068539142608643
1365889915.3472881,108.800003,1.3473687171936035
1365889915.543856,110.400002,1.364633560180664
1365889915.7415977,106.400002,1.3394150733947754
1365889915.9438193,112.800003,1.3781275749206543
1365889916.1451292,112.800003,1.3353476524353027
1365889916.3461857,114.400002,1.4015321731567383
1365889916.5428426,111.200005,1.4081053733825684
1365889916.743406,110.400002,1.3409008979797363
1365889916.9543395,110.400002,1.340505838394165
1365889917.1446443,110.400002,1.4110949039459229
1365889917.3450193,108.800003,1.4150607585906982
1365889917.5475602,110.400002,1.3309462070465088
1365889917.74695,110.400002,1.340569257736206
1365889917.946587,108.800003,1.3284931182861328
1365889918.1481078,108.800003,1.4243557453155518
1365889918.3504,110.400002,1.32265043258667
1365889918.5469682,110.400002,1.3387153148651123
1365889918.7468715,110.400002,1.3219420909881592
1365889918.9476717,108.800003,1.3435955047607422
1365889919.1469593,110.400002,1.335132360458374
1365889919.347662,106.400002,1.3242526054382324
1365889919.5490522,110.400002,1.3259875774383545
1365889919.7482846,111.200005,1.3333232402801514
1365889919.9478252,110.400002,1.3699712753295898
1365889920.1486704,108.800003,1.3275415897369385
1365889920.3516228,106.400002,1.3241658210754395
1365889920.551928,107.200005,1.341991901397705
1365889920.7488234,106.400002,1.3702433109283447
1365889920.949017,107.200005,1.4207117557525635
1365889921.1495447,107.200005,1.4258294105529785
1365889921.3561392,106.400002,1.334413766860962
1365889921.5563242,107.200005,1.3562893867492676
1365889921.751929,107.200005,1.3446407318115234
1365889921.9550533,106.400002,1.5447416305541992
1365889922.148201,104.800003,1.3707525730133057
1365889922.3489895,110.400002,1.3256988525390625
1365889922.5482264,111.200005,1.3319661617279053
1365889922.7503798,110.400002,1.348144292831421
1365889922.9493637,111.200005,1.333735704421997
1365889923.1501825,110.400002,1.3415837287902832
1365889923.3490205,110.400002,1.3323097229003906
1365889923.5505881,108.800003,1.3284602165222168
1365889923.7589989,110.400002,1.3288629055023193
1365889923.9495625,108.800003,1.3864638805389404
1365889924.148987,110.400002,1.329132080078125
1365889924.357434,112.800003,1.3390111923217773
1365889924.5500221,114.400002,1.3348543643951416
1365889924.7529013,111.200005,1.3493015766143799
1365889924.95067,111.200005,1.321624755859375
1365889925.1503992,110.400002,1.3376786708831787
1365889925.363287,114.400002,1.4138119220733643
1365889925.5534625,112.800003,1.3462862968444824
1365889925.7517283,110.400002,1.6093838214874268
1365889925.9518888,111.200005,1.410768985748291
1365889926.1513731,108.800003,1.3331587314605713
1365889926.3521938,110.400002,1.3466823101043701
1365889926.5516841,110.400002,1.4182531833648682
1365889926.7517595,110.400002,1.3369014263153076
1365889926.9516952,110.400002,1.3325669765472412
1365889927.1669855,111.200005,1.3294658660888672
1365889927.3592875,110.400002,1.3762750625610352
1365889927.553102,112.800003,1.3339693546295166
1365889927.7504008,114.400002,1.3353235721588135
1365889927.9514773,110.400002,1.3217482566833496
1365889928.155145,111.200005,1.323399305343628
1365889928.3521698,108.800003,1.3309879302978516
1365889928.5541065,108.800003,1.3309950828552246
1365889928.7533133,111.200005,1.3235619068145752
1365889928.9585855,110.400002,1.327862024307251
1365889929.1547737,110.400002,1.3331947326660156
1365889929.3542047,112.800003,1.331784963607788
1365889929.5548406,107.200005,1.344651699066162
1365889929.7558575,108.800003,1.3251268863677979
1365889929.956905,107.200005,1.322417974472046
1365889930.1551383,106.400002,1.3527607917785645
1365889930.3671033,106.400002,1.3881111145019531
1365889930.5552535,107.200005,1.3269662857055664
1365889930.7544706,108.800003,1.3418734073638916
1365889930.9589806,108.800003,1.3289117813110352
1365889931.157997,111.200005,1.3924148082733154
1365889931.3557308,110.400002,1.3491408824920654
1365889931.5571017,107.200005,1.3461744785308838
1365889931.7542534,108.800003,1.3329746723175049
1365889931.9564629,110.400002,1.3263888359069824
1365889932.1544063,108.800003,1.3274173736572266
1365889932.3547058,108.800003,1.3718798160552979
1365889932.5547807,108.800003,1.3390178680419922
1365889932.7555091,119.200005,1.3429343700408936
1365889932.9608557,111.200005,1.3302061557769775
1365889933.1610613,115.200005,1.3305866718292236
1365889933.3561459,112.800003,1.3556334972381592
1365889933.555881,106.400002,1.3231351375579834
1365889933.7792425,107.200005,1.321342945098877
1365889933.958563,111.200005,1.363694667816162
1365889934.1566906,104.800003,1.3451526165008545
1365889934.3601484,108.800003,1.33290433883667
1365889934.5681882,107.200005,1.3530657291412354
1365889934.7565424,107.200005,1.3286182880401611
1365889934.9564564,106.400002,1.368224859237671
1365889935.1564476,106.400002,1.412400484085083
1365889935.3574786,107.200005,1.3254997730255127
1365889935.5598502,106.400002,1.3431668281555176
1365889935.7579086,108.800003,1.4439301490783691
1365889935.9570923,106.400002,1.3634097576141357
1365889936.1570084,111.200005,1.4728288650512695
1365889936.359673,111.200005,1.327735424041748
1365889936.5579646,111.200005,1.3249554634094238
1365889936.757387,107.200005,1.397292137145996
1365889936.957979,108.800003,1.322092056274414
1365889937.1594515,110.400002,1.3224561214447021
1365889937.3603373,110.400002,1.3277926445007324
1365889937.5588343,110.400002,1.3363521099090576
1365889937.7621791,108.800003,1.337052822113037
1365889937.9892209,110.400002,1.3308987617492676
1365889938.160486,110.400002,1.3271424770355225
1365889938.3615718,114.400002,1.3341596126556396
1365889938.560613,111.200005,1.3400378227233887
1365889938.7613473,110.400002,1.3656885623931885
1365889938.9609275,110.400002,1.3375670909881592
1365889939.1629353,108.800003,1.3619632720947266
1365889939.3673034,108.800003,1.3445630073547363
1365889939.5784297,110.400002,1.4540469646453857
1365889939.7624438,108.800003,1.5017213821411133
1365889939.9600866,110.400002,1.3677260875701904
1365889940.1610363,108.800003,1.3311057090759277
1365889940.3638506,110.400002,1.3253200054168701
1365889940.5614948,108.800003,1.3224668502807617
1365889940.7653246,111.200005,1.3843302726745605
1365889940.9788342,110.400002,1.3331501483917236
1365889941.1609359,108.800003,1.3303568363189697
1365889941.3640788,114.400002,1.332951545715332
1365889941.5610192,115.200005,1.3365473747253418
1365889941.7618916,112.800003,1.3934168815612793
1365889941.9618022,110.400002,1.33534836769104
1365889942.1717453,108.800003,1.3392424583435059
1365889942.382615,111.200005,1.3258593082427979
1365889942.5641062,110.400002,1.3486971855163574
1365889942.7644167,108.800003,1.3386082649230957
1365889942.9644496,110.400002,1.3473331928253174
1365889943.16394,110.400002,1.3750782012939453
1365889943.3644347,110.400002,1.357121229171753
1365889943.56787,111.200005,1.332721471786499
1365889943.764328,108.800003,1.3277175426483154
1365889943.9663324,110.400002,1.323617696762085
1365889944.1662045,110.400002,1.3543400764465332
1365889944.3637657,111.200005,1.3381376266479492
1365889944.565025,110.400002,1.3229546546936035
1365889944.7704518,110.400002,1.3455348014831543
1365889944.9654405,110.400002,1.3716070652008057
1365889945.1652544,107.200005,1.481553316116333
1365889945.3661287,108.800003,1.3510921001434326
1365889945.5653956,112.800003,1.3352692127227783
1365889945.7659948,108.800003,1.3300135135650635
1365889945.965395,108.800003,1.3452634811401367
1365889946.1660564,107.200005,1.3414356708526611
1365889946.3653166,107.200005,1.3267838954925537
1365889946.6105735,106.400002,1.3747875690460205
1365889946.7678573,106.400002,1.4065303802490234
1365889946.9679585,107.200005,1.351438045501709
1365889947.1656172,107.200005,1.3293640613555908
1365889947.3687794,108.800003,1.3587450981140137
1365889947.5652826,106.400002,1.3793156147003174
1365889947.766271,106.400002,1.3353402614593506
1365889947.9768758,106.400002,1.337484359741211
1365889948.1658306,107.200005,1.504068374633789
1365889948.3660192,107.200005,1.413938283920288
1365889948.5678904,115.200005,1.3276519775390625
1365889948.7685435,106.400002,1.405198574066162
1365889948.9661055,107.200005,1.3238310813903809
1365889949.1658754,112.800003,1.3638458251953125
1365889949.3677862,111.200005,1.3310539722442627
1365889949.5675051,106.400002,1.326197624206543
1365889949.7673972,108.800003,1.329571008682251
1365889949.9696274,106.400002,1.3467297554016113
1365889950.1670737,107.200005,1.3360819816589355
1365889950.3667479,107.200005,1.3375954627990723
1365889950.5768073,112.800003,1.3282859325408936
1365889950.7737198,107.200005,1.3215858936309814
1365889950.9757535,110.400002,1.4087445735931396
1365889951.1702402,110.400002,1.3210248947143555
1365889951.3671975,111.200005,1.3390696048736572
1365889951.5681214,104.800003,1.3320465087890625
1365889951.7685254,107.200005,1.3767857551574707
1365889951.9875073,107.200005,1.344552993774414
1365889952.1715682,110.400002,1.4185514450073242
1365889952.373328,107.200005,1.3565893173217773
1365889952.568692,106.400002,1.3310208320617676
1365889952.769408,107.200005,1.369703769683838
1365889952.9682753,108.800003,1.3780531883239746
1365889953.1678162,107.200005,1.3268003463745117
1365889953.3704221,107.200005,1.437601089477539
1365889953.5684319,111.200005,1.4367988109588623
1365889953.7687626,110.400002,1.3259518146514893
1365889953.9743567,110.400002,1.392625093460083
1365889954.1712558,108.800003,1.4040040969848633
1365889954.3702815,108.800003,1.3878626823425293
1365889954.5697258,108.800003,1.339766025543213
1365889954.7719257,108.800003,1.329648494720459
1365889954.9741657,114.400002,1.3338842391967773
1365889955.1723104,111.200005,1.414336919784546
1365889955.3915055,110.400002,1.4556183815002441
1365889955.5748012,110.400002,1.4171905517578125
1365889955.7835143,111.200005,1.3965153694152832
1365889955.9744744,108.800003,1.428546667098999
1365889956.1751,111.200005,1.4685468673706055
1365889956.380439,115.200005,1.3326973915100098
1365889956.5781043,112.800003,1.3585929870605469
1365889956.7766378,110.400002,1.3213515281677246
1365889956.9846287,108.800003,1.4029178619384766
1365889957.1807914,111.200005,1.3212149143218994
1365889957.3758337,111.200005,1.3457083702087402
1365889957.5757961,103.200005,1.33225679397583
1365889957.782579,112.800003,1.3611600399017334
1365889957.9762056,112.800003,1.333979845046997
1365889958.1752567,106.400002,1.4842519760131836
1365889958.374911,108.800003,1.389101266860962
1365889958.575218,110.400002,1.337162971496582
1365889958.7750208,111.200005,1.3204424381256104
1365889958.979026,112.800003,1.335373878479004
1365889959.1761003,111.200005,1.3332362174987793
1365889959.3754065,112.800003,1.3306584358215332
1365889959.5748973,110.400002,1.3673336505889893
1365889959.775232,111.200005,1.3311963081359863
1365889959.9752011,112.800003,1.5384154319763184
1365889960.206351,110.400002,1.4178447723388672
1365889960.375338,111.200005,1.4520046710968018
1365889960.5763726,111.200005,1.3308260440826416
1365889960.776244,111.200005,1.3342456817626953
1365889960.9768016,110.400002,1.3286199569702148
1365889961.1794496,110.400002,1.360358715057373
1365889961.378395,110.400002,1.3335208892822266
1365889961.5787537,110.400002,1.3371155261993408
1365889961.7827566,107.200005,1.3325867652893066
1365889961.9789507,111.200005,1.3464324474334717
1365889962.1857984,110.400002,1.3222382068634033
1365889962.3858914,111.200005,1.3329246044158936
1365889962.5968182,114.400002,1.3440964221954346
1365889962.778927,106.400002,1.3445155620574951
1365889962.9829843,104.800003,1.3417456150054932
1365889963.1814926,112.800003,1.3549878597259521
1365889963.3804262,112.800003,1.3535873889923096
1365889963.5873067,114.400002,1.3394207954406738
1365889963.7970161,110.400002,1.3360037803649902
1365889963.996349,117.599998,1.3354980945587158
1365889964.1993139,111.200005,1.3207061290740967
1365889964.381485,106.400002,1.3590648174285889
1365889964.582018,108.800003,1.381002426147461
1365889964.783007,115.200005,1.3555026054382324
1365889964.9794455,111.200005,1.3938441276550293
1365889965.1814432,110.400002,1.3357172012329102
1365889965.379512,110.400002,1.3805642127990723
1365889965.5876594,106.400002,1.3504934310913086
1365889965.779957,107.200005,1.3306317329406738
1365889965.9799554,106.400002,1.3230082988739014
1365889966.1798456,106.400002,1.374121904373169
1365889966.3866456,108.800003,1.3309121131896973
1365889966.580831,107.200005,1.338118076324463
1365889966.7837517,110.400002,1.3211116790771484
1365889966.980314,110.400002,1.373622179031372
1365889967.1802554,110.400002,1.329010248184204
1365889967.3808346,108.800003,1.3351681232452393
1365889967.5801835,108.800003,1.319786787033081
1365889967.7850883,110.400002,1.3243629932403564
1365889967.9806066,108.800003,1.424145221710205
1365889968.1818018,108.800003,1.329336166381836
1365889968.3818903,110.400002,1.3392155170440674
1365889968.5874205,110.400002,1.3340654373168945
1365889968.8014548,108.800003,1.3694818019866943
1365889969.0104454,108.800003,1.3364503383636475
1365889969.1831114,108.800003,1.3266794681549072
1365889969.392285,108.800003,1.3275723457336426
1365889969.5831897,111.200005,1.3833084106445312
1365889969.782134,111.200005,1.3349051475524902
1365889969.9829082,108.800003,1.352937936782837
1365889970.181872,108.800003,1.328049898147583
1365889970.3826048,108.800003,1.3489842414855957
1365889970.5829778,111.200005,1.3313343524932861
1365889970.7848678,108.800003,1.333808183670044
1365889970.9918978,108.800003,1.3463997840881348
1365889971.182119,111.200005,1.3684155941009521
1365889971.3861802,112.800003,1.3677330017089844
1365889971.586625,111.200005,1.3285496234893799
1365889971.8002596,111.200005,1.342066764831543
1365889971.9818525,112.800003,1.3583433628082275
1365889972.1825123,110.400002,1.4499998092651367
1365889972.3814447,110.400002,1.3799805641174316
1365889972.5822637,111.200005,1.333045244216919
1365889972.782887,111.200005,1.3276469707489014
1365889972.9844737,111.200005,1.3441801071166992
1365889973.184332,110.400002,1.3218727111816406
1365889973.38547,110.400002,1.336517333984375
1365889973.5936246,112.800003,1.3445637226104736
1365889973.7840803,111.200005,1.3944377899169922
1365889973.9854326,110.400002,1.341874122619629
1365889974.1848655,111.200005,1.3336212635040283
1365889974.4111555,110.400002,1.323617935180664
1365889974.5868034,110.400002,1.3684499263763428
1365889974.7911906,110.400002,1.3237569332122803
1365889974.9864507,110.400002,1.3431522846221924
1365889975.1909604,110.400002,1.3350574970245361
1365889975.3876762,111.200005,1.3215148448944092
1365889975.5890307,108.800003,1.4396274089813232
1365889975.787173,107.200005,1.3664133548736572
1365889975.9874375,104.800003,1.360769510269165
1365889976.1879516,110.400002,1.32798433303833
1365889976.3878474,110.400002,1.4172208309173584
1365889976.588444,111.200005,1.3294289112091064
1365889976.788231,111.200005,1.3985636234283447
1365889976.987401,111.200005,1.3220746517181396
1365889977.186874,114.400002,1.6799030303955078
1365889977.3871863,112.800003,1.4816644191741943
1365889977.5899708,111.200005,1.32370924949646
1365889977.7892694,108.800003,1.3208909034729004
1365889977.987822,112.800003,1.3416523933410645
1365889978.187731,111.200005,1.3212316036224365
1365889978.3883395,111.200005,1.3291704654693604
1365889978.6004019,114.400002,1.324573278427124
1365889978.7930076,115.200005,1.3278040885925293
1365889978.9911604,104.800003,1.3477015495300293
1365889979.1911852,108.800003,1.3364078998565674
1365889979.3912206,111.200005,1.3457353115081787
1365889979.5982199,115.200005,1.356107473373413
1365889979.790618,112.800003,1.3219928741455078
1365889979.9892876,110.400002,1.3270206451416016
1365889980.1918712,110.400002,1.3219423294067383
1365889980.394041,110.400002,1.3312270641326904
1365889980.6107485,108.800003,1.394989252090454
1365889980.7916288,108.800003,1.336303472518921
1365889980.9922593,103.200005,1.5321879386901855
1365889981.1914916,287.200012,1.3505449295043945
1365889981.392832,108.800003,1.3521254062652588
1365889981.5926309,108.800003,1.3223745822906494
1365889981.7926288,108.800003,1.3248064517974854
1365889981.9935615,110.400002,1.3552446365356445
1365889982.195359,108.800003,1.3260211944580078
1365889982.398462,108.800003,1.3470981121063232
1365889982.5948443,106.400002,1.3341395854949951
1365889982.7956154,108.800003,1.3364853858947754
1365889982.9926937,108.800003,1.3628320693969727
1365889983.1917768,110.400002,1.3528122901916504
1365889983.3911977,107.200005,1.3237862586975098
1365889983.591986,106.400002,1.3374137878417969
1365889983.7921367,108.800003,1.3654472827911377
1365889983.9923134,107.200005,1.3366570472717285
1365889984.1913984,106.400002,1.3358139991760254
1365889984.3908317,110.400002,1.3382256031036377
1365889984.591789,112.800003,1.3414053916931152
1365889984.793623,110.400002,1.3564395904541016
1365889984.9921632,110.400002,1.3419544696807861
1365889985.194208,108.800003,1.3434805870056152
1365889985.392775,108.800003,1.3345186710357666
1365889985.6089633,110.400002,1.3242096900939941
1365889985.7958062,110.400002,1.3852927684783936
1365889985.9940717,110.400002,1.3372695446014404
1365889986.1960454,112.800003,1.334517240524292
1365889986.3943777,110.400002,1.4792323112487793
1365889986.5956345,107.200005,1.3668737411499023
1365889986.7970757,107.200005,1.3326637744903564
1365889986.9975677,108.800003,1.3248627185821533
1365889987.1964004,107.200005,1.3234469890594482
1365889987.3963578,106.400002,1.3711884021759033
1365889987.5963967,108.800003,1.34328031539917
1365889987.7976441,108.800003,1.5115303993225098
1365889988.0028617,110.400002,1.467789649963379
1365889988.1984694,110.400002,1.3350908756256104
1365889988.3967583,107.200005,1.3324275016784668
1365889988.596819,108.800003,1.3935966491699219
1365889988.7985003,111.200005,1.3606629371643066
1365889988.9995377,110.400002,1.3337476253509521
1365889989.1966364,112.800003,1.321993112564087
1365889989.4074585,110.400002,1.4811108112335205
1365889989.603623,111.200005,1.327883243560791
1365889989.7982242,112.800003,1.3363723754882812
1365889990.0065742,108.800003,1.346855878829956
1365889990.198583,110.400002,1.370896339416504
1365889990.3981886,111.200005,1.3258421421051025
1365889990.5983768,110.400002,1.3305463790893555
1365889990.799813,111.200005,1.3369648456573486
1365889991.0006652,110.400002,1.489936351776123
1365889991.2017481,114.400002,1.470160722732544
1365889991.410402,110.400002,1.346968650817871
1365889991.6049883,110.400002,1.398130178451538
1365889991.8000972,111.200005,1.398930549621582
1365889992.0026236,111.200005,1.326845407485962
1365889992.2023509,112.800003,1.3552329540252686
1365889992.4056377,106.400002,1.4105350971221924
1365889992.6130624,106.400002,1.3396992683410645
1365889992.8024745,106.400002,1.3256430625915527
1365889993.0102074,111.200005,1.344599723815918
1365889993.2065785,108.800003,1.3529303073883057
1365889993.4031475,111.200005,1.3299264907836914
1365889993.6055639,106.400002,1.3248279094696045
1365889993.8183556,106.400002,1.353403091430664
1365889994.0051732,108.800003,1.329380989074707
1365889994.2064335,108.800003,1.395216464996338
1365889994.4029803,111.200005,1.3341526985168457
1365889994.611231,112.800003,1.3396646976470947
1365889994.8058872,108.800003,1.3321402072906494
1365889995.0040944,107.200005,1.3407223224639893
1365889995.2029266,110.400002,1.3849186897277832
1365889995.4029841,110.400002,1.3290696144104004
1365889995.602998,112.800003,1.3392930030822754
1365889995.8027508,104.800003,1.3339569568634033
1365889996.0027738,108.800003,1.3938920497894287
1365889996.2024546,107.200005,1.3327405452728271
1365889996.4032338,108.800003,1.3320183753967285
1365889996.603265,106.400002,1.3306429386138916
1365889996.8071892,108.800003,1.358886480331421
1365889997.0018725,106.400002,1.324392557144165
1365889997.2044864,106.400002,1.3316974639892578
1365889997.403954,110.400002,1.3328826427459717
1365889997.6075008,110.400002,1.3207502365112305
1365889997.8022013,107.200005,1.320570945739746
1365889998.0028381,104.800003,1.3379805088043213
1365889998.2034035,111.200005,1.3332691192626953
1365889998.4094088,111.200005,1.324765682220459
1365889998.6059852,110.400002,1.3423466682434082
1365889998.8038583,110.400002,1.3312602043151855
1365889999.004232,110.400002,1.3362677097320557
1365889999.207859,110.400002,1.3201780319213867
1365889999.4048197,108.800003,1.3723618984222412
1365889999.606844,108.800003,1.3440518379211426
1365889999.8043637,107.200005,1.3306641578674316
1365890000.0050573,108.800003,1.3241517543792725
1365890000.205676,108.800003,1.348405361175537
1365890000.4077528,108.800003,1.3407001495361328
1365890000.6053164,107.200005,1.3306474685668945
1365890000.8063974,106.400002,1.3603856563568115
1365890001.0059025,108.800003,1.3681201934814453
1365890001.205306,108.800003,1.3351953029632568
1365890001.4073775,108.800003,1.3449602127075195
1365890001.6059635,106.400002,1.3217368125915527
1365890001.8066475,108.800003,1.3222923278808594
1365890002.0095189,110.400002,1.3536818027496338
1365890002.2074845,110.400002,1.3524808883666992
1365890002.4114053,110.400002,1.3242998123168945
1365890002.607428,110.400002,1.3641486167907715
1365890002.8086827,108.800003,1.3399379253387451
1365890003.0110815,110.400002,1.3498177528381348
1365890003.2079794,451.200012,1.3881633281707764
1365890003.4075148,110.400002,1.3585739135742188
1365890003.6083763,110.400002,1.4670524597167969
1365890003.807987,111.200005,1.3266501426696777
1365890004.0095875,112.800003,1.331444501876831
1365890004.207891,110.400002,1.3838143348693848
1365890004.4082673,108.800003,1.3767733573913574
1365890004.610417,111.200005,1.336474895477295
1365890004.808524,111.200005,1.328545093536377
1365890005.008878,108.800003,1.3896138668060303
1365890005.2192519,107.200005,1.353532314300537
1365890005.4174113,106.400002,1.3318414688110352
1365890005.6098292,107.200005,1.3726096153259277
1365890005.8100393,107.200005,1.3359410762786865
1365890006.010152,107.200005,1.3235316276550293
1365890006.2095957,104.800003,1.3608074188232422
1365890006.4113955,110.400002,1.3353769779205322
1365890006.6200356,111.200005,1.3204102516174316
1365890006.8150375,110.400002,1.3549084663391113
1365890007.0115519,110.400002,1.3896818161010742
1365890007.2114875,110.400002,1.3940818309783936
1365890007.4097247,110.400002,1.387233018875122
1365890007.6102765,108.800003,1.4272701740264893
1365890007.810754,111.200005,1.413905143737793
1365890008.011881,110.400002,1.3293187618255615
1365890008.217623,108.800003,1.3321146965026855
1365890008.415397,108.800003,1.489245891571045
1365890008.611966,110.400002,1.3817317485809326
1365890008.812748,108.800003,1.3389060497283936
1365890009.0119424,108.800003,1.3411760330200195
1365890009.2146099,110.400002,1.3482749462127686
1365890009.4136107,110.400002,1.3417689800262451
1365890009.6126187,111.200005,1.3230361938476562
1365890009.8120756,110.400002,1.332106113433838
1365890010.0135972,108.800003,1.3304369449615479
1365890010.2119071,108.800003,1.3452725410461426
1365890010.413329,107.200005,1.3241829872131348
1365890010.613797,108.800003,1.3351995944976807
1365890010.8144524,110.400002,1.3292913436889648
1365890011.016354,110.400002,1.32826828956604
1365890011.229699,110.400002,1.3421299457550049
1365890011.4202757,110.400002,1.3390707969665527
1365890011.6119344,111.200005,1.3323287963867188
1365890011.8132663,108.800003,1.3236572742462158
1365890012.0125198,229.600006,1.396833896636963
1365890012.212366,107.200005,1.4020633697509766
1365890012.4123101,106.400002,1.332134485244751
1365890012.612336,110.400002,1.327469825744629
1365890012.812365,111.200005,1.4361367225646973
1365890013.0184662,112.800003,1.3413255214691162
1365890013.2140477,111.200005,1.5490827560424805
1365890013.4133565,110.400002,1.3561217784881592
1365890013.6136186,110.400002,1.3773307800292969
1365890013.8244708,111.200005,1.3499550819396973
1365890014.0148177,111.200005,1.4144415855407715
1365890014.2128768,110.400002,1.3424856662750244
1365890014.4133387,110.400002,1.341843605041504
1365890014.61295,111.200005,1.3469128608703613
1365890014.8172417,111.200005,1.3268101215362549
1365890015.0172176,110.400002,1.3343837261199951
1365890015.2140963,111.200005,1.3252894878387451
1365890015.4132404,110.400002,1.3886172771453857
1365890015.6133368,110.400002,1.3275437355041504
1365890015.8157513,110.400002,1.3315210342407227
1365890016.01732,110.400002,1.3276340961456299
1365890016.2171044,107.200005,1.340402603149414
1365890016.4157324,110.400002,1.325622797012329
1365890016.6152828,111.200005,1.331085205078125
1365890016.8159049,110.400002,1.346688985824585
1365890017.0161436,108.800003,1.3376038074493408
1365890017.2163959,110.400002,1.335655927658081
1365890017.4151697,107.200005,1.3321857452392578
1365890017.615507,107.200005,1.3318700790405273
1365890017.8152635,115.200005,1.3295447826385498
1365890018.0150707,107.200005,1.3544321060180664
1365890018.2153647,111.200005,1.3197052478790283
1365890018.4176128,112.800003,1.320631980895996
1365890018.615854,110.400002,1.3282418251037598
1365890018.8161325,110.400002,1.324916124343872
1365890019.016348,111.200005,1.3252465724945068
1365890019.2398171,111.200005,1.35263991355896
1365890019.4190123,112.800003,1.3272621631622314
1365890019.6183224,108.800003,1.3347218036651611
1365890019.818434,107.200005,1.354100227355957
1365890020.0182166,111.200005,1.6695799827575684
1365890020.218604,106.400002,1.6517839431762695
1365890020.418012,108.800003,1.454460620880127
1365890020.6191297,107.200005,1.4462332725524902
1365890020.8195708,106.400002,1.4256396293640137
1365890021.036531,107.200005,1.3622417449951172
1365890021.2197757,106.400002,1.3617022037506104
1365890021.418476,107.200005,1.335850477218628
1365890021.6180277,107.200005,1.3389246463775635
1365890021.8231435,106.400002,1.3358726501464844
1365890022.0181637,110.400002,1.3503587245941162
1365890022.2223904,112.800003,1.6599717140197754
1365890022.4188213,110.400002,1.465017557144165
1365890022.6201227,110.400002,1.3512179851531982
1365890022.8210454,112.800003,1.3279621601104736
1365890023.018211,110.400002,1.3452129364013672
1365890023.2185178,112.800003,1.3308603763580322
1365890023.4188983,112.800003,1.326355218887329
1365890023.6175053,110.400002,1.3271048069000244
1365890023.8200018,110.400002,1.3765904903411865
1365890024.0244365,112.800003,1.338951587677002
1365890024.2194622,108.800003,1.3288209438323975
1365890024.4186904,112.800003,1.3296973705291748
1365890024.6191502,110.400002,1.3378558158874512
1365890024.8190513,111.200005,1.3323512077331543
1365890025.0419714,110.400002,1.3419883251190186
1365890025.2193496,112.800003,1.3289704322814941
1365890025.4193337,110.400002,1.3376305103302002
1365890025.6196,112.800003,1.4037110805511475
1365890025.8228166,106.400002,1.3260447978973389
1365890026.020664,107.200005,1.339655876159668
1365890026.219233,110.400002,1.3264899253845215
1365890026.419958,111.200005,1.354539155960083
1365890026.6220706,106.400002,1.352734088897705
1365890026.819997,110.400002,1.3895797729492188
1365890027.0194316,110.400002,1.3418514728546143
1365890027.219562,110.400002,1.37083101272583
1365890027.419171,112.800003,1.319498062133789
1365890027.620628,112.800003,1.341529369354248
1365890027.8985946,111.200005,1.3468272686004639
1365890028.0199592,111.200005,1.329834222793579
1365890028.2198815,110.400002,1.5321791172027588
1365890028.4198236,110.400002,1.3610432147979736
1365890028.6207616,107.200005,1.3262503147125244
1365890028.8280163,107.200005,1.3259215354919434
1365890029.0213993,106.400002,1.3829998970031738
1365890029.230379,108.800003,1.32570219039917
1365890029.424883,110.400002,1.349301815032959
1365890029.626834,111.200005,1.3278274536132812
1365890029.8219848,108.800003,1.3215992450714111
1365890030.0297768,106.400002,1.3258135318756104
1365890030.2223482,108.800003,1.3317079544067383
1365890030.4230583,106.400002,1.3352324962615967
1365890030.6381068,110.400002,1.3212509155273438
1365890030.8225276,106.400002,1.3268156051635742
1365890031.0224297,108.800003,1.338165521621704
1365890031.2334871,313.600006,1.5528018474578857
1365890031.4241116,108.800003,1.415252685546875
1365890031.6235294,111.200005,1.4342577457427979
1365890031.8337038,110.400002,1.3320679664611816
1365890032.0231142,114.400002,1.3445143699645996
1365890032.2231915,110.400002,1.3292956352233887
1365890032.424789,108.800003,1.3509654998779297
1365890032.622208,107.200005,1.3412368297576904
1365890032.8221984,108.800003,1.3459265232086182
1365890033.0238068,106.400002,1.328195333480835
1365890033.2280183,106.400002,1.3481478691101074
1365890033.433787,106.400002,1.3214609622955322
1365890033.6267517,106.400002,1.3786897659301758
1365890033.8243783,110.400002,1.343148946762085
1365890034.0275385,114.400002,1.3503596782684326
1365890034.2488894,111.200005,1.3323068618774414
1365890034.4317603,111.200005,1.4344370365142822
1365890034.625547,110.400002,1.3426642417907715
1365890034.8251007,110.400002,1.3291816711425781
1365890035.0317867,111.200005,1.3318862915039062
1365890035.2254663,110.400002,1.336404800415039
1365890035.4262671,106.400002,1.3409745693206787
1365890035.6272893,110.400002,1.329157829284668
1365890035.8321233,111.200005,1.4650425910949707
1365890036.0321577,107.200005,1.3204665184020996
1365890036.2285442,104.800003,1.352936029434204
1365890036.427334,110.400002,1.4104928970336914
1365890036.626352,106.400002,1.4199440479278564
1365890036.8275397,104.800003,1.3944401741027832
1365890037.0330918,106.400002,1.3229470252990723
1365890037.227616,111.200005,1.5321030616760254
1365890037.4270582,106.400002,1.3975183963775635
1365890037.63198,112.800003,1.3239905834197998
1365890037.8270514,111.200005,1.342881679534912
1365890038.027594,112.800003,1.330470085144043
1365890038.2437024,369.600006,1.321483850479126
1365890038.428329,114.400002,1.4540910720825195
1365890038.650033,106.400002,1.3377459049224854
1365890038.8292766,110.400002,1.5452189445495605
1365890039.0282419,111.200005,1.348311185836792
1365890039.227856,107.200005,1.3251826763153076
1365890039.429366,111.200005,1.3445041179656982
1365890039.628119,107.200005,1.3250062465667725
1365890039.8303552,107.200005,1.3341012001037598
1365890040.0288846,107.200005,1.3903875350952148
1365890040.2286725,106.400002,1.3304970264434814
1365890040.428074,108.800003,1.3400835990905762
1365890040.628229,106.400002,1.4745690822601318
1365890040.8279006,106.400002,1.411959171295166
1365890041.028162,104.800003,1.4257433414459229
1365890041.2287664,107.200005,1.3850083351135254
1365890041.4421625,111.200005,1.4185359477996826
1365890041.633421,110.400002,1.3322343826293945
1365890041.845345,110.400002,1.4021778106689453
1365890042.0293484,110.400002,1.4778945446014404
1365890042.243243,104.800003,1.386199951171875
1365890042.4294598,108.800003,1.3555214405059814
1365890042.6293561,110.400002,1.4006309509277344
1365890042.831282,110.400002,1.331122636795044
1365890043.0311468,111.200005,1.3385233879089355
1365890043.2290707,110.400002,1.3510887622833252
1365890043.430726,108.800003,1.321070671081543
1365890043.629133,111.200005,1.3484337329864502
1365890043.8335078,108.800003,1.3340790271759033
1365890044.0310352,108.800003,1.328547477722168
1365890044.2295423,111.200005,1.374589443206787
1365890044.434238,110.400002,1.3237543106079102
1365890044.6326313,110.400002,1.3297290802001953
1365890044.8292482,112.800003,1.3368518352508545
1365890045.0295148,110.400002,1.4169223308563232
1365890045.2290738,108.800003,1.3926196098327637
1365890045.429217,110.400002,1.3500292301177979
1365890045.6317713,108.800003,1.32737135887146
1365890045.8292935,110.400002,1.334010124206543
1365890046.0302186,110.400002,1.381239652633667
1365890046.2315454,108.800003,1.334059715270996
1365890046.4727492,107.200005,1.330507516860962
1365890046.648208,106.400002,1.3413641452789307
1365890046.830265,108.800003,1.4051704406738281
1365890047.0307162,108.800003,1.4437687397003174
1365890047.2477438,110.400002,1.3277692794799805
1365890047.4313564,111.200005,1.3485279083251953
1365890047.6319547,111.200005,1.3423752784729004
1365890047.8314736,110.400002,1.3376736640930176
1365890048.0315986,110.400002,1.3388018608093262
1365890048.231079,110.400002,1.3370249271392822
1365890048.431453,111.200005,1.3372583389282227
1365890048.632396,108.800003,1.323920726776123
1365890048.8318307,108.800003,1.327610969543457
1365890049.0368786,114.400002,1.336961030960083
1365890049.279229,108.800003,1.3584423065185547
1365890049.4304354,108.800003,1.3746466636657715
1365890049.631165,106.400002,1.4487595558166504
1365890049.8325973,107.200005,1.4498443603515625
1365890050.0316103,111.200005,1.3331060409545898
1365890050.235422,111.200005,1.3400781154632568
1365890050.4328682,110.400002,1.329759120941162
1365890050.6316295,112.800003,1.3212926387786865
1365890050.832519,110.400002,1.3287858963012695
1365890051.0318823,110.400002,1.325326919555664
1365890051.2324228,111.200005,1.3369896411895752
1365890051.4313402,111.200005,1.3225622177124023
1365890051.6340828,114.400002,1.3268399238586426
1365890051.8356788,114.400002,1.3269610404968262
1365890052.0327063,110.400002,1.3409638404846191
1365890052.2322598,106.400002,1.3271458148956299
1365890052.4551141,106.400002,1.3965859413146973
1365890052.6339805,108.800003,1.3506653308868408
1365890052.8385,112.800003,1.3768315315246582
1365890053.0337408,111.200005,1.3275201320648193
1365890053.2333534,110.400002,1.3356847763061523
1365890053.4328873,111.200005,1.3684766292572021
1365890053.6331818,111.200005,1.4032304286956787
1365890053.8326693,111.200005,1.3250787258148193
1365890054.0342546,110.400002,1.3277583122253418
1365890054.2349718,111.200005,1.3972954750061035
1365890054.433206,110.400002,1.3762717247009277
1365890054.6339612,107.200005,1.333174467086792
1365890054.834725,107.200005,1.3293471336364746
1365890055.0334258,108.800003,1.3346316814422607
1365890055.2338476,108.800003,1.3377394676208496
1365890055.4333375,108.800003,1.3384008407592773
1365890055.6338267,106.400002,1.3874518871307373
1365890055.8334446,108.800003,1.3217720985412598
1365890056.034445,106.400002,1.3303883075714111
1365890056.2333596,108.800003,1.333388090133667
1365890056.4338546,106.400002,1.3343839645385742
1365890056.634666,110.400002,1.336555004119873
1365890056.836595,111.200005,1.3370821475982666
1365890057.0352423,111.200005,1.3561620712280273
1365890057.2360425,112.800003,1.3501262664794922
1365890057.4359436,104.800003,1.341541051864624
1365890057.636864,110.400002,1.3373346328735352
1365890057.83611,106.400002,1.337341070175171
1365890058.0361645,106.400002,1.3355846405029297
1365890058.2380476,106.400002,1.340444803237915
1365890058.4372094,111.200005,1.4243013858795166
1365890058.638373,111.200005,1.3387603759765625
1365890058.840349,110.400002,1.323387622833252
1365890059.0383623,110.400002,1.3296992778778076
1365890059.238822,110.400002,1.3380422592163086
1365890059.4387753,110.400002,1.3373360633850098
1365890059.6388907,108.800003,1.3424549102783203
1365890059.8386457,108.800003,1.3401222229003906
1365890060.0457096,110.400002,1.3290808200836182
1365890060.239018,110.400002,1.3422062397003174
1365890060.4388876,108.800003,1.334406852722168
1365890060.6442435,110.400002,1.3373136520385742
1365890060.8453517,108.800003,1.3823697566986084
1365890061.0448534,107.200005,1.4258861541748047
1365890061.2395349,108.800003,1.4619715213775635
1365890061.444287,110.400002,1.3622372150421143
1365890061.6383295,110.400002,1.3281354904174805
1365890061.839221,110.400002,1.3468201160430908
1365890062.0383694,108.800003,1.332932710647583
1365890062.2437127,110.400002,1.3267714977264404
1365890062.4394455,110.400002,1.342773675918579
1365890062.6390169,111.200005,1.3358638286590576
