1365889756.592179,967.0731707317073,43.3,5.1180174350738525
1365889756.8527942,976.8292682926829,42.8,5.111292600631714
1365889757.109886,918.2926829268293,43.3,5.1172637939453125
1365889757.3706539,1010.9756097560976,42.8,5.1358911991119385
1365889757.651516,948.170731707317,42.8,5.11265230178833
1365889757.9086258,882.9268292682926,42.8,5.111292123794556
1365889758.16413,943.9024390243902,42.8,5.129209518432617
1365889758.4335759,925.0,42.8,5.109255313873291
1365889758.688799,805.4878048780488,42.8,5.119552850723267
1365889758.947457,884.1463414634146,43.3,5.1170103549957275
1365889759.20815,689.6341463414634,42.2,5.155007362365723
1365889759.485215,807.9268292682927,42.8,5.14658260345459
1365889759.738301,870.1219512195122,42.2,5.12365460395813
1365889759.99898,783.5365853658537,42.8,5.131168603897095
1365889760.2734442,931.0975609756098,42.8,5.116855621337891
1365889760.529227,1506.7073170731705,42.8,5.120169639587402
1365889760.786208,920.1219512195122,42.8,5.19921088218689
1365889761.049022,679.2682926829269,42.8,5.198386192321777
1365889761.325946,860.9756097560976,43.3,5.1160478591918945
1365889761.583915,924.3902439024391,42.2,5.141454696655273
1365889761.8464231,769.5121951219512,42.2,5.13766074180603
1365889762.125657,794.5121951219512,43.3,5.114241123199463
1365889762.383782,1120.121951219512,42.8,5.112334251403809
1365889762.6414049,950.0,42.8,5.135263442993164
1365889762.9105291,810.9756097560976,42.2,5.139981985092163
1365889763.187456,806.0975609756098,42.8,5.113853454589844
1365889763.443249,946.951219512195,42.2,5.122025966644287
1365889763.696874,736.5853658536586,42.2,5.152872085571289
1365889763.978413,773.1707317073171,42.8,5.1269659996032715
1365889764.236903,826.2195121951219,42.8,5.117567777633667
1365889764.49031,878.0487804878048,42.2,5.13884162902832
1365889764.76178,834.1463414634146,42.2,5.1444480419158936
1365889765.0194361,951.8292682926829,42.8,5.120398759841919
1365889765.276902,801.219512195122,42.8,5.442980766296387
1365889765.540542,739.0243902439024,42.2,5.401394844055176
1365889765.821268,831.0975609756097,42.8,5.157583713531494
1365889766.0753229,1162.8048780487804,42.8,5.124027490615845
1365889766.33022,835.3658536585366,42.8,5.135195732116699
1365889766.6043782,935.9756097560976,42.8,5.203975200653076
1365889766.864855,840.2439024390244,42.8,5.109487533569336
1365889767.120411,895.1219512195122,42.8,5.167088747024536
1365889767.380276,763.4146341463414,41.7,5.199433326721191
1365889767.657869,770.1219512195122,42.8,5.118741035461426
1365889767.911382,851.219512195122,42.2,5.12078332901001
1365889768.167965,918.9024390243903,42.2,5.205549001693726
1365889768.4400508,921.3414634146342,42.2,5.114161729812622
1365889768.694744,806.0975609756098,42.8,5.109285354614258
1365889768.950051,789.0243902439024,42.8,5.12105917930603
1365889769.2092092,732.3170731707316,42.2,5.148235082626343
1365889769.490133,783.5365853658537,42.8,5.169369220733643
1365889769.7431989,759.1463414634146,42.8,5.1143553256988525
1365889770.0002198,950.0,42.2,5.129000425338745
1365889770.268577,792.0731707317074,42.2,5.1342856884002686
1365889770.54416,773.1707317073171,42.8,5.115207195281982
1365889770.80101,934.1463414634147,42.2,5.114365100860596
1365889771.057055,733.5365853658536,42.2,5.140455484390259
1365889771.336921,943.9024390243902,42.8,5.11072301864624
1365889771.5937889,773.1707317073171,42.2,5.1660966873168945
1365889771.8504891,823.170731707317,42.8,5.144139528274536
1365889772.1257758,1142.0731707317073,42.8,5.11536431312561
1365889772.381719,794.5121951219512,43.3,5.13033127784729
1365889772.637461,931.0975609756098,42.2,5.127500295639038
1365889772.89975,735.3658536585366,41.7,5.14246392250061
1365889773.1749172,755.4878048780488,42.8,5.116991758346558
1365889773.432149,857.9268292682926,42.8,5.130516767501831
1365889773.688477,937.8048780487804,42.8,5.12879753112793
1365889773.963401,937.8048780487804,42.8,5.1161510944366455
1365889774.221406,810.9756097560976,43.3,5.118012189865112
1365889774.4747462,806.0975609756098,42.2,5.123081922531128
1365889774.737273,792.0731707317074,42.2,5.133694171905518
1365889775.016775,967.0731707317073,42.8,5.110968351364136
1365889775.2737741,984.7560975609756,42.2,5.111007452011108
1365889775.528769,765.2439024390244,42.2,5.13268256187439
1365889775.806606,857.3170731707316,42.8,5.1173975467681885
1365889776.064489,783.5365853658537,42.8,5.111297607421875
1365889776.319985,826.2195121951219,42.8,5.129786252975464
1365889776.587404,871.3414634146342,42.2,5.119507312774658
1365889776.84607,882.9268292682926,43.3,5.116357326507568
1365889777.10416,960.3658536585366,42.8,5.119985818862915
1365889777.365946,733.5365853658536,42.2,5.196514129638672
1365889777.64508,928.048780487805,42.8,5.361022233963013
1365889777.898561,1676.219512195122,42.8,5.130274295806885
1365889778.151468,1217.0731707317073,42.2,5.154241561889648
1365889778.4311712,764.0243902439024,42.8,5.182555198669434
1365889778.685615,814.0243902439024,42.8,5.161707878112793
1365889778.940076,882.9268292682926,42.8,5.144479513168335
1365889779.2122371,722.560975609756,42.2,5.1329450607299805
1365889779.488565,982.9268292682926,42.8,5.111101865768433
1365889779.744344,943.2926829268292,43.3,5.111230373382568
1365889780.001119,726.219512195122,42.2,5.144809722900391
1365889780.2800808,924.3902439024391,42.8,5.109459161758423
1365889780.535163,807.9268292682927,42.8,5.114629507064819
1365889780.7952461,764.0243902439024,42.2,5.1437084674835205
1365889781.074705,900.0,42.2,5.111061096191406
1365889781.331061,951.2195121951219,42.2,5.112878084182739
1365889781.589518,810.9756097560976,42.2,5.142120361328125
1365889781.877281,846.951219512195,42.8,5.108787298202515
1365889782.132054,868.9024390243902,43.3,5.222301959991455
1365889782.385687,965.2439024390244,42.2,5.137267827987671
1365889782.656605,935.9756097560976,42.2,5.136011838912964
1365889782.937829,828.0487804878048,42.8,5.116608142852783
1365889783.197071,971.3414634146342,42.8,5.118227481842041
1365889783.4547358,731.0975609756098,42.8,5.135220766067505
1365889783.7306721,990.2439024390244,42.2,5.118421792984009
1365889783.9873128,965.2439024390244,42.8,5.1921937465667725
1365889784.241015,801.219512195122,42.2,5.243183612823486
1365889784.517268,921.3414634146342,42.8,5.176746606826782
1365889784.772303,971.951219512195,42.8,5.122059345245361
1365889785.029647,984.7560975609756,42.2,5.128920555114746
1365889785.295396,752.439024390244,42.2,6.217337131500244
1365889785.573814,1039.0243902439024,42.2,5.951911687850952
1365889785.8294861,825.0,42.8,5.707104444503784
1365889786.086745,896.9512195121952,42.2,5.454355001449585
1365889786.36347,942.0731707317073,43.3,5.183336019515991
1365889786.620021,1154.8780487804877,42.8,5.1172285079956055
1365889786.8778088,798.1707317073171,42.8,5.140652418136597
1365889787.153624,890.8536585365854,42.8,5.112373352050781
1365889787.411411,789.0243902439024,43.3,5.115645408630371
1365889787.669803,885.9756097560976,42.2,5.136713743209839
1365889787.937952,596.3414634146342,42.2,5.135364294052124
1365889788.219124,973.780487804878,42.8,5.11744236946106
1365889788.47231,940.8536585365853,42.8,5.1236467361450195
1365889788.726028,738.4146341463414,42.2,5.139732599258423
1365889789.005749,1017.0731707317074,42.8,5.109936237335205
1365889789.262251,854.2682926829268,43.3,5.111570835113525
1365889789.51636,759.1463414634146,42.8,5.1315062046051025
1365889789.784867,813.4146341463414,42.8,5.130439758300781
1365889790.0415301,859.1463414634146,42.8,5.11758828163147
1365889790.298571,832.3170731707316,43.3,5.121732950210571
1365889790.557684,666.4634146341464,42.2,5.133543968200684
1365889790.835606,874.390243902439,42.8,5.112315893173218
1365889791.0909219,770.1219512195122,42.8,5.11943793296814
1365889791.34604,859.1463414634146,42.8,5.20444393157959
1365889791.6205251,1206.0975609756097,42.8,5.142469644546509
1365889791.88064,879.2682926829268,42.8,5.142220497131348
1365889792.13594,910.3658536585366,43.3,5.122794151306152
1365889792.398379,700.6097560975609,42.2,5.142582178115845
1365889792.675988,920.1219512195122,42.2,5.122426748275757
1365889792.929537,754.2682926829268,42.8,5.1229352951049805
1365889793.182528,739.0243902439024,42.2,5.15661096572876
1365889793.462805,888.4146341463414,42.8,5.121658086776733
1365889793.717781,932.3170731707318,42.8,5.119900941848755
1365889793.973461,928.048780487805,42.8,5.119802236557007
1365889794.239845,740.2439024390244,42.2,5.13917350769043
1365889794.5179598,896.9512195121952,42.2,5.117268800735474
1365889794.7713962,831.0975609756097,42.8,5.131544351577759
1365889795.028694,735.3658536585366,42.2,5.13674521446228
1365889795.30581,1771.341463414634,42.8,5.118760108947754
1365889795.560796,888.4146341463414,43.3,5.116168737411499
1365889795.8141088,1070.7317073170732,43.3,5.27171516418457
1365889796.0763829,742.0731707317074,42.2,5.143380641937256
1365889796.357384,926.219512195122,42.8,5.115023374557495
1365889796.613705,857.3170731707316,42.2,5.1104819774627686
1365889796.870522,738.4146341463414,42.8,5.134910345077515
1365889797.150601,874.390243902439,42.2,5.11545205116272
1365889797.409056,851.219512195122,42.2,5.109767198562622
1365889797.6647081,940.2439024390243,42.8,5.15771746635437
1365889797.938473,909.1463414634146,42.8,5.11245584487915
1365889798.193996,931.0975609756098,42.8,5.111518621444702
1365889798.448839,767.0731707317074,42.8,5.115542411804199
1365889798.707461,723.170731707317,42.8,5.1349310874938965
1365889798.9842439,854.2682926829268,43.3,5.112945318222046
1365889799.242087,1023.1707317073171,42.8,5.154881477355957
1365889799.496526,821.951219512195,42.8,5.131722927093506
1365889799.761986,737.1951219512194,42.8,5.138662338256836
1365889800.039636,778.048780487805,42.2,5.118560314178467
1365889800.2942588,857.9268292682926,43.3,5.111560583114624
1365889800.549477,810.3658536585366,43.3,5.140311241149902
1365889800.828078,939.0243902439024,42.8,5.119441986083984
1365889801.088338,763.4146341463414,42.8,5.116534233093262
1365889801.341999,920.1219512195122,42.2,5.159459352493286
1365889801.621293,942.0731707317073,42.8,5.20023250579834
1365889801.8791208,929.8780487804878,42.2,5.120279550552368
1365889802.133687,758.5365853658536,42.2,5.118104934692383
1365889802.395787,743.2926829268292,42.2,5.255397319793701
1365889802.6749718,810.9756097560976,42.2,5.121699571609497
1365889802.9311721,871.9512195121952,42.8,5.1306750774383545
1365889803.1850839,989.0243902439024,42.8,5.200570583343506
1365889803.460764,879.8780487804878,42.8,5.110001087188721
1365889803.717045,798.1707317073171,42.8,5.115129470825195
1365889803.972455,942.0731707317073,42.8,5.134326457977295
1365889804.241395,739.0243902439024,42.2,5.134424924850464
1365889804.518371,945.1219512195122,43.3,5.116076946258545
1365889804.77487,934.1463414634147,43.3,5.112347841262817
1365889805.0304132,1488.4146341463415,42.2,5.169092655181885
1365889805.310177,807.3170731707318,43.3,5.139583349227905
1365889805.5664,782.3170731707318,42.2,5.122668504714966
1365889805.8225422,879.8780487804878,42.2,5.165294885635376
1365889806.101226,816.4634146341463,42.8,5.122956037521362
1365889806.35657,795.1219512195122,43.3,5.114180088043213
1365889806.6155462,931.0975609756098,42.8,5.1319260597229
1365889806.892535,622.560975609756,42.2,5.130027532577515
1365889807.166035,777.439024390244,42.8,5.1140594482421875
1365889807.423502,781.0975609756098,42.8,5.113738298416138
1365889807.681348,688.4146341463414,42.2,5.140045404434204
1365889807.961916,967.0731707317073,42.2,5.139180898666382
1365889808.216852,766.4634146341464,43.3,5.134386301040649
1365889808.4709818,873.170731707317,42.2,5.143690586090088
1365889808.7492611,778.048780487805,42.8,5.111285448074341
1365889809.007052,829.2682926829268,42.8,5.122884273529053
1365889809.263515,819.5121951219512,42.8,5.133875608444214
1365889809.539747,1140.8536585365853,42.8,5.132283449172974
1365889809.7955909,849.390243902439,42.8,5.111665964126587
1365889810.053362,981.0975609756098,42.8,5.1254425048828125
1365889810.310949,720.1219512195122,42.8,5.192287445068359
1365889810.588214,848.170731707317,42.8,5.126766681671143
1365889810.843298,1717.0731707317073,42.2,5.117147445678711
1365889811.101516,932.9268292682927,42.8,5.138876914978027
1365889811.368907,739.0243902439024,42.2,5.129568815231323
1365889811.644991,976.219512195122,42.8,5.110044002532959
1365889811.9011142,940.8536585365853,42.2,5.11674952507019
1365889812.156276,679.2682926829269,42.2,5.143981456756592
1365889812.4384089,796.9512195121952,42.8,5.129790306091309
1365889812.694884,807.9268292682927,42.8,5.120078802108765
1365889812.9485319,860.9756097560976,42.8,5.131135702133179
1365889813.2206888,865.2439024390244,42.8,5.118985891342163
1365889813.476387,903.048780487805,42.8,5.1236348152160645
1365889813.729743,837.1951219512194,42.2,5.271838903427124
1365889813.987225,700.6097560975609,42.8,5.142987251281738
1365889814.274352,921.3414634146342,42.8,5.122779846191406
1365889814.527651,960.3658536585366,42.8,5.118359088897705
1365889814.783406,826.2195121951219,42.8,5.128050804138184
1365889815.0559611,945.1219512195122,42.2,5.11486554145813
1365889815.3106072,779.2682926829268,42.8,5.116925954818726
1365889815.563835,774.390243902439,43.3,5.119381666183472
1365889815.8217962,749.390243902439,42.2,5.1355016231536865
1365889816.104311,950.0,42.2,5.114904165267944
1365889816.359262,769.5121951219512,42.2,5.128705263137817
1365889816.613805,807.9268292682927,42.8,5.13584041595459
1365889816.8951092,946.951219512195,42.8,5.188134670257568
1365889817.150953,940.2439024390243,42.2,5.113525867462158
1365889817.406633,989.0243902439024,42.2,5.131304502487183
1365889817.6799428,968.2926829268292,43.3,5.117738485336304
1365889817.935519,1987.8048780487804,43.3,5.228539705276489
1365889818.194355,896.9512195121952,42.8,5.124067306518555
1365889818.465816,730.4878048780488,42.2,5.130764007568359
1365889818.7436569,838.4146341463414,42.8,5.110271692276001
1365889818.997813,809.1463414634147,42.8,5.113711357116699
1365889819.258305,736.5853658536586,43.3,5.145466327667236
1365889819.5367522,782.3170731707318,43.3,5.127545356750488
1365889819.7939909,857.3170731707316,42.8,5.116213321685791
1365889820.053168,870.1219512195122,42.2,5.135021924972534
1365889820.329555,915.2439024390244,42.8,5.109130620956421
1365889820.585163,982.3170731707316,43.3,5.1112024784088135
1365889820.842068,929.2682926829269,42.8,5.135103940963745
1365889821.111702,998.170731707317,42.2,5.173259735107422
1365889821.389206,857.3170731707316,43.3,5.158917665481567
1365889821.6458602,962.1951219512194,42.8,5.118041276931763
1365889821.907603,730.4878048780488,42.2,5.142899990081787
1365889822.189121,795.1219512195122,42.8,5.110072135925293
1365889822.4466171,945.1219512195122,43.3,5.11944580078125
1365889822.700472,940.2439024390243,42.8,5.146695375442505
1365889822.977081,776.219512195122,42.8,5.112978458404541
1365889823.2328498,921.9512195121952,43.3,5.134396314620972
1365889823.489368,943.9024390243902,42.8,5.143120527267456
1365889823.757706,636.5853658536586,42.8,5.128713607788086
1365889824.031965,907.3170731707318,42.2,5.155292510986328
1365889824.285516,1234.7560975609756,42.8,5.123535633087158
1365889824.539561,739.0243902439024,42.8,5.13955283164978
1365889824.822931,915.8536585365854,42.8,5.117441415786743
1365889825.078937,835.9756097560976,42.8,5.111100673675537
1365889825.333558,943.9024390243902,43.3,5.125153303146362
1365889825.605673,760.3658536585366,42.8,5.117595195770264
1365889825.8608809,841.4634146341463,42.8,5.117633581161499
1365889826.121296,946.951219512195,42.8,5.131327867507935
1365889826.389667,742.0731707317074,42.2,5.128881931304932
1365889826.663096,757.3170731707318,42.8,5.116640090942383
1365889826.922431,907.9268292682927,42.8,5.128639221191406
1365889827.175943,1627.439024390244,42.8,5.14958381652832
1365889827.44765,771.3414634146342,42.2,5.151161432266235
1365889827.7057998,925.0,42.2,5.12950587272644
1365889827.9628391,801.219512195122,43.3,5.118118524551392
1365889828.22827,627.439024390244,42.2,5.40156364440918
1365889828.5033522,898.1707317073171,42.2,5.13319993019104
1365889828.75901,839.0243902439024,42.8,5.130340099334717
1365889829.0157561,772.5609756097562,42.2,5.134377479553223
1365889829.2879722,729.2682926829268,42.2,5.133966684341431
1365889829.561724,942.0731707317073,42.8,5.111374855041504
1365889829.8193228,1017.0731707317074,42.8,5.116312265396118
1365889830.076405,705.4878048780488,42.8,5.137795448303223
1365889830.351232,773.1707317073171,42.8,5.118940830230713
1365889830.604712,896.3414634146342,42.8,5.11612606048584
1365889830.862956,765.2439024390244,42.8,5.127544641494751
1365889831.1364522,901.219512195122,42.8,5.111334800720215
1365889831.3918002,914.0243902439024,42.8,5.139936685562134
1365889831.6494331,901.219512195122,42.8,5.281241178512573
1365889831.914824,729.2682926829268,42.8,5.221809148788452
1365889832.190874,765.2439024390244,42.8,5.177786827087402
1365889832.446211,821.951219512195,42.8,5.109235525131226
1365889832.702744,864.0243902439024,42.8,5.124701499938965
1365889832.973889,737.1951219512194,42.2,5.136277914047241
1365889833.2491121,921.3414634146342,42.8,5.296030044555664
1365889833.5045881,796.9512195121952,42.8,5.122366428375244
1365889833.759382,642.6829268292684,42.8,5.15242075920105
1365889834.039872,943.2926829268292,42.8,5.111231088638306
1365889834.296515,877.439024390244,42.8,5.112832069396973
1365889834.551999,774.390243902439,43.3,5.130570650100708
1365889834.825674,909.1463414634146,43.3,5.114471912384033
1365889835.081121,876.219512195122,42.8,5.1167356967926025
1365889835.334711,788.4146341463415,43.3,5.123260974884033
1365889835.5941901,725.0,42.2,5.1379523277282715
1365889835.876889,878.0487804878048,43.3,5.221428155899048
1365889836.1360729,942.0731707317073,42.2,5.113954305648804
1365889836.390653,826.2195121951219,42.8,5.1685569286346436
1365889836.659389,710.3658536585366,42.2,5.136152029037476
1365889836.9400609,912.1951219512196,42.8,5.113474607467651
1365889837.197392,852.4390243902438,42.8,5.161739826202393
1365889837.453438,821.3414634146341,42.8,5.216763973236084
1365889837.724695,982.3170731707316,42.8,5.31721305847168
1365889837.979172,899.390243902439,43.3,5.133432388305664
1365889838.240505,806.0975609756098,42.2,5.193589448928833
1365889838.50608,718.2926829268292,42.2,5.154812812805176
1365889838.780837,906.0975609756098,43.3,5.132108211517334
1365889839.036247,937.1951219512194,42.8,5.112832069396973
1365889839.292541,863.4146341463414,42.2,5.12865138053894
1365889839.559315,725.0,42.8,5.136747360229492
1365889839.831159,981.0975609756098,42.8,5.114994049072266
1365889840.08549,777.439024390244,43.3,5.113078832626343
1365889840.33972,734.1463414634146,42.8,5.138381719589233
1365889840.614816,795.1219512195122,43.3,5.1152732372283936
1365889840.870431,898.1707317073171,42.8,5.218656063079834
1365889841.126739,820.1219512195122,42.8,5.13191819190979
1365889841.405169,921.9512195121952,42.8,5.111948013305664
1365889841.6595001,943.2926829268292,43.3,5.140489816665649
1365889841.915206,865.2439024390244,43.3,5.126691102981567
1365889842.179654,717.0731707317073,42.8,5.309833288192749
1365889842.4556391,801.219512195122,43.3,5.1197497844696045
1365889842.711589,907.3170731707318,43.3,5.116062641143799
1365889842.965062,775.0,42.8,5.1339640617370605
1365889843.241194,769.5121951219512,42.8,5.1168904304504395
1365889843.495904,925.0,42.8,5.118102312088013
1365889843.751727,819.5121951219512,43.3,5.132806062698364
1365889844.01646,618.2926829268292,42.2,5.182188272476196
1365889844.294731,937.1951219512194,42.8,5.121513366699219
1365889844.550512,783.5365853658537,43.3,5.1119866371154785
1365889844.805832,792.0731707317074,42.8,5.127863645553589
1365889845.080658,1056.7073170731708,42.8,5.116430759429932
1365889845.338856,918.9024390243903,42.8,5.120162010192871
1365889845.59434,945.1219512195122,42.8,5.185708045959473
1365889845.856798,730.4878048780488,42.2,5.141367197036743
1365889846.135502,943.9024390243902,42.2,5.1122353076934814
1365889846.3935628,759.1463414634146,42.8,5.112716913223267
1365889846.650238,695.1219512195122,42.8,5.138736009597778
1365889846.935921,788.4146341463415,42.8,5.112336158752441
1365889847.1916,929.8780487804878,42.2,5.276435136795044
1365889847.4478679,1092.6829268292684,42.8,5.127156972885132
1365889847.718358,1067.6829268292684,43.3,5.134286642074585
1365889847.9738371,837.1951219512194,42.8,5.108582258224487
1365889848.22969,888.4146341463414,43.3,5.127621173858643
1365889848.487583,745.1219512195122,42.8,5.1352293491363525
1365889848.7673001,920.1219512195122,42.2,5.112144947052002
1365889849.025663,809.1463414634147,42.2,5.112553119659424
1365889849.283488,940.8536585365853,43.3,5.125802278518677
1365889849.555742,770.1219512195122,43.3,5.142563819885254
1365889849.810912,839.0243902439024,42.8,5.111554384231567
1365889850.068599,796.3414634146342,42.8,5.116753578186035
1365889850.3323698,743.2926829268292,42.2,5.13971734046936
1365889850.6155362,849.390243902439,42.8,5.112395763397217
1365889850.8724859,864.0243902439024,42.8,5.115068674087524
1365889851.133215,750.0,42.8,5.136221170425415
1365889851.413366,943.9024390243902,43.3,5.11149001121521
1365889851.669575,839.0243902439024,42.8,5.123836040496826
1365889851.927521,940.8536585365853,42.2,5.1320250034332275
1365889852.2049909,789.0243902439024,42.8,5.11512303352356
1365889852.461804,885.9756097560976,42.8,5.113771915435791
1365889852.720356,821.951219512195,43.3,5.11722469329834
1365889852.983,749.390243902439,42.2,5.1640496253967285
1365889853.259509,965.2439024390244,42.8,5.111061096191406
1365889853.5165088,818.2926829268292,42.8,5.113038778305054
1365889853.776118,870.1219512195122,43.3,5.132145881652832
1365889854.052825,915.2439024390244,43.3,5.125160455703735
1365889854.309346,954.2682926829268,43.3,5.112086057662964
1365889854.567225,854.8780487804878,42.8,5.135099411010742
1365889854.83543,721.3414634146342,42.2,5.135030746459961
1365889855.1180642,956.0975609756097,42.8,5.126417398452759
1365889855.373309,964.0243902439024,43.3,5.112834692001343
1365889855.633142,973.780487804878,43.3,5.140648365020752
1365889855.907924,937.8048780487804,42.8,5.1221301555633545
1365889856.164007,832.9268292682926,42.8,5.109156131744385
1365889856.4207602,946.3414634146341,42.8,5.1229259967803955
1365889856.690306,801.219512195122,42.2,5.147785902023315
1365889856.97129,801.219512195122,43.3,5.119380235671997
1365889857.224801,915.2439024390244,42.8,5.113707542419434
1365889857.48526,720.1219512195122,42.2,5.13981032371521
1365889857.7640388,917.0731707317074,42.8,5.116912603378296
1365889858.019309,943.2926829268292,42.8,5.110288619995117
1365889858.275915,745.1219512195122,42.8,5.140886068344116
1365889858.5542479,840.2439024390244,43.3,5.1303558349609375
1365889858.809551,854.8780487804878,43.3,5.115139961242676
1365889859.0679832,937.1951219512194,42.8,5.129817008972168
1365889859.334343,730.4878048780488,42.8,5.141257286071777
1365889859.611659,816.4634146341463,42.2,5.110170125961304
1365889859.86713,773.1707317073171,43.3,5.113198757171631
1365889860.124258,1791.4634146341464,42.8,5.1366283893585205
1365889860.3992882,868.2926829268292,43.3,5.11560845375061
1365889860.652288,926.829268292683,43.3,5.110053062438965
1365889860.9078789,871.3414634146342,42.8,5.124635934829712
1365889861.174758,644.5121951219512,42.2,5.137822866439819
1365889861.449306,995.1219512195122,42.8,5.111866474151611
1365889861.7073128,939.0243902439024,42.8,5.112318277359009
1365889861.964361,723.170731707317,43.3,5.132137298583984
1365889862.240623,846.3414634146342,42.8,5.140193939208984
1365889862.497935,962.8048780487804,43.3,5.154240131378174
1365889862.752584,913.4146341463415,42.8,5.16488242149353
1365889863.02047,747.560975609756,42.8,5.351859092712402
1365889863.2955232,764.0243902439024,42.8,5.1516313552856445
1365889863.55377,1003.0487804878047,43.3,5.128922462463379
1365889863.810355,756.0975609756098,42.2,5.1369993686676025
1365889864.089008,885.9756097560976,43.3,5.117478370666504
1365889864.344181,756.0975609756098,42.8,5.1260998249053955
1365889864.5973198,1798.170731707317,42.8,5.2369115352630615
1365889864.8680232,946.951219512195,43.3,5.1946799755096436
1365889865.124665,843.9024390243902,43.3,5.107957363128662
1365889865.379992,820.1219512195122,43.3,5.11958646774292
1365889865.637475,700.6097560975609,42.8,5.1368443965911865
1365889865.916076,942.0731707317073,42.2,5.111358404159546
1365889866.1745331,893.2926829268292,42.8,5.109245538711548
1365889866.429756,843.2926829268292,42.8,5.123593091964722
1365889866.6961532,630.4878048780488,42.8,5.135270118713379
1365889866.97925,801.219512195122,42.2,5.107388496398926
1365889867.23441,863.4146341463414,42.8,5.117254018783569
1365889867.49256,887.1951219512196,42.8,5.131657838821411
1365889867.761374,739.0243902439024,42.2,5.140476703643799
1365889868.03632,1007.9268292682925,43.3,5.11325478553772
1365889868.294316,773.1707317073171,43.3,5.120733737945557
1365889868.5503821,744.5121951219512,42.8,5.3006367683410645
1365889868.825185,935.9756097560976,42.8,5.12837815284729
1365889869.0793731,957.3170731707316,42.8,5.1787168979644775
1365889869.3354502,825.0,42.8,5.130017280578613
1365889869.606045,821.3414634146341,42.8,5.1170125007629395
1365889869.859369,884.1463414634146,43.3,5.109548807144165
1365889870.116238,896.9512195121952,43.3,5.118717908859253
1365889870.3754911,674.3902439024391,42.2,5.13039231300354
1365889870.6516008,907.9268292682927,42.8,5.138470411300659
1365889870.907583,782.3170731707318,43.3,5.173384189605713
1365889871.1628091,950.0,42.8,5.129582643508911
1365889871.433745,795.1219512195122,42.8,5.110402584075928
1365889871.688545,921.9512195121952,42.8,5.374787330627441
1365889871.943886,937.8048780487804,42.8,5.124908208847046
1365889872.201152,684.1463414634147,42.8,5.176452875137329
1365889872.4796748,910.9756097560976,42.8,5.119521617889404
1365889872.73398,890.2439024390244,43.3,5.114590167999268
1365889872.995786,929.2682926829269,42.8,5.119247198104858
1365889873.258805,731.0975609756098,42.8,5.238601922988892
1365889873.538939,1912.1951219512193,42.8,5.1124303340911865
1365889873.7925088,807.3170731707318,43.3,5.108128070831299
1365889874.047509,633.5365853658536,42.2,5.137063026428223
1365889874.324887,976.219512195122,43.3,5.112836837768555
1365889874.58197,890.2439024390244,43.3,5.155627012252808
1365889874.836701,948.170731707317,42.8,5.141265869140625
1365889875.1135201,987.1951219512194,43.3,5.115222215652466
1365889875.368138,876.219512195122,42.8,5.117209434509277
1365889875.621571,777.439024390244,42.8,5.1183764934539795
1365889875.88738,879.8780487804878,42.2,5.172094345092773
1365889876.167532,914.0243902439024,42.2,5.137866497039795
1365889876.421725,1043.2926829268292,43.3,5.211950063705444
1365889876.678116,821.3414634146341,42.8,5.379551410675049
1365889876.95505,785.3658536585366,42.2,5.14192533493042
1365889877.209273,767.0731707317074,42.8,5.112913370132446
1365889877.46417,828.0487804878048,43.3,5.173853874206543
1365889877.72766,744.5121951219512,42.8,5.146697759628296
1365889878.0070558,831.0975609756097,43.3,5.176335334777832
1365889878.261499,1139.6341463414635,42.8,5.164978981018066
1365889878.517042,935.9756097560976,42.8,5.133118629455566
1365889878.793601,773.1707317073171,42.8,5.115101099014282
1365889879.046916,788.4146341463415,43.3,5.109501123428345
1365889879.300021,1015.2439024390243,42.8,5.201932430267334
1365889879.564505,624.390243902439,42.2,5.136333465576172
1365889879.839054,775.0,42.8,5.10894250869751
1365889880.095573,810.3658536585366,42.8,5.1090309619903564
1365889880.348928,853.0487804878048,42.8,5.124114036560059
1365889880.620534,849.390243902439,43.3,5.118024826049805
1365889880.8760982,929.2682926829269,43.3,5.117290019989014
1365889881.131915,791.4634146341464,42.8,5.1234307289123535
1365889881.3950238,743.2926829268292,42.8,5.137511253356934
1365889881.6745632,838.4146341463414,43.3,5.112396240234375
1365889881.9303029,937.1951219512194,43.3,5.10725474357605
1365889882.185415,859.1463414634146,43.3,5.158674240112305
1365889882.459981,968.2926829268292,43.3,5.126382827758789
1365889882.716546,1675.6097560975609,42.8,5.2684502601623535
1365889882.971838,768.2926829268292,42.8,5.205962657928467
1365889883.239805,730.4878048780488,42.8,5.196918487548828
1365889883.5172548,781.0975609756098,42.8,5.121554851531982
1365889883.771456,835.3658536585366,43.3,5.1424477100372314
1365889884.024758,760.9756097560976,42.8,5.212980031967163
1365889884.3025112,913.4146341463415,43.3,5.117096185684204
1365889884.5566778,939.0243902439024,42.8,5.116641044616699
1365889884.810828,893.9024390243902,42.8,5.118389844894409
1365889885.0754392,737.1951219512194,42.8,5.1391332149505615
1365889885.352011,943.9024390243902,42.8,5.11067795753479
1365889885.606482,925.0,42.2,5.1836254596710205
1365889885.8614862,879.2682926829268,42.8,5.220502614974976
1365889886.1381419,846.951219512195,43.3,5.108268976211548
1365889886.394279,935.9756097560976,43.3,5.1166908740997314
1365889886.6473868,934.1463414634147,42.8,5.1268393993377686
1365889886.9163399,803.048780487805,42.8,5.158553600311279
1365889887.1700008,889.0243902439024,42.8,5.121796369552612
1365889887.422936,1164.6341463414633,43.3,5.315203428268433
1365889887.676258,1350.0,42.8,5.143688201904297
1365889887.9577181,664.6341463414634,42.8,5.169953346252441
1365889888.2320309,1004.8780487804878,42.8,5.1301023960113525
1365889888.489578,943.9024390243902,43.3,5.14652419090271
1365889888.743922,735.3658536585366,43.3,5.161336660385132
1365889889.025198,932.3170731707318,42.8,5.116498708724976
1365889889.282294,857.3170731707316,43.3,5.119356870651245
1365889889.5400221,914.0243902439024,42.8,5.145852327346802
1365889889.8170612,1766.4634146341461,43.3,5.123666763305664
1365889890.071536,957.3170731707316,43.3,5.113560199737549
1365889890.3314571,970.1219512195122,43.3,5.140864133834839
1365889890.606922,809.1463414634147,43.3,5.109567642211914
1365889890.8631392,778.048780487805,42.8,5.112438201904297
1365889891.122613,851.219512195122,42.8,5.141124963760376
1365889891.385204,653.6585365853658,42.2,5.158186674118042
1365889891.6599329,812.1951219512194,43.3,5.236316919326782
1365889891.915828,899.390243902439,43.3,5.158652305603027
1365889892.17451,890.2439024390244,42.8,5.1283111572265625
1365889892.439507,736.5853658536586,42.8,5.153377056121826
1365889892.718855,907.9268292682927,43.3,5.114807367324829
1365889892.979284,870.1219512195122,42.8,5.110236644744873
1365889893.2361941,729.2682926829268,42.8,5.3399553298950195
1365889893.520659,1073.780487804878,43.3,5.127424716949463
1365889893.7765539,780.4878048780488,43.3,5.1169445514678955
1365889894.0322938,766.4634146341464,42.8,5.159311532974243
1365889894.314972,1655.4878048780488,42.8,5.111497640609741
1365889894.573716,932.3170731707318,43.3,5.116076946258545
1365889894.83074,748.170731707317,42.8,5.18228554725647
1365889895.130454,789.0243902439024,43.3,5.1167731285095215
1365889895.38573,831.0975609756097,43.3,5.115939617156982
1365889895.639325,819.5121951219512,42.8,5.139951467514038
1365889895.9195552,1253.0487804878048,43.3,5.144270420074463
1365889896.178755,982.9268292682926,43.3,5.111308336257935
1365889896.437539,871.3414634146342,43.3,5.134672403335571
1365889896.708261,816.4634146341463,43.3,5.121360540390015
1365889896.966868,817.0731707317073,43.3,5.11542534828186
1365889897.224916,896.3414634146342,43.3,5.118196487426758
1365889897.484875,728.0487804878048,42.8,5.1967010498046875
1365889897.762864,907.9268292682927,42.8,5.111810684204102
1365889898.0222049,959.1463414634146,42.8,5.166736364364624
1365889898.27825,1103.658536585366,43.3,5.140668153762817
1365889898.552305,737.1951219512194,42.8,5.1329755783081055
1365889898.832729,1806.09756097561,43.3,5.108862638473511
1365889899.090163,831.0975609756097,43.3,5.332058429718018
1365889899.347574,744.5121951219512,43.3,5.146321058273315
1365889899.625809,877.439024390244,43.3,5.137908935546875
1365889899.880276,815.2439024390243,43.3,5.1383960247039795
1365889900.1380868,803.048780487805,43.3,5.13229775428772
1365889900.418754,937.8048780487804,43.3,5.123610973358154
1365889900.675165,929.8780487804878,42.2,5.112874269485474
1365889900.9300401,791.4634146341464,43.3,5.2521398067474365
1365889901.198081,733.5365853658536,42.8,5.190392017364502
1365889901.4745111,821.3414634146341,42.8,5.11653208732605
1365889901.732387,904.2682926829268,42.8,5.1104419231414795
1365889901.9909608,690.2439024390243,42.8,5.145079851150513
1365889902.268044,965.2439024390244,42.8,5.115955829620361
1365889902.5297458,962.1951219512194,43.3,5.111865043640137
1365889902.787045,731.0975609756098,43.3,5.140474081039429
1365889903.067991,918.2926829268293,43.3,5.111149311065674
1365889903.32595,857.3170731707316,43.3,5.108644485473633
1365889903.58075,851.219512195122,42.8,5.133914947509766
1365889903.853573,860.9756097560976,42.8,5.40850830078125
1365889904.110007,1582.3170731707316,43.3,5.29220724105835
1365889904.365095,782.3170731707318,43.3,5.223558187484741
1365889904.6258051,737.1951219512194,42.8,5.14978551864624
1365889904.9007418,863.4146341463414,43.3,5.111652851104736
1365889905.1582851,968.2926829268292,43.3,5.182904005050659
1365889905.4121118,976.219512195122,43.3,5.12470006942749
1365889905.6824589,910.3658536585366,43.3,5.110811948776245
1365889905.939439,846.951219512195,43.3,5.114466190338135
1365889906.1983,772.5609756097562,43.3,5.140549898147583
1365889906.4628491,629.2682926829268,42.2,5.1474010944366455
1365889906.745444,940.8536585365853,42.8,5.113364219665527
1365889907.000984,1131.7073170731705,43.3,5.184148073196411
1365889907.254057,929.8780487804878,42.2,5.134615421295166
1365889907.5324469,968.9024390243902,43.3,5.117708444595337
1365889907.7908108,1173.170731707317,43.3,5.108616590499878
1365889908.046201,940.8536585365853,43.3,5.1221089363098145
1365889908.3086011,725.0,42.2,5.133409261703491
1365889908.586659,809.1463414634147,42.8,5.128210783004761
1365889908.8409212,824.390243902439,43.3,5.162277698516846
1365889909.098426,832.3170731707316,42.8,5.243879079818726
1365889909.368271,750.0,43.3,5.13628363609314
1365889909.643958,814.0243902439024,42.8,5.109591007232666
1365889909.900096,943.9024390243902,42.8,5.172833681106567
1365889910.153561,745.1219512195122,43.3,5.168960332870483
1365889910.4303071,940.2439024390243,42.8,5.360342025756836
1365889910.68469,1000.0,43.3,5.126418590545654
1365889910.9412339,921.9512195121952,42.2,5.120919227600098
1365889911.209839,737.1951219512194,42.8,5.136655330657959
1365889911.4850729,792.0731707317074,42.8,5.112969875335693
1365889911.740095,854.8780487804878,42.8,5.1173930168151855
1365889911.996161,945.1219512195122,42.8,5.139394760131836
1365889912.2673988,773.1707317073171,42.8,5.111801862716675
1365889912.5240152,828.0487804878048,43.3,5.108880043029785
1365889912.7803981,943.9024390243902,43.3,5.117444753646851
1365889913.045393,751.219512195122,42.2,5.1411871910095215
1365889913.324963,846.3414634146342,43.3,5.203583478927612
1365889913.580585,998.780487804878,42.8,5.130340337753296
1365889913.83724,741.4634146341464,42.8,5.19527530670166
1365889914.118293,863.4146341463414,43.3,5.148857593536377
1365889914.373117,854.2682926829268,42.8,5.116676330566406
1365889914.627166,940.8536585365853,42.8,5.124685049057007
1365889914.89854,1048.170731707317,43.3,5.116701364517212
1365889915.15385,854.2682926829268,43.3,5.128421068191528
1365889915.408027,818.2926829268292,43.3,5.120375394821167
1365889915.664971,733.5365853658536,43.3,5.129837512969971
1365889915.940285,772.5609756097562,43.3,5.112947225570679
1365889916.196618,824.390243902439,43.3,5.114200115203857
1365889916.4498718,732.3170731707316,43.3,5.128310441970825
1365889916.726588,932.9268292682927,42.8,5.1092000007629395
1365889916.980633,888.4146341463414,43.3,5.144080400466919
1365889917.2378051,739.0243902439024,42.2,5.133303165435791
1365889917.516758,882.3170731707318,43.3,5.113164901733398
1365889917.772237,973.780487804878,43.3,5.111475706100464
1365889918.0289621,785.3658536585366,42.8,5.151001930236816
1365889918.303369,935.3658536585366,42.8,5.109719514846802
1365889918.5596218,921.9512195121952,42.8,5.109333276748657
1365889918.8144782,791.4634146341464,43.3,5.115055084228516
1365889919.076277,739.0243902439024,42.8,5.19056248664856
1365889919.358458,1244.5121951219514,42.8,5.11542534828186
1365889919.613227,765.2439024390244,43.3,5.114771127700806
1365889919.8665211,804.2682926829269,42.8,5.174353361129761
1365889920.1427772,960.9756097560976,42.8,5.115582704544067
1365889920.396609,820.1219512195122,43.3,5.114516973495483
1365889920.650111,996.9512195121952,43.3,5.142553806304932
1365889920.911896,708.5365853658536,42.2,5.143469572067261
1365889921.19222,798.1707317073171,43.3,5.112582683563232
1365889921.446872,1007.9268292682925,43.3,5.11112904548645
1365889921.70097,853.0487804878048,42.8,5.165335655212402
1365889921.978397,950.0,43.3,5.1382904052734375
1365889922.2366972,839.0243902439024,42.8,5.213797092437744
1365889922.4899101,832.9268292682926,43.3,5.20053768157959
1365889922.760245,765.2439024390244,43.3,5.122155666351318
1365889923.017005,863.4146341463414,43.3,5.121759653091431
1365889923.271303,864.0243902439024,43.3,5.319745063781738
1365889923.5304801,750.0,42.8,5.218459129333496
1365889923.810094,803.048780487805,42.8,5.108271598815918
1365889924.0656698,877.439024390244,42.8,5.121523857116699
1365889924.3236978,875.0,42.8,5.127640962600708
1365889924.599422,932.3170731707318,43.3,5.13580846786499
1365889924.852415,918.9024390243903,43.3,5.135281562805176
1365889925.106813,1017.0731707317074,43.3,5.1220543384552
1365889925.368093,736.5853658536586,42.2,5.137834548950195
1365889925.650951,809.1463414634147,43.3,5.126882076263428
1365889925.905449,890.8536585365854,42.8,5.113083600997925
1365889926.161061,935.9756097560976,43.3,5.127000570297241
1365889926.4349701,924.3902439024391,43.3,5.107815504074097
1365889926.691231,1173.170731707317,43.3,5.145674705505371
1365889926.945099,770.1219512195122,42.8,5.118396520614624
1365889927.2076201,1231.7073170731708,42.2,5.136266231536865
1365889927.489538,863.4146341463414,43.3,5.158612012863159
1365889927.74581,796.9512195121952,43.3,5.211565971374512
1365889927.999094,773.1707317073171,42.8,5.127622127532959
1365889928.2737348,879.2682926829268,43.3,5.11082911491394
1365889928.529829,982.3170731707316,42.8,5.115695238113403
1365889928.7877948,842.0731707317073,42.8,5.113117218017578
1365889929.048825,731.0975609756098,42.2,5.162051677703857
1365889929.327504,957.3170731707316,43.3,5.123454332351685
1365889929.584446,807.9268292682927,43.3,5.109035491943359
1365889929.83835,937.8048780487804,42.8,5.12088680267334
1365889930.104308,671.3414634146342,42.2,5.171797752380371
1365889930.3824089,909.1463414634146,43.3,5.107944488525391
1365889930.6384609,827.4390243902438,43.3,5.119870185852051
1365889930.893728,737.1951219512194,42.2,5.136760473251343
1365889931.1737092,917.0731707317074,43.3,5.107290983200073
1365889931.428113,925.0,43.3,5.108058452606201
1365889931.6836202,902.439024390244,42.8,5.132627487182617
1365889931.9590552,801.219512195122,43.3,5.1060686111450195
1365889932.213724,943.2926829268292,42.8,5.1149001121521
1365889932.4671202,895.1219512195122,43.3,5.120138883590698
1365889932.7347531,730.4878048780488,42.2,5.126983404159546
1365889933.01054,881.0975609756098,43.3,5.114109516143799
1365889933.267277,762.1951219512196,43.3,5.1728386878967285
1365889933.5222578,827.4390243902438,43.3,5.136188268661499
1365889933.80339,876.219512195122,43.3,5.114217758178711
1365889934.0632179,923.1707317073171,43.3,5.109773874282837
1365889934.320158,829.2682926829268,42.8,5.131438732147217
1365889934.599587,789.0243902439024,43.3,5.11179256439209
1365889934.8561091,780.4878048780488,43.3,5.10961389541626
1365889935.115425,867.0731707317074,43.3,5.159154176712036
1365889935.3878279,898.1707317073171,42.2,5.130492448806763
1365889935.642565,817.0731707317073,43.3,5.112690210342407
1365889935.899879,939.0243902439024,43.3,5.116741895675659
1365889936.163608,651.219512195122,42.2,5.1352691650390625
1365889936.4406998,856.0975609756098,42.8,5.1231889724731445
1365889936.699151,813.4146341463414,42.8,5.111242771148682
1365889936.957479,823.170731707317,43.3,5.136906385421753
1365889937.228617,680.4878048780488,42.2,5.128481149673462
1365889937.505636,857.3170731707316,42.8,5.1099700927734375
1365889937.7622468,949.390243902439,43.3,5.113971471786499
1365889938.018838,931.0975609756098,43.3,5.138525485992432
1365889938.29582,1023.7804878048779,42.8,5.116421461105347
1365889938.551853,823.170731707317,43.3,5.114035367965698
1365889938.807442,867.0731707317074,43.3,5.125093936920166
1365889939.080252,736.5853658536586,42.8,5.131834506988525
1365889939.357603,935.9756097560976,42.8,5.111218214035034
1365889939.6143842,830.4878048780488,43.3,5.220926523208618
1365889939.8683038,735.3658536585366,42.8,5.329326629638672
1365889940.145958,775.0,42.8,5.177074432373047
1365889940.398881,1051.8292682926829,43.3,5.109576940536499
1365889940.6565278,818.2926829268292,42.8,5.136921405792236
1365889940.931394,885.3658536585366,43.3,5.112776041030884
1365889941.185146,885.3658536585366,43.3,5.106945037841797
1365889941.440416,849.390243902439,43.3,5.115824460983276
1365889941.6983428,738.4146341463414,42.8,5.207254648208618
1365889941.9774232,1092.6829268292684,42.8,5.112337112426758
1365889942.232832,937.1951219512194,42.8,5.113983869552612
1365889942.486251,899.390243902439,43.3,5.126690864562988
1365889942.761112,739.0243902439024,42.2,5.15119194984436
1365889943.0401971,928.048780487805,43.3,5.10814356803894
1365889943.294595,924.3902439024391,42.8,5.113678693771362
1365889943.551481,739.0243902439024,42.8,5.134439945220947
1365889943.8287082,951.2195121951219,43.3,5.116116762161255
1365889944.087626,882.9268292682926,43.3,5.117306709289551
1365889944.3438358,767.0731707317074,42.8,5.124175071716309
1365889944.615998,935.3658536585366,43.3,5.1280317306518555
1365889944.871088,866.4634146341464,43.3,5.1112895011901855
1365889945.126344,820.1219512195122,43.3,5.129595041275024
1365889945.392736,849.390243902439,42.8,5.137463808059692
1365889945.66912,900.0,43.3,5.119624376296997
1365889945.9223008,951.8292682926829,43.3,5.1675121784210205
1365889946.179678,729.2682926829268,42.2,5.1415581703186035
1365889946.460759,823.170731707317,43.3,5.302491664886475
1365889946.715644,939.0243902439024,43.3,5.213533163070679
1365889946.9707189,943.2926829268292,43.3,5.17389440536499
1365889947.245165,758.5365853658536,43.3,5.12289023399353
1365889947.506048,777.439024390244,43.3,5.110547065734863
1365889947.763893,893.2926829268292,43.3,5.11857008934021
1365889948.028712,731.0975609756098,42.2,5.139109373092651
1365889948.312164,1018.9024390243901,43.3,5.137381553649902
1365889948.566417,915.8536585365854,43.3,5.108400344848633
1365889948.823423,892.0731707317074,43.3,5.147271156311035
1365889949.101088,823.170731707317,43.3,5.126205921173096
1365889949.3606021,882.9268292682926,43.3,5.325055360794067
1365889949.61685,943.2926829268292,42.8,5.124024391174316
1365889949.889599,728.0487804878048,42.8,5.224417686462402
1365889950.168129,899.390243902439,42.8,5.11121392250061
1365889950.42623,885.9756097560976,43.3,5.112679958343506
1365889950.681912,740.2439024390244,43.3,5.1357221603393555
1365889950.9648042,785.3658536585366,42.8,5.1100523471832275
1365889951.220609,892.0731707317074,43.3,5.107525110244751
1365889951.476869,1225.0,42.8,5.213880300521851
1365889951.752814,809.1463414634147,43.3,5.110231637954712
1365889952.0105019,851.219512195122,43.3,5.116358518600464
1365889952.26654,832.9268292682926,43.3,5.145435810089111
1365889952.5291252,728.0487804878048,42.8,5.141455888748169
1365889952.806401,962.8048780487804,43.3,5.133715629577637
1365889953.062517,949.390243902439,43.9,5.114859580993652
1365889953.316861,931.0975609756098,42.2,5.334553241729736
1365889953.592041,863.4146341463414,43.3,5.1264567375183105
1365889953.853555,868.9024390243902,43.3,5.113598346710205
1365889954.106592,792.0731707317074,42.8,5.121890306472778
1365889954.376364,755.4878048780488,43.3,5.129639148712158
1365889954.654161,758.5365853658536,42.8,5.113471984863281
1365889954.907251,785.3658536585366,43.3,5.176191329956055
1365889955.162081,741.4634146341464,43.3,5.136511325836182
1365889955.438163,1087.1951219512196,43.3,5.118207216262817
1365889955.696106,803.048780487805,43.3,5.106412172317505
1365889955.9513102,873.170731707317,42.8,5.131842374801636
1365889956.2284071,874.390243902439,42.8,5.107553720474243
1365889956.4821131,875.0,42.8,5.109904050827026
1365889956.741457,826.2195121951219,43.3,5.122450113296509
1365889957.0017579,805.4878048780488,43.3,5.128451347351074
1365889957.279689,973.780487804878,42.8,5.110466718673706
1365889957.53552,940.2439024390243,42.8,5.119439601898193
1365889957.791327,765.2439024390244,42.8,5.1888062953948975
1365889958.061648,738.4146341463414,42.8,5.134950160980225
1365889958.3391821,818.2926829268292,42.8,5.113175630569458
1365889958.598596,825.0,43.3,5.109379291534424
1365889958.8521988,816.4634146341463,43.3,5.136487007141113
1365889959.128438,914.0243902439024,43.3,5.113491773605347
1365889959.38433,890.2439024390244,42.8,5.170224905014038
1365889959.638428,987.1951219512194,43.3,5.1560516357421875
1365889959.906862,753.0487804878048,42.8,5.1350791454315186
1365889960.18113,804.2682926829269,42.8,5.11850118637085
1365889960.434517,873.170731707317,43.3,5.108726978302002
1365889960.689367,834.1463414634146,43.3,5.203539609909058
1365889960.968821,818.2926829268292,43.3,5.1213555335998535
1365889961.224162,778.048780487805,43.3,5.116591930389404
1365889961.477639,863.4146341463414,43.3,5.120624542236328
1365889961.7477021,723.170731707317,42.8,5.131178855895996
1365889962.023861,800.0,43.3,5.14321756362915
1365889962.2800589,1173.780487804878,43.3,5.114621162414551
1365889962.534775,701.2195121951219,42.2,5.13999080657959
1365889962.815834,878.0487804878048,42.8,5.117897272109985
1365889963.0712,893.2926829268292,43.3,5.11652135848999
1365889963.3254652,730.4878048780488,42.8,5.130147695541382
1365889963.6039062,793.2926829268293,43.3,5.112653970718384
1365889963.858141,828.0487804878048,43.3,5.146265268325806
1365889964.11296,904.2682926829268,43.3,5.151867866516113
1365889964.384165,737.1951219512194,42.8,5.125575304031372
1365889964.6588979,881.0975609756098,43.3,5.119657039642334
1365889964.9136488,828.0487804878048,43.3,5.112127780914307
1365889965.173697,729.2682926829268,43.3,5.13101053237915
1365889965.452687,832.3170731707316,42.8,5.106599807739258
1365889965.7084212,940.8536585365853,43.3,5.110471487045288
1365889965.966593,693.2926829268292,43.3,5.144157648086548
1365889966.2452428,929.8780487804878,43.3,5.105968952178955
1365889966.500559,918.9024390243903,43.9,5.128020524978638
1365889966.754965,915.8536585365854,43.3,5.128857851028442
1365889967.0235672,831.0975609756097,43.3,5.110936164855957
1365889967.2800262,827.4390243902438,43.3,5.114938020706177
1365889967.5334132,769.5121951219512,43.3,5.106897830963135
1365889967.7885911,737.1951219512194,43.3,5.176875114440918
1365889968.073667,828.0487804878048,42.8,5.11409592628479
1365889968.327275,935.9756097560976,43.3,5.113836288452148
1365889968.5808399,794.5121951219512,43.3,5.125316858291626
1365889968.838637,705.4878048780488,42.8,5.140233993530273
1365889969.121865,827.4390243902438,43.3,5.114886045455933
1365889969.375486,803.048780487805,43.3,5.1482298374176025
1365889969.6286469,810.3658536585366,43.3,5.125457286834717
1365889969.9038022,881.0975609756098,43.3,5.108336925506592
1365889970.1590269,832.9268292682926,43.3,5.11451268196106
1365889970.4125571,876.219512195122,43.3,5.119041204452515
1365889970.677127,726.219512195122,43.3,5.1335670948028564
1365889970.955748,918.9024390243903,43.3,5.109114408493042
1365889971.2127979,821.3414634146341,42.8,5.12740421295166
1365889971.468983,895.1219512195122,42.8,5.127479553222656
1365889971.746206,854.8780487804878,43.3,5.108259677886963
1365889972.0041,960.3658536585366,43.3,5.115685224533081
1365889972.257837,910.9756097560976,42.2,5.162512540817261
1365889972.5240269,729.2682926829268,42.8,5.1384570598602295
1365889972.800815,949.390243902439,42.8,5.10938024520874
1365889973.058995,812.1951219512194,43.3,5.328346490859985
1365889973.31617,937.8048780487804,42.8,5.195626735687256
1365889973.589492,780.4878048780488,43.3,5.128337383270264
1365889973.845216,896.3414634146342,42.8,5.181978940963745
1365889974.101265,771.3414634146342,43.3,5.1247944831848145
1365889974.370472,737.1951219512194,42.8,5.130543231964111
1365889974.649444,1029.8780487804877,42.8,5.110655784606934
1365889974.907902,887.1951219512196,43.3,5.108689785003662
1365889975.165139,737.1951219512194,42.8,5.135692358016968
1365889975.439871,821.3414634146341,42.8,5.114923477172852
1365889975.693522,951.2195121951219,43.3,5.115041017532349
1365889975.947934,921.9512195121952,42.8,5.15959906578064
1365889976.218425,740.2439024390244,42.2,5.142712593078613
1365889976.496788,946.3414634146341,42.8,5.133214473724365
1365889976.7516868,766.4634146341464,43.3,5.109463453292847
1365889977.006143,692.0731707317073,42.8,5.131230115890503
1365889977.285496,874.390243902439,43.3,5.111931562423706
1365889977.54094,1007.3170731707318,43.3,5.117421388626099
1365889977.798604,932.3170731707318,42.8,5.142213821411133
1365889978.0831099,854.8780487804878,43.3,5.109189033508301
1365889978.338114,791.4634146341464,43.3,5.112524747848511
1365889978.596401,914.0243902439024,43.3,5.164214372634888
1365889978.856766,691.4634146341463,42.8,5.141085147857666
1365889979.1429582,1021.9512195121952,43.3,5.106849670410156
1365889979.399424,934.1463414634147,43.3,5.11150860786438
1365889979.653183,799.3902439024391,43.3,5.131433486938477
1365889979.9243689,899.390243902439,43.3,5.111502647399902
1365889980.182184,753.0487804878048,42.8,5.112750768661499
1365889980.4365351,775.0,43.3,5.328063249588013
1365889980.695861,739.0243902439024,43.3,5.131484508514404
1365889980.973153,831.0975609756097,43.3,5.1213297843933105
1365889981.2312,871.3414634146342,42.8,5.105641603469849
1365889981.486557,679.2682926829269,42.8,5.13790488243103
1365889981.762704,924.3902439024391,43.3,5.128881454467773
1365889982.020742,832.9268292682926,43.3,5.1107728481292725
1365889982.2776499,739.0243902439024,43.3,5.1299989223480225
1365889982.5561721,951.8292682926829,43.3,5.106558084487915
1365889982.811451,940.2439024390243,43.3,5.145262718200684
1365889983.066794,945.1219512195122,43.3,5.137730598449707
1365889983.3376892,976.219512195122,43.3,5.111154794692993
1365889983.595488,776.219512195122,43.3,5.114886045455933
1365889983.8517911,824.390243902439,43.3,5.118377685546875
1365889984.11729,733.5365853658536,42.8,5.141078233718872
1365889984.396415,777.439024390244,42.8,5.210874319076538
1365889984.652278,951.8292682926829,43.3,5.183074712753296
1365889984.905698,903.048780487805,42.8,5.131368637084961
1365889985.1761532,946.951219512195,43.3,5.14421820640564
1365889985.4346812,946.951219512195,43.3,5.1100592613220215
1365889985.6927948,768.2926829268292,43.3,5.115779161453247
1365889985.9562979,615.2439024390244,42.8,5.137401342391968
1365889986.237149,781.0975609756098,43.3,5.107131481170654
1365889986.492246,884.1463414634146,43.3,5.110541343688965
1365889986.747823,934.1463414634147,42.8,5.143533945083618
1365889987.022824,778.048780487805,42.8,5.117934942245483
1365889987.2777128,940.8536585365853,43.3,5.11732029914856
1365889987.530802,924.3902439024391,43.3,5.119340181350708
1365889987.790507,792.0731707317074,42.8,5.1316916942596436
1365889988.06873,934.1463414634147,43.3,5.1135969161987305
1365889988.32374,762.1951219512196,42.8,5.107688665390015
1365889988.577903,800.0,43.3,5.1323864459991455
1365889988.8558872,978.0487804878048,43.3,5.1109044551849365
1365889989.115255,943.9024390243902,43.3,5.123501777648926
1365889989.371393,835.9756097560976,42.8,5.151755332946777
1365889989.640588,737.1951219512194,42.8,5.13123893737793
1365889989.9189482,773.1707317073171,43.3,5.112846851348877
1365889990.1769862,935.3658536585366,43.3,5.1165080070495605
1365889990.4315572,728.0487804878048,43.3,5.137048721313477
1365889990.714017,890.2439024390244,43.3,5.109776735305786
1365889990.972807,1704.2682926829268,43.3,5.1348559856414795
1365889991.229408,739.0243902439024,42.8,5.133615732192993
1365889991.503607,882.3170731707318,43.3,5.114546775817871
1365889991.757759,942.0731707317073,43.3,5.109358072280884
1365889992.0133681,1040.8536585365853,43.3,5.1234564781188965
1365889992.2775638,722.560975609756,42.2,5.133015871047974
1365889992.557686,959.1463414634146,43.3,5.1142144203186035
1365889992.813465,879.8780487804878,43.3,5.10944938659668
1365889993.067795,866.4634146341464,43.3,5.123837947845459
1365889993.3411899,932.9268292682927,43.3,5.108875751495361
1365889993.5965598,890.8536585365854,43.3,5.114983081817627
1365889993.850823,895.1219512195122,43.3,5.117074728012085
1365889994.115867,685.3658536585366,42.8,5.134920120239258
1365889994.397494,910.9756097560976,42.8,5.113678455352783
1365889994.6537971,854.2682926829268,42.8,5.149735689163208
1365889994.907016,885.9756097560976,43.3,5.139127492904663
1365889995.185927,790.2439024390244,43.3,5.1052937507629395
1365889995.440444,813.4146341463414,43.3,5.110382318496704
1365889995.696291,921.3414634146342,43.3,5.20597767829895
1365889995.959577,804.2682926829269,42.8,5.137325286865234
1365889996.2416651,951.8292682926829,42.8,5.10903000831604
1365889996.499375,913.4146341463415,42.8,5.117404460906982
1365889996.753673,739.0243902439024,43.3,5.130605936050415
1365889997.031915,864.0243902439024,43.3,5.16255784034729
1365889997.288161,967.0731707317073,43.3,5.114868640899658
1365889997.5421598,887.1951219512196,42.8,5.134242534637451
1365889997.809709,942.0731707317073,43.3,5.109437942504883
1365889998.062759,889.0243902439024,43.3,5.131258964538574
1365889998.318348,935.3658536585366,43.3,5.121328830718994
1365889998.580839,759.1463414634146,42.2,5.128620624542236
1365889998.856339,918.9024390243903,42.8,5.118316650390625
1365889999.113952,902.439024390244,42.8,5.118334770202637
1365889999.3715909,915.8536585365854,43.3,5.162449359893799
1365889999.646482,879.2682926829268,43.3,5.1081953048706055
1365889999.902155,815.2439024390243,43.3,5.108048439025879
1365890000.158161,932.3170731707318,43.3,5.13916277885437
1365890000.418719,641.4634146341464,42.8,5.13238787651062
1365890000.697202,910.3658536585366,42.2,5.110894203186035
1365890000.952616,874.390243902439,42.8,5.10775089263916
1365890001.20974,1368.9024390243903,42.8,5.122695207595825
1365890001.481236,810.3658536585366,43.3,5.111643314361572
1365890001.7345479,841.4634146341463,43.3,5.107645034790039
1365890001.9913468,1035.9756097560976,43.3,5.118003606796265
1365890002.25125,828.0487804878048,42.8,5.129675388336182
1365890002.5263941,780.4878048780488,42.8,5.104227066040039
1365890002.7804,896.9512195121952,43.3,5.1180078983306885
1365890003.03618,782.3170731707318,43.3,5.163293838500977
1365890003.306412,879.2682926829268,43.3,5.117146730422974
1365890003.562212,868.9024390243902,43.3,5.124694585800171
1365890003.818225,879.2682926829268,43.3,5.139692544937134
1365890004.07423,652.439024390244,42.2,5.156086444854736
1365890004.357153,900.0,43.3,5.113320350646973
1365890004.613641,878.0487804878048,43.3,5.110114097595215
1365890004.867074,796.9512195121952,43.3,5.126093149185181
1365890005.137758,742.0731707317074,42.8,5.1303839683532715
1365890005.417578,943.2926829268292,43.3,5.117252349853516
1365890005.6720881,843.2926829268292,43.3,5.111768960952759
1365890005.925856,676.219512195122,42.8,5.144031524658203
1365890006.2043068,937.8048780487804,43.3,5.107551336288452
1365890006.460643,904.8780487804878,43.3,5.159682989120483
1365890006.715999,904.8780487804878,42.2,5.142513751983643
1365890006.9893708,1115.8536585365855,42.8,5.112303018569946
1365890007.247295,870.1219512195122,43.3,5.113820552825928
1365890007.507825,772.5609756097562,43.3,5.1183693408966064
1365890007.776149,732.3170731707316,42.8,5.128624439239502
1365890008.0512,782.3170731707318,43.3,5.110793113708496
1365890008.308488,845.1219512195122,42.8,5.201811075210571
1365890008.566763,728.0487804878048,43.3,5.1464152336120605
1365890008.848722,775.0,43.3,5.1150877475738525
1365890009.1028779,807.3170731707318,43.3,5.112529516220093
1365890009.358783,882.3170731707318,43.3,5.1990509033203125
1365890009.6403918,950.0,43.3,5.106851577758789
1365890009.895757,926.219512195122,42.8,5.170308589935303
1365890010.15581,846.3414634146342,43.3,5.134228467941284
1365890010.431426,987.1951219512194,43.3,5.113602876663208
1365890010.687705,1045.7317073170732,43.3,5.111934661865234
1365890010.9426079,791.4634146341464,43.3,5.12970757484436
1365890011.2079492,733.5365853658536,42.8,5.126619100570679
1365890011.484722,871.9512195121952,43.3,5.1283860206604
1365890011.739545,851.219512195122,43.3,5.105711460113525
1365890011.995311,921.3414634146342,42.8,5.199481964111328
1365890012.2734132,934.1463414634147,42.8,5.121891021728516
1365890012.526649,954.8780487804878,43.3,5.120903015136719
1365890012.781157,860.9756097560976,42.8,5.2217559814453125
1365890013.0508459,743.2926829268292,42.2,5.174579620361328
1365890013.328931,812.1951219512194,42.2,5.308441638946533
1365890013.58384,928.048780487805,43.3,5.115861177444458
1365890013.8368251,854.8780487804878,43.3,5.131534099578857
1365890014.113114,946.3414634146341,42.8,5.10770058631897
1365890014.369282,845.1219512195122,43.3,5.107607841491699
1365890014.624776,896.9512195121952,43.3,5.125045299530029
1365890014.896071,741.4634146341464,43.3,5.139916181564331
1365890015.1756039,856.0975609756098,43.3,5.10552453994751
1365890015.430084,959.1463414634146,42.8,5.112605810165405
1365890015.6855512,610.3658536585366,42.8,5.138727903366089
1365890015.964022,865.2439024390244,43.3,5.182593584060669
1365890016.219805,793.2926829268293,43.3,5.1129233837127686
1365890016.472609,818.2926829268292,43.3,5.174649000167847
1365890016.740708,734.1463414634146,42.8,5.135894536972046
1365890017.018859,932.3170731707318,42.8,5.108437776565552
1365890017.2721238,918.2926829268293,43.3,5.111665725708008
1365890017.527543,734.1463414634146,42.8,5.26597261428833
1365890017.8043048,973.780487804878,43.3,5.354637622833252
1365890018.061991,909.1463414634146,43.3,5.165146589279175
1365890018.3163579,949.390243902439,42.8,5.134501218795776
1365890018.592109,859.1463414634146,42.2,5.1290442943573
1365890018.846727,953.0487804878048,43.3,5.112492084503174
1365890019.101931,950.0,42.8,5.1179358959198
1365890019.363004,740.2439024390244,42.8,5.17135763168335
1365890019.6417952,912.1951219512196,42.8,5.120786666870117
1365890019.8950279,856.0975609756098,43.3,5.108012914657593
1365890020.152782,943.9024390243902,42.8,5.131903171539307
1365890020.424892,842.0731707317073,43.3,5.161378622055054
1365890020.679977,943.2926829268292,42.8,5.157552242279053
1365890020.9355452,870.1219512195122,43.3,5.142489910125732
1365890021.197118,618.2926829268292,42.8,5.141818284988403
1365890021.475703,838.4146341463414,42.2,5.113014221191406
1365890021.729127,770.1219512195122,42.8,5.118668794631958
1365890021.9825191,954.2682926829268,43.3,5.137346029281616
1365890022.2517939,937.8048780487804,42.8,5.1512579917907715
1365890022.5282261,917.0731707317074,43.3,5.113950729370117
1365890022.7813911,913.4146341463415,43.3,5.482844829559326
1365890023.035588,865.2439024390244,42.8,5.232393980026245
1365890023.3102322,853.0487804878048,43.3,5.112670421600342
1365890023.563585,968.9024390243902,43.3,5.112770080566406
1365890023.817983,873.170731707317,43.3,5.169148206710815
1365890024.079356,739.0243902439024,42.8,5.158545017242432
1365890024.355579,842.0731707317073,43.3,5.169818162918091
1365890024.6100101,799.3902439024391,42.8,5.122145175933838
1365890024.865838,942.0731707317073,43.3,5.1310999393463135
1365890025.142196,788.4146341463415,42.8,5.114891767501831
1365890025.396606,1652.4390243902437,43.3,5.140231609344482
1365890025.651896,764.0243902439024,43.3,5.119272232055664
1365890025.910499,740.2439024390244,42.8,5.169237375259399
1365890026.1911612,998.780487804878,43.3,5.113941192626953
1365890026.4461708,832.9268292682926,43.3,5.1135947704315186
1365890026.700628,773.1707317073171,42.2,5.12794828414917
1365890026.974978,943.9024390243902,42.8,5.1221301555633545
1365890027.2337651,946.3414634146341,43.3,5.109014511108398
1365890027.488836,888.4146341463414,43.9,5.1204328536987305
1365890027.749919,743.2926829268292,42.2,5.15415358543396
1365890028.027811,1192.0731707317075,42.8,5.111785650253296
1365890028.282809,766.4634146341464,42.8,5.104888200759888
1365890028.5367239,906.0975609756098,43.3,5.1261866092681885
1365890028.808945,826.2195121951219,43.3,5.106055021286011
1365890029.062061,899.390243902439,43.3,5.108094692230225
1365890029.3166678,910.9756097560976,43.3,5.115369081497192
1365890029.575163,674.3902439024391,42.2,5.141061782836914
1365890029.852181,926.829268292683,42.8,5.10834813117981
1365890030.107859,917.0731707317074,43.3,5.15679669380188
1365890030.364769,789.0243902439024,42.8,5.22182559967041
1365890030.6367738,846.3414634146342,43.3,5.112767219543457
1365890030.892509,906.0975609756098,43.3,5.116387367248535
1365890031.147755,943.2926829268292,43.3,5.129925727844238
1365890031.4059699,816.4634146341463,42.8,5.174435377120972
1365890031.6858869,957.9268292682926,42.8,5.113225936889648
1365890031.940901,967.0731707317073,43.3,5.108164072036743
1365890032.198239,801.219512195122,42.8,5.1240761280059814
1365890032.4679239,663.4146341463415,42.8,5.126994609832764
1365890032.743487,807.3170731707318,43.3,5.108892202377319
1365890032.999118,805.4878048780488,43.3,5.112590312957764
1365890033.252865,731.0975609756098,43.3,5.137048721313477
1365890033.533264,896.3414634146342,43.3,5.108461618423462
1365890033.7906508,940.2439024390243,43.3,5.119143009185791
1365890034.044072,738.4146341463414,42.8,5.132954120635986
1365890034.322442,777.439024390244,43.3,5.134982585906982
1365890034.576993,815.2439024390243,42.8,5.137664794921875
1365890034.830608,943.9024390243902,43.3,5.126713514328003
1365890035.097048,877.439024390244,43.3,5.111326694488525
1365890035.354246,913.4146341463415,43.3,5.1093268394470215
1365890035.609992,859.1463414634146,43.3,5.1531662940979
1365890035.8661308,609.1463414634146,43.3,5.143988847732544
1365890036.14851,879.8780487804878,43.3,5.1061413288116455
1365890036.404253,889.0243902439024,43.3,5.128414630889893
1365890036.6593869,1021.9512195121952,42.8,5.125438213348389
1365890036.928712,668.2926829268293,42.2,5.134862422943115
1365890037.209346,937.1951219512194,43.3,5.113836288452148
1365890037.4623291,971.3414634146342,42.8,5.116611957550049
1365890037.716393,728.0487804878048,43.3,5.129101991653442
1365890037.99602,948.170731707317,43.3,5.115129709243774
1365890038.249558,851.219512195122,42.8,5.105764150619507
1365890038.50476,787.1951219512196,42.8,5.133501052856445
1365890038.780233,1101.219512195122,43.3,5.107322931289673
1365890039.034613,887.1951219512196,43.3,5.117088079452515
1365890039.289611,821.3414634146341,43.3,5.1446332931518555
1365890039.555522,736.5853658536586,42.8,5.1314990520477295
1365890039.834413,846.951219512195,43.3,5.140146732330322
1365890040.088066,898.1707317073171,43.3,5.11864161491394
1365890040.344414,735.3658536585366,42.8,5.132181882858276
1365890040.623341,845.1219512195122,43.3,5.132753849029541
1365890040.879871,877.439024390244,43.3,5.109666585922241
1365890041.134111,851.219512195122,42.8,5.147462844848633
1365890041.4044511,778.048780487805,43.3,5.107549667358398
1365890041.659905,783.5365853658537,43.3,5.1073126792907715
1365890041.9158778,904.2682926829268,42.8,5.116254091262817
1365890042.176856,785.3658536585366,42.8,5.136300086975098
1365890042.452446,945.1219512195122,43.3,5.117649555206299
1365890042.708508,866.4634146341464,43.3,5.108670234680176
1365890042.9631019,937.8048780487804,43.3,5.118224382400513
1365890043.229507,739.0243902439024,42.8,5.136746168136597
1365890043.5057468,1023.1707317073171,42.8,5.107064247131348
1365890043.7632792,874.390243902439,43.3,5.123634576797485
1365890044.017171,651.219512195122,42.8,5.133946418762207
1365890044.294851,982.9268292682926,43.3,5.109164714813232
1365890044.549283,787.1951219512196,43.3,5.14378809928894
1365890044.8044212,841.4634146341463,42.8,5.132745265960693
1365890045.077356,779.2682926829268,43.3,5.112717151641846
1365890045.336218,1478.658536585366,43.3,5.165667533874512
1365890045.5934432,799.3902439024391,43.3,5.115163326263428
1365890045.855579,714.0243902439024,43.3,5.133401870727539
1365890046.135979,828.0487804878048,43.3,5.111001253128052
1365890046.396013,943.9024390243902,43.3,5.107668399810791
1365890046.65425,742.0731707317074,43.3,5.144317626953125
1365890046.929183,807.9268292682927,43.3,5.111579418182373
1365890047.189142,900.0,43.3,5.114255428314209
1365890047.44963,745.1219512195122,43.3,5.130216360092163
1365890047.726086,940.2439024390243,43.3,5.1175925731658936
1365890047.982878,860.3658536585366,43.3,5.119202136993408
1365890048.240447,846.951219512195,43.3,5.17669153213501
1365890048.511281,734.1463414634146,42.8,5.13068413734436
1365890048.789334,814.0243902439024,43.3,5.125392913818359
1365890049.04734,902.439024390244,42.8,5.106679201126099
1365890049.302536,829.2682926829268,43.3,5.139017820358276
1365890049.580383,806.0975609756098,43.3,5.108831167221069
1365890049.8388119,900.0,43.3,5.136662006378174
1365890050.096259,1023.7804878048779,43.3,5.125870704650879
1365890050.359345,741.4634146341464,43.3,5.153298377990723
1365890050.636139,904.2682926829268,42.8,5.111806631088257
1365890050.8931022,806.0975609756098,43.3,5.111828088760376
1365890051.1485791,767.0731707317074,42.8,5.13286828994751
1365890051.430968,832.3170731707316,43.3,5.116541147232056
1365890051.68845,841.4634146341463,43.3,5.107620716094971
1365890051.945211,780.4878048780488,43.3,5.132353782653809
1365890052.226161,962.1951219512194,42.8,5.175531387329102
1365890052.4797802,964.0243902439024,42.8,5.109511137008667
1365890052.73848,782.3170731707318,43.3,5.152519941329956
1365890053.005227,801.219512195122,42.8,5.143192291259766
1365890053.2870898,788.4146341463415,43.3,5.107526540756226
1365890053.54213,885.9756097560976,43.9,5.106853008270264
1365890053.7997708,881.0975609756098,43.3,5.215557098388672
1365890054.076143,1516.4634146341461,43.3,5.150337219238281
1365890054.331072,918.2926829268293,43.3,5.114555835723877
1365890054.588106,810.9756097560976,42.8,5.126957178115845
1365890054.857023,723.170731707317,42.8,5.135009050369263
1365890055.131874,896.9512195121952,42.8,5.106959342956543
1365890055.387823,790.2439024390244,43.3,5.213628530502319
1365890055.6415832,1040.8536585365853,43.3,5.111934423446655
1365890055.901095,684.1463414634147,42.8,5.13672137260437
1365890056.185792,945.1219512195122,43.3,5.112397909164429
1365890056.440568,801.219512195122,43.3,5.105751991271973
