1365889756.595841,1820.121951219512,42.2,5.324413299560547
1365889756.854722,951.2195121951219,42.2,5.311781883239746
1365889757.108587,783.5365853658537,42.2,5.311934947967529
1365889757.361575,950.0,42.8,5.306796312332153
1365889757.6143382,759.1463414634146,42.2,5.324711561203003
1365889757.889056,882.9268292682926,42.2,5.303617715835571
1365889758.1419148,945.1219512195122,42.2,5.299015760421753
1365889758.3947,717.0731707317073,42.2,5.3341591358184814
1365889758.669486,778.048780487805,42.2,5.305752277374268
1365889758.925201,946.3414634146341,42.2,5.306431531906128
1365889759.178208,815.2439024390243,42.2,5.321438312530518
1365889759.438368,754.2682926829268,41.2,5.3457512855529785
1365889759.7124102,810.3658536585366,42.2,5.304383039474487
1365889759.966544,915.8536585365854,42.2,5.315170049667358
1365889760.219696,776.219512195122,42.2,5.333572149276733
1365889760.488693,682.3170731707318,41.7,5.330695390701294
1365889760.7625878,926.829268292683,42.2,5.493189096450806
1365889761.0175328,890.2439024390244,42.2,5.302354574203491
1365889761.272031,821.951219512195,42.2,5.312076568603516
1365889761.5291038,730.4878048780488,41.7,5.3245649337768555
1365889761.8061,787.1951219512196,42.2,5.30789852142334
1365889762.061328,959.1463414634146,42.2,5.3034138679504395
1365889762.3148348,962.8048780487804,42.2,5.316703796386719
1365889762.572924,742.0731707317074,41.2,5.5837812423706055
1365889762.8520792,876.219512195122,42.2,5.332728862762451
1365889763.107567,772.5609756097562,42.2,5.456805467605591
1365889763.360672,948.170731707317,42.2,5.375495195388794
1365889763.620627,642.6829268292684,42.2,5.619136095046997
1365889763.8946922,840.2439024390244,41.7,5.345983505249023
1365889764.1499462,774.390243902439,42.2,5.310075044631958
1365889764.402882,900.0,41.7,5.3406758308410645
1365889764.660257,753.0487804878048,41.7,5.6348161697387695
1365889764.9355872,775.0,41.7,5.360388278961182
1365889765.189277,792.0731707317074,42.2,5.74601936340332
1365889765.442335,950.0,42.2,5.497035503387451
1365889765.707314,726.219512195122,41.2,5.388676404953003
1365889765.983829,918.9024390243903,41.2,5.309164524078369
1365889766.2369852,795.1219512195122,42.2,5.311350584030151
1365889766.490288,907.3170731707318,41.2,5.314977407455444
1365889766.750924,1596.3414634146343,41.7,5.465795993804932
1365889767.026206,876.219512195122,41.7,5.319157838821411
1365889767.2801259,954.8780487804878,41.7,5.308085203170776
1365889767.532992,816.4634146341463,41.2,5.844451665878296
1365889767.790327,669.5121951219512,41.2,5.588547468185425
1365889768.059999,878.0487804878048,42.2,5.330671310424805
1365889768.3131,857.3170731707316,42.2,5.305585861206055
1365889768.5665889,904.8780487804878,42.2,5.3347554206848145
1365889768.840354,896.9512195121952,41.7,5.314494609832764
1365889769.093369,1860.3658536585365,42.8,5.306208372116089
1365889769.347768,945.1219512195122,42.2,5.322084903717041
1365889769.607641,643.2926829268292,41.2,5.336520195007324
1365889769.8899689,762.1951219512196,41.7,5.297768831253052
1365889770.14391,910.9756097560976,42.2,5.303396463394165
1365889770.3986208,902.439024390244,41.7,5.307411432266235
1365889770.658698,668.2926829268293,41.7,5.3271989822387695
1365889770.933588,792.0731707317074,42.2,5.301521062850952
1365889771.186816,890.8536585365854,42.2,5.2972092628479
1365889771.440831,798.1707317073171,41.2,5.316587448120117
1365889771.705882,740.2439024390244,42.2,5.378074884414673
1365889771.9805682,863.4146341463414,41.7,5.306992292404175
1365889772.2337961,839.0243902439024,42.2,5.334741592407227
1365889772.4894562,848.170731707317,41.2,5.335371971130371
1365889772.7613661,851.219512195122,42.2,5.300041198730469
1365889773.014505,928.048780487805,42.2,5.301051378250122
1365889773.267751,778.048780487805,42.2,5.3063249588012695
1365889773.528903,739.0243902439024,42.2,5.322148323059082
1365889773.803461,953.0487804878048,41.7,5.300801515579224
1365889774.056234,777.439024390244,42.2,5.302756309509277
1365889774.309561,949.390243902439,41.7,5.305598258972168
1365889774.569335,714.0243902439024,41.2,5.329333543777466
1365889774.846955,912.1951219512196,42.2,5.312962293624878
1365889775.0997288,917.0731707317074,42.2,5.2979607582092285
1365889775.354184,1700.609756097561,41.7,5.324514150619507
1365889775.622596,705.4878048780488,41.7,5.330317497253418
1365889775.900747,810.9756097560976,41.7,5.301671266555786
1365889776.1538382,954.2682926829268,41.7,5.306717395782471
1365889776.407967,796.9512195121952,42.2,5.307705879211426
1365889776.6681201,751.219512195122,41.7,5.323430299758911
1365889776.942989,882.9268292682926,41.2,5.304376125335693
1365889777.196293,1615.2439024390244,41.2,5.365325689315796
1365889777.450389,807.9268292682927,42.2,5.5582475662231445
1365889777.719554,664.6341463414634,41.2,5.329798460006714
1365889777.994164,810.3658536585366,41.7,5.410624742507935
1365889778.247543,929.2682926829269,41.7,5.367555618286133
1365889778.5010471,964.0243902439024,42.2,5.35631251335144
1365889778.7625961,749.390243902439,41.2,5.343749761581421
1365889779.038649,906.0975609756098,42.2,5.303411483764648
1365889779.292222,915.8536585365854,42.2,5.305577993392944
1365889779.5465322,815.2439024390243,42.2,5.322175025939941
1365889779.815837,816.4634146341463,41.7,5.30084753036499
1365889780.0688908,895.1219512195122,41.7,5.303077936172485
1365889780.321818,889.0243902439024,41.7,5.2968549728393555
1365889780.576331,757.3170731707318,41.2,5.457607269287109
1365889780.856744,937.8048780487804,42.2,5.311999320983887
1365889781.109714,826.2195121951219,42.2,5.31378436088562
1365889781.362794,912.1951219512196,42.2,5.312676191329956
1365889781.6250591,649.390243902439,41.7,5.348336696624756
1365889781.908463,771.3414634146342,42.2,5.862334489822388
1365889782.160767,841.4634146341463,42.2,5.6109795570373535
1365889782.413501,774.390243902439,42.2,5.359013557434082
1365889782.6796181,746.3414634146342,41.2,5.322483539581299
1365889782.953836,888.4146341463414,42.2,5.303347110748291
1365889783.206919,845.1219512195122,42.2,5.307910203933716
1365889783.4602182,777.439024390244,41.2,5.322692632675171
1365889783.734401,807.3170731707318,42.8,5.3701255321502686
1365889783.9885619,935.3658536585366,42.2,5.37700891494751
1365889784.2423291,899.390243902439,42.2,5.31219220161438
1365889784.499533,728.0487804878048,41.7,5.326885223388672
1365889784.775826,783.5365853658537,42.2,5.303027391433716
1365889785.029875,950.0,42.2,6.4782702922821045
1365889785.283357,929.8780487804878,42.2,6.237577676773071
1365889785.541306,644.5121951219512,41.2,5.993619203567505
1365889785.817228,803.048780487805,42.2,5.723401308059692
1365889786.0723379,950.0,42.2,5.47231650352478
1365889786.325292,796.9512195121952,42.2,5.319257497787476
1365889786.588168,732.3170731707316,42.2,5.63112735748291
1365889786.8669922,821.951219512195,41.2,5.651782512664795
1365889787.121492,888.4146341463414,42.2,5.39827036857605
1365889787.373617,832.9268292682926,42.2,5.3225696086883545
1365889787.647702,900.0,42.2,5.5121846199035645
1365889787.9015412,956.0975609756097,42.2,5.301215171813965
1365889788.158324,943.2926829268292,41.7,5.322575569152832
1365889788.418188,657.3170731707318,41.7,5.321501016616821
1365889788.6924648,951.2195121951219,42.2,5.300344228744507
1365889788.947018,912.1951219512196,42.2,5.34165096282959
1365889789.201925,948.170731707317,42.2,5.304173707962036
1365889789.4593742,706.0975609756097,41.2,5.323678493499756
1365889789.733662,881.0975609756098,42.2,5.306433200836182
1365889789.988357,885.9756097560976,42.2,5.313232660293579
1365889790.243433,890.8536585365854,42.2,5.321819543838501
1365889790.501413,740.2439024390244,41.2,5.347588777542114
1365889790.776172,902.439024390244,42.2,5.301793813705444
1365889791.030315,821.3414634146341,41.7,5.298668622970581
1365889791.2845929,945.1219512195122,42.2,5.308068037033081
1365889791.543862,735.3658536585366,41.2,5.323965787887573
1365889791.818512,688.4146341463414,41.2,5.4075541496276855
1365889792.092625,949.390243902439,41.2,5.312148571014404
1365889792.3479722,817.0731707317073,41.7,5.309556245803833
1365889792.60092,857.9268292682926,41.2,5.318592548370361
1365889792.864918,742.0731707317074,41.2,5.328611612319946
1365889793.142108,881.0975609756098,42.2,5.351341724395752
1365889793.395196,899.390243902439,42.2,5.305470705032349
1365889793.6531048,1064.0243902439024,42.2,5.305884122848511
1365889793.9124532,727.4390243902438,41.7,5.327199697494507
1365889794.190337,729.2682926829268,42.2,5.325557231903076
1365889794.4653811,767.0731707317074,41.7,5.308502197265625
1365889794.7184489,962.1951219512194,42.2,5.312185764312744
1365889794.97155,774.390243902439,42.2,5.370495796203613
1365889795.247935,809.1463414634147,42.2,5.308550596237183
1365889795.50111,876.219512195122,42.2,5.3118720054626465
1365889795.754285,926.829268292683,42.2,5.377461194992065
1365889796.011887,741.4634146341464,41.2,5.322290658950806
1365889796.2897532,957.3170731707316,42.2,5.322278738021851
1365889796.5432,929.2682926829269,42.2,5.324342727661133
1365889796.7963772,773.1707317073171,42.2,5.314765214920044
1365889797.0639622,742.0731707317074,41.2,5.324579477310181
1365889797.340937,934.1463414634147,42.2,5.313312292098999
1365889797.5941708,900.0,42.2,5.31295371055603
1365889797.8470669,1023.1707317073171,42.2,5.321797132492065
1365889798.118578,826.2195121951219,42.2,5.303774118423462
1365889798.372746,876.219512195122,41.7,5.305815696716309
1365889798.6263108,879.2682926829268,42.2,5.308698892593384
1365889798.88866,740.2439024390244,41.7,5.3214380741119385
1365889799.163499,740.2439024390244,41.2,5.325817823410034
1365889799.4399161,924.3902439024391,42.2,5.302114725112915
1365889799.694873,813.4146341463414,42.2,5.299799203872681
1365889799.949087,951.8292682926829,41.7,5.3286964893341064
1365889800.2179358,744.5121951219512,41.2,5.3222949504852295
1365889800.493689,878.0487804878048,41.7,5.328020334243774
1365889800.7474508,871.9512195121952,42.2,5.3125526905059814
1365889801.000534,846.951219512195,42.2,5.3905274868011475
1365889801.273761,853.0487804878048,42.2,5.324841022491455
1365889801.5290182,946.3414634146341,42.2,5.299269437789917
1365889801.7835698,937.1951219512194,42.2,5.308948278427124
1365889802.0380852,665.2439024390244,41.2,5.379534721374512
1365889802.3135738,736.5853658536586,41.7,5.338106155395508
1365889802.590569,823.170731707317,42.2,5.314174175262451
1365889802.84375,846.3414634146342,42.2,5.996725797653198
1365889803.0966039,717.0731707317073,42.2,5.745070934295654
1365889803.37141,865.2439024390244,42.2,5.47164511680603
1365889803.628195,890.8536585365854,42.2,5.3099565505981445
1365889803.883795,942.0731707317073,42.2,5.309911489486694
1365889804.137693,743.2926829268292,41.2,5.331483602523804
1365889804.411798,748.170731707317,41.2,5.343578815460205
1365889804.6879349,884.1463414634146,42.2,5.455074310302734
1365889804.942538,910.3658536585366,42.2,5.300952911376953
1365889805.195573,711.5853658536585,42.2,5.3468780517578125
1365889805.469995,962.8048780487804,42.2,5.315569877624512
1365889805.726124,866.4634146341464,42.2,5.318615436553955
1365889805.9794629,945.1219512195122,41.7,5.319502353668213
1365889806.247721,710.3658536585366,41.2,5.320217132568359
1365889806.521775,802.439024390244,41.7,5.304919719696045
1365889806.7772439,846.951219512195,42.2,5.309813976287842
1365889807.030842,845.1219512195122,42.2,5.3184003829956055
1365889807.2918599,738.4146341463414,41.7,5.3327178955078125
1365889807.566265,750.0,41.7,5.322569370269775
1365889807.842813,843.2926829268292,42.2,5.299188852310181
1365889808.095834,893.2926829268292,42.8,5.303287982940674
1365889808.348692,758.5365853658536,41.2,5.321561574935913
1365889808.620336,893.2926829268292,42.2,5.367257118225098
1365889808.877194,879.8780487804878,41.7,5.364398241043091
1365889809.130465,931.0975609756098,42.2,5.327747821807861
1365889809.391575,655.4878048780488,41.7,5.3193442821502686
1365889809.666003,910.3658536585366,42.2,5.323383569717407
1365889809.923396,845.1219512195122,42.2,5.309731721878052
1365889810.176391,918.9024390243903,42.2,5.3313679695129395
1365889810.447882,832.9268292682926,42.8,5.330656290054321
1365889810.701169,803.048780487805,42.2,5.299200057983398
1365889810.955471,943.2926829268292,42.2,5.302451848983765
1365889811.210561,743.2926829268292,41.7,5.3191978931427
1365889811.484689,758.5365853658536,42.2,5.300198316574097
1365889811.737629,920.1219512195122,42.2,5.2993669509887695
1365889811.9925508,942.0731707317073,41.7,5.314926862716675
1365889812.2591932,741.4634146341464,41.2,5.3224570751190186
1365889812.535239,945.1219512195122,41.7,5.299955368041992
1365889812.789377,779.2682926829268,42.2,5.3008928298950195
1365889813.043616,945.1219512195122,42.2,5.310594081878662
1365889813.301992,733.5365853658536,41.2,5.319722652435303
1365889813.576344,854.2682926829268,41.7,5.430649995803833
1365889813.82944,882.9268292682926,42.2,5.315728187561035
1365889814.0844102,830.4878048780488,42.2,5.325736999511719
1365889814.343523,720.1219512195122,41.2,5.3247716426849365
1365889814.617588,788.4146341463415,42.2,5.3185038566589355
1365889814.8708239,876.219512195122,42.2,5.302016496658325
1365889815.124692,770.1219512195122,42.2,5.3128392696380615
1365889815.383345,740.2439024390244,41.7,5.357911586761475
1365889815.657347,945.1219512195122,42.2,5.302988767623901
1365889815.9140081,1739.6341463414635,42.2,5.306116819381714
1365889816.169487,841.4634146341463,42.2,5.319213628768921
1365889816.429981,737.1951219512194,41.2,5.3212504386901855
1365889816.7046232,782.3170731707318,42.2,5.380371570587158
1365889816.959185,784.1463414634146,42.2,5.30234694480896
1365889817.213255,926.219512195122,42.8,5.312588691711426
1365889817.471446,724.390243902439,41.2,5.335330486297607
1365889817.745985,779.2682926829268,42.2,5.418898582458496
1365889817.999957,924.3902439024391,42.2,5.301387310028076
1365889818.2556531,871.3414634146342,42.2,5.318180084228516
1365889818.514928,742.0731707317074,41.2,5.337326288223267
1365889818.789484,765.2439024390244,42.2,5.313224792480469
1365889819.042506,946.3414634146341,42.2,5.31465220451355
1365889819.297369,925.0,42.2,5.309662580490112
1365889819.557169,642.6829268292684,41.2,5.321499586105347
1365889819.8317592,831.0975609756097,42.2,5.309279203414917
1365889820.084716,968.2926829268292,42.2,5.300658702850342
1365889820.338947,843.9024390243902,41.7,5.308279037475586
1365889820.5949252,740.2439024390244,41.2,5.35026216506958
1365889820.868959,779.2682926829268,42.2,5.31480860710144
1365889821.122111,954.8780487804878,42.2,5.302341461181641
1365889821.376241,754.2682926829268,41.7,5.309008359909058
1365889821.635705,627.439024390244,41.7,5.344715118408203
1365889821.913055,954.8780487804878,42.2,5.301209211349487
1365889822.166396,850.0,42.2,5.299612045288086
1365889822.421003,823.170731707317,42.8,5.3224616050720215
1365889822.677689,732.3170731707316,41.2,5.3266496658325195
1365889822.961552,762.1951219512196,41.7,5.3174097537994385
1365889823.2145631,960.9756097560976,42.2,5.298732280731201
1365889823.469576,835.3658536585366,42.2,5.370250701904297
1365889823.734279,642.6829268292684,41.2,5.364904880523682
1365889824.0093598,762.1951219512196,41.2,5.311022996902466
1365889824.262569,925.0,41.7,5.2982940673828125
1365889824.518183,956.0975609756097,42.2,5.327443838119507
1365889824.790026,939.0243902439024,42.2,5.340640544891357
1365889825.04276,934.1463414634147,42.2,5.299971580505371
1365889825.2962492,940.2439024390243,42.2,5.301235914230347
1365889825.552875,669.5121951219512,42.2,5.328769683837891
1365889825.827562,735.3658536585366,41.7,5.359151840209961
1365889826.102081,852.4390243902438,42.2,5.300419092178345
1365889826.3549042,957.9268292682926,42.2,5.305974245071411
1365889826.6094348,925.0,42.2,5.308100700378418
1365889826.869996,800.0,41.2,5.4563984870910645
1365889827.147679,809.1463414634147,42.2,5.355222463607788
1365889827.400956,835.9756097560976,42.2,5.315439701080322
1365889827.6547961,768.2926829268292,41.7,5.39914870262146
1365889827.928788,742.0731707317074,41.7,5.616652965545654
1365889828.202608,902.439024390244,41.2,5.427942752838135
1365889828.455302,832.9268292682926,42.2,5.400720596313477
1365889828.708683,932.9268292682927,42.2,5.337794542312622
1365889828.968308,692.0731707317073,41.7,5.324617385864258
1365889829.242701,937.1951219512194,41.2,5.3019115924835205
1365889829.497092,846.3414634146342,41.7,5.3507795333862305
1365889829.751606,769.5121951219512,42.2,5.312422513961792
1365889830.008363,746.3414634146342,41.7,5.326114654541016
1365889830.282977,962.1951219512194,42.2,5.297648191452026
1365889830.537699,962.8048780487804,42.2,5.3023741245269775
1365889830.792365,953.0487804878048,42.2,5.30543327331543
1365889831.0494232,729.2682926829268,42.2,5.3551812171936035
1365889831.324173,904.2682926829268,42.2,5.300325632095337
1365889831.578259,881.0975609756098,42.2,5.34298300743103
1365889831.8322291,785.9756097560976,42.2,5.3093485832214355
1365889832.089107,713.4146341463414,41.7,5.332547426223755
1365889832.363177,793.2926829268293,42.2,5.320523977279663
1365889832.617461,893.2926829268292,42.2,5.2988646030426025
1365889832.871691,860.9756097560976,42.2,5.306198835372925
1365889833.128562,651.219512195122,41.7,5.474567651748657
1365889833.4029272,731.0975609756098,42.2,5.312392473220825
1365889833.672801,926.829268292683,42.2,5.305618524551392
1365889833.929717,885.3658536585366,42.2,5.29909348487854
1365889834.183017,981.0975609756098,42.2,5.319361925125122
1365889834.4565482,794.5121951219512,41.2,5.296894073486328
1365889834.710664,917.0731707317074,42.2,5.2976601123809814
1365889834.965258,879.2682926829268,42.2,5.306450843811035
1365889835.224177,659.1463414634146,41.2,5.3255934715271
1365889835.498625,750.0,41.7,5.350322246551514
1365889835.772576,971.3414634146342,42.2,5.34442400932312
1365889836.028267,898.1707317073171,42.2,5.308344125747681
1365889836.281701,1707.3170731707316,41.2,5.354482173919678
1365889836.554531,807.3170731707318,42.2,5.3121888637542725
1365889836.808372,832.9268292682926,42.2,5.356133222579956
1365889837.062881,785.9756097560976,41.7,5.317123889923096
1365889837.3169558,744.5121951219512,41.7,5.507310628890991
1365889837.5915651,741.4634146341464,41.7,5.473387718200684
1365889837.8668869,802.439024390244,42.2,5.299840211868286
1365889838.121135,887.1951219512196,42.2,5.3181726932525635
1365889838.374364,929.2682926829269,42.2,5.312404632568359
1365889838.640864,667.0731707317074,41.7,5.345712661743164
1365889838.919838,849.390243902439,42.2,5.30912709236145
1365889839.173287,907.3170731707318,41.2,5.300746917724609
1365889839.426843,915.2439024390244,42.2,5.304433822631836
1365889839.686105,746.3414634146342,41.7,5.325656890869141
1365889839.966387,943.9024390243902,41.7,5.297845125198364
1365889840.221048,943.9024390243902,42.2,5.309743404388428
1365889840.47382,841.4634146341463,42.2,5.321627140045166
1365889840.739678,714.0243902439024,41.2,5.351533889770508
1365889841.0140002,942.0731707317073,41.7,5.305725574493408
1365889841.267796,946.951219512195,42.2,5.302195072174072
1365889841.5208268,770.1219512195122,42.2,5.320244789123535
1365889841.793322,979.2682926829268,42.2,5.591443777084351
1365889842.072026,864.0243902439024,42.2,5.418519496917725
1365889842.325048,863.4146341463414,42.2,5.320425271987915
1365889842.595524,803.048780487805,41.2,5.302831649780273
1365889842.848683,953.0487804878048,42.2,5.297928810119629
1365889843.103005,819.5121951219512,42.2,5.300485372543335
1365889843.356618,699.390243902439,41.2,5.329998731613159
1365889843.631348,864.0243902439024,41.7,5.371158838272095
1365889843.885783,953.0487804878048,42.2,5.31399130821228
1365889844.140198,878.0487804878048,41.7,5.317401170730591
1365889844.4090722,626.219512195122,41.2,5.320631504058838
1365889844.683156,918.2926829268293,42.2,5.388269662857056
1365889844.938576,794.5121951219512,42.2,5.30175518989563
1365889845.1937642,751.219512195122,42.2,5.388871669769287
1365889845.4685812,827.4390243902438,42.2,5.326135635375977
1365889845.721323,1157.9268292682927,41.7,5.297581672668457
1365889845.9756632,807.9268292682927,41.7,5.319387674331665
1365889846.246751,656.0975609756098,42.2,5.318461894989014
1365889846.519983,935.9756097560976,41.7,5.2989747524261475
1365889846.772956,800.0,42.8,5.3099000453948975
1365889847.026544,751.219512195122,41.7,5.442341089248657
1365889847.3063521,832.3170731707316,42.2,5.303161859512329
1365889847.559223,950.0,42.2,5.302357912063599
1365889847.8132758,782.3170731707318,41.7,5.322366237640381
1365889848.0841,766.4634146341464,41.7,5.311051607131958
1365889848.3391502,848.170731707317,42.2,5.331819295883179
1365889848.592111,918.2926829268293,42.8,5.315813302993774
1365889848.844935,747.560975609756,41.7,5.321464538574219
1365889849.120933,906.0975609756098,42.8,5.317842483520508
1365889849.37601,769.5121951219512,42.2,5.323158264160156
1365889849.628939,934.1463414634147,42.2,5.322265386581421
1365889849.885052,732.3170731707316,41.7,5.324692487716675
1365889850.159328,753.0487804878048,41.2,5.334488153457642
1365889850.437611,850.0,42.2,5.298582315444946
1365889850.6910248,939.0243902439024,42.2,5.313760042190552
1365889850.947695,940.2439024390243,41.7,5.319445848464966
1365889851.219336,830.4878048780488,42.2,5.302734851837158
1365889851.474071,841.4634146341463,42.2,5.30501651763916
1365889851.7276218,818.2926829268292,42.8,5.310724973678589
1365889851.98839,727.4390243902438,41.7,5.329845428466797
1365889852.261471,834.1463414634146,42.2,5.313054323196411
1365889852.5166621,895.1219512195122,41.7,5.299773693084717
1365889852.770049,803.048780487805,41.7,5.368612289428711
1365889853.0427651,835.3658536585366,41.7,5.299420595169067
1365889853.2957609,868.9024390243902,42.2,5.3047239780426025
1365889853.551583,893.9024390243902,42.2,5.3102288246154785
1365889853.808539,626.219512195122,41.7,5.323555946350098
1365889854.083122,745.1219512195122,41.7,5.320228099822998
1365889854.357555,1624.390243902439,42.2,5.307605504989624
1365889854.6130528,803.048780487805,42.2,5.309886693954468
1365889854.8665779,820.1219512195122,42.2,5.376451730728149
1365889855.13765,784.1463414634146,42.2,5.300317764282227
1365889855.390934,875.0,42.2,5.30063533782959
1365889855.646577,932.3170731707318,42.2,5.325996398925781
1365889855.906413,631.0975609756098,41.7,5.3334386348724365
1365889856.181057,785.3658536585366,42.2,5.333451986312866
1365889856.434283,921.9512195121952,42.8,5.306464195251465
1365889856.6887481,917.0731707317074,42.2,5.309305429458618
1365889856.953563,740.2439024390244,41.2,5.329723119735718
1365889857.227794,800.0,42.2,5.300158739089966
1365889857.480903,788.4146341463415,42.2,5.300415992736816
1365889857.7362938,800.0,41.7,5.308837413787842
1365889857.996913,735.3658536585366,41.7,5.328144550323486
1365889858.271413,781.0975609756098,42.2,5.385266065597534
1365889858.524234,890.2439024390244,42.2,5.327982425689697
1365889858.778889,828.0487804878048,42.2,5.3078532218933105
1365889859.036584,744.5121951219512,41.2,5.419836044311523
1365889859.311129,973.170731707317,42.2,5.300384521484375
1365889859.5641448,767.0731707317074,42.2,5.298211097717285
1365889859.820483,932.3170731707318,42.2,5.31666111946106
1365889860.080982,727.4390243902438,41.7,5.324161767959595
1365889860.354885,925.0,42.2,5.316995620727539
1365889860.608345,926.219512195122,42.2,5.3486762046813965
1365889860.8652658,940.8536585365853,42.2,5.3100807666778564
1365889861.123998,734.1463414634146,41.2,5.324498414993286
1365889861.398968,789.0243902439024,42.2,5.297794580459595
1365889861.652935,976.8292682926829,42.2,5.312762022018433
1365889861.908569,902.439024390244,42.2,5.320265769958496
1365889862.1686962,650.609756097561,41.2,5.342320203781128
1365889862.443094,921.3414634146342,42.2,5.453372478485107
1365889862.696214,843.9024390243902,41.7,5.679535150527954
1365889862.9524522,915.8536585365854,42.2,5.551860809326172
1365889863.209579,755.4878048780488,41.7,5.39081072807312
1365889863.4830668,904.8780487804878,42.2,5.31502103805542
1365889863.7389598,960.9756097560976,42.2,5.304264545440674
1365889863.9937239,956.0975609756097,42.2,5.328596353530884
1365889864.251667,723.170731707317,42.2,5.393096923828125
1365889864.5261729,790.2439024390244,42.2,5.317940711975098
1365889864.7788029,987.8048780487804,42.2,5.326507091522217
1365889865.0327199,904.8780487804878,42.2,5.312892913818359
1365889865.2865448,715.2439024390244,41.7,5.325928211212158
1365889865.560908,859.1463414634146,42.2,5.306436061859131
1365889865.8140318,1638.4146341463415,42.2,5.305392742156982
1365889866.068993,926.829268292683,41.7,5.316240549087524
1365889866.329155,738.4146341463414,41.2,5.320844888687134
1365889866.603345,866.4634146341464,42.2,5.301628828048706
1365889866.85769,953.0487804878048,42.8,5.296401262283325
1365889867.1120799,827.4390243902438,42.2,5.303289413452148
1365889867.369021,675.609756097561,41.2,5.37919545173645
1365889867.643023,835.3658536585366,42.2,5.307170152664185
1365889867.896079,1037.1951219512193,42.2,5.303894996643066
1365889868.1506581,943.2926829268292,42.2,5.322603464126587
1365889868.415597,722.560975609756,41.2,5.43833065032959
1365889868.6902661,935.9756097560976,41.7,5.302236080169678
1365889868.9455428,826.2195121951219,41.7,5.381995677947998
1365889869.1991339,813.4146341463414,42.2,5.311965465545654
1365889869.459293,699.390243902439,41.7,5.398849725723267
1365889869.733692,954.2682926829268,42.2,5.302234411239624
1365889869.993197,780.4878048780488,42.2,5.301782608032227
1365889870.248287,912.1951219512196,42.2,5.307236433029175
1365889870.508238,681.0975609756098,41.2,5.32470965385437
1365889870.782911,746.3414634146342,41.7,5.325610160827637
1365889871.058631,860.3658536585366,42.2,5.2967283725738525
1365889871.312997,773.1707317073171,42.2,5.301214933395386
1365889871.566045,951.2195121951219,41.2,5.320412635803223
1365889871.8371909,879.8780487804878,42.2,5.301302671432495
1365889872.0902069,835.3658536585366,42.2,5.327479124069214
1365889872.343468,824.390243902439,42.8,5.31212043762207
1365889872.6015701,736.5853658536586,41.7,5.321228981018066
1365889872.876039,636.5853658536586,41.2,5.334993362426758
1365889873.1506171,859.1463414634146,42.2,5.348792791366577
1365889873.405521,770.1219512195122,41.7,5.339012384414673
1365889873.65851,1699.3902439024391,41.2,5.360671043395996
1365889873.930039,772.5609756097562,42.2,5.301935911178589
1365889874.183738,864.0243902439024,42.2,5.300773859024048
1365889874.439049,882.9268292682926,42.2,5.322030782699585
1365889874.69932,746.3414634146342,42.2,5.429029703140259
1365889874.977196,659.1463414634146,41.2,5.350827932357788
1365889875.251521,943.9024390243902,42.2,5.297576427459717
1365889875.506134,946.3414634146341,42.2,5.348220348358154
1365889875.7592142,743.2926829268292,41.7,5.324970960617065
1365889876.035006,925.0,41.7,5.296928644180298
1365889876.289289,860.9756097560976,42.2,5.345389127731323
1365889876.543191,960.9756097560976,42.2,5.517956495285034
1365889876.8088908,738.4146341463414,41.7,5.402321100234985
1365889877.0843241,738.4146341463414,41.7,5.320886611938477
1365889877.359324,843.2926829268292,42.2,5.3447935581207275
1365889877.6142778,785.3658536585366,41.7,5.304171562194824
1365889877.8669949,824.390243902439,42.2,5.34594202041626
1365889878.1380942,945.1219512195122,41.7,5.35148549079895
1365889878.391792,956.0975609756097,42.2,5.300677537918091
1365889878.6470258,773.1707317073171,42.2,5.304212808609009
1365889878.906424,628.6585365853658,41.2,5.326993465423584
1365889879.180706,959.1463414634146,42.2,5.327716588973999
1365889879.4339578,859.1463414634146,41.7,5.294948101043701
1365889879.68802,904.8780487804878,42.2,5.304872751235962
1365889879.9481852,736.5853658536586,42.2,5.343377113342285
1365889880.2223291,754.2682926829268,41.7,5.318974494934082
1365889880.499169,896.9512195121952,42.2,5.327568531036377
1365889880.7526011,821.3414634146341,42.2,5.300955295562744
1365889881.012794,968.9024390243902,41.7,5.3320910930633545
1365889881.287274,935.3658536585366,42.2,5.296661138534546
1365889881.541964,1821.341463414634,42.2,5.304357290267944
1365889881.79526,904.8780487804878,42.2,5.334209203720093
1365889882.054893,745.1219512195122,41.7,5.326111078262329
1365889882.331298,928.048780487805,42.2,5.301060199737549
1365889882.5864801,942.0731707317073,42.2,5.320473670959473
1365889882.840898,878.0487804878048,42.2,5.35766077041626
1365889883.09956,753.0487804878048,41.2,5.3405842781066895
1365889883.373717,818.2926829268292,42.2,5.302842378616333
1365889883.62902,951.8292682926829,42.2,5.306400537490845
1365889883.8846562,954.8780487804878,42.2,5.355701923370361
1365889884.153483,734.1463414634146,41.7,5.3200364112854
1365889884.429666,960.3658536585366,42.2,5.300048351287842
1365889884.686283,893.2926829268292,42.2,5.3149940967559814
1365889884.9425359,862.1951219512194,42.2,5.332218408584595
1365889885.21797,990.2439024390244,42.2,5.31131386756897
1365889885.473814,763.4146341463414,42.2,5.320140600204468
1365889885.729701,835.3658536585366,41.7,5.421401023864746
1365889886.0068638,993.9024390243902,42.2,5.301863193511963
1365889886.260821,907.9268292682927,42.2,5.304936170578003
1365889886.517248,769.5121951219512,42.8,5.312362909317017
1365889886.782151,757.3170731707318,41.2,5.511416435241699
1365889887.057935,1826.219512195122,42.2,5.303853750228882
1365889887.311321,862.1951219512194,42.2,5.43525767326355
1365889887.5644522,939.0243902439024,42.2,5.309696197509766
1365889887.831362,741.4634146341464,41.7,5.395880699157715
1365889888.1102452,785.3658536585366,42.2,5.331874132156372
1365889888.3632698,945.1219512195122,42.2,5.302564859390259
1365889888.619526,750.0,42.2,5.324014663696289
1365889888.900579,970.1219512195122,42.2,5.309770107269287
1365889889.153753,879.8780487804878,42.2,5.404827117919922
1365889889.406754,959.1463414634146,41.7,5.311027765274048
1365889889.6761339,717.0731707317073,41.7,5.3956077098846436
1365889889.954592,993.9024390243902,41.7,5.321779727935791
1365889890.208128,805.4878048780488,42.2,5.304014205932617
1365889890.461218,932.3170731707318,41.2,5.32748818397522
1365889890.7377431,819.5121951219512,41.7,5.308279514312744
1365889890.995811,762.1951219512196,42.2,5.450054883956909
1365889891.249183,848.170731707317,42.2,5.318527460098267
1365889891.518867,904.8780487804878,42.2,5.378882169723511
1365889891.775242,929.8780487804878,42.2,5.339884281158447
1365889892.029383,871.3414634146342,42.2,5.32026481628418
1365889892.287586,740.2439024390244,42.2,5.346772193908691
1365889892.563883,784.1463414634146,42.2,5.303969621658325
1365889892.817305,817.0731707317073,42.2,5.309399843215942
1365889893.073249,792.0731707317074,42.8,5.5038673877716064
1365889893.33493,753.0487804878048,41.2,5.331627607345581
1365889893.614222,627.439024390244,41.2,5.3278045654296875
1365889893.887274,918.2926829268293,42.2,5.353254079818726
1365889894.142943,878.0487804878048,42.2,5.311205148696899
1365889894.409264,815.2439024390243,42.2,5.31944727897644
1365889894.68725,915.2439024390244,42.2,5.328917503356934
1365889894.942123,843.2926829268292,42.2,5.326711654663086
1365889895.19697,778.048780487805,42.2,5.322520017623901
1365889895.468752,854.2682926829268,42.2,5.318871259689331
1365889895.725931,1026.8292682926829,42.2,5.319009065628052
1365889895.981814,1451.829268292683,42.2,5.307240962982178
1365889896.240128,749.390243902439,41.2,5.343225955963135
1365889896.516552,850.0,42.2,5.311628580093384
1365889896.7715268,777.439024390244,42.2,5.307336091995239
1365889897.033247,953.0487804878048,42.2,5.3210790157318115
1365889897.306591,834.1463414634146,42.2,5.326798677444458
1365889897.5605628,837.1951219512194,42.2,5.29469633102417
1365889897.8146932,816.4634146341463,42.2,5.435718297958374
1365889898.069983,686.5853658536586,41.7,5.330751895904541
1365889898.3521202,890.2439024390244,42.2,5.303312540054321
1365889898.6065412,965.2439024390244,42.2,5.301440477371216
1365889898.85954,820.1219512195122,42.2,5.426823377609253
1365889899.1302369,751.219512195122,42.2,5.345199823379517
1365889899.405486,856.0975609756098,42.2,5.321108818054199
1365889899.6594582,1042.0731707317073,42.2,5.304024696350098
1365889899.913265,987.8048780487804,42.2,5.324370622634888
1365889900.189507,859.1463414634146,42.2,5.296872615814209
1365889900.444543,830.4878048780488,42.8,5.337717771530151
1365889900.6979651,964.0243902439024,42.2,5.330876111984253
1365889900.96508,742.0731707317074,41.2,5.323725461959839
1365889901.240809,943.2926829268292,41.7,5.2984278202056885
1365889901.4968598,882.3170731707318,42.2,5.3154871463775635
1365889901.751252,962.1951219512194,42.2,5.316229820251465
1365889902.023089,658.5365853658537,41.2,5.315112590789795
1365889902.297332,962.8048780487804,42.2,5.300021648406982
1365889902.553134,967.0731707317073,42.8,5.298600196838379
1365889902.807603,667.0731707317074,42.2,5.320045709609985
1365889903.085433,860.3658536585366,42.2,5.329332590103149
1365889903.341154,870.1219512195122,42.2,5.305492877960205
1365889903.595526,954.2682926829268,42.2,5.324351072311401
1365889903.8665442,1771.341463414634,42.2,5.43469500541687
1365889904.1192708,842.0731707317073,42.2,5.521064043045044
1365889904.3730938,789.0243902439024,42.2,5.407921314239502
1365889904.631416,656.0975609756098,42.2,5.346611261367798
1365889904.910283,856.0975609756098,42.2,5.428965330123901
1365889905.164502,945.1219512195122,42.2,5.365670919418335
1365889905.419901,1101.219512195122,42.2,5.307937145233154
1365889905.682786,971.951219512195,41.2,5.348836898803711
1365889905.959861,913.4146341463415,42.2,5.2954912185668945
1365889906.2140732,785.9756097560976,42.2,5.303496360778809
1365889906.467442,885.9756097560976,42.2,5.314598560333252
1365889906.7381198,741.4634146341464,41.7,5.498127460479736
1365889907.013411,937.1951219512194,42.2,5.323019504547119
1365889907.266809,960.9756097560976,42.2,5.304356813430786
1365889907.521947,753.0487804878048,42.2,5.333138942718506
1365889907.800125,924.3902439024391,42.2,5.298006296157837
1365889908.054506,834.1463414634146,42.2,5.3773157596588135
1365889908.310377,962.8048780487804,41.7,5.318227291107178
1365889908.586186,788.4146341463415,42.2,5.3094987869262695
1365889908.839166,946.3414634146341,42.2,5.313100576400757
1365889909.093614,879.8780487804878,42.2,5.304333448410034
1365889909.351218,753.0487804878048,41.7,5.410524368286133
1365889909.6286578,729.2682926829268,41.7,5.443388938903809
1365889909.904938,802.439024390244,42.2,5.307934045791626
1365889910.1590772,943.9024390243902,42.2,5.500077247619629
1365889910.4130712,906.0975609756098,42.2,5.394137859344482
1365889910.689412,978.0487804878048,42.8,5.299406290054321
1365889910.9432828,870.1219512195122,42.2,5.305358648300171
1365889911.1981618,953.0487804878048,42.2,5.3091206550598145
1365889911.458238,628.6585365853658,41.2,5.320258617401123
1365889911.738281,787.1951219512196,42.2,5.306408166885376
1365889911.991515,954.8780487804878,42.2,5.299386024475098
1365889912.244502,801.219512195122,42.2,5.313870191574097
1365889912.513209,821.3414634146341,41.2,5.325764894485474
1365889912.788194,839.0243902439024,42.2,5.320423603057861
1365889913.04673,932.3170731707318,42.2,5.313276290893555
1365889913.301759,756.0975609756098,42.2,5.3424391746521
1365889913.5767438,962.1951219512194,42.2,5.301568031311035
1365889913.831548,915.2439024390244,42.2,5.303448915481567
1365889914.084864,906.0975609756098,42.2,5.306691646575928
1365889914.3472729,803.048780487805,41.7,5.334750652313232
1365889914.622367,755.4878048780488,41.2,5.321905851364136
1365889914.898914,877.439024390244,42.2,5.301718235015869
1365889915.152019,862.1951219512194,42.2,5.300098896026611
1365889915.404994,887.1951219512196,42.2,5.330593824386597
1365889915.675325,841.4634146341463,42.2,5.319360733032227
1365889915.9331899,830.4878048780488,42.2,5.301937103271484
1365889916.187626,796.9512195121952,42.2,5.304595232009888
1365889916.447855,735.3658536585366,42.2,5.31754994392395
1365889916.724075,828.0487804878048,42.8,5.296821355819702
1365889916.9798138,777.439024390244,42.2,5.309648752212524
1365889917.232994,926.219512195122,42.2,5.309355735778809
1365889917.5010931,746.3414634146342,41.7,5.321366786956787
1365889917.778412,788.4146341463415,42.2,5.304955005645752
1365889918.037854,962.1951219512194,42.2,5.30901837348938
1365889918.2909398,765.2439024390244,41.2,5.320369720458984
1365889918.563648,906.0975609756098,42.2,5.300186395645142
1365889918.816538,1667.6829268292684,42.2,5.309537410736084
1365889919.071626,925.0,42.2,5.3062028884887695
1365889919.3285172,636.5853658536586,42.2,5.323110580444336
1365889919.602676,946.3414634146341,41.7,5.299386978149414
1365889919.8555222,860.9756097560976,42.2,5.307740926742554
1365889920.110522,787.1951219512196,42.2,5.307267665863037
1365889920.370972,632.3170731707318,42.2,5.326910018920898
1365889920.645458,736.5853658536586,41.2,5.337040424346924
1365889920.919051,890.2439024390244,42.2,5.29629373550415
1365889921.174032,906.0975609756098,42.8,5.312114477157593
1365889921.42732,866.4634146341464,42.2,5.318964719772339
1365889921.6993458,910.9756097560976,42.2,5.316354036331177
1365889921.9523551,851.219512195122,42.2,5.497254848480225
1365889922.208357,785.9756097560976,42.2,5.487270832061768
1365889922.468838,646.3414634146342,42.2,5.3451087474823
1365889922.745402,885.3658536585366,42.2,5.299606800079346
1365889922.9984698,839.0243902439024,42.2,5.352686166763306
1365889923.253957,758.5365853658536,42.2,5.338769912719727
1365889923.511832,739.0243902439024,42.2,5.328766822814941
1365889923.78644,913.4146341463415,42.2,5.308586359024048
1365889924.041535,873.170731707317,42.2,5.298522710800171
1365889924.297167,918.2926829268293,42.2,5.309186697006226
1365889924.556897,662.1951219512196,41.2,5.323974609375
1365889924.8313842,929.2682926829269,42.2,5.315603494644165
1365889925.0843341,815.2439024390243,42.2,5.315100431442261
1365889925.3395321,946.951219512195,42.2,5.3151843547821045
1365889925.600109,747.560975609756,42.2,5.322431325912476
1365889925.8742049,777.439024390244,42.8,5.301849365234375
1365889926.1273549,956.0975609756097,42.2,5.301171064376831
1365889926.3812711,820.1219512195122,42.2,5.316574335098267
1365889926.642389,749.390243902439,41.7,5.323295831680298
1365889926.9174001,906.0975609756098,42.2,5.350281715393066
1365889927.170485,834.1463414634146,42.2,5.29656720161438
1365889927.425527,940.2439024390243,42.2,5.3062803745269775
1365889927.687885,742.0731707317074,41.2,5.344801187515259
1365889927.962237,826.2195121951219,42.8,5.300374269485474
1365889928.216161,845.1219512195122,42.2,5.297055006027222
1365889928.471196,946.951219512195,41.2,5.307231664657593
1365889928.732275,746.3414634146342,41.7,5.32642674446106
1365889929.007384,995.1219512195122,41.7,5.310580015182495
1365889929.260993,1764.0243902439024,42.2,5.296122074127197
1365889929.514884,925.0,42.2,5.302260637283325
1365889929.77324,746.3414634146342,41.7,5.353075742721558
1365889930.0506408,777.439024390244,41.2,5.303586006164551
1365889930.303733,951.8292682926829,42.2,5.303635597229004
1365889930.559551,904.8780487804878,42.2,5.324170112609863
1365889930.82418,664.6341463414634,41.7,5.32304310798645
1365889931.100069,946.951219512195,42.2,5.304318189620972
1365889931.354495,918.2926829268293,42.2,5.295230865478516
1365889931.60926,923.1707317073171,42.2,5.323551654815674
1365889931.8695638,733.5365853658536,41.2,5.323602676391602
1365889932.1439638,794.5121951219512,42.8,5.30365514755249
1365889932.397255,957.9268292682926,42.2,5.3047051429748535
1365889932.651757,934.1463414634147,41.7,5.318179130554199
1365889932.924959,949.390243902439,42.2,5.306085109710693
1365889933.178292,896.9512195121952,42.2,5.297538995742798
1365889933.432555,805.4878048780488,42.8,5.332951068878174
1365889933.69214,750.0,41.2,5.319447755813599
1365889933.9663649,945.1219512195122,41.2,5.299067497253418
1365889934.219533,827.4390243902438,42.2,5.305476188659668
1365889934.473894,827.4390243902438,42.2,5.304240465164185
1365889934.737542,676.219512195122,42.2,5.3299009799957275
1365889935.011355,789.0243902439024,42.2,5.298348665237427
1365889935.264402,957.3170731707316,42.2,5.320701599121094
1365889935.517793,843.9024390243902,42.2,5.3621838092803955
1365889935.7782779,739.0243902439024,42.2,5.342599630355835
1365889936.055707,785.3658536585366,42.2,5.3257224559783936
1365889936.309123,949.390243902439,42.2,5.296658515930176
1365889936.562942,896.3414634146342,42.2,5.305796384811401
1365889936.823404,720.1219512195122,42.2,5.323418855667114
1365889937.103362,943.9024390243902,42.2,5.299221754074097
1365889937.356621,821.3414634146341,42.2,5.29595422744751
1365889937.610705,946.951219512195,42.2,5.308919191360474
1365889937.878104,656.0975609756098,42.2,5.316769599914551
1365889938.151049,895.1219512195122,42.2,5.294585704803467
1365889938.4058628,940.8536585365853,42.2,5.338469743728638
1365889938.6590662,739.0243902439024,42.8,5.318582773208618
1365889938.936235,804.2682926829269,42.8,5.301579236984253
1365889939.19145,943.9024390243902,42.2,5.2984209060668945
1365889939.444641,770.1219512195122,42.2,5.395839691162109
1365889939.703261,746.3414634146342,42.2,5.491804599761963
1365889939.978826,760.3658536585366,42.2,5.3580403327941895
1365889940.231455,823.170731707317,42.2,5.298386812210083
1365889940.484521,895.1219512195122,42.2,5.324642658233643
1365889940.7519581,757.3170731707318,41.2,5.326524972915649
1365889941.028577,854.8780487804878,42.2,5.300865411758423
1365889941.28178,932.3170731707318,42.2,5.30127477645874
1365889941.5346801,734.1463414634146,42.2,5.371863603591919
1365889941.809369,885.3658536585366,42.2,5.299134016036987
1365889942.06722,851.219512195122,42.2,5.299012899398804
1365889942.321388,879.8780487804878,42.2,5.30565881729126
1365889942.585063,731.0975609756098,42.2,5.322432994842529
1365889942.860102,783.5365853658537,42.2,5.298245429992676
1365889943.115381,976.8292682926829,42.2,5.315454006195068
1365889943.371725,774.390243902439,42.2,5.318872690200806
1365889943.646603,864.0243902439024,42.2,5.299188852310181
1365889943.9009469,946.951219512195,42.2,5.304919242858887
1365889944.1565928,904.8780487804878,42.2,5.317471504211426
1365889944.4180312,751.219512195122,42.2,5.327464580535889
1365889944.6955478,860.3658536585366,42.2,5.296187162399292
1365889944.95067,817.0731707317073,41.7,5.3202009201049805
1365889945.205996,879.2682926829268,42.2,5.325095176696777
1365889945.477487,987.1951219512194,42.8,5.314260959625244
1365889945.730439,887.1951219512196,42.2,5.358158826828003
1365889945.9840472,921.9512195121952,42.2,5.298323631286621
1365889946.239928,739.0243902439024,42.2,5.522324562072754
1365889946.5143628,840.2439024390244,42.2,5.393270492553711
1365889946.767872,772.5609756097562,42.8,5.373991250991821
1365889947.0219479,957.9268292682926,42.2,5.317110300064087
1365889947.279191,754.2682926829268,41.2,5.317637205123901
1365889947.553937,945.1219512195122,41.7,5.307668924331665
1365889947.807025,769.5121951219512,42.2,5.298661470413208
1365889948.064115,901.219512195122,42.2,5.38329291343689
1365889948.336777,799.3902439024391,42.2,5.314323663711548
1365889948.591032,967.0731707317073,42.8,5.311030149459839
1365889948.843997,796.9512195121952,42.2,5.328970909118652
1365889949.102942,747.560975609756,42.2,5.327567100524902
1365889949.378727,940.2439024390243,41.7,5.313868522644043
1365889949.632565,923.1707317073171,42.2,5.332980155944824
1365889949.8857129,839.0243902439024,42.2,5.3473639488220215
1365889950.149322,1663.4146341463413,42.2,5.319793462753296
1365889950.425884,865.2439024390244,42.2,5.305558919906616
1365889950.6792698,948.170731707317,42.2,5.325367212295532
1365889950.932437,814.0243902439024,41.7,5.479545593261719
1365889951.208694,814.0243902439024,42.2,5.421357154846191
1365889951.462005,815.2439024390243,42.2,5.333060026168823
1365889951.715635,801.219512195122,42.2,5.326380252838135
1365889951.974302,750.0,42.2,5.436147451400757
1365889952.250922,795.1219512195122,42.2,5.3232338428497314
1365889952.505816,1225.0,42.2,5.306153297424316
1365889952.759083,838.4146341463414,42.2,5.326358079910278
1365889953.031202,781.0975609756098,42.8,5.619084358215332
1365889953.285502,926.829268292683,42.2,5.368036508560181
1365889953.53999,942.0731707317073,42.2,5.303935289382935
1365889953.800734,749.390243902439,42.2,5.366495132446289
1365889954.079446,976.219512195122,42.2,5.3027589321136475
1365889954.333503,888.4146341463414,42.2,5.302971601486206
1365889954.587542,812.1951219512194,42.2,5.33599591255188
1365889954.8556852,810.9756097560976,41.2,5.632147789001465
1365889955.1295779,940.8536585365853,42.2,5.375274419784546
1365889955.383831,785.3658536585366,42.2,5.297884464263916
1365889955.636949,943.9024390243902,42.2,5.309140205383301
1365889955.901946,714.0243902439024,42.2,5.3176634311676025
1365889956.176165,846.3414634146342,42.2,5.300137758255005
1365889956.43084,846.951219512195,42.2,5.299814224243164
1365889956.684104,742.0731707317074,42.2,5.326605319976807
1365889956.958365,779.2682926829268,42.2,5.364716053009033
1365889957.211355,957.3170731707316,42.2,5.333597183227539
1365889957.4660149,964.0243902439024,42.2,5.480314254760742
1365889957.725116,733.5365853658536,42.2,5.323827028274536
1365889958.001073,871.3414634146342,42.2,5.3090879917144775
1365889958.254307,781.0975609756098,42.8,5.302168846130371
1365889958.508847,857.9268292682926,42.2,5.3069868087768555
1365889958.7690828,745.1219512195122,41.7,5.338164567947388
1365889959.0436978,934.1463414634147,42.2,5.300497531890869
1365889959.297259,896.3414634146342,42.8,5.4492506980896
1365889959.552094,960.9756097560976,42.2,5.31120491027832
1365889959.8114612,749.390243902439,42.2,5.320944309234619
1365889960.091739,960.3658536585366,42.2,5.297929525375366
1365889960.344825,800.0,42.2,5.304782867431641
1365889960.599366,777.439024390244,42.2,5.355816841125488
1365889960.865651,760.3658536585366,41.7,5.322161912918091
1365889961.141643,805.4878048780488,42.2,5.311350345611572
1365889961.3988109,859.1463414634146,42.8,5.300661325454712
1365889961.6549351,726.219512195122,42.2,5.330108165740967
1365889961.931904,859.1463414634146,42.2,5.382519721984863
1365889962.184941,830.4878048780488,42.8,5.300380229949951
1365889962.440317,810.9756097560976,42.2,5.347409725189209
1365889962.710426,779.2682926829268,41.7,5.322283744812012
1365889962.987676,819.5121951219512,42.8,5.297528982162476
1365889963.241374,827.4390243902438,42.2,5.316238880157471
1365889963.496931,750.0,42.2,5.394576072692871
1365889963.7729092,892.0731707317074,42.2,5.326270818710327
1365889964.025551,841.4634146341463,42.2,5.35706353187561
1365889964.280512,788.4146341463415,41.7,5.394147157669067
1365889964.5472798,772.5609756097562,42.2,5.327788352966309
1365889964.8294752,859.1463414634146,42.8,5.297122478485107
1365889965.0868008,842.0731707317073,42.8,5.299065828323364
1365889965.3398569,895.1219512195122,42.2,5.323035717010498
1365889965.6015942,680.4878048780488,41.7,5.3412511348724365
1365889965.8793678,921.9512195121952,42.2,5.302892684936523
1365889966.133749,915.2439024390244,42.8,5.303300142288208
1365889966.389719,943.9024390243902,42.2,5.334224224090576
1365889966.6658611,1134.7560975609756,42.2,5.303991317749023
1365889966.922327,792.0731707317074,42.2,5.297746419906616
1365889967.176663,866.4634146341464,42.2,5.309120416641235
1365889967.442227,796.3414634146342,41.7,5.3485846519470215
1365889967.7180958,962.1951219512194,42.2,5.312727928161621
1365889967.975332,984.7560975609756,42.2,5.3850157260894775
1365889968.229353,865.2439024390244,42.2,5.338921785354614
1365889968.498821,754.2682926829268,42.2,5.320777177810669
1365889968.777617,888.4146341463414,42.8,5.3041393756866455
1365889969.031805,838.4146341463414,42.2,5.295994520187378
1365889969.2874408,890.8536585365854,42.2,5.330109596252441
1365889969.560002,675.609756097561,41.7,5.323323726654053
1365889969.840404,796.3414634146342,42.2,5.299715042114258
1365889970.100277,790.2439024390244,42.2,5.301290988922119
1365889970.354172,873.170731707317,42.2,5.320893049240112
1365889970.6256819,841.4634146341463,41.7,5.298725605010986
1365889970.8804648,815.2439024390243,42.2,5.300974607467651
1365889971.134926,990.2439024390244,42.2,5.301424741744995
1365889971.395635,681.0975609756098,42.2,5.318830728530884
1365889971.671627,777.439024390244,42.2,5.350867509841919
1365889971.925834,951.2195121951219,42.2,5.323155403137207
1365889972.180017,809.1463414634147,42.2,5.307858228683472
1365889972.444064,733.5365853658536,41.7,5.319321870803833
1365889972.722753,780.4878048780488,42.2,5.301780462265015
1365889972.9785368,772.5609756097562,42.2,5.523501396179199
1365889973.232992,830.4878048780488,42.2,5.3368446826934814
1365889973.491147,741.4634146341464,42.2,5.32903528213501
1365889973.765601,912.1951219512196,42.2,5.316967010498047
1365889974.020104,856.0975609756098,42.2,5.311232805252075
1365889974.274542,777.439024390244,42.2,5.31093430519104
1365889974.541472,675.609756097561,42.2,5.336202144622803
1365889974.817746,644.5121951219512,41.2,5.627607107162476
1365889975.095878,778.048780487805,42.2,5.370867967605591
1365889975.350056,943.2926829268292,42.2,5.3078999519348145
1365889975.604286,852.4390243902438,42.2,5.303066730499268
1365889975.862484,741.4634146341464,42.2,5.357154130935669
1365889976.149761,746.3414634146342,41.2,5.323309898376465
1365889976.423616,937.8048780487804,42.2,5.320182800292969
1365889976.6782699,913.4146341463415,42.2,5.351568937301636
1365889976.931639,721.3414634146342,42.2,5.347986459732056
1365889977.2103539,907.3170731707318,42.2,5.30758261680603
1365889977.465173,937.1951219512194,42.2,5.400023698806763
1365889977.718626,950.0,42.2,5.317805051803589
1365889977.9942698,774.390243902439,42.2,5.298043966293335
1365889978.2493749,846.3414634146342,42.2,5.365474224090576
1365889978.505028,810.9756097560976,42.2,5.322009325027466
1365889978.7699058,749.390243902439,41.2,5.335052251815796
1365889979.048337,946.951219512195,42.2,5.300886154174805
1365889979.30398,960.9756097560976,42.2,5.299215793609619
1365889979.557255,835.3658536585366,42.2,5.301383972167969
1365889979.8189929,738.4146341463414,42.2,5.357362985610962
1365889980.0969331,878.0487804878048,42.2,5.3475048542022705
1365889980.3514318,787.1951219512196,42.2,5.446301460266113
1365889980.604564,876.219512195122,42.2,5.299325704574585
1365889980.8599072,681.0975609756098,42.2,5.341226816177368
1365889981.140022,832.9268292682926,41.7,5.338332414627075
1365889981.3956769,871.9512195121952,42.2,5.3320629596710205
1365889981.651123,964.0243902439024,42.2,5.393399238586426
1365889981.9168808,749.390243902439,41.7,5.316492795944214
1365889982.1942122,863.4146341463414,42.2,5.447744846343994
1365889982.4495192,890.8536585365854,42.2,5.323703765869141
1365889982.7041862,896.9512195121952,42.2,5.322460651397705
1365889982.973001,649.390243902439,42.2,5.334239721298218
1365889983.249692,866.4634146341464,42.2,5.296149492263794
1365889983.5060842,888.4146341463414,42.2,5.296657085418701
1365889983.759155,748.170731707317,42.2,5.322575569152832
1365889984.036863,835.9756097560976,42.8,5.302261114120483
1365889984.290323,978.0487804878048,42.2,5.340687036514282
1365889984.5454679,962.8048780487804,42.2,5.358560562133789
1365889984.812501,760.3658536585366,41.2,5.388506650924683
1365889985.090539,937.8048780487804,42.2,5.317171335220337
1365889985.343694,842.0731707317073,42.2,5.358297109603882
1365889985.601213,755.4878048780488,42.2,5.323574542999268
1365889985.875477,787.1951219512196,42.8,5.302817106246948
1365889986.134136,774.390243902439,42.2,5.299076557159424
1365889986.3905458,859.1463414634146,42.2,5.315711259841919
1365889986.6655412,981.0975609756098,42.2,5.300837516784668
1365889986.92013,778.048780487805,42.2,5.308802366256714
1365889987.173695,902.439024390244,42.2,5.3006432056427
1365889987.4350069,762.1951219512196,41.7,5.324574947357178
1365889987.713372,792.0731707317074,42.2,5.2946906089782715
1365889987.967896,817.0731707317073,42.2,5.299945592880249
1365889988.222038,926.829268292683,42.8,5.327053785324097
1365889988.483901,718.2926829268292,42.2,5.321959733963013
1365889988.762924,956.0975609756097,42.2,5.2983174324035645
1365889989.018729,940.2439024390243,42.2,5.30702543258667
1365889989.273443,1003.0487804878047,42.2,5.322357892990112
1365889989.5501199,784.1463414634146,42.2,5.310240030288696
1365889989.806549,923.1707317073171,42.2,5.306330680847168
1365889990.059933,957.9268292682926,42.2,5.367082595825195
1365889990.322187,759.1463414634146,42.2,5.322041749954224
1365889990.600752,949.390243902439,42.2,5.299311399459839
1365889990.855683,838.4146341463414,42.8,5.299396753311157
1365889991.110854,901.219512195122,42.2,5.329385042190552
1365889991.383399,838.4146341463414,42.2,5.304888725280762
1365889991.63654,932.9268292682927,42.2,5.301782131195068
1365889991.8913338,943.9024390243902,42.8,5.300830602645874
1365889992.149496,737.1951219512194,42.2,5.319629907608032
1365889992.428488,854.2682926829268,42.8,5.305961847305298
1365889992.6821709,902.439024390244,42.2,5.298129558563232
1365889992.937403,840.2439024390244,42.8,5.300500154495239
1365889993.1958652,656.0975609756098,41.7,5.324619770050049
1365889993.471819,779.2682926829268,42.2,5.297322988510132
1365889993.724651,935.3658536585366,42.2,5.305030822753906
1365889993.981405,860.3658536585366,42.2,5.3107123374938965
1365889994.248275,737.1951219512194,42.2,5.330360651016235
1365889994.521672,796.3414634146342,42.2,5.297346115112305
1365889994.774913,1740.2439024390244,42.2,5.309584856033325
1365889995.034036,732.3170731707316,42.2,5.327917575836182
1365889995.310306,912.1951219512196,42.2,5.298922300338745
1365889995.56357,923.1707317073171,42.2,5.339720010757446
1365889995.8169112,803.048780487805,42.2,5.318885564804077
1365889996.087693,774.390243902439,42.8,5.294991493225098
1365889996.3424819,820.1219512195122,42.2,5.300659894943237
1365889996.597666,929.2682926829269,42.8,5.300359487533569
1365889996.857149,738.4146341463414,42.2,5.349072217941284
1365889997.137507,832.3170731707316,42.2,5.302277326583862
1365889997.390443,846.3414634146342,42.2,5.295731544494629
1365889997.643404,920.1219512195122,42.8,5.298873662948608
1365889997.904196,658.5365853658537,42.2,5.317323446273804
1365889998.1807518,945.1219512195122,42.8,5.310128688812256
1365889998.434019,877.439024390244,42.2,5.2954277992248535
1365889998.686913,937.8048780487804,41.7,5.321069002151489
1365889998.959709,932.3170731707318,42.2,5.294541120529175
1365889999.213825,820.1219512195122,42.2,5.33130407333374
1365889999.4666722,824.390243902439,42.2,5.301535606384277
1365889999.7262678,737.1951219512194,42.2,5.319786548614502
1365890000.002284,960.3658536585366,42.2,5.30529522895813
1365890000.2574809,766.4634146341464,42.2,5.299526691436768
1365890000.510323,859.1463414634146,42.8,5.307497262954712
1365890000.771234,731.0975609756098,42.2,5.324162483215332
1365890001.047989,745.1219512195122,42.2,5.31360387802124
1365890001.3191638,860.3658536585366,42.2,5.295233488082886
1365890001.572051,785.9756097560976,42.2,5.295830726623535
1365890001.824554,672.5609756097562,42.2,5.323951482772827
1365890002.100491,846.951219512195,42.2,5.297357082366943
1365890002.354893,960.3658536585366,42.2,5.304539203643799
1365890002.608275,879.8780487804878,42.2,5.307976722717285
1365890002.868651,736.5853658536586,42.2,5.395476341247559
1365890003.1477828,875.0,42.2,5.298165798187256
1365890003.401833,910.3658536585366,42.2,5.298528432846069
1365890003.654926,835.9756097560976,42.8,5.30614447593689
1365890003.913683,736.5853658536586,42.2,5.342841148376465
1365890004.188565,907.9268292682927,42.2,5.306359052658081
1365890004.443851,843.2926829268292,42.2,5.302343368530273
1365890004.6971252,775.0,42.2,5.320077419281006
1365890004.9572842,727.4390243902438,42.2,5.324427366256714
1365890005.233537,781.0975609756098,42.2,5.303297519683838
1365890005.486702,929.8780487804878,42.2,5.302508354187012
1365890005.739979,885.3658536585366,42.2,5.334099531173706
1365890006.012268,915.8536585365854,42.2,5.298594951629639
1365890006.26684,960.3658536585366,42.2,5.351114988327026
1365890006.522219,831.0975609756097,42.2,5.324764013290405
1365890006.779444,739.0243902439024,41.7,5.324572324752808
1365890007.053869,859.1463414634146,42.2,5.30118203163147
1365890007.306654,790.2439024390244,42.2,5.303593635559082
1365890007.560698,950.0,42.8,5.31343412399292
1365890007.817646,736.5853658536586,41.7,5.316911935806274
1365890008.087761,812.1951219512194,42.8,5.297753095626831
1365890008.3422039,910.3658536585366,42.8,5.3191986083984375
1365890008.5974069,796.3414634146342,42.2,5.323113679885864
1365890008.869097,801.219512195122,42.2,5.330713510513306
1365890009.124191,900.0,42.2,5.3033599853515625
1365890009.3772109,879.2682926829268,42.2,5.319796562194824
1365890009.6388202,702.4390243902438,42.2,5.330291032791138
1365890009.9136882,756.0975609756098,42.2,5.326441287994385
1365890010.19338,780.4878048780488,42.2,5.298620700836182
1365890010.4473732,942.0731707317073,42.8,5.295945882797241
1365890010.7015512,790.2439024390244,42.8,5.307510614395142
1365890010.967065,742.0731707317074,42.2,5.3251848220825195
1365890011.237392,948.170731707317,42.2,5.303924083709717
1365890011.4918861,893.9024390243902,42.2,5.329980373382568
1365890011.7450612,787.1951219512196,41.7,5.342544794082642
1365890012.0158489,829.2682926829268,42.2,5.406210660934448
1365890012.268988,918.9024390243903,42.2,5.565810918807983
1365890012.5225658,957.9268292682926,42.2,5.452631950378418
1365890012.782042,736.5853658536586,41.2,5.43656849861145
1365890013.057142,874.390243902439,42.2,5.383758306503296
1365890013.3112938,867.0731707317074,42.2,5.410034894943237
1365890013.565214,960.3658536585366,42.2,5.332960367202759
1365890013.838142,954.8780487804878,42.2,5.3051817417144775
1365890014.091321,781.0975609756098,42.2,5.304725885391235
1365890014.3443232,948.170731707317,42.2,5.2986955642700195
1365890014.604408,748.170731707317,41.2,5.318267583847046
1365890014.8810701,801.219512195122,42.2,5.306185722351074
1365890015.136566,915.2439024390244,42.8,5.296595573425293
1365890015.3897548,857.3170731707316,42.8,5.315441846847534
1365890015.660053,889.0243902439024,42.2,5.296425104141235
1365890015.91576,904.2682926829268,42.2,5.301522493362427
1365890016.176399,835.3658536585366,42.8,5.305354595184326
1365890016.435682,628.6585365853658,41.2,5.3277974128723145
1365890016.711595,733.5365853658536,41.7,5.32349157333374
1365890016.987563,816.4634146341463,42.2,5.296542406082153
1365890017.240878,946.3414634146341,42.2,5.308661937713623
1365890017.494407,754.2682926829268,42.2,5.341973066329956
1365890017.7725608,854.2682926829268,42.2,5.388098955154419
1365890018.026438,942.0731707317073,42.2,5.318352937698364
1365890018.281606,775.0,42.2,5.424904823303223
1365890018.5387032,693.2926829268292,42.2,5.33107852935791
1365890018.81464,742.0731707317074,42.2,5.328247785568237
1365890019.090097,851.219512195122,42.2,5.306534767150879
1365890019.343297,859.1463414634146,42.2,5.296767234802246
1365890019.59615,956.0975609756097,42.2,5.322481155395508
1365890019.870423,865.2439024390244,42.8,5.304212808609009
1365890020.1236942,762.1951219512196,42.2,5.297415494918823
1365890020.376825,939.0243902439024,42.2,5.316287279129028
1365890020.636443,724.390243902439,42.2,5.31955361366272
1365890020.914314,756.0975609756098,41.7,5.328376054763794
1365890021.1938071,940.8536585365853,42.2,5.308224678039551
1365890021.447158,937.8048780487804,42.2,5.306737661361694
1365890021.700657,889.0243902439024,42.2,5.316571950912476
1365890021.97745,885.3658536585366,42.2,5.32630181312561
1365890022.2302139,771.3414634146342,42.2,5.298040866851807
1365890022.483124,881.0975609756098,42.2,5.3146278858184814
1365890022.74117,634.1463414634146,41.2,5.344361066818237
1365890023.018346,867.0731707317074,42.2,5.307310342788696
1365890023.2726011,820.1219512195122,42.2,5.298338174819946
1365890023.5254662,826.2195121951219,42.2,5.315415143966675
1365890023.796339,821.951219512195,42.8,5.324618577957153
1365890024.0525131,956.0975609756097,42.8,5.470199108123779
1365890024.305527,771.3414634146342,42.2,5.302656888961792
1365890024.5615559,666.4634146341464,41.2,5.322281122207642
1365890024.835497,807.3170731707318,42.2,5.313304662704468
1365890025.090963,832.9268292682926,42.2,5.307028293609619
1365890025.3453991,925.0,42.2,5.307965040206909
1365890025.603939,625.609756097561,41.7,5.318981885910034
1365890025.878667,871.3414634146342,42.2,5.301004886627197
1365890026.133782,965.2439024390244,42.2,5.343200922012329
1365890026.388128,814.0243902439024,42.2,5.301238059997559
1365890026.6498308,664.6341463414634,41.7,5.3169450759887695
1365890026.925083,951.2195121951219,42.2,5.318160533905029
1365890027.186048,856.0975609756098,42.8,5.298578977584839
1365890027.439007,906.0975609756098,42.2,5.320551633834839
1365890027.707753,740.2439024390244,42.2,5.31532621383667
1365890027.983546,854.2682926829268,42.2,5.298002481460571
1365890028.237886,791.4634146341464,42.2,5.293429136276245
1365890028.49266,890.8536585365854,42.8,5.317702531814575
1365890028.756006,733.5365853658536,41.7,5.32162070274353
1365890029.03055,768.2926829268292,42.2,5.3207106590271
1365890029.30954,784.1463414634146,42.2,5.317366123199463
1365890029.563532,935.9756097560976,42.2,5.298084020614624
1365890029.8189251,1196.9512195121952,42.2,5.469996452331543
1365890030.0912168,984.7560975609756,42.2,5.6420698165893555
1365890030.346886,857.9268292682926,42.8,5.40473198890686
1365890030.600001,1161.5853658536585,42.2,5.317412853240967
1365890030.862298,758.5365853658536,42.2,5.474871397018433
1365890031.137496,750.0,41.2,5.338756322860718
1365890031.417557,1059.1463414634145,42.2,5.323747158050537
1365890031.670967,812.1951219512194,42.2,5.298754692077637
1365890031.926591,737.1951219512194,42.2,5.332316160202026
1365890032.213355,1594.5121951219512,42.2,5.312126398086548
1365890032.470895,940.8536585365853,42.2,5.30525803565979
1365890032.724092,806.0975609756098,41.7,5.321990489959717
1365890032.995936,965.2439024390244,42.2,5.306546211242676
1365890033.250885,854.8780487804878,42.2,5.2985618114471436
1365890033.507211,890.8536585365854,42.2,5.302081108093262
1365890033.7684119,742.0731707317074,42.2,5.339693069458008
1365890034.042752,775.0,42.2,5.3007543087005615
1365890034.299741,951.2195121951219,42.2,5.316314935684204
1365890034.554624,735.3658536585366,42.2,5.321084022521973
1365890034.834485,946.951219512195,42.2,5.326700687408447
1365890035.0878642,951.8292682926829,42.2,5.300996541976929
1365890035.342929,867.0731707317074,41.7,5.370289325714111
1365890035.61741,812.1951219512194,42.2,5.347171783447266
1365890035.8704839,929.2682926829269,42.2,5.298806428909302
1365890036.123723,868.9024390243902,42.2,5.347466468811035
1365890036.381692,892.0731707317074,42.2,5.3245720863342285
1365890036.659362,915.2439024390244,42.2,5.295021295547485
1365890036.914434,781.0975609756098,42.8,5.295209646224976
1365890037.171006,873.170731707317,42.2,5.308617115020752
1365890037.439541,738.4146341463414,41.7,5.324827432632446
1365890037.713197,829.2682926829268,42.2,5.295171499252319
1365890037.966526,799.3902439024391,42.8,5.29513692855835
1365890038.221086,758.5365853658536,42.2,5.322163820266724
1365890038.4986188,783.5365853658537,42.2,5.300060987472534
1365890038.752888,943.2926829268292,42.8,5.298410892486572
1365890039.0063381,962.8048780487804,42.8,5.318502902984619
1365890039.278493,752.439024390244,42.2,5.3240966796875
1365890039.5524669,957.3170731707316,42.8,5.3077404499053955
1365890039.806771,832.9268292682926,42.2,5.338408946990967
1365890040.0611799,753.0487804878048,42.2,5.320066213607788
1365890040.3392158,946.3414634146341,42.8,5.314087629318237
1365890040.592007,857.9268292682926,42.2,5.297152519226074
1365890040.8481421,813.4146341463414,42.8,5.3134989738464355
1365890041.114926,659.1463414634146,41.7,5.322572231292725
1365890041.3902102,1863.4146341463415,42.2,5.306170225143433
1365890041.646145,935.3658536585366,42.2,5.293699026107788
1365890041.900486,871.3414634146342,42.2,5.32502007484436
1365890042.1763961,773.1707317073171,42.2,5.294775724411011
1365890042.4315362,917.0731707317074,42.2,5.29378342628479
1365890042.685629,824.390243902439,42.8,5.302056550979614
1365890042.947207,678.048780487805,41.7,5.327843189239502
1365890043.233105,821.3414634146341,42.2,5.296092987060547
1365890043.486175,898.1707317073171,42.2,5.295694351196289
1365890043.740277,982.3170731707316,42.2,5.319544792175293
1365890044.010505,741.4634146341464,42.2,5.339113712310791
1365890044.283544,942.0731707317073,42.2,5.328789949417114
1365890044.53772,785.3658536585366,42.2,5.325376272201538
1365890044.791874,942.0731707317073,41.7,5.326702356338501
1365890045.069066,937.1951219512194,42.2,5.34001612663269
1365890045.3220422,829.2682926829268,42.2,5.297761678695679
1365890045.5753658,946.3414634146341,42.2,5.3326404094696045
1365890045.840162,755.4878048780488,42.2,5.320873260498047
1365890046.116336,805.4878048780488,42.8,5.300017833709717
1365890046.369493,940.2439024390243,42.8,5.299731492996216
1365890046.623622,759.1463414634146,42.2,5.324606657028198
1365890046.9000058,776.219512195122,42.2,5.356619358062744
1365890047.153975,932.3170731707318,42.2,5.299705743789673
1365890047.4073222,826.2195121951219,42.2,5.309267044067383
1365890047.6709409,641.4634146341464,42.2,5.320477724075317
1365890047.948135,885.3658536585366,42.2,5.319572687149048
1365890048.203596,773.1707317073171,42.8,5.314618825912476
1365890048.457715,1095.1219512195123,42.2,5.354717016220093
1365890048.713851,728.0487804878048,41.7,5.324218273162842
1365890048.991806,943.2926829268292,42.8,5.317766427993774
1365890049.248147,788.4146341463415,42.2,5.328620433807373
1365890049.501239,954.8780487804878,42.2,5.3145527839660645
1365890049.7665112,679.2682926829269,42.2,5.329575538635254
1365890050.043309,973.170731707317,42.2,5.306233167648315
1365890050.297867,921.9512195121952,42.2,5.314986944198608
1365890050.552581,733.5365853658536,42.2,5.319079637527466
1365890050.830334,878.0487804878048,42.2,5.297749280929565
1365890051.085553,957.3170731707316,42.8,5.308605432510376
1365890051.338955,912.1951219512196,42.2,5.314120292663574
1365890051.607577,661.5853658536586,41.7,5.329282522201538
1365890051.884916,882.9268292682926,42.2,5.397686243057251
1365890052.140331,769.5121951219512,42.2,5.314759254455566
1365890052.399092,873.170731707317,42.2,5.345315217971802
1365890052.675193,1026.2195121951218,42.2,5.310756206512451
1365890052.928885,913.4146341463415,42.2,5.296754598617554
1365890053.186191,799.3902439024391,42.8,5.318590402603149
1365890053.447718,632.3170731707318,42.2,5.328324794769287
1365890053.722239,837.1951219512194,42.2,5.315891981124878
1365890053.975341,893.9024390243902,42.2,5.316601276397705
1365890054.2317219,796.9512195121952,42.2,5.405281066894531
1365890054.5053031,945.1219512195122,42.2,5.3119165897369385
1365890054.758515,775.0,42.2,5.30154013633728
1365890055.012876,863.4146341463414,42.2,5.306223154067993
1365890055.277216,732.3170731707316,41.7,5.325546026229858
1365890055.552128,954.8780487804878,42.2,5.40579891204834
1365890055.8047202,948.170731707317,42.2,5.308391571044922
1365890056.0597692,816.4634146341463,42.8,5.306631565093994
