1365889756.7449841,937.8048780487804,41.2,5.517073631286621
1365889757.003509,876.219512195122,41.2,5.473336696624756
1365889757.2589152,923.1707317073171,40.6,5.470660448074341
1365889757.5119638,712.1951219512194,40.6,5.477328777313232
1365889757.782358,1796.3414634146343,40.6,5.510187387466431
1365889758.036482,1161.5853658536585,40.1,5.470759630203247
1365889758.29087,690.2439024390243,40.1,5.498293161392212
1365889758.566468,915.8536585365854,40.1,5.48040246963501
1365889758.8224452,939.0243902439024,40.6,5.543444395065308
1365889759.078547,751.219512195122,40.1,5.554547309875488
1365889759.352993,812.1951219512194,41.2,5.474979400634766
1365889759.609364,809.1463414634147,40.1,5.479502201080322
1365889759.866921,750.0,40.6,5.479798078536987
1365889760.1262112,689.6341463414634,40.1,5.495046138763428
1365889760.399769,871.3414634146342,40.6,5.582627773284912
1365889760.656588,782.3170731707318,40.6,5.589771509170532
1365889760.909942,889.0243902439024,40.6,5.480432033538818
1365889761.169982,693.2926829268292,40.1,5.494399309158325
1365889761.444205,929.2682926829269,40.6,5.463097810745239
1365889761.69914,921.3414634146342,40.6,5.470259189605713
1365889761.954997,860.9756097560976,40.1,5.48350715637207
1365889762.216567,757.3170731707318,40.1,5.4874489307403564
1365889762.4928799,1009.7560975609756,40.1,5.468061685562134
1365889762.745947,741.4634146341464,41.2,5.478114128112793
1365889763.005101,865.2439024390244,40.6,5.723479986190796
1365889763.2728279,684.1463414634147,40.1,5.554680347442627
1365889763.547733,918.9024390243903,40.1,5.470620155334473
1365889763.803238,856.0975609756098,40.1,5.469760894775391
1365889764.06046,915.8536585365854,40.1,5.497089624404907
1365889764.334141,851.219512195122,40.6,5.469964981079102
1365889764.591583,857.9268292682926,40.6,5.464916229248047
1365889764.846161,984.1463414634146,40.6,5.473943471908569
1365889765.107904,679.2682926829269,40.1,5.830424785614014
1365889765.3817658,871.3414634146342,40.1,5.5594940185546875
1365889765.633595,788.4146341463415,40.1,5.547686338424683
1365889765.887682,755.4878048780488,40.6,5.480047702789307
1365889766.150951,568.2926829268292,40.1,5.493963003158569
1365889766.42516,746.3414634146342,40.1,5.483206033706665
1365889766.6810958,840.2439024390244,40.1,5.538593292236328
1365889766.935803,819.5121951219512,40.1,5.482765436172485
1365889767.200042,706.0975609756097,40.1,5.4876837730407715
1365889767.474976,801.219512195122,40.1,5.473296403884888
1365889767.727721,915.2439024390244,40.1,5.643194198608398
1365889767.983061,759.1463414634146,40.1,5.501025199890137
1365889768.2595131,829.2682926829268,40.1,5.473338603973389
1365889768.512558,785.9756097560976,40.6,5.464075803756714
1365889768.7673652,828.0487804878048,40.1,5.489208698272705
1365889769.0376499,842.0731707317073,40.6,5.4746174812316895
1365889769.293312,866.4634146341464,40.6,5.547879457473755
1365889769.548033,895.1219512195122,40.1,5.470947265625
1365889769.803371,701.2195121951219,40.1,5.516311407089233
1365889770.082999,954.2682926829268,40.1,5.471252202987671
1365889770.336801,732.3170731707316,40.6,5.466993808746338
1365889770.591939,798.1707317073171,40.1,5.490032434463501
1365889770.855459,575.6097560975609,39.5,5.52545166015625
1365889771.132493,832.3170731707316,40.1,5.563780069351196
1365889771.385982,758.5365853658536,40.1,5.481353998184204
1365889771.640661,918.9024390243903,40.1,5.536697864532471
1365889771.909246,703.0487804878048,39.5,5.620718240737915
1365889772.184085,956.0975609756097,40.1,5.475502967834473
1365889772.442743,928.048780487805,40.1,5.464752435684204
1365889772.697626,693.2926829268292,40.1,5.489821434020996
1365889772.975069,926.219512195122,40.6,5.46324348449707
1365889773.2303889,913.4146341463415,40.1,5.464858770370483
1365889773.485964,781.0975609756098,40.1,5.499789237976074
1365889773.758592,733.5365853658536,40.1,5.478353023529053
1365889774.0161479,756.0975609756098,40.1,5.477976322174072
1365889774.272564,818.2926829268292,40.1,5.483005523681641
1365889774.529776,691.4634146341463,40.1,5.532533645629883
1365889774.803949,914.0243902439024,40.1,5.465893983840942
1365889775.058388,807.9268292682927,40.1,5.463230609893799
1365889775.314154,879.8780487804878,40.1,5.509365081787109
1365889775.580277,696.3414634146341,40.1,5.4995667934417725
1365889775.856938,835.9756097560976,40.1,5.462984561920166
1365889776.112246,853.0487804878048,40.1,5.479483604431152
1365889776.367081,751.219512195122,40.1,5.492963552474976
1365889776.6339462,701.2195121951219,40.1,5.568808078765869
1365889776.911412,856.0975609756098,40.6,5.467228889465332
1365889777.1640818,776.219512195122,40.6,5.5888073444366455
1365889777.420655,751.219512195122,40.1,5.588502407073975
1365889777.691473,906.0975609756098,40.1,5.461529493331909
1365889777.946673,907.3170731707318,40.1,5.487645864486694
1365889778.199408,796.9512195121952,40.6,5.47887659072876
1365889778.4579442,648.1707317073171,40.1,5.521515369415283
1365889778.733881,904.2682926829268,40.1,5.499291181564331
1365889778.990766,757.3170731707318,40.6,5.467856168746948
1365889779.243548,976.8292682926829,41.2,5.476033926010132
1365889779.504477,688.4146341463414,40.1,5.487825632095337
1365889779.780881,902.439024390244,40.6,5.466008424758911
1365889780.036396,840.2439024390244,40.1,5.469794273376465
1365889780.291662,832.3170731707316,40.1,5.49859356880188
1365889780.560212,764.0243902439024,40.1,5.47675633430481
1365889780.815573,1009.1463414634145,40.1,5.4650256633758545
1365889781.069737,805.4878048780488,41.2,5.478506565093994
1365889781.3265762,700.6097560975609,40.1,5.5013041496276855
1365889781.603334,902.439024390244,40.6,5.736465930938721
1365889781.856701,767.0731707317074,40.6,5.887580156326294
1365889782.110821,790.2439024390244,40.1,5.63463568687439
1365889782.3726568,700.6097560975609,40.1,5.489253044128418
1365889782.648851,884.1463414634146,40.6,5.82112193107605
1365889782.903625,782.3170731707318,40.1,5.56823205947876
1365889783.1563132,904.8780487804878,40.6,5.4906980991363525
1365889783.427149,727.4390243902438,40.6,5.4828760623931885
1365889783.684176,849.390243902439,40.6,5.502711057662964
1365889783.939084,859.1463414634146,40.6,5.5476202964782715
1365889784.194394,697.560975609756,40.1,5.5061423778533936
1365889784.4693792,867.0731707317074,40.1,5.466392517089844
1365889784.724407,910.3658536585366,40.6,5.4648826122283936
1365889784.979042,751.219512195122,40.1,6.537149667739868
1365889785.246044,701.2195121951219,40.1,6.281069755554199
1365889785.5195572,835.3658536585366,40.6,6.0179784297943115
1365889785.774675,856.0975609756098,40.1,5.767365217208862
1365889786.036277,743.2926829268292,40.1,5.511641502380371
1365889786.313729,854.8780487804878,40.1,5.477794647216797
1365889786.5677838,738.4146341463414,40.1,5.47925591468811
1365889786.8239648,789.0243902439024,40.1,5.481988191604614
1365889787.096962,622.560975609756,40.1,5.494454860687256
1365889787.3701088,734.1463414634146,40.6,5.460519313812256
1365889787.624367,1444.5121951219512,40.6,5.46502947807312
1365889787.882116,606.7073170731708,40.1,5.575906753540039
1365889788.1574762,727.4390243902438,40.6,5.4632110595703125
1365889788.4124942,828.0487804878048,40.6,5.46309232711792
1365889788.667731,826.2195121951219,40.1,5.498209714889526
1365889788.941816,825.0,40.6,5.463247537612915
1365889789.1945658,726.219512195122,40.1,5.465353488922119
1365889789.4490108,780.4878048780488,40.1,5.474940538406372
1365889789.708132,695.1219512195122,40.1,5.494224548339844
1365889789.986979,885.3658536585366,40.1,5.464239835739136
1365889790.239632,939.0243902439024,41.2,5.469026565551758
1365889790.494477,755.4878048780488,40.1,5.489838600158691
1365889790.764742,774.390243902439,40.1,5.472559452056885
1365889791.023106,871.3414634146342,40.1,5.52819561958313
1365889791.2771142,921.9512195121952,40.1,5.487159490585327
1365889791.540052,709.1463414634146,39.5,5.484857559204102
1365889791.815516,904.8780487804878,40.1,5.4920995235443115
1365889792.069675,877.439024390244,40.6,5.4730095863342285
1365889792.3231528,815.2439024390243,40.1,5.484347581863403
1365889792.5975502,1726.219512195122,40.6,5.4635655879974365
1365889792.850476,879.2682926829268,40.6,5.4896063804626465
1365889793.108502,1287.8048780487804,40.1,5.479374170303345
1365889793.374463,690.2439024390243,40.1,5.491281032562256
1365889793.650593,824.390243902439,41.2,5.464816331863403
1365889793.905419,803.048780487805,40.1,5.472626447677612
1365889794.160537,843.9024390243902,40.6,5.486363887786865
1365889794.433743,932.3170731707318,41.2,5.471174240112305
1365889794.6905138,819.5121951219512,40.1,5.474050045013428
1365889794.9444008,885.3658536585366,40.6,5.481260299682617
1365889795.207175,704.2682926829268,40.1,5.484203577041626
1365889795.481517,813.4146341463414,40.1,5.605210065841675
1365889795.7341151,804.2682926829269,40.6,5.4738609790802
1365889795.987058,896.9512195121952,40.1,5.483712673187256
1365889796.254186,741.4634146341464,39.5,5.55022931098938
1365889796.528542,884.1463414634146,40.1,5.4640796184539795
1365889796.7815418,837.1951219512194,41.2,5.469696521759033
1365889797.039306,695.1219512195122,40.1,5.493518114089966
1365889797.3173382,850.0,40.6,5.510283946990967
1365889797.571433,871.9512195121952,40.6,5.469722747802734
1365889797.824694,737.1951219512194,40.6,5.4797728061676025
1365889798.091043,674.3902439024391,40.1,5.485367298126221
1365889798.36776,764.0243902439024,41.2,5.473453044891357
1365889798.6218271,735.3658536585366,40.1,5.470104694366455
1365889798.87676,890.8536585365854,40.1,5.522115707397461
1365889799.1489542,884.1463414634146,40.1,5.480336427688599
1365889799.40273,737.1951219512194,40.6,5.468352556228638
1365889799.6567261,1007.9268292682925,40.1,5.502319574356079
1365889799.923224,701.2195121951219,40.1,5.483520269393921
1365889800.199291,918.2926829268293,40.6,5.473392724990845
1365889800.454366,917.0731707317074,40.6,5.468103408813477
1365889800.709183,695.1219512195122,40.6,5.6265881061553955
1365889800.9831538,887.1951219512196,40.1,5.5220324993133545
1365889801.239488,889.0243902439024,40.1,5.553866147994995
1365889801.494962,910.3658536585366,40.6,5.503823518753052
1365889801.760709,606.7073170731708,40.1,5.561676263809204
1365889802.03966,868.9024390243902,40.6,5.611004114151001
1365889802.29478,810.9756097560976,41.2,5.497988939285278
1365889802.553581,990.2439024390244,40.6,5.50931978225708
1365889802.830155,856.0975609756098,40.6,5.507573127746582
1365889803.084142,796.9512195121952,41.2,5.466562747955322
1365889803.3383198,776.219512195122,40.6,5.494797468185425
1365889803.60816,687.1951219512194,40.1,5.500464200973511
1365889803.884083,762.1951219512196,40.1,5.469643831253052
1365889804.1398048,857.9268292682926,40.6,5.493590593338013
1365889804.3941288,687.1951219512194,40.1,5.49215841293335
1365889804.6715388,740.2439024390244,40.6,5.475524425506592
1365889804.925389,867.0731707317074,40.6,5.463988304138184
1365889805.178646,807.9268292682927,40.1,5.498562812805176
1365889805.449342,850.0,40.1,5.536968946456909
1365889805.7046132,859.1463414634146,40.1,5.5175371170043945
1365889805.9580102,914.0243902439024,40.6,5.477765798568726
1365889806.220345,706.0975609756097,40.1,5.491121053695679
1365889806.499626,912.1951219512196,40.1,5.4752044677734375
1365889806.752786,877.439024390244,40.6,5.467953205108643
1365889807.005357,771.3414634146342,40.1,5.494203090667725
1365889807.272728,1029.2682926829268,40.6,5.462416648864746
1365889807.528641,845.1219512195122,40.6,5.470622539520264
1365889807.781648,864.0243902439024,40.1,5.572386741638184
1365889808.038836,578.6585365853658,40.1,5.503476619720459
1365889808.315736,915.8536585365854,40.6,5.467106819152832
1365889808.5698838,910.3658536585366,40.1,5.488734006881714
1365889808.822892,917.0731707317074,40.1,5.698337554931641
1365889809.085094,709.1463414634146,40.1,5.495249271392822
1365889809.366873,928.048780487805,40.6,5.482410907745361
1365889809.621821,1686.5853658536585,40.6,5.4738218784332275
1365889809.877512,881.0975609756098,40.6,5.600858688354492
1365889810.147728,907.9268292682927,40.6,5.475426197052002
1365889810.400706,904.2682926829268,40.1,5.467533111572266
1365889810.656215,887.1951219512196,40.1,5.477008581161499
1365889810.9210749,695.1219512195122,40.1,5.488440036773682
1365889811.197315,740.2439024390244,40.6,5.468467712402344
1365889811.451466,744.5121951219512,40.6,5.4662322998046875
1365889811.707476,860.9756097560976,40.1,5.488253593444824
1365889811.9801989,751.219512195122,40.6,5.465556383132935
1365889812.2329412,889.0243902439024,40.6,5.494319915771484
1365889812.486762,826.2195121951219,40.6,5.47552490234375
1365889812.750586,649.390243902439,40.1,5.498202085494995
1365889813.02769,1012.1951219512196,40.1,5.489438533782959
1365889813.282725,868.2926829268292,40.1,5.463040351867676
1365889813.5385869,780.4878048780488,40.1,5.497723340988159
1365889813.811947,854.2682926829268,40.6,5.480943202972412
1365889814.0722702,892.0731707317074,41.2,5.513883113861084
1365889814.327262,774.390243902439,41.2,5.494368076324463
1365889814.592661,707.3170731707316,40.1,5.4822142124176025
1365889814.8690822,809.1463414634147,40.1,5.467378854751587
1365889815.123602,913.4146341463415,41.2,5.474303245544434
1365889815.3766882,900.0,40.6,5.488356828689575
1365889815.647785,815.2439024390243,40.6,5.469811677932739
1365889815.9050639,769.5121951219512,41.2,5.468622922897339
1365889816.1590579,743.2926829268292,40.6,5.471318483352661
1365889816.421834,703.0487804878048,40.1,5.5036537647247314
1365889816.700504,890.8536585365854,40.6,5.55746603012085
1365889816.954844,790.2439024390244,40.6,5.475930213928223
1365889817.2080588,863.4146341463414,40.1,5.489915370941162
1365889817.4764009,691.4634146341463,40.1,5.489259243011475
1365889817.7496362,843.9024390243902,40.6,5.462639570236206
1365889818.004054,824.390243902439,40.6,5.477325201034546
1365889818.257656,594.5121951219512,40.1,5.499521493911743
1365889818.533206,901.219512195122,40.6,5.504429578781128
1365889818.787775,890.2439024390244,40.1,5.475484132766724
1365889819.044692,802.439024390244,40.1,5.515245199203491
1365889819.316461,918.2926829268293,40.1,5.464727878570557
1365889819.569674,892.0731707317074,40.6,5.473877191543579
1365889819.822572,903.048780487805,41.2,5.480266571044922
1365889820.0958478,735.3658536585366,40.1,5.50291895866394
1365889820.370811,910.9756097560976,40.6,5.482321500778198
1365889820.625481,771.3414634146342,40.6,5.5075602531433105
1365889820.880845,729.2682926829268,40.1,5.484720945358276
1365889821.1477299,689.6341463414634,40.1,5.509852170944214
1365889821.42099,918.2926829268293,40.6,5.475422143936157
1365889821.675319,879.8780487804878,40.6,5.462363243103027
1365889821.930967,702.4390243902438,40.1,5.506166934967041
1365889822.2089002,866.4634146341464,40.6,5.460812568664551
1365889822.464074,755.4878048780488,40.6,5.463395118713379
1365889822.719646,1739.6341463414635,40.1,5.489446640014648
1365889822.98817,899.390243902439,40.6,5.474864959716797
1365889823.243754,754.2682926829268,40.1,5.507150173187256
1365889823.498115,760.3658536585366,40.6,5.479925155639648
1365889823.759298,684.1463414634147,40.1,5.525186061859131
1365889824.034635,932.9268292682927,40.6,5.516266107559204
1365889824.289133,924.3902439024391,41.2,5.469272613525391
1365889824.5420969,893.9024390243902,41.2,5.47835111618042
1365889824.798867,681.0975609756098,40.1,5.495089769363403
1365889825.077697,939.0243902439024,40.1,5.4660258293151855
1365889825.334213,724.390243902439,40.1,5.4736387729644775
1365889825.587264,816.4634146341463,41.2,5.767768621444702
1365889825.8530161,697.560975609756,40.1,5.527304649353027
1365889826.1278179,1004.2682926829267,40.1,5.468159198760986
1365889826.383801,931.0975609756098,40.6,5.463837623596191
1365889826.6366751,779.2682926829268,41.2,5.791649580001831
1365889826.897011,702.4390243902438,40.1,5.603301763534546
1365889827.172123,876.219512195122,40.6,5.593063831329346
1365889827.433528,743.2926829268292,40.1,5.5868237018585205
1365889827.6899571,838.4146341463414,40.6,5.529021978378296
1365889827.951679,660.3658536585366,40.1,5.6794517040252686
1365889828.2243352,879.8780487804878,40.6,5.6324145793914795
1365889828.4822028,860.9756097560976,40.6,5.4932520389556885
1365889828.735191,898.1707317073171,41.2,5.4757702350616455
1365889828.994763,694.5121951219512,40.1,5.486371040344238
1365889829.272785,935.3658536585366,40.6,5.467137813568115
1365889829.5289888,884.1463414634146,40.6,5.471112489700317
1365889829.7818382,899.390243902439,40.1,5.47661280632019
1365889830.046408,686.5853658536586,40.1,5.487538576126099
1365889830.3276281,810.9756097560976,40.1,5.472278118133545
1365889830.5830772,852.4390243902438,40.6,5.465694904327393
1365889830.837926,697.560975609756,40.1,5.511341571807861
1365889831.1235242,766.4634146341464,40.1,5.471398830413818
1365889831.377897,854.2682926829268,40.1,5.521987676620483
1365889831.6323352,910.3658536585366,40.1,5.5071351528167725
1365889831.90418,960.9756097560976,40.6,5.484315872192383
1365889832.158928,917.0731707317074,40.6,5.462300777435303
1365889832.412092,921.9512195121952,40.6,5.478240966796875
1365889832.670105,686.5853658536586,40.6,5.490800142288208
1365889832.947586,835.3658536585366,40.6,5.659494638442993
1365889833.199887,736.5853658536586,40.6,5.463770627975464
1365889833.456778,940.8536585365853,40.6,5.478280544281006
1365889833.719473,604.2682926829268,40.6,5.494236469268799
1365889833.996264,895.1219512195122,40.6,5.471560001373291
1365889834.2491882,935.9756097560976,41.2,5.471052646636963
1365889834.505165,699.390243902439,40.6,5.486931085586548
1365889834.781405,887.1951219512196,41.2,5.468651056289673
1365889835.034493,915.8536585365854,40.1,5.462398052215576
1365889835.2892742,758.5365853658536,40.6,5.562687635421753
1365889835.559208,700.6097560975609,40.1,5.556416988372803
1365889835.83319,745.1219512195122,40.6,5.5067222118377686
1365889836.089565,746.3414634146342,40.6,5.547606945037842
1365889836.3426502,725.0,40.1,5.525373458862305
1365889836.617544,807.9268292682927,40.6,5.475378751754761
1365889836.8734999,785.9756097560976,40.6,5.510972261428833
1365889837.126343,875.0,41.2,5.5446696281433105
1365889837.384564,698.170731707317,40.1,5.68256139755249
1365889837.663303,796.3414634146342,40.6,5.475758790969849
1365889837.921498,772.5609756097562,40.6,5.515158653259277
1365889838.1747,792.0731707317074,41.2,5.487877130508423
1365889838.4453619,859.1463414634146,40.1,5.47474479675293
1365889838.700234,756.0975609756098,41.2,5.462902307510376
1365889838.956657,738.4146341463414,40.6,5.477373838424683
1365889839.211521,689.6341463414634,40.1,5.503624677658081
1365889839.4885828,1090.2439024390244,40.6,5.464771509170532
1365889839.742382,917.0731707317074,40.1,5.4645726680755615
1365889839.996214,816.4634146341463,41.2,5.497691869735718
1365889840.256325,695.1219512195122,40.1,5.546201467514038
1365889840.531751,923.1707317073171,41.2,5.558889150619507
1365889840.7859058,895.1219512195122,40.1,5.465500354766846
1365889841.0412202,910.9756097560976,40.1,5.489100217819214
1365889841.307796,704.2682926829268,40.6,5.50536036491394
1365889841.583661,819.5121951219512,40.6,5.722815275192261
1365889841.838757,728.0487804878048,40.6,5.652650594711304
1365889842.092944,707.3170731707316,40.6,5.540036916732788
1365889842.370336,899.390243902439,40.6,5.462799787521362
1365889842.6230981,827.4390243902438,41.2,5.474784851074219
1365889842.878504,889.0243902439024,40.6,5.501221179962158
1365889843.147174,956.0975609756097,40.6,5.467893838882446
1365889843.402115,912.1951219512196,40.6,5.505255699157715
1365889843.656323,992.0731707317074,40.1,5.53825831413269
1365889843.912259,654.2682926829268,40.1,5.502759218215942
1365889844.187514,830.4878048780488,40.1,5.473875045776367
1365889844.441319,890.8536585365854,40.6,5.474836826324463
1365889844.6955369,925.0,40.6,5.474178314208984
1365889844.958842,799.3902439024391,40.1,5.498238563537598
1365889845.233262,860.3658536585366,41.2,5.546039342880249
1365889845.487242,921.3414634146342,40.6,5.509638547897339
1365889845.741167,835.9756097560976,40.1,5.495547771453857
1365889846.0161102,917.0731707317074,40.6,5.486415147781372
1365889846.268964,879.8780487804878,40.6,5.465663194656372
1365889846.525494,907.9268292682927,40.6,5.49961256980896
1365889846.7926111,711.5853658536585,40.1,5.55884575843811
1365889847.072466,896.3414634146342,40.6,5.510072708129883
1365889847.3268201,914.0243902439024,40.6,5.46554970741272
1365889847.5807738,860.3658536585366,40.6,5.4787421226501465
1365889847.8451462,699.390243902439,40.1,5.5841240882873535
1365889848.122633,917.0731707317074,41.2,5.467455148696899
1365889848.377161,875.0,41.2,5.475312948226929
1365889848.631834,650.609756097561,40.1,5.484135389328003
1365889848.9088519,887.1951219512196,40.6,5.466426372528076
1365889849.1651049,871.3414634146342,40.1,5.470467805862427
1365889849.418599,846.951219512195,40.6,5.48154354095459
1365889849.687022,765.2439024390244,41.2,5.4718451499938965
1365889849.941003,852.4390243902438,41.2,5.465421199798584
1365889850.199452,854.8780487804878,41.2,5.46928334236145
1365889850.455678,690.2439024390243,40.1,5.493862152099609
1365889850.734071,810.3658536585366,40.6,5.495709180831909
1365889850.986947,767.0731707317074,40.6,5.464587688446045
1365889851.243155,828.0487804878048,40.6,5.478956699371338
1365889851.509003,698.170731707317,40.1,5.515485048294067
1365889851.7851899,1258.5365853658536,40.6,5.494586944580078
1365889852.0386,1582.3170731707316,41.2,5.4859185218811035
1365889852.294681,608.5365853658536,40.1,5.487620830535889
1365889852.570276,742.0731707317074,40.1,5.566917896270752
1365889852.823423,750.0,40.6,5.485757350921631
1365889853.080419,1048.170731707317,40.6,5.509528875350952
1365889853.351017,702.4390243902438,40.6,5.484174489974976
1365889853.623648,733.5365853658536,40.6,5.465699672698975
1365889853.878751,753.0487804878048,40.1,5.512593507766724
1365889854.135972,699.390243902439,40.6,5.528226852416992
1365889854.4139771,816.4634146341463,40.6,5.530151605606079
1365889854.667885,925.0,40.6,5.5020835399627686
1365889854.922394,800.0,40.6,5.610135793685913
1365889855.19413,815.2439024390243,41.2,5.460981845855713
1365889855.4488478,889.0243902439024,40.6,5.579076528549194
1365889855.7017758,924.3902439024391,40.1,5.4890851974487305
1365889855.965614,851.219512195122,40.1,5.648646593093872
1365889856.2397718,749.390243902439,40.6,5.481987714767456
1365889856.4971929,747.560975609756,41.2,5.460678577423096
1365889856.752345,770.1219512195122,40.6,5.5456483364105225
1365889857.026817,837.1951219512194,41.2,5.467077255249023
1365889857.280061,772.5609756097562,40.1,5.466965675354004
1365889857.538668,738.4146341463414,40.1,5.478947162628174
1365889857.7985501,609.1463414634146,40.6,5.486828327178955
1365889858.0724869,879.8780487804878,40.1,5.583278656005859
1365889858.330535,825.0,40.6,5.469034671783447
1365889858.587629,763.4146341463414,40.6,5.4687659740448
1365889858.8473248,696.3414634146341,40.6,5.639864921569824
1365889859.1246731,867.0731707317074,40.6,5.485930919647217
1365889859.379303,740.2439024390244,40.6,5.464062929153442
1365889859.637596,802.439024390244,40.6,5.487201452255249
1365889859.910065,824.390243902439,40.6,5.477148532867432
1365889860.164525,854.2682926829268,40.6,5.480856418609619
1365889860.420634,810.9756097560976,41.2,5.491916179656982
1365889860.679013,902.439024390244,40.1,5.492105484008789
1365889860.958264,742.0731707317074,41.2,5.498137950897217
1365889861.211808,900.0,40.6,5.465675115585327
1365889861.464177,1295.7317073170732,41.2,5.5030717849731445
1365889861.733215,701.2195121951219,40.1,5.496943473815918
1365889862.007761,907.9268292682927,40.1,5.501143455505371
1365889862.261578,777.439024390244,40.6,5.508237361907959
1365889862.5156538,743.2926829268292,40.6,5.854908466339111
1365889862.7882712,771.3414634146342,40.6,5.635202169418335
1365889863.040917,856.0975609756098,40.6,5.562978029251099
1365889863.2940538,846.3414634146342,40.1,5.48806357383728
1365889863.552227,729.2682926829268,40.1,5.576550483703613
1365889863.830184,926.829268292683,40.6,5.466196537017822
1365889864.084275,904.2682926829268,40.6,5.556631803512573
1365889864.3371332,816.4634146341463,40.6,5.505777359008789
1365889864.603955,925.0,40.6,5.490066289901733
1365889864.860436,759.1463414634146,40.6,5.486145496368408
1365889865.116808,929.2682926829269,41.2,5.4702842235565186
1365889865.375707,558.5365853658537,40.1,5.492622375488281
1365889865.649656,790.2439024390244,40.1,5.464665412902832
1365889865.905665,918.2926829268293,41.2,5.471050024032593
1365889866.161078,866.4634146341464,40.6,5.479485750198364
1365889866.422286,700.6097560975609,40.1,5.4863176345825195
1365889866.698103,862.1951219512194,41.2,5.464242458343506
1365889866.954775,860.3658536585366,41.2,5.465542793273926
1365889867.209592,874.390243902439,40.6,5.5250420570373535
1365889867.479288,1511.5853658536585,40.1,5.472184896469116
1365889867.734816,751.219512195122,40.6,5.505954027175903
1365889867.990313,779.2682926829268,40.1,5.5241780281066895
1365889868.2479439,611.5853658536586,40.1,5.6046531200408936
1365889868.521752,920.1219512195122,40.1,5.5614659786224365
1365889868.774797,921.3414634146342,41.2,5.551937580108643
1365889869.029096,906.0975609756098,41.2,5.483248233795166
1365889869.2864552,699.390243902439,40.1,5.586458444595337
1365889869.560443,924.3902439024391,40.1,5.462621688842773
1365889869.8133838,824.390243902439,41.2,5.467361688613892
1365889870.068016,821.951219512195,40.6,5.4711480140686035
1365889870.33025,686.5853658536586,40.1,5.486142158508301
1365889870.607455,760.3658536585366,41.2,5.523597240447998
1365889870.860666,793.2926829268293,40.6,5.466038942337036
1365889871.120103,748.170731707317,40.6,5.476864576339722
1365889871.388185,687.1951219512194,40.1,5.490086793899536
1365889871.661778,731.0975609756098,40.1,5.4898457527160645
1365889871.915639,863.4146341463414,40.6,5.531974792480469
1365889872.1706738,918.9024390243903,40.1,5.50120997428894
1365889872.4337668,707.3170731707316,40.1,5.48440408706665
1365889872.707695,764.0243902439024,40.6,5.463636875152588
1365889872.963702,815.2439024390243,40.6,5.5370423793792725
1365889873.218643,901.219512195122,40.6,5.523698091506958
1365889873.4900968,1040.8536585365853,40.1,5.529869318008423
1365889873.745582,829.2682926829268,40.6,5.464864492416382
1365889874.002881,882.9268292682926,40.1,5.482746124267578
1365889874.272963,585.3658536585366,40.1,5.607170343399048
1365889874.547572,893.2926829268292,40.6,5.49868369102478
1365889874.8005362,913.4146341463415,41.2,5.522521018981934
1365889875.055058,915.2439024390244,40.1,5.493192195892334
1365889875.3266912,937.1951219512194,41.2,5.465134620666504
1365889875.581989,807.3170731707318,40.6,5.478889465332031
1365889875.835615,832.3170731707316,40.6,5.4878928661346436
1365889876.095636,707.3170731707316,40.1,5.539744138717651
1365889876.372427,848.170731707317,41.2,5.686142206192017
1365889876.6256158,806.0975609756098,40.6,5.547765731811523
1365889876.877928,748.170731707317,41.2,5.526462554931641
1365889877.153464,768.2926829268292,41.2,5.549154996871948
1365889877.4094038,918.9024390243903,40.6,5.466684103012085
1365889877.6626282,882.3170731707318,40.1,5.521717071533203
1365889877.925486,697.560975609756,40.1,5.502971887588501
1365889878.1991181,832.9268292682926,40.6,5.464357376098633
1365889878.454228,849.390243902439,41.2,5.469235181808472
1365889878.707499,817.0731707317073,40.6,5.481487274169922
1365889878.976141,655.4878048780488,40.1,5.530611991882324
1365889879.2478101,913.4146341463415,41.2,5.4592883586883545
1365889879.5012732,1059.1463414634145,41.2,5.465684652328491
1365889879.759058,679.2682926829269,40.6,5.5292768478393555
1365889880.032784,848.170731707317,40.6,5.4610676765441895
1365889880.286916,830.4878048780488,41.2,5.488686561584473
1365889880.5445042,920.1219512195122,41.2,5.478270053863525
1365889880.814592,854.8780487804878,41.2,5.529451131820679
1365889881.0701609,921.3414634146342,40.6,5.477065086364746
1365889881.3264441,884.1463414634146,40.6,5.472334623336792
1365889881.588901,662.1951219512196,40.1,5.486687660217285
1365889881.862795,890.8536585365854,40.1,5.51546049118042
1365889882.119755,745.1219512195122,40.1,5.467307806015015
1365889882.375936,805.4878048780488,41.2,5.529949188232422
1365889882.6365771,1589.6341463414633,40.1,5.543851137161255
1365889882.913707,1570.7317073170732,40.1,5.545783758163452
1365889883.1854458,906.0975609756098,40.6,5.464053392410278
1365889883.4401941,951.8292682926829,40.1,5.4772560596466064
1365889883.6961339,770.1219512195122,40.1,5.543071746826172
1365889883.9716449,910.9756097560976,41.2,5.469602346420288
1365889884.224452,843.2926829268292,41.2,5.469390153884888
1365889884.4795048,735.3658536585366,40.1,5.482740879058838
1365889884.748671,789.0243902439024,41.2,5.483097314834595
1365889885.001905,737.1951219512194,40.1,5.461794137954712
1365889885.2558432,832.9268292682926,40.6,5.536754608154297
1365889885.510588,626.219512195122,40.6,5.5880372524261475
1365889885.788336,798.1707317073171,40.6,5.519298315048218
1365889886.0440729,873.170731707317,40.6,5.4728288650512695
1365889886.2966862,787.1951219512196,41.2,5.4784910678863525
1365889886.557455,620.1219512195122,40.6,5.519086122512817
1365889886.832344,918.9024390243903,40.6,5.467988967895508
1365889887.08461,796.9512195121952,40.6,5.659741640090942
1365889887.337657,862.1951219512194,40.1,5.490814924240112
1365889887.606261,740.2439024390244,40.6,5.612629175186157
1365889887.860183,785.3658536585366,41.2,5.501033544540405
1365889888.114434,736.5853658536586,40.1,5.542163610458374
1365889888.368078,601.219512195122,40.1,5.529222011566162
1365889888.6448011,921.3414634146342,40.6,5.469399929046631
1365889888.897633,741.4634146341464,40.6,5.469717502593994
1365889889.157046,737.1951219512194,40.1,5.52794337272644
1365889889.4250822,701.2195121951219,40.1,5.537475347518921
1365889889.7018108,843.2926829268292,40.1,5.47118353843689
1365889889.9579399,907.9268292682927,41.2,5.5043017864227295
1365889890.2143009,693.2926829268292,40.6,5.489705801010132
1365889890.4877682,917.0731707317074,40.6,5.473854064941406
1365889890.745738,741.4634146341464,40.6,5.46561074256897
1365889891.000802,791.4634146341464,40.6,5.59427809715271
1365889891.2649758,660.3658536585366,40.6,5.545100212097168
1365889891.53878,877.439024390244,40.6,5.532687664031982
1365889891.793926,867.0731707317074,40.6,5.492422580718994
1365889892.0482109,873.170731707317,40.1,5.483653545379639
1365889892.3089979,580.4878048780488,40.1,5.488069534301758
1365889892.5859919,867.0731707317074,40.6,5.463418960571289
1365889892.841535,764.0243902439024,41.2,5.462178468704224
1365889893.0955698,807.3170731707318,40.6,5.511029005050659
1365889893.3677099,973.780487804878,40.6,5.470709323883057
1365889893.6228118,863.4146341463414,41.2,5.467012405395508
1365889893.877086,907.3170731707318,41.2,5.525212287902832
1365889894.141952,622.560975609756,40.1,5.492921352386475
1365889894.418453,771.3414634146342,40.6,5.478166818618774
1365889894.683095,839.0243902439024,41.2,5.465952157974243
1365889894.9396522,1029.8780487804877,40.1,5.489978075027466
1365889895.212134,729.2682926829268,40.6,5.502537965774536
1365889895.465517,807.9268292682927,40.6,5.466606616973877
1365889895.7197042,827.4390243902438,40.6,5.50909686088562
1365889895.980387,635.3658536585366,40.6,5.500686407089233
1365889896.256984,734.1463414634146,40.6,5.5074851512908936
1365889896.510463,910.3658536585366,41.2,5.484012603759766
1365889896.767696,843.2926829268292,40.1,5.4861767292022705
1365889897.042445,876.219512195122,41.2,5.473868131637573
1365889897.296705,928.048780487805,41.2,5.509386777877808
1365889897.5506492,821.3414634146341,41.2,5.542443752288818
1365889897.811233,659.1463414634146,40.6,5.529548168182373
1365889898.088035,849.390243902439,40.1,5.476710557937622
1365889898.34199,730.4878048780488,40.6,5.498394012451172
1365889898.5965729,868.2926829268292,40.6,5.4934868812561035
1365889898.868639,776.219512195122,41.2,5.596066236495972
1365889899.123662,837.1951219512194,41.2,5.469292402267456
1365889899.3774369,910.9756097560976,41.2,5.564260482788086
1365889899.641149,641.4634146341464,40.6,5.508052349090576
1365889899.916398,929.8780487804878,41.2,5.469144582748413
1365889900.178315,735.3658536585366,41.2,5.471299409866333
1365889900.432097,907.3170731707318,40.6,5.4941205978393555
1365889900.701493,859.1463414634146,41.2,5.479062080383301
1365889900.955877,957.3170731707316,41.2,5.4646618366241455
1365889901.2117388,907.9268292682927,40.6,5.499989986419678
1365889901.470452,689.6341463414634,40.1,5.502498388290405
1365889901.74472,915.2439024390244,40.6,5.510563611984253
1365889901.999136,913.4146341463415,40.6,5.4612908363342285
1365889902.2537758,783.5365853658537,40.1,5.486242055892944
1365889902.515261,702.4390243902438,40.6,5.524878978729248
1365889902.789268,796.9512195121952,40.6,5.477876663208008
1365889903.042212,773.1707317073171,41.2,5.467005491256714
1365889903.296452,719.5121951219512,40.6,5.485455751419067
1365889903.569886,729.2682926829268,41.2,5.6964051723480225
1365889903.8226,906.0975609756098,41.2,5.706156253814697
1365889904.0757189,892.0731707317074,40.6,5.568867444992065
1365889904.337022,644.5121951219512,40.1,5.52182674407959
1365889904.6147652,837.1951219512194,40.6,5.492124795913696
1365889904.870314,890.2439024390244,41.2,5.487677335739136
1365889905.123347,866.4634146341464,40.6,5.5413432121276855
1365889905.39556,763.4146341463414,40.6,5.49824333190918
1365889905.669479,890.2439024390244,41.2,5.482729196548462
1365889905.923331,757.3170731707318,40.6,5.4832634925842285
1365889906.180557,769.5121951219512,41.2,5.487403631210327
1365889906.45787,926.219512195122,41.2,5.607852935791016
1365889906.713072,866.4634146341464,41.2,5.521919012069702
1365889906.965701,923.1707317073171,41.2,5.484410047531128
1365889907.2264059,706.0975609756097,40.1,5.5273051261901855
1365889907.504002,867.0731707317074,40.6,5.5038979053497314
1365889907.7598941,841.4634146341463,41.2,5.472405433654785
1365889908.015557,874.390243902439,40.6,5.566004276275635
1365889908.2869718,870.1219512195122,40.6,5.492198944091797
1365889908.543575,764.0243902439024,41.2,5.512906789779663
1365889908.798437,968.2926829268292,40.6,5.567195415496826
1365889909.060676,697.560975609756,40.1,5.491154193878174
1365889909.334757,895.1219512195122,41.2,5.469492197036743
1365889909.593227,909.1463414634146,40.1,5.480859994888306
1365889909.847029,773.1707317073171,40.1,5.5260865688323975
1365889910.117672,907.9268292682927,40.6,5.674256086349487
1365889910.370222,760.3658536585366,41.2,5.489178419113159
1365889910.6294,926.219512195122,40.6,5.50032114982605
1365889910.889749,623.170731707317,40.6,5.509633779525757
1365889911.1712399,879.8780487804878,41.2,5.463284015655518
1365889911.42501,854.8780487804878,41.2,5.4607415199279785
1365889911.680047,746.3414634146342,40.1,5.48797607421875
1365889911.9470642,712.1951219512194,40.1,5.514068126678467
1365889912.222614,799.3902439024391,40.6,5.468023300170898
1365889912.475701,814.0243902439024,41.2,5.475131034851074
1365889912.730708,914.0243902439024,40.6,5.484928846359253
1365889913.002997,893.9024390243902,41.2,5.526378870010376
1365889913.257355,915.8536585365854,41.2,5.46213173866272
1365889913.511849,793.2926829268293,40.6,5.533121109008789
1365889913.776775,701.2195121951219,40.1,5.511863946914673
1365889914.052219,914.0243902439024,40.6,5.465011358261108
1365889914.3049579,814.0243902439024,41.2,5.464558839797974
1365889914.559503,975.0,41.2,5.487417697906494
1365889914.82934,772.5609756097562,40.6,5.4631123542785645
1365889915.083929,910.3658536585366,41.2,5.468948841094971
1365889915.339435,846.951219512195,40.6,5.532685279846191
1365889915.595538,579.2682926829268,40.1,5.488905429840088
1365889915.871393,881.0975609756098,41.2,5.468148946762085
1365889916.124296,1087.8048780487807,41.2,5.46189022064209
1365889916.378805,838.4146341463414,40.1,5.478444337844849
1365889916.645233,684.1463414634147,40.1,5.490731954574585
1365889916.9213881,967.0731707317073,41.2,5.505781173706055
1365889917.179654,920.1219512195122,41.2,5.4651196002960205
1365889917.434625,629.2682926829268,40.6,5.51174521446228
1365889917.711045,914.0243902439024,40.6,5.473381042480469
1365889917.967613,1031.0975609756097,40.1,5.5623650550842285
1365889918.222642,849.390243902439,40.6,5.466996431350708
1365889918.479827,571.3414634146341,40.1,5.482927083969116
1365889918.753739,852.4390243902438,40.6,5.514668226242065
1365889919.009648,917.0731707317074,40.6,5.467120170593262
1365889919.263854,904.2682926829268,40.6,5.475246429443359
1365889919.5293078,690.2439024390243,40.1,5.51253604888916
1365889919.8055098,884.1463414634146,40.6,5.460804224014282
1365889920.059629,848.170731707317,40.6,5.475912094116211
1365889920.313211,826.2195121951219,40.6,5.480345964431763
1365889920.581027,813.4146341463414,40.1,5.511193037033081
1365889920.858658,789.0243902439024,41.2,5.506914138793945
1365889921.113525,800.0,40.6,5.470677375793457
1365889921.367525,881.0975609756098,40.1,5.545797109603882
1365889921.639008,935.3658536585366,40.6,5.508424997329712
1365889921.893843,860.9756097560976,40.6,5.5575103759765625
1365889922.1472251,909.1463414634146,40.6,5.531711578369141
1365889922.4063628,659.1463414634146,40.1,5.481814384460449
1365889922.681825,764.0243902439024,40.6,5.500460624694824
1365889922.9364889,885.9756097560976,41.2,5.813516855239868
1365889923.192066,867.0731707317074,40.6,5.558755397796631
1365889923.46437,910.3658536585366,40.6,5.463996171951294
1365889923.718585,926.219512195122,40.6,5.493434190750122
1365889923.976224,1734.1463414634147,41.2,5.467040777206421
1365889924.233253,648.1707317073171,40.1,5.502944469451904
1365889924.507521,733.5365853658536,40.6,5.484751462936401
1365889924.762791,748.170731707317,40.6,5.4672346115112305
1365889925.018263,807.9268292682927,40.6,5.473570346832275
1365889925.279726,688.4146341463414,40.6,5.498907089233398
1365889925.5553868,745.1219512195122,41.2,5.468972206115723
1365889925.811248,925.0,41.2,5.463958024978638
1365889926.064779,766.4634146341464,40.6,5.474306583404541
1365889926.329757,784.1463414634146,40.1,5.508356094360352
1365889926.605897,846.951219512195,40.6,5.533989667892456
1365889926.860841,747.560975609756,41.2,5.463642120361328
1365889927.116856,837.1951219512194,40.1,5.530194044113159
1365889927.383919,704.2682926829268,40.1,5.5751259326934814
1365889927.658239,907.3170731707318,40.6,5.470425367355347
1365889927.914312,854.8780487804878,40.6,5.489209175109863
1365889928.175155,1376.8292682926829,40.6,5.483107805252075
1365889928.452137,907.3170731707318,41.2,5.4647605419158936
1365889928.705178,885.3658536585366,41.2,5.50468111038208
1365889928.9590201,771.3414634146342,40.6,5.500304222106934
1365889929.233841,613.4146341463414,40.1,5.483520269393921
1365889929.507746,902.439024390244,41.2,5.462523937225342
1365889929.761645,1687.1951219512196,41.2,5.46925950050354
1365889930.0172591,1593.2926829268292,40.6,5.483418703079224
1365889930.2945752,795.1219512195122,40.1,5.4698646068573
1365889930.550504,843.9024390243902,41.2,5.477835655212402
1365889930.80652,1162.8048780487804,41.2,5.482225656509399
1365889931.0783622,1206.0975609756097,41.2,5.464728116989136
1365889931.332819,940.8536585365853,41.2,5.464303731918335
1365889931.5883179,868.2926829268292,41.2,5.474159002304077
1365889931.845637,629.2682926829268,40.1,5.496840953826904
1365889932.119909,767.0731707317074,41.2,5.464732885360718
1365889932.3778381,887.1951219512196,40.6,5.465583324432373
1365889932.6322591,896.3414634146342,41.2,5.46573281288147
1365889932.8892212,645.1219512195122,40.1,5.551772832870483
1365889933.162806,815.2439024390243,40.6,5.461514711380005
1365889933.418825,762.1951219512196,41.2,5.473073959350586
1365889933.6738079,945.1219512195122,40.6,5.490930557250977
1365889933.948905,765.2439024390244,41.2,5.487767934799194
1365889934.204553,895.1219512195122,41.2,5.460928440093994
1365889934.459736,873.170731707317,40.6,5.484985113143921
1365889934.719997,691.4634146341463,40.6,5.494201898574829
1365889934.995067,915.2439024390244,40.1,5.466236114501953
1365889935.249523,865.2439024390244,41.2,5.460383176803589
1365889935.50337,892.0731707317074,41.2,5.470533847808838
1365889935.764191,701.2195121951219,40.1,5.497214317321777
1365889936.038529,821.951219512195,40.1,5.522884368896484
1365889936.291462,760.3658536585366,40.6,5.4734742641448975
1365889936.546991,852.4390243902438,40.6,5.512993097305298
1365889936.8211231,787.1951219512196,41.2,5.471595048904419
1365889937.074443,771.3414634146342,41.2,5.468904256820679
1365889937.327172,849.390243902439,41.2,5.47206974029541
1365889937.593608,685.3658536585366,40.1,5.49336051940918
1365889937.867498,889.0243902439024,41.2,5.464259386062622
1365889938.1203682,800.0,41.2,5.461390256881714
1365889938.375412,830.4878048780488,40.1,5.503591775894165
1365889938.644438,701.2195121951219,40.1,5.554902076721191
1365889938.916526,1710.3658536585367,41.2,5.467132329940796
1365889939.1733692,792.0731707317074,40.6,5.473831415176392
1365889939.4286761,704.2682926829268,40.6,5.758803606033325
1365889939.705484,742.0731707317074,41.2,5.638414621353149
1365889939.958924,957.3170731707316,41.2,5.89699125289917
1365889940.2149382,793.2926829268293,40.1,5.6421568393707275
1365889940.48557,794.5121951219512,41.2,5.461785554885864
1365889940.741303,1526.8292682926829,40.6,5.461607933044434
1365889940.9962409,885.9756097560976,40.6,5.481449365615845
1365889941.252649,703.0487804878048,40.6,5.50048041343689
1365889941.526929,759.1463414634146,40.1,5.4632532596588135
1365889941.781919,785.3658536585366,41.2,5.469362497329712
1365889942.034715,835.3658536585366,41.2,5.498571157455444
1365889942.2931,610.3658536585366,40.6,5.5062267780303955
1365889942.567421,779.2682926829268,40.6,5.4633800983428955
1365889942.823851,817.0731707317073,40.6,5.467893123626709
1365889943.077049,856.0975609756098,41.2,5.475945472717285
1365889943.336002,680.4878048780488,40.1,5.4837892055511475
1365889943.611375,912.1951219512196,41.2,5.48846435546875
1365889943.868198,767.0731707317074,41.2,5.598538637161255
1365889944.1233358,832.3170731707316,41.2,5.496624231338501
1365889944.3857431,584.1463414634146,40.6,5.489627122879028
1365889944.6592882,909.1463414634146,41.2,5.467081785202026
1365889944.9172769,770.1219512195122,41.2,5.476011753082275
1365889945.171829,632.3170731707318,40.1,5.491626501083374
1365889945.44663,904.2682926829268,40.6,5.4629247188568115
1365889945.701011,907.9268292682927,41.2,5.531467437744141
1365889945.9583821,924.3902439024391,41.2,5.807036638259888
1365889946.231613,633.5365853658536,40.6,5.729642391204834
1365889946.507348,1574.3902439024391,41.2,5.725382328033447
1365889946.760459,853.0487804878048,40.6,5.574373006820679
1365889947.016014,700.6097560975609,40.6,5.4944984912872314
1365889947.2901812,745.1219512195122,40.6,5.47178053855896
1365889947.545881,1156.0975609756097,41.2,5.467476844787598
1365889947.8036742,783.5365853658537,40.6,5.635127305984497
1365889948.0761962,767.0731707317074,40.1,5.476320743560791
1365889948.3291268,825.0,41.2,5.476956129074097
1365889948.585535,806.0975609756098,41.2,5.549929618835449
1365889948.8422148,679.2682926829269,40.6,5.574857234954834
1365889949.117959,778.048780487805,40.6,5.620537996292114
1365889949.3712928,949.390243902439,41.2,5.495636463165283
1365889949.62599,787.1951219512196,41.2,5.489398717880249
1365889949.884546,696.3414634146341,40.1,5.4979259967803955
1365889950.1625128,740.2439024390244,40.6,5.481577634811401
1365889950.4158342,794.5121951219512,41.2,5.472923994064331
1365889950.6690361,850.0,40.1,5.541326284408569
1365889950.94063,920.1219512195122,40.6,5.472369909286499
1365889951.198314,866.4634146341464,40.6,5.493553876876831
1365889951.451802,752.439024390244,41.2,5.4666428565979
1365889951.708534,674.3902439024391,40.6,5.515340328216553
1365889951.9837859,806.0975609756098,41.2,5.480360507965088
1365889952.240134,737.1951219512194,41.2,5.533670902252197
1365889952.4929469,848.170731707317,41.2,5.468718528747559
1365889952.750342,709.1463414634146,40.6,5.49639368057251
1365889953.026209,792.0731707317074,41.2,5.655431270599365
1365889953.280032,910.9756097560976,41.2,5.465177774429321
1365889953.536887,733.5365853658536,40.6,5.512054681777954
1365889953.806324,663.4146341463415,40.1,5.481433391571045
1365889954.080437,1524.3902439024391,40.6,5.4703755378723145
1365889954.334762,776.219512195122,41.2,5.515479326248169
1365889954.590924,701.2195121951219,40.6,5.499722957611084
1365889954.8646898,764.0243902439024,41.2,5.459659576416016
1365889955.1183202,867.0731707317074,41.2,5.460474967956543
1365889955.3742568,756.0975609756098,40.1,5.497197151184082
1365889955.6455,828.0487804878048,41.2,5.530206680297852
1365889955.901464,903.048780487805,41.2,5.464773416519165
1365889956.1573231,742.0731707317074,40.6,5.480841398239136
1365889956.423557,663.4146341463415,40.1,5.500633239746094
1365889956.697367,593.2926829268292,40.6,5.507168531417847
1365889956.971503,752.439024390244,40.6,5.585635423660278
1365889957.227943,740.2439024390244,41.2,5.460494518280029
1365889957.48166,887.1951219512196,40.6,5.528962850570679
1365889957.7530198,1057.9268292682925,40.1,5.554450988769531
1365889958.009257,1015.8536585365854,41.2,5.469540119171143
1365889958.266814,892.0731707317074,40.6,5.477822303771973
1365889958.527051,635.3658536585366,40.6,5.484992504119873
1365889958.800415,734.1463414634146,40.6,5.460609197616577
1365889959.0540512,913.4146341463415,40.6,5.739118337631226
1365889959.3082318,923.1707317073171,41.2,5.516017198562622
1365889959.56594,699.390243902439,40.1,5.489208459854126
1365889959.840878,752.439024390244,40.6,5.462113380432129
1365889960.0937228,783.5365853658537,41.2,5.463682651519775
1365889960.347882,806.0975609756098,40.6,5.545953273773193
1365889960.61923,818.2926829268292,41.2,5.472059011459351
1365889960.8739998,912.1951219512196,41.2,5.467640161514282
1365889961.126803,737.1951219512194,41.2,5.498441696166992
1365889961.385112,1146.9512195121952,40.1,5.4873692989349365
1365889961.663518,748.170731707317,41.2,5.611590623855591
1365889961.9202912,823.170731707317,41.2,5.480497121810913
1365889962.173352,1735.3658536585365,41.2,5.514300346374512
1365889962.440015,714.0243902439024,40.1,5.574380159378052
1365889962.7180102,907.9268292682927,40.1,5.4961583614349365
1365889962.972707,764.0243902439024,40.6,5.537581920623779
1365889963.229433,644.5121951219512,40.6,5.488089561462402
1365889963.504544,1287.8048780487804,40.6,5.528210878372192
1365889963.758997,753.0487804878048,41.2,5.525809288024902
1365889964.016714,1145.7317073170732,40.6,5.662401914596558
1365889964.289572,926.219512195122,41.2,5.512431383132935
1365889964.545373,763.4146341463414,41.2,5.471287965774536
1365889964.802402,910.9756097560976,41.2,5.477759599685669
1365889965.0592089,721.3414634146342,40.1,5.504565238952637
1365889965.33665,830.4878048780488,41.2,5.459980010986328
1365889965.5912619,790.2439024390244,41.2,5.464541435241699
1365889965.847836,893.2926829268292,40.1,5.486093044281006
1365889966.115175,687.1951219512194,40.6,5.511975049972534
1365889966.3886569,920.1219512195122,40.1,5.507039308547974
1365889966.64508,896.9512195121952,41.2,5.462794780731201
1365889966.9000618,609.1463414634146,40.6,5.4958178997039795
1365889967.174208,739.0243902439024,40.6,5.486699104309082
1365889967.429247,863.4146341463414,40.6,5.472451448440552
1365889967.6846561,1129.878048780488,40.6,5.504450798034668
1365889967.954416,926.829268292683,41.2,5.508919954299927
1365889968.2085812,900.0,41.2,5.50652003288269
1365889968.463074,910.9756097560976,40.1,5.468053102493286
1365889968.719187,597.560975609756,40.6,5.584613084793091
1365889968.9946702,868.2926829268292,40.6,5.5931127071380615
1365889969.250155,881.0975609756098,41.2,5.554092884063721
1365889969.5059881,767.0731707317074,41.2,5.572421312332153
1365889969.767318,699.390243902439,40.6,5.508224725723267
1365889970.0442,852.4390243902438,40.1,5.467330694198608
1365889970.298314,906.0975609756098,40.6,5.469910383224487
1365889970.551373,796.3414634146342,40.6,5.485335350036621
1365889970.820389,630.4878048780488,40.1,5.4976019859313965
1365889971.096204,903.048780487805,40.6,5.482518911361694
1365889971.351108,755.4878048780488,41.2,5.46898341178894
1365889971.606356,696.3414634146341,40.1,5.539219856262207
1365889971.883806,882.3170731707318,41.2,5.537669658660889
1365889972.136843,887.1951219512196,41.2,5.548947334289551
1365889972.390948,920.1219512195122,41.2,5.486106872558594
1365889972.6632068,860.9756097560976,40.6,5.476462364196777
1365889972.918738,921.3414634146342,41.2,5.587423801422119
1365889973.171745,1023.1707317073171,40.6,5.4865593910217285
1365889973.4288661,773.1707317073171,40.1,5.593073606491089
1365889973.703407,770.1219512195122,40.6,5.465149402618408
1365889973.9574552,741.4634146341464,41.2,5.522495746612549
1365889974.212991,863.4146341463414,41.2,5.481485605239868
1365889974.47911,602.4390243902438,40.6,5.479795455932617
1365889974.754289,832.9268292682926,40.6,5.4731831550598145
1365889975.009642,759.1463414634146,41.2,5.469332695007324
1365889975.269825,899.390243902439,41.2,5.483530282974243
1365889975.535022,689.6341463414634,40.1,5.515597343444824
1365889975.8085802,848.170731707317,41.2,5.469721078872681
1365889976.06514,759.1463414634146,41.2,5.472971200942993
1365889976.318584,820.1219512195122,41.2,5.5308709144592285
1365889976.5929558,737.1951219512194,40.6,5.473645925521851
1365889976.849109,802.439024390244,41.2,5.4622697830200195
1365889977.102989,896.3414634146342,40.6,5.475814342498779
1365889977.368837,585.3658536585366,40.1,5.5162742137908936
1365889977.6462688,741.4634146341464,41.2,5.466057300567627
1365889977.901048,914.0243902439024,41.2,5.461291074752808
1365889978.15622,904.8780487804878,40.6,5.4750425815582275
1365889978.4183302,693.2926829268292,40.1,5.4895172119140625
1365889978.692758,691.4634146341463,40.6,5.4926159381866455
1365889978.967052,859.1463414634146,41.2,5.465626239776611
1365889979.22264,910.9756097560976,41.2,5.45955753326416
1365889979.47805,724.390243902439,40.6,5.482803821563721
1365889979.7527502,943.2926829268292,40.6,5.46065878868103
1365889980.008738,914.0243902439024,41.2,5.474915504455566
1365889980.267835,899.390243902439,40.1,5.531021595001221
1365889980.536923,688.4146341463414,40.6,5.520455837249756
1365889980.815072,781.0975609756098,40.6,5.465644598007202
1365889981.0687418,871.3414634146342,41.2,5.468705415725708
1365889981.327093,907.9268292682927,40.1,5.4844911098480225
1365889981.6014872,867.0731707317074,40.6,5.475867748260498
1365889981.855828,923.1707317073171,41.2,5.4718732833862305
1365889982.108819,863.4146341463414,40.6,5.563368797302246
1365889982.367591,685.3658536585366,40.1,5.509526968002319
1365889982.645986,766.4634146341464,41.2,5.468714952468872
1365889982.8988008,792.0731707317074,41.2,5.471595048904419
1365889983.1518662,929.8780487804878,40.6,5.4958531856536865
1365889983.416011,691.4634146341463,40.6,5.507211685180664
1365889983.691891,817.0731707317073,41.2,5.464390277862549
1365889983.945035,932.3170731707318,41.2,5.468086004257202
1365889984.198185,851.219512195122,41.2,5.6384358406066895
1365889984.4724889,735.3658536585366,41.2,5.475980043411255
1365889984.7287629,943.2926829268292,40.6,5.521109580993652
1365889984.98427,832.9268292682926,41.2,5.542057991027832
1365889985.246691,700.6097560975609,40.6,5.495299339294434
1365889985.526505,890.2439024390244,41.2,5.47028374671936
1365889985.780844,837.1951219512194,40.6,5.461996078491211
1365889986.035158,774.390243902439,40.1,5.542430639266968
1365889986.309886,747.560975609756,41.2,5.48140549659729
1365889986.567161,923.1707317073171,41.2,5.476253032684326
1365889986.821625,807.3170731707318,41.2,5.48326563835144
1365889987.08222,698.170731707317,40.6,5.5689311027526855
1365889987.357745,769.5121951219512,41.2,5.48488450050354
1365889987.6157792,918.9024390243903,40.6,5.473586082458496
1365889987.871985,865.2439024390244,40.6,5.5852837562561035
1365889988.139068,617.6829268292682,40.6,5.488019704818726
1365889988.4179258,831.0975609756097,40.6,5.491865396499634
1365889988.673158,819.5121951219512,41.2,5.477527618408203
1365889988.926238,796.3414634146342,40.6,5.532324314117432
1365889989.198219,842.0731707317073,40.1,5.512410640716553
1365889989.454527,727.4390243902438,41.2,5.469290256500244
1365889989.710816,873.170731707317,41.2,5.508713245391846
1365889989.9725282,713.4146341463414,40.1,5.562328338623047
1365889990.251911,726.219512195122,40.6,5.469471454620361
1365889990.5058858,784.1463414634146,41.2,5.48052978515625
1365889990.759557,890.2439024390244,40.6,5.500448703765869
1365889991.0328698,783.5365853658537,40.6,5.469622611999512
1365889991.2955709,759.1463414634146,40.6,5.466127634048462
1365889991.550869,767.0731707317074,41.2,5.490170001983643
1365889991.8177202,746.3414634146342,41.2,5.513067722320557
1365889992.091024,890.2439024390244,40.6,5.471457004547119
1365889992.3438451,890.2439024390244,41.2,5.4595723152160645
1365889992.598757,686.5853658536586,41.2,5.489666223526001
1365889992.8783529,871.3414634146342,41.2,5.480226516723633
1365889993.1328168,740.2439024390244,40.6,5.466670513153076
1365889993.389505,1350.0,41.2,5.477200031280518
1365889993.6617012,747.560975609756,40.6,5.467737913131714
1365889993.91642,926.219512195122,41.2,5.47951865196228
1365889994.169533,910.9756097560976,41.2,5.483870267868042
1365889994.429118,693.2926829268292,40.6,5.503393888473511
1365889994.70473,913.4146341463415,40.6,5.463221311569214
1365889994.9595451,740.2439024390244,41.2,5.460489273071289
1365889995.215093,633.5365853658536,40.6,5.498039960861206
1365889995.494278,871.3414634146342,41.2,5.511491298675537
1365889995.749522,921.3414634146342,40.6,5.4652040004730225
1365889996.0039392,888.4146341463414,40.6,5.531019926071167
1365889996.281729,871.9512195121952,41.2,5.469744920730591
1365889996.534446,915.8536585365854,41.2,5.467041254043579
1365889996.78914,824.390243902439,40.6,5.504631519317627
1365889997.05423,763.4146341463414,40.6,5.495943307876587
1365889997.3275142,871.9512195121952,41.2,5.466402769088745
1365889997.582187,946.951219512195,41.2,5.488731861114502
1365889997.8405309,799.3902439024391,40.1,5.498425722122192
1365889998.109983,763.4146341463414,41.2,5.47566819190979
1365889998.362856,732.3170731707316,41.2,5.46019434928894
1365889998.617871,932.3170731707318,41.2,5.488530158996582
1365889998.878867,682.3170731707318,40.6,5.525290012359619
1365889999.155149,915.2439024390244,40.6,5.464895486831665
1365889999.411811,788.4146341463415,40.6,5.474135160446167
1365889999.666782,890.8536585365854,40.6,5.483593225479126
1365889999.9364538,736.5853658536586,41.2,5.471715450286865
1365890000.1892102,1018.2926829268292,40.6,5.464040756225586
1365890000.444683,740.2439024390244,40.6,5.476958751678467
1365890000.699029,697.560975609756,40.6,5.485815048217773
1365890000.975559,813.4146341463414,41.2,5.467565536499023
1365890001.2332249,755.4878048780488,41.2,5.479236602783203
1365890001.488254,796.3414634146342,41.2,5.478905916213989
1365890001.756462,701.2195121951219,40.6,5.5063371658325195
1365890002.032137,809.1463414634147,40.6,5.471336603164673
1365890002.290015,831.0975609756097,41.2,5.5268073081970215
1365890002.542876,731.0975609756098,40.6,5.504125356674194
1365890002.816566,783.5365853658537,41.2,5.4830381870269775
1365890003.0726411,769.5121951219512,41.2,5.466883659362793
1365890003.326506,888.4146341463414,40.6,5.531552076339722
1365890003.592971,750.0,40.6,5.516374111175537
1365890003.867326,832.3170731707316,41.2,5.505208492279053
1365890004.123756,868.2926829268292,41.2,5.4597392082214355
1365890004.379387,800.0,40.6,5.539617538452148
1365890004.6462631,698.170731707317,40.1,5.501095771789551
1365890004.91966,796.9512195121952,40.6,5.46140718460083
1365890005.173933,805.4878048780488,40.1,5.464701414108276
1365890005.430529,657.3170731707318,41.2,5.493717432022095
1365890005.7063801,864.0243902439024,41.2,5.472200155258179
1365890005.9608068,973.780487804878,41.2,5.480134725570679
1365890006.2168891,838.4146341463414,40.6,5.5159077644348145
1365890006.489106,751.219512195122,40.6,5.471275806427002
1365890006.743178,748.170731707317,41.2,5.583137273788452
1365890006.9968178,921.9512195121952,41.2,5.467517137527466
1365890007.2562392,631.0975609756098,40.1,5.514195442199707
1365890007.533056,873.170731707317,41.2,5.463460445404053
1365890007.786957,982.9268292682926,40.6,5.676106691360474
1365890008.040899,789.0243902439024,41.2,5.575407981872559
1365890008.310915,915.8536585365854,41.2,5.471170663833618
1365890008.564936,899.390243902439,40.6,5.47361946105957
1365890008.8178382,814.0243902439024,41.2,5.532010555267334
1365890009.074516,704.2682926829268,40.6,5.532644748687744
1365890009.352094,827.4390243902438,41.2,5.466996192932129
1365890009.606657,885.9756097560976,41.2,5.477631330490112
1365890009.8614678,832.3170731707316,40.6,5.484329462051392
1365890010.127114,704.2682926829268,40.1,5.479964017868042
1365890010.4027011,1449.3902439024391,40.6,5.459106922149658
1365890010.658335,765.2439024390244,41.2,5.4936203956604
1365890010.912919,907.3170731707318,40.6,5.537673473358154
1365890011.188132,731.0975609756098,40.6,5.5392234325408936
1365890011.4439979,912.1951219512196,41.2,5.46884298324585
1365890011.699035,892.0731707317074,41.2,5.529961347579956
1365890011.958954,691.4634146341463,40.6,5.501488447189331
1365890012.232678,776.219512195122,40.1,5.486866474151611
1365890012.490347,764.0243902439024,41.2,5.513690233230591
1365890012.744333,728.0487804878048,41.2,5.513705730438232
1365890013.003586,692.0731707317073,40.6,5.718798875808716
1365890013.2811918,896.3414634146342,41.2,5.4928014278411865
1365890013.541621,802.439024390244,41.2,5.458642482757568
1365890013.7951932,879.2682926829268,41.2,5.510002851486206
1365890014.0676138,907.3170731707318,41.2,5.480271816253662
1365890014.322593,881.0975609756098,40.6,5.459075212478638
1365890014.577274,818.2926829268292,40.6,5.516438245773315
1365890014.8381922,687.1951219512194,40.1,5.486023902893066
1365890015.1135628,843.2926829268292,41.2,5.4586265087127686
1365890015.3684669,909.1463414634146,41.2,5.576361656188965
1365890015.624193,703.0487804878048,40.6,5.524032831192017
1365890015.900505,896.9512195121952,41.2,5.461033821105957
1365890016.153208,735.3658536585366,41.2,5.500836133956909
1365890016.405833,907.3170731707318,41.2,5.475399732589722
1365890016.671922,700.6097560975609,40.6,5.489642858505249
1365890016.9464478,924.3902439024391,41.2,5.485689878463745
1365890017.200139,860.3658536585366,41.2,5.59430718421936
1365890017.4535942,708.5365853658536,40.6,5.707695484161377
1365890017.732634,929.2682926829269,41.2,5.642752408981323
1365890017.984595,920.1219512195122,41.2,5.494231224060059
1365890018.239888,921.3414634146342,41.2,5.5288567543029785
1365890018.504274,712.1951219512194,40.1,5.483384847640991
1365890018.7801,742.0731707317074,41.2,5.470811128616333
1365890019.034987,943.2926829268292,40.6,5.531163215637207
1365890019.291887,829.2682926829268,40.6,5.480879306793213
1365890019.564621,907.3170731707318,41.2,5.464503526687622
1365890019.820802,890.8536585365854,40.6,5.466301679611206
1365890020.074466,744.5121951219512,40.6,5.517152547836304
1365890020.345525,687.1951219512194,40.6,5.494154214859009
1365890020.620329,843.9024390243902,41.2,5.520784616470337
1365890020.874977,795.1219512195122,40.6,5.464860439300537
1365890021.128654,866.4634146341464,40.6,5.476484537124634
1365890021.3885388,693.2926829268292,41.2,5.491727113723755
1365890021.664599,882.9268292682926,40.6,5.54744553565979
1365890021.9216409,747.560975609756,41.2,5.482480764389038
1365890022.174437,694.5121951219512,40.6,5.616222143173218
1365890022.450172,848.170731707317,41.2,5.512320280075073
1365890022.7034051,802.439024390244,41.2,5.548864364624023
1365890022.959163,846.3414634146342,41.2,5.468066453933716
1365890023.219266,701.2195121951219,40.1,5.49147367477417
1365890023.495816,898.1707317073171,41.2,5.512396335601807
1365890023.748564,830.4878048780488,40.6,5.493074178695679
1365890024.004425,767.0731707317074,40.6,5.58780312538147
1365890024.274482,882.3170731707318,41.2,5.760201692581177
1365890024.528679,910.3658536585366,40.1,5.512704849243164
1365890024.782184,757.3170731707318,41.2,5.543119430541992
1365890025.039305,701.2195121951219,40.1,5.5221779346466064
1365890025.317555,727.4390243902438,40.6,5.467244625091553
1365890025.570085,902.439024390244,40.6,5.510537147521973
1365890025.823583,984.1463414634146,41.2,5.482452869415283
1365890026.091996,687.1951219512194,40.6,5.56368350982666
1365890026.36857,765.2439024390244,41.2,5.4902119636535645
1365890026.622452,904.2682926829268,41.2,5.478450536727905
1365890026.880186,805.4878048780488,41.2,5.48281455039978
1365890027.15699,747.560975609756,41.2,5.464578151702881
1365890027.410082,764.0243902439024,41.2,5.5004799365997314
1365890027.664628,870.1219512195122,41.2,5.494935750961304
1365890027.9313622,700.6097560975609,40.6,5.510265588760376
1365890028.208174,1051.8292682926829,40.6,5.518307447433472
1365890028.4634209,758.5365853658536,41.2,5.459838628768921
1365890028.716871,829.2682926829268,40.6,5.477841138839722
1365890028.9897332,951.8292682926829,41.2,5.468987703323364
1365890029.246999,954.2682926829268,41.2,5.501008987426758
1365890029.502809,946.3414634146341,40.1,5.701519727706909
1365890029.7702222,624.390243902439,40.6,5.715402126312256
1365890030.046367,860.9756097560976,40.6,5.687925577163696
1365890030.3020291,746.3414634146342,40.6,5.46502423286438
1365890030.556444,820.1219512195122,41.2,5.472074508666992
1365890030.815122,584.1463414634146,40.1,5.541092157363892
1365890031.0925272,921.9512195121952,41.2,5.539492845535278
1365890031.3528042,850.0,41.2,5.5601487159729
1365890031.608587,785.9756097560976,40.6,5.481900453567505
1365890031.8776681,699.390243902439,40.1,5.490473031997681
1365890032.152562,864.0243902439024,40.1,5.462813377380371
1365890032.408277,865.2439024390244,40.6,5.470032453536987
1365890032.663723,892.0731707317074,40.6,5.49680495262146
1365890032.937759,870.1219512195122,40.6,5.465298175811768
1365890033.1922219,910.9756097560976,41.2,5.4639904499053955
1365890033.449183,794.5121951219512,40.6,5.478359699249268
1365890033.717561,601.219512195122,40.1,5.513718843460083
1365890033.995426,1534.7560975609756,41.2,5.5939788818359375
1365890034.2506251,846.951219512195,41.2,5.597336769104004
1365890034.50514,898.1707317073171,40.6,5.467756748199463
1365890034.763425,776.219512195122,40.6,5.498620986938477
1365890035.03954,827.4390243902438,41.2,5.469278335571289
1365890035.294461,935.9756097560976,40.6,5.480756759643555
1365890035.5497248,921.9512195121952,41.2,5.513589859008789
1365890035.823668,943.9024390243902,41.2,5.4831085205078125
1365890036.077395,906.0975609756098,41.2,5.48331618309021
1365890036.33303,829.2682926829268,40.6,5.4706621170043945
1365890036.5931919,681.0975609756098,40.6,5.497564792633057
1365890036.8692281,898.1707317073171,41.2,5.464111328125
1365890037.1221151,906.0975609756098,41.2,5.459253549575806
1365890037.3768342,767.0731707317074,41.2,5.482662200927734
1365890037.6359448,777.439024390244,40.6,5.506154775619507
1365890037.9132512,717.0731707317073,41.2,5.4666008949279785
1365890038.1682901,821.951219512195,41.2,5.470872640609741
1365890038.422174,1240.8536585365855,41.2,5.52053165435791
1365890038.687178,689.6341463414634,40.6,5.53377366065979
1365890038.963292,738.4146341463414,40.6,5.472624778747559
1365890039.216911,896.3414634146342,41.2,5.532125949859619
1365890039.472529,835.3658536585366,41.2,5.503232479095459
1365890039.729855,688.4146341463414,40.1,5.555202007293701
1365890040.005932,738.4146341463414,40.1,5.482068777084351
1365890040.261514,935.9756097560976,41.2,5.493462085723877
1365890040.515852,921.9512195121952,41.2,5.474671125411987
1365890040.774227,683.5365853658537,40.1,5.523687362670898
1365890041.049084,987.8048780487804,41.2,5.467449188232422
1365890041.30321,928.048780487805,41.2,5.478210210800171
1365890041.560114,750.0,41.2,5.473247766494751
1365890041.8204238,701.2195121951219,40.6,5.509950876235962
1365890042.096204,817.0731707317073,41.2,5.481358289718628
1365890042.352778,739.0243902439024,41.2,5.465813875198364
1365890042.607021,762.1951219512196,40.1,5.479525089263916
1365890042.8790588,879.2682926829268,40.6,5.489287614822388
1365890043.1336472,749.390243902439,41.2,5.468041896820068
1365890043.38951,902.439024390244,41.2,5.6091086864471436
1365890043.648692,652.439024390244,40.1,5.50572657585144
1365890043.925088,772.5609756097562,41.2,5.4812912940979
1365890044.179362,746.3414634146342,40.6,5.631253004074097
1365890044.432075,893.2926829268292,40.6,5.582416296005249
1365890044.706109,727.4390243902438,40.6,5.478378057479858
1365890044.962935,939.0243902439024,41.2,5.52639102935791
1365890045.2183821,1765.2439024390244,41.2,5.5196404457092285
1365890045.480482,693.2926829268292,40.6,5.5053629875183105
1365890045.760101,870.1219512195122,41.2,5.460683584213257
1365890046.013089,906.0975609756098,41.7,5.467432022094727
1365890046.270689,842.0731707317073,40.6,5.542300701141357
1365890046.5360022,685.3658536585366,40.1,5.506075620651245
1365890046.814958,949.390243902439,41.2,5.462193965911865
1365890047.070059,755.4878048780488,41.2,5.533089637756348
1365890047.325572,663.4146341463415,40.6,5.495759963989258
1365890047.600456,909.1463414634146,41.2,5.469453573226929
1365890047.857718,818.2926829268292,40.6,5.558537721633911
1365890048.113593,909.1463414634146,40.6,5.500357389450073
1365890048.3883479,741.4634146341464,40.6,5.472046852111816
1365890048.642666,747.560975609756,41.2,5.762348413467407
1365890048.8970912,860.9756097560976,41.2,5.508875370025635
1365890049.156874,561.5853658536586,40.1,5.50970983505249
1365890049.43371,973.780487804878,40.6,5.46067476272583
1365890049.6902971,817.0731707317073,41.2,5.463054895401001
1365890049.946763,760.3658536585366,40.6,5.524777173995972
1365890050.216417,632.3170731707318,40.6,5.495073556900024
1365890050.4929678,742.0731707317074,41.2,5.467386722564697
1365890050.745949,753.0487804878048,41.2,5.464350700378418
1365890051.002423,751.219512195122,41.2,5.477238178253174
1365890051.266261,596.3414634146342,40.1,5.494707107543945
1365890051.540697,781.0975609756098,41.2,5.458273410797119
1365890051.7956579,907.3170731707318,40.1,5.605252742767334
1365890052.050775,923.1707317073171,40.6,5.494226694107056
1365890052.326731,857.9268292682926,41.7,5.4641618728637695
1365890052.5797498,890.2439024390244,40.6,5.4632649421691895
1365890052.8335638,1035.9756097560976,41.2,5.481815338134766
1365890053.10675,707.3170731707316,40.1,5.52344012260437
1365890053.3822641,846.951219512195,40.6,5.488243341445923
1365890053.63821,888.4146341463414,40.6,5.496366739273071
1365890053.8930838,700.6097560975609,40.6,5.536074876785278
1365890054.173316,793.2926829268293,40.6,5.511665344238281
1365890054.426215,1161.5853658536585,40.6,5.464950799942017
1365890054.6822138,852.4390243902438,41.2,5.483413457870483
1365890054.9567292,984.7560975609756,41.2,5.628733158111572
1365890055.210538,814.0243902439024,40.6,5.467925071716309
1365890055.4643688,769.5121951219512,41.2,5.495555400848389
1365890055.722194,609.1463414634146,40.1,5.492582321166992
1365890055.996382,780.4878048780488,41.2,5.459446668624878
