1365889754.0233226,2591.4634146341464,54.8,4.764546632766724
1365889754.2392235,1759.1463414634145,54.2,4.765490293502808
1365889754.4548032,1465.8536585365853,53.7,4.841378450393677
1365889754.6835825,1640.2439024390244,54.2,4.769522190093994
1365889754.9114864,1505.4878048780486,53.7,4.784487962722778
1365889755.139385,1752.439024390244,53.7,4.775995254516602
1365889755.3673608,1553.658536585366,53.7,4.79740571975708
1365889755.5952575,1498.780487804878,53.7,4.792802572250366
1365889755.8232062,1682.3170731707316,53.2,4.787827730178833
1365889756.0510345,1478.658536585366,53.7,4.854682445526123
1365889756.279695,1990.8536585365855,53.7,4.7806830406188965
1365889756.507833,1503.658536585366,53.2,4.784188747406006
1365889756.7363486,1535.3658536585367,53.2,4.771076440811157
1365889756.9646168,1537.8048780487804,53.7,4.76810884475708
1365889757.1919923,1559.7560975609756,53.7,4.811276912689209
1365889757.4201136,1476.8292682926829,53.7,4.770035028457642
1365889757.6480439,2090.2439024390246,53.7,4.771561861038208
1365889757.8639019,1456.7073170731708,53.7,4.7699196338653564
1365889758.092136,1531.7073170731708,53.2,4.789504528045654
1365889758.3211615,1646.341463414634,52.6,4.766930341720581
1365889758.5501566,1904.2682926829268,53.7,4.767713785171509
1365889758.7797627,1552.439024390244,53.7,4.767553806304932
1365889759.007394,1798.170731707317,53.2,4.802949666976929
1365889759.2356322,1715.2439024390244,52.6,4.7673821449279785
1365889759.4631617,1589.6341463414633,52.6,4.815369129180908
1365889759.6926014,1600.6097560975609,53.7,4.80456018447876
1365889759.9212322,1462.8048780487807,53.2,4.77834153175354
1365889760.1490958,1776.2195121951218,53.2,4.777987241744995
1365889760.3769562,1479.878048780488,53.2,4.776488542556763
1365889760.6050227,1495.7317073170732,53.2,4.78430438041687
1365889760.8326702,1507.3170731707316,52.6,4.800636529922485
1365889761.0602949,1709.1463414634147,53.7,4.921212434768677
1365889761.2800765,2004.268292682927,53.2,4.965658903121948
1365889761.4964209,1626.219512195122,53.2,4.788451433181763
1365889761.7124944,1929.878048780488,52.6,4.768968343734741
1365889761.9415722,1554.2682926829268,52.6,4.785462856292725
1365889762.1697605,1496.341463414634,53.7,4.7726359367370605
1365889762.3973453,1745.121951219512,53.2,4.775985240936279
1365889762.6251864,1464.6341463414633,53.2,4.772826671600342
1365889762.853302,1557.3170731707316,53.7,4.857255458831787
1365889763.0811958,1576.219512195122,53.2,4.775060653686523
1365889763.3101923,1463.4146341463415,52.6,4.766565322875977
1365889763.5389633,1603.658536585366,53.2,4.942014694213867
1365889763.766495,2696.3414634146343,52.6,4.965288400650024
1365889763.9940662,1510.3658536585365,52.6,4.846460342407227
1365889764.221577,1470.7317073170732,53.2,4.7679078578948975
1365889764.4498243,1474.390243902439,53.2,4.765954494476318
1365889764.677632,2034.7560975609756,53.7,4.769080638885498
1365889764.9059167,1589.6341463414633,52.6,4.836743354797363
1365889765.122783,1927.439024390244,53.7,4.85100793838501
1365889765.3382318,1782.3170731707316,53.7,4.766606569290161
1365889765.554035,1985.9756097560976,53.7,4.79702353477478
1365889765.769807,2010.3658536585365,53.7,5.169070243835449
1365889765.9852679,1606.7073170731708,52.6,4.960485458374023
1365889766.2129862,1471.3414634146343,53.2,4.881836175918579
1365889766.4405248,1623.1707317073171,52.6,4.783472776412964
1365889766.6683302,1493.2926829268295,53.2,4.792835712432861
1365889766.896368,1719.5121951219512,53.7,4.894694805145264
1365889767.1255069,1590.2439024390244,53.2,4.810865163803101
1365889767.3535144,1462.8048780487807,53.2,4.865386724472046
1365889767.581321,1722.5609756097563,52.6,4.780146598815918
1365889767.809945,1557.3170731707316,52.6,4.793304920196533
1365889768.0375576,1758.5365853658536,52.6,4.767868280410767
1365889768.266027,1574.3902439024391,52.6,4.773831367492676
1365889768.4952393,1527.4390243902437,52.6,4.881519317626953
1365889768.7243605,1569.5121951219512,53.2,4.768562078475952
1365889768.9523108,1617.6829268292684,52.6,4.781731605529785
1365889769.1802773,1758.5365853658536,52.6,4.773975849151611
1365889769.39609,1531.7073170731708,53.2,4.7689738273620605
1365889769.6239822,1521.341463414634,52.6,4.7660133838653564
1365889769.851823,1605.4878048780488,52.6,4.86408805847168
1365889770.0796947,1841.4634146341464,52.6,4.795347213745117
1365889770.3090518,1505.4878048780486,52.6,4.8212730884552
1365889770.5375245,2558.5365853658536,53.2,4.784198999404907
1365889770.7670567,1483.5365853658539,53.2,4.798924446105957
1365889770.9951177,1740.2439024390244,52.6,4.77454137802124
1365889771.2245007,1507.3170731707316,52.6,4.795565843582153
1365889771.4524903,1754.2682926829268,52.6,4.766998529434204
1365889771.680315,1465.8536585365853,52.6,4.771860599517822
1365889771.9095387,1523.780487804878,52.6,4.797401666641235
1365889772.138072,1835.9756097560976,52.6,4.76569128036499
1365889772.3672733,1497.560975609756,53.2,4.821664571762085
1365889772.5952892,1692.0731707317075,52.6,4.914785146713257
1365889772.8249016,1589.6341463414633,52.1,4.793378591537476
1365889773.0528193,1559.7560975609756,52.6,4.789754867553711
1365889773.2814314,1772.560975609756,52.6,4.7667365074157715
1365889773.5113745,1475.6097560975609,52.6,4.764343500137329
1365889773.7401197,1667.6829268292684,52.6,4.771895885467529
1365889773.9679315,1478.658536585366,52.1,4.774346828460693
1365889774.1957352,1660.3658536585367,52.1,4.811020374298096
1365889774.4230278,1667.6829268292684,52.6,4.8068342208862305
1365889774.6508043,1473.7804878048782,52.6,4.778927326202393
1365889774.878748,1735.3658536585365,52.6,4.7832677364349365
1365889775.1093585,1603.658536585366,52.6,4.777387619018555
1365889775.338388,1556.7073170731708,52.6,4.767690896987915
1365889775.5663161,1472.5609756097563,52.6,4.77393364906311
1365889775.791903,1595.7317073170732,52.6,4.754624128341675
1365889776.007569,1587.1951219512196,53.7,4.838490724563599
1365889776.2233844,1627.439024390244,53.2,4.778543949127197
1365889776.451449,1616.4634146341464,52.6,4.810197353363037
1365889776.6794648,1464.6341463414633,53.2,4.782826662063599
1365889776.9078324,1615.2439024390244,52.6,4.79812216758728
1365889777.1359239,1597.5609756097563,52.6,4.793840169906616
1365889777.3639736,1702.439024390244,52.1,4.839777231216431
1365889777.5924997,1579.2682926829268,52.6,4.803183078765869
1365889777.820698,1775.0,52.6,4.769861221313477
1365889778.0498843,1677.439024390244,52.6,5.014075517654419
1365889778.277298,1756.0975609756097,52.6,4.788340091705322
1365889778.5068245,1645.121951219512,52.6,4.797904014587402
1365889778.7362485,1756.0975609756097,52.6,4.875307083129883
1365889778.963909,1482.3170731707319,53.7,4.777709484100342
1365889779.1919918,1561.5853658536585,52.6,4.834791660308838
1365889779.420005,1916.4634146341464,53.2,5.118440628051758
1365889779.6364121,1593.2926829268292,52.6,4.902943134307861
1365889779.8520129,1600.6097560975609,52.6,4.7570741176605225
1365889780.0679977,2522.560975609756,53.2,4.786039352416992
1365889780.2836258,1881.0975609756097,53.2,4.814848184585571
1365889780.5000358,1585.3658536585367,53.2,4.77730917930603
1365889780.7159956,2001.2195121951218,53.7,4.787477493286133
1365889780.9324255,1687.1951219512196,52.6,4.838276624679565
1365889781.1609585,1754.2682926829268,53.7,4.778796434402466
1365889781.3889606,1606.7073170731708,52.6,4.78080153465271
1365889781.6165376,1642.6829268292681,52.6,4.803849935531616
1365889781.84441,1602.439024390244,53.2,4.793816804885864
1365889782.0723157,1571.341463414634,52.6,4.816610097885132
1365889782.3008685,1469.5121951219512,53.2,5.039769887924194
1365889782.5283751,1826.219512195122,53.2,4.842475175857544
1365889782.7558954,1642.6829268292681,52.6,4.78061056137085
1365889782.9833183,1831.0975609756097,52.6,4.779211521148682
1365889783.211196,1511.5853658536585,53.2,4.776392936706543
1365889783.4391422,1593.2926829268292,52.6,4.795742988586426
1365889783.6667445,1466.4634146341464,52.6,4.775766849517822
1365889783.8944657,1670.1219512195123,52.1,4.7688281536102295
1365889784.122056,1467.6829268292684,53.2,4.786832094192505
1365889784.350537,1967.0731707317073,52.6,4.83380913734436
1365889784.5660596,2006.0975609756094,53.2,4.919594764709473
1365889784.7817278,1996.9512195121952,53.2,4.92050838470459
1365889784.997317,2020.121951219512,53.2,4.827123165130615
1365889785.2128966,2026.8292682926829,52.6,4.755656480789185
1365889785.428557,1951.219512195122,53.7,4.758657693862915
1365889785.6441944,1898.1707317073171,53.7,5.867140531539917
1365889785.860008,1473.7804878048782,53.7,5.6619696617126465
1365889786.087744,1845.1219512195123,53.7,5.444460153579712
1365889786.3180315,2043.2926829268295,53.2,5.221628427505493
1365889786.546471,1683.5365853658536,52.6,4.996995449066162
1365889786.7742128,1467.6829268292684,52.6,4.775880575180054
1365889787.0021746,1739.6341463414635,53.2,4.779593229293823
1365889787.2301266,2498.780487804878,52.6,4.806555271148682
1365889787.4575977,1751.219512195122,52.6,4.771450996398926
1365889787.6850107,1767.0731707317073,52.6,4.771862030029297
1365889787.9137912,1484.7560975609756,52.1,4.769586801528931
1365889788.141792,1733.5365853658539,52.6,4.796701431274414
1365889788.3709,1566.4634146341464,52.6,4.774231195449829
1365889788.5989163,1466.4634146341464,52.6,4.8615882396698
1365889788.8267784,1739.6341463414635,52.6,4.7717061042785645
1365889789.0547059,1483.5365853658539,52.6,4.839703559875488
1365889789.282346,1831.0975609756097,53.2,4.7555835247039795
1365889789.4979904,1946.341463414634,53.2,4.7895612716674805
1365889789.7137356,1960.9756097560976,53.7,4.75099515914917
1365889789.9294434,2003.0487804878048,53.7,4.786982536315918
1365889790.145875,1849.390243902439,53.7,4.776133060455322
1365889790.3614695,1855.4878048780488,53.7,4.756617546081543
1365889790.5770273,1695.121951219512,53.2,4.779791593551636
1365889790.804487,1605.4878048780488,52.6,4.768426418304443
1365889791.0321746,1471.3414634146343,53.2,4.778420925140381
1365889791.2598798,1755.4878048780486,53.2,4.768959999084473
1365889791.4891613,1654.2682926829268,52.6,4.765725374221802
1365889791.717457,1638.4146341463415,52.6,4.834432125091553
1365889791.945582,1483.5365853658539,52.6,4.77559757232666
1365889792.1732535,1687.1951219512196,53.2,4.779420614242554
1365889792.4011686,1473.7804878048782,52.6,4.827966928482056
1365889792.6290138,1776.2195121951218,52.6,4.776444435119629
1365889792.85654,1512.8048780487804,52.6,4.788815259933472
1365889793.084342,1569.5121951219512,52.6,4.768012523651123
1365889793.3127358,1611.5853658536585,52.6,4.77124547958374
1365889793.5405111,1523.780487804878,52.6,4.794254779815674
1365889793.7685955,1890.2439024390244,53.2,4.755920648574829
1365889793.9841838,1913.4146341463413,52.6,4.753553152084351
1365889794.2001123,1935.3658536585365,53.2,4.755212306976318
1365889794.4162102,1598.1707317073171,53.2,4.761904954910278
1365889794.6319225,1845.1219512195123,53.7,4.757208585739136
1365889794.8475642,1801.219512195122,53.7,4.846487522125244
1365889795.0630918,1728.0487804878048,53.2,4.837284564971924
1365889795.2791328,1971.9512195121952,53.7,4.7707812786102295
1365889795.4947822,1926.219512195122,53.7,4.850678205490112
1365889795.7109773,1650.609756097561,53.7,4.75635290145874
1365889795.9269817,1987.8048780487804,53.7,4.784635305404663
1365889796.1428423,1463.4146341463415,53.7,4.987455368041992
1365889796.3705451,1723.1707317073171,53.7,4.847692012786865
1365889796.5983033,1466.4634146341464,53.2,4.765945911407471
1365889796.825838,1500.6097560975609,52.6,4.784941911697388
1365889797.053389,1663.4146341463413,53.2,4.787320137023926
1365889797.2810946,1507.3170731707316,52.6,4.815832614898682
1365889797.5089943,1954.2682926829268,53.2,4.77000617980957
1365889797.7369175,1771.341463414634,52.6,4.823113203048706
1365889797.9651237,1761.5853658536585,52.6,4.856372117996216
1365889798.192877,1607.3170731707319,52.6,4.771367073059082
1365889798.420786,1450.609756097561,52.6,4.771195888519287
1365889798.6488738,1595.7317073170732,53.2,4.772514581680298
1365889798.8766897,1513.4146341463415,52.6,4.77854323387146
1365889799.1045961,1568.2926829268292,52.6,4.77432107925415
1365889799.3340247,1515.2439024390244,53.2,4.779695510864258
1365889799.564518,2003.0487804878048,53.7,4.835165023803711
1365889799.7801666,1949.3902439024391,53.7,4.752184867858887
1365889799.995851,1951.219512195122,53.7,4.755191802978516
1365889800.2123358,2014.0243902439026,53.7,4.814128875732422
1365889800.4278533,1453.6585365853657,52.6,4.776221036911011
1365889800.6559453,1725.6097560975609,53.2,4.767518997192383
1365889800.8836105,1499.390243902439,53.7,4.779276371002197
1365889801.1118984,1541.4634146341464,53.2,4.820277214050293
1365889801.3397682,1622.560975609756,53.2,4.9928436279296875
1365889801.5678353,1494.5121951219514,52.6,4.913989782333374
1365889801.7956977,1624.390243902439,52.6,4.7835400104522705
1365889802.0238855,1694.5121951219512,53.2,4.791423082351685
1365889802.251543,1526.8292682926829,52.6,4.771844387054443
1365889802.4794939,1727.439024390244,52.6,4.842023134231567
1365889802.7073338,1965.8536585365853,53.2,4.9424965381622314
1365889802.9379919,1531.7073170731708,52.6,4.792644739151001
1365889803.165913,1525.609756097561,52.6,4.782694101333618
1365889803.3938258,1649.3902439024391,52.6,4.781153917312622
1365889803.6216748,1904.8780487804877,52.6,4.767000198364258
1365889803.8374553,1709.1463414634147,52.6,4.759151458740234
1365889804.05307,1700.609756097561,53.7,4.78362250328064
1365889804.2689729,1588.4146341463415,53.2,4.768787622451782
1365889804.4846935,1870.121951219512,53.7,4.788484573364258
1365889804.7006402,2012.1951219512196,53.7,4.766170024871826
1365889804.91807,1909.1463414634147,53.7,4.751239776611328
1365889805.133911,1987.1951219512196,53.7,4.770835876464844
1365889805.3509665,1606.7073170731708,53.7,4.794929265975952
1365889805.5666082,1574.3902439024391,53.7,4.7652623653411865
1365889805.7823124,1578.6585365853657,53.7,4.761078119277954
1365889805.9980395,1800.0,53.7,4.77907133102417
1365889806.213809,1914.0243902439024,53.7,4.775843143463135
1365889806.4295268,2059.1463414634145,54.2,4.7936851978302
1365889806.6451612,2035.9756097560978,53.7,4.7696874141693115
1365889806.8609796,1882.3170731707316,54.2,4.752079010009766
1365889807.076805,1494.5121951219514,53.2,4.769746780395508
1365889807.3083613,1539.6341463414633,53.7,4.77115797996521
1365889807.5384176,1515.2439024390244,53.7,4.764224529266357
1365889807.7670538,1471.3414634146343,53.7,4.768134832382202
1365889807.995882,1736.5853658536585,53.2,4.7721264362335205
1365889808.2240667,2699.3902439024387,52.6,4.7778167724609375
1365889808.452104,1476.8292682926829,53.2,4.791818618774414
1365889808.6799002,1795.1219512195123,53.2,4.797104597091675
1365889808.9077928,1569.5121951219512,53.2,4.776839256286621
1365889809.1371732,1473.7804878048782,52.6,4.7792809009552
1365889809.365269,1473.7804878048782,52.6,4.765615940093994
1365889809.5932817,1777.4390243902437,52.6,4.784312725067139
1365889809.8211389,1484.7560975609756,52.6,4.795818567276001
1365889810.0493436,1463.4146341463415,53.2,4.777082443237305
1365889810.277274,1957.3170731707316,53.2,4.778582572937012
1365889810.4929664,2090.8536585365855,53.7,4.758975028991699
1365889810.708784,1940.8536585365855,52.6,4.795726537704468
1365889810.924491,1783.5365853658536,53.7,4.788596153259277
1365889811.140396,1736.5853658536585,53.2,4.772050380706787
1365889811.370885,1588.4146341463415,53.2,4.775327444076538
1365889811.5993726,1671.3414634146343,52.6,4.795902490615845
1365889811.8271818,1611.5853658536585,53.2,4.781763792037964
1365889812.0552404,1573.780487804878,52.6,4.768208980560303
1365889812.2838328,1485.3658536585365,52.6,4.763852119445801
1365889812.5119524,1549.390243902439,52.6,4.765769720077515
1365889812.7413156,1566.4634146341464,53.2,4.7679994106292725
1365889812.9708295,1543.2926829268292,53.2,4.768946409225464
1365889813.198934,1748.1707317073171,52.6,4.765819072723389
1365889813.4266558,1474.390243902439,52.6,4.83201789855957
1365889813.6546264,1630.4878048780486,53.2,4.79202938079834
1365889813.8825939,1572.560975609756,52.6,4.775851011276245
1365889814.1105645,1560.3658536585365,52.6,5.005261182785034
1365889814.3390238,1470.7317073170732,53.2,4.811333179473877
1365889814.567612,1581.7073170731708,53.2,4.753567695617676
1365889814.7832804,1567.6829268292684,53.7,4.803985357284546
1365889814.9994445,1970.1219512195123,53.2,4.76747989654541
1365889815.2150989,1474.390243902439,52.6,4.767138719558716
1365889815.4431067,1774.3902439024391,52.6,4.769927740097046
1365889815.670821,1460.3658536585367,53.2,4.774284601211548
1365889815.8987293,1776.2195121951218,53.2,4.773928165435791
1365889816.1288471,1544.5121951219512,52.6,4.821030616760254
1365889816.3601844,1474.390243902439,53.2,4.774529218673706
1365889816.5882223,1530.4878048780488,53.7,4.784315824508667
1365889816.8160598,1621.341463414634,53.7,4.78764796257019
1365889817.044145,1473.7804878048782,52.6,4.781664133071899
1365889817.272043,1601.219512195122,52.6,4.814050674438477
1365889817.5002058,1796.3414634146343,52.6,4.796247720718384
1365889817.7283244,1549.390243902439,52.6,4.785100698471069
1365889817.9578168,1871.341463414634,53.2,4.779835224151611
1365889818.1857288,1486.5853658536585,52.6,4.821096420288086
1365889818.4136045,1721.3414634146343,52.6,4.807942867279053
1365889818.6407712,1598.1707317073171,53.7,4.7577831745147705
1365889818.8564334,1779.2682926829268,53.7,4.7577784061431885
1365889819.0721428,1979.2682926829268,53.2,4.7920379638671875
1365889819.2878063,2059.1463414634145,52.6,4.770504951477051
1365889819.5035682,2071.951219512195,53.2,4.761927366256714
1365889819.719479,1712.1951219512196,53.7,4.855868339538574
1365889819.9353464,1580.4878048780488,53.2,4.758209705352783
1365889820.153167,2009.1463414634147,53.7,4.75528883934021
1365889820.369055,2001.829268292683,53.7,4.770147800445557
1365889820.5846922,1565.2439024390244,53.7,4.767703533172607
1365889820.8128607,1787.1951219512193,52.6,4.787146091461182
1365889821.040929,1657.3170731707316,52.6,4.81122350692749
1365889821.2691605,1541.4634146341464,52.6,4.77776312828064
1365889821.4971776,1467.6829268292684,52.6,4.796073913574219
1365889821.72626,1745.121951219512,53.2,4.928569793701172
1365889821.9542494,1545.7317073170732,53.2,4.779831647872925
1365889822.182297,1460.3658536585367,52.6,4.866777181625366
1365889822.4101129,1726.219512195122,52.6,4.772518873214722
1365889822.6379344,1466.4634146341464,53.2,4.800136566162109
1365889822.865775,1987.8048780487804,52.6,4.780623197555542
1365889823.0934234,1482.3170731707319,52.6,4.76880955696106
1365889823.3257558,1767.0731707317073,52.6,4.772110939025879
1365889823.553851,1630.4878048780486,52.6,4.766219615936279
1365889823.7824326,1909.1463414634147,52.6,4.759549379348755
1365889823.9982443,2028.0487804878046,53.2,4.840862274169922
1365889824.2142653,1606.7073170731708,53.2,4.772658586502075
1365889824.430118,1816.4634146341464,53.7,4.877684593200684
1365889824.645834,1770.121951219512,52.6,4.767221212387085
1365889824.873895,1611.5853658536585,52.6,4.777459144592285
1365889825.1019955,1772.560975609756,53.2,4.773541212081909
1365889825.3298824,1618.2926829268295,52.6,4.7914111614227295
1365889825.5577586,1574.3902439024391,52.6,4.771711111068726
1365889825.785889,1468.2926829268292,52.6,4.765194654464722
1365889826.0137162,1729.2682926829268,52.6,4.893694877624512
1365889826.2415764,1483.5365853658539,52.6,4.778332471847534
1365889826.4695365,1589.6341463414633,52.6,5.232911109924316
1365889826.6972504,1482.3170731707319,52.6,5.010480642318726
1365889826.9252331,1797.560975609756,52.6,4.816137313842773
1365889827.1536062,1625.6097560975609,52.6,4.771478176116943
1365889827.382389,1519.5121951219512,52.6,5.060431957244873
1365889827.6102378,1555.4878048780488,52.1,4.9778265953063965
1365889827.8377323,1834.1463414634147,53.2,4.973261117935181
1365889828.0533712,1808.5365853658536,53.2,4.965667963027954
1365889828.2691278,1532.3170731707316,53.2,4.830034017562866
1365889828.4968326,1771.341463414634,53.2,5.132171869277954
1365889828.724928,1612.1951219512196,53.2,5.132789373397827
1365889828.9550078,1452.439024390244,53.2,4.903533697128296
1365889829.183006,1760.3658536585365,52.6,4.8168089389801025
1365889829.4106963,1474.390243902439,52.6,4.78312349319458
1365889829.640055,1466.4634146341464,52.6,4.782832622528076
1365889829.8679433,1777.4390243902437,52.6,4.762213468551636
1365889830.0959315,1567.6829268292684,52.6,4.777979850769043
1365889830.323859,1499.390243902439,52.6,4.773553848266602
1365889830.5533133,1491.4634146341464,52.6,4.768388271331787
1365889830.7815917,1536.5853658536585,52.6,4.765075445175171
1365889831.0097632,1626.219512195122,52.1,4.7631471157073975
1365889831.2376497,1756.0975609756097,52.1,4.774172306060791
1365889831.4654286,2001.829268292683,52.6,4.764585018157959
1365889831.6811662,2026.219512195122,52.6,4.7571940422058105
1365889831.8967805,2007.9268292682925,53.2,4.759380340576172
1365889832.1124308,1935.3658536585365,53.2,4.8252692222595215
1365889832.3279996,2170.121951219512,53.7,4.810758113861084
1365889832.5440476,1537.8048780487804,53.2,4.825486183166504
1365889832.7721603,1480.4878048780488,53.2,4.76577091217041
1365889833.000387,1451.829268292683,52.6,4.816217422485352
1365889833.2292595,1699.3902439024391,53.2,4.787978172302246
1365889833.4570465,1474.390243902439,52.6,4.793348073959351
1365889833.684799,1623.1707317073171,52.6,4.9204840660095215
1365889833.9127138,1472.5609756097563,52.6,4.766768932342529
1365889834.140744,1618.2926829268295,52.1,4.771953582763672
1365889834.3686993,1587.1951219512196,52.6,4.771731853485107
1365889834.5966682,1461.5853658536587,52.6,4.7769997119903564
1365889834.8243537,1604.2682926829268,52.6,4.780092000961304
1365889835.0522373,1460.3658536585367,52.6,4.774377822875977
1365889835.2803323,1597.5609756097563,52.6,4.784429311752319
1365889835.508233,1608.5365853658539,52.6,4.7703704833984375
1365889835.7377048,1701.219512195122,52.6,4.769332408905029
1365889835.9665194,2007.9268292682925,53.2,4.752789735794067
1365889836.1822572,1917.0731707317073,52.6,4.773711442947388
1365889836.397946,1826.219512195122,53.2,4.774823188781738
1365889836.6136148,1748.1707317073171,53.2,4.770317077636719
1365889836.8295271,1581.7073170731708,53.7,4.808533668518066
1365889837.045349,1871.341463414634,53.2,4.995403528213501
1365889837.2612407,1995.121951219512,53.7,4.833212614059448
1365889837.4768052,1506.7073170731705,53.7,4.773885488510132
1365889837.7045143,1527.4390243902437,53.2,4.963669061660767
1365889837.9323945,1798.170731707317,53.2,5.1314191818237305
1365889838.1604526,1697.560975609756,52.6,4.952837228775024
1365889838.3897815,1812.1951219512196,53.2,4.841380834579468
1365889838.6172352,1756.0975609756097,52.1,4.820991039276123
1365889838.8452294,1602.439024390244,53.2,4.82211971282959
1365889839.0735111,1520.7317073170732,52.6,4.824353933334351
1365889839.3012679,1614.6341463414635,52.6,4.771573781967163
1365889839.5295086,1780.4878048780488,52.6,4.907997369766235
1365889839.758937,1740.2439024390244,52.6,4.78596305847168
1365889839.9888797,1470.7317073170732,52.6,4.771636009216309
1365889840.2170842,1554.2682926829268,53.2,4.837880373001099
1365889840.4450505,1786.5853658536585,53.2,4.782686948776245
1365889840.6729057,1469.5121951219512,52.6,4.814589023590088
1365889840.9004188,1591.4634146341464,52.6,4.793339967727661
1365889841.1158757,1596.3414634146343,53.2,5.004462480545044
1365889841.3315482,1614.6341463414635,53.2,4.789690017700195
1365889841.5479608,1720.1219512195123,53.2,4.770705223083496
1365889841.7637,1581.7073170731708,53.7,4.7695441246032715
1365889841.979681,1867.0731707317075,53.2,4.835084438323975
1365889842.1965086,1561.5853658536585,52.6,4.854463815689087
1365889842.4245167,2671.3414634146343,52.6,4.972868204116821
1365889842.6525376,1469.5121951219512,52.6,4.852401971817017
1365889842.8799362,1596.3414634146343,53.2,4.773455858230591
1365889843.1078541,1487.8048780487804,53.2,4.827040910720825
1365889843.3358998,1760.3658536585365,52.6,4.791927099227905
1365889843.5640628,1620.7317073170732,52.6,4.828556060791016
1365889843.7920866,1449.3902439024391,52.6,4.76790452003479
1365889844.0203679,1466.4634146341464,52.6,4.776557683944702
1365889844.2482216,1810.3658536585365,52.6,4.7968409061431885
1365889844.4757745,1541.4634146341464,52.6,4.846667528152466
1365889844.7039475,1633.5365853658536,53.2,4.829601764678955
1365889844.9313378,1548.780487804878,52.6,4.767516374588013
1365889845.1613634,1742.0731707317075,53.2,4.8081746101379395
1365889845.3893762,1764.0243902439024,52.6,4.792540550231934
1365889845.60489,1870.121951219512,52.6,4.869608640670776
1365889845.8205063,1859.1463414634147,53.2,4.801324129104614
1365889846.0360222,1469.5121951219512,53.2,4.854903936386108
1365889846.2637615,1597.5609756097563,52.6,4.7764811515808105
1365889846.4919047,1497.560975609756,52.6,4.764119386672974
1365889846.7205045,1673.170731707317,52.6,4.784800052642822
1365889846.9501123,1882.9268292682925,52.6,4.7778942584991455
1365889847.1778922,1475.6097560975609,52.6,4.779934406280518
1365889847.4062426,1466.4634146341464,52.6,4.762659311294556
1365889847.6345208,1464.6341463414633,52.6,4.835120677947998
1365889847.8625863,1581.7073170731708,52.6,4.764498710632324
1365889848.0908256,1630.4878048780486,52.6,4.77265191078186
1365889848.3190231,1702.439024390244,52.6,4.7664055824279785
1365889848.5465543,1668.2926829268292,52.6,4.8477020263671875
1365889848.7747986,1639.6341463414635,52.6,4.766829013824463
1365889849.0032885,1555.4878048780488,52.1,4.839850664138794
1365889849.2309976,1507.3170731707316,52.6,4.767934083938599
1365889849.4589946,2001.829268292683,52.6,4.7679033279418945
1365889849.6745915,2106.0975609756097,52.6,4.765171051025391
1365889849.890349,1803.0487804878048,53.7,4.759606838226318
1365889850.1059775,1760.3658536585365,53.7,4.801981687545776
1365889850.3218565,1587.1951219512196,53.7,4.7724902629852295
1365889850.5379643,2173.7804878048782,53.7,4.824655771255493
1365889850.756108,1488.4146341463415,53.2,4.7638373374938965
1365889850.984516,1514.6341463414635,53.7,4.821805715560913
1365889851.2125483,1480.4878048780488,52.6,4.766720294952393
1365889851.4407449,1508.5365853658536,52.6,4.823632717132568
1365889851.6682355,1464.6341463414633,52.6,4.776141881942749
1365889851.8961759,1642.6829268292681,53.2,4.767884016036987
1365889852.1240892,1590.2439024390244,52.6,4.778711795806885
1365889852.3519099,1583.5365853658536,53.2,4.803705215454102
1365889852.581775,1477.439024390244,52.6,4.770784378051758
1365889852.8101194,1473.7804878048782,52.6,4.796616792678833
1365889853.0382318,1575.609756097561,52.6,4.831407070159912
1365889853.2662625,1625.6097560975609,53.2,4.871766567230225
1365889853.494076,1519.5121951219512,53.2,4.794248104095459
1365889853.721879,1618.2926829268295,52.6,4.7776336669921875
1365889853.9521267,1655.4878048780488,52.6,4.770043611526489
1365889854.181717,1914.0243902439024,53.2,4.7743518352508545
1365889854.3975275,2007.9268292682925,52.6,4.795413255691528
1365889854.6130757,2028.0487804878046,52.6,4.781135559082031
1365889854.8289065,1839.0243902439024,53.7,4.781155824661255
1365889855.0446267,1761.5853658536585,53.2,4.759512901306152
1365889855.2605002,1593.2926829268292,53.7,4.772949934005737
1365889855.4764335,2059.1463414634145,53.7,4.956226825714111
1365889855.6923487,1826.219512195122,52.6,4.853107929229736
1365889855.9080756,1687.1951219512196,53.2,4.757129192352295
1365889856.1239524,1581.7073170731708,53.2,5.214934587478638
1365889856.3396454,1796.3414634146343,53.7,5.0000693798065186
1365889856.556479,1927.439024390244,53.7,4.805541276931763
1365889856.7722292,2001.2195121951218,53.7,4.846443176269531
1365889856.988197,1688.4146341463415,53.7,4.764411926269531
1365889857.2039583,1579.2682926829268,53.7,4.76078462600708
1365889857.4196875,1565.2439024390244,53.7,4.879687070846558
1365889857.635272,2192.0731707317073,53.7,4.767659425735474
1365889857.8550098,1592.6829268292684,53.7,4.756847381591797
1365889858.0709999,1951.219512195122,53.7,4.757064580917358
1365889858.2869635,1809.1463414634145,54.2,4.760061264038086
1365889858.5027924,1587.1951219512196,53.7,4.799217462539673
1365889858.718793,1796.3414634146343,53.7,4.781642436981201
1365889858.9468844,1648.1707317073171,53.7,4.802939414978027
1365889859.1763327,1646.341463414634,53.7,4.763705253601074
1365889859.40538,1473.7804878048782,53.2,4.813936710357666
1365889859.633276,1773.1707317073171,53.7,4.824739456176758
1365889859.8613107,1598.1707317073171,52.6,4.768484830856323
1365889860.0892353,1464.6341463414633,52.6,4.764753580093384
1365889860.3176758,1503.658536585366,53.7,4.808211803436279
1365889860.54572,1550.6097560975609,52.6,4.83988094329834
1365889860.7743309,1465.8536585365853,52.6,4.797788381576538
1365889861.00851,1923.170731707317,52.6,4.766018390655518
1365889861.2397015,1628.658536585366,52.6,4.764380693435669
1365889861.4680305,1566.4634146341464,53.2,4.917132139205933
1365889861.695703,1752.439024390244,52.6,4.771308898925781
1365889861.9236512,1532.3170731707316,52.6,4.765551805496216
1365889862.1512175,2234.146341463415,52.6,4.830274343490601
1365889862.3671014,2001.2195121951218,52.6,4.759947776794434
1365889862.5825987,2634.756097560976,53.7,4.797287702560425
1365889862.7982728,1968.2926829268292,53.7,4.76228141784668
1365889863.013803,1910.9756097560976,53.7,4.883803129196167
1365889863.2295518,2034.7560975609756,53.7,5.14213490486145
1365889863.4450512,1965.8536585365853,53.7,5.060891628265381
1365889863.6608295,2020.121951219512,53.7,4.846027851104736
1365889863.8764884,1960.3658536585367,53.7,4.815500259399414
1365889864.0921848,1841.4634146341464,53.7,4.751641750335693
1365889864.30785,1734.1463414634147,53.7,4.838551998138428
1365889864.5233948,1821.341463414634,53.7,4.771260738372803
1365889864.7392175,1594.5121951219512,53.7,5.100845813751221
1365889864.9555156,1960.9756097560976,53.7,4.9563751220703125
1365889865.1717205,1576.219512195122,53.7,4.878212213516235
1365889865.3876188,1998.780487804878,53.7,4.7857537269592285
1365889865.6033425,1979.878048780488,53.7,4.771854639053345
1365889865.8191214,1791.4634146341464,53.7,4.761774063110352
1365889866.0349195,1596.3414634146343,53.7,4.8884100914001465
1365889866.250755,1681.09756097561,53.2,4.7666175365448
1365889866.4791796,1761.5853658536585,53.7,4.775452613830566
1365889866.706937,1466.4634146341464,53.7,4.817501783370972
1365889866.934666,1632.3170731707316,53.2,4.767322063446045
1365889867.165487,1610.3658536585365,53.7,4.794021844863892
1365889867.3936894,1721.3414634146343,52.6,4.77228045463562
1365889867.6213257,1483.5365853658539,53.7,4.7802817821502686
1365889867.8494344,1663.4146341463413,53.7,4.775732517242432
1365889868.0769944,1561.5853658536585,53.2,4.774612903594971
1365889868.3046715,1613.4146341463415,52.6,4.778862237930298
1365889868.5328019,1543.2926829268292,53.2,4.939399003982544
1365889868.76073,1579.2682926829268,53.2,4.776983976364136
1365889868.988595,2017.0731707317073,53.2,4.86680793762207
1365889869.2163033,1596.3414634146343,53.2,4.868541955947876
1365889869.4437265,1538.4146341463413,53.2,4.881937503814697
1365889869.664265,1810.3658536585365,53.2,4.785055160522461
1365889869.880155,2054.2682926829266,53.2,4.767392635345459
1365889870.096335,1583.5365853658536,53.7,4.779940843582153
1365889870.312223,2164.6341463414633,53.2,4.768187046051025
1365889870.5403996,1763.4146341463415,52.6,4.76779580116272
1365889870.7694004,1468.2926829268292,52.6,4.779670238494873
1365889870.9982579,1709.1463414634147,52.6,4.792701005935669
1365889871.2259653,1456.7073170731708,53.2,4.826010465621948
1365889871.4537704,1676.219512195122,53.2,4.765585660934448
1365889871.6813343,1600.6097560975609,52.6,4.767755746841431
1365889871.909546,1769.5121951219512,53.2,4.782817363739014
1365889872.1372645,1466.4634146341464,52.6,4.838521480560303
1365889872.3656058,1480.4878048780488,52.6,4.787245512008667
1365889872.5933769,1646.341463414634,53.2,4.838726282119751
1365889872.8212063,1460.3658536585367,53.2,4.847524642944336
1365889873.0492997,1602.439024390244,53.2,4.769465684890747
1365889873.2771702,1574.3902439024391,52.6,4.786783933639526
1365889873.5046194,1583.5365853658536,52.6,4.767760992050171
1365889873.7207508,1884.1463414634145,53.2,4.779274225234985
1365889873.9362476,1493.2926829268295,52.6,4.8124635219573975
1365889874.1668277,1477.439024390244,53.7,4.851254463195801
1365889874.3944893,1552.439024390244,52.6,4.77753758430481
1365889874.6222641,1553.658536585366,52.6,4.76384425163269
1365889874.849952,1488.4146341463415,52.6,4.886566162109375
1365889875.0777273,1574.3902439024391,52.6,4.809051036834717
1365889875.305259,1494.5121951219514,52.6,4.925156354904175
1365889875.533184,1709.1463414634147,53.2,4.791255712509155
1365889875.7611356,1577.439024390244,53.2,4.809388637542725
1365889875.989269,1479.878048780488,53.2,4.774571895599365
1365889876.2169566,1552.439024390244,52.6,4.782543420791626
1365889876.4448214,1531.7073170731708,52.6,4.777890920639038
1365889876.6726792,1786.5853658536585,52.6,4.801218032836914
1365889876.9005015,1485.3658536585365,52.6,4.78896689414978
1365889877.12819,1581.7073170731708,52.6,5.573368310928345
1365889877.3436787,2139.0243902439024,52.6,5.359663963317871
1365889877.5596852,1846.3414634146343,53.2,5.145131587982178
1365889877.7754622,1567.6829268292684,53.2,4.999266862869263
1365889878.0057926,1742.0731707317075,53.2,4.823111534118652
1365889878.2342885,1583.5365853658536,52.6,4.782059907913208
1365889878.462227,1649.3902439024391,52.6,4.77911376953125
1365889878.689782,1779.2682926829268,52.6,4.800741910934448
1365889878.917708,1743.2926829268295,53.2,4.764379501342773
1365889879.1454866,1599.390243902439,52.6,4.815493822097778
1365889879.3748593,1622.560975609756,52.6,4.811838626861572
1365889879.602679,1455.4878048780488,52.6,4.767969131469727
1365889879.8304846,1806.09756097561,52.6,4.772751569747925
1365889880.0581045,1469.5121951219512,53.2,4.767660856246948
1365889880.285817,1642.6829268292681,52.6,4.778933763504028
1365889880.513542,1524.3902439024391,52.6,4.77917742729187
1365889880.7414675,1665.2439024390244,52.6,4.7668023109436035
1365889880.9693704,1464.6341463414633,52.6,4.7859179973602295
1365889881.1968505,1596.3414634146343,53.2,5.025254011154175
1365889881.412967,1950.0,53.2,4.830290794372559
1365889881.6289628,1741.4634146341464,52.6,4.7852935791015625
1365889881.8445718,1753.0487804878048,53.7,4.753615856170654
1365889882.0612915,1486.5853658536585,53.2,4.78019905090332
1365889882.2893846,1474.390243902439,52.6,4.798418283462524
1365889882.5173533,1730.4878048780488,52.6,4.810602188110352
1365889882.745229,1480.4878048780488,52.6,4.8354997634887695
1365889882.9762812,1772.560975609756,52.6,5.225678205490112
1365889883.2039483,1783.5365853658536,52.6,4.9989917278289795
1365889883.4316432,1603.658536585366,52.6,4.795064687728882
1365889883.6592069,1939.0243902439024,52.6,4.782118797302246
1365889883.8869991,1476.8292682926829,52.6,4.774900674819946
1365889884.1147666,1781.0975609756097,52.6,4.800193548202515
1365889884.3430047,1785.3658536585367,52.6,4.892758846282959
1365889884.572836,1480.4878048780488,52.6,4.768782615661621
1365889884.8010142,1579.2682926829268,52.6,4.7682719230651855
1365889885.0291388,1735.3658536585365,52.6,4.771514415740967
1365889885.2572646,1595.7317073170732,53.2,4.759595632553101
1365889885.4729621,1584.7560975609756,53.7,4.759865760803223
1365889885.6887774,1968.9024390243903,52.6,4.772754907608032
1365889885.9044192,1984.1463414634147,53.2,4.880149841308594
1365889886.1201363,2065.2439024390246,52.6,4.76316499710083
1365889886.3357525,2050.0,53.7,4.771982192993164
1365889886.5523415,2057.9268292682927,53.7,4.763641595840454
1365889886.7680883,1965.8536585365853,53.2,4.7527196407318115
1365889886.9839234,1454.8780487804877,53.2,4.811899423599243
1365889887.212113,1465.8536585365853,53.7,5.0802953243255615
1365889887.440101,1747.560975609756,53.2,4.926479816436768
1365889887.6679823,1632.3170731707316,53.2,5.061944246292114
1365889887.895932,1528.6585365853657,52.1,4.941834449768066
1365889888.1235933,1505.4878048780486,52.6,4.762308120727539
1365889888.351293,2385.975609756097,52.6,4.875138998031616
1365889888.5802803,1465.8536585365853,52.6,4.860710620880127
1365889888.8092897,1531.7073170731708,52.6,4.84560489654541
1365889889.036895,1465.8536585365853,52.6,4.857987880706787
1365889889.264762,1616.4634146341464,52.6,4.76597261428833
1365889889.4927504,1604.2682926829268,52.6,4.811281442642212
1365889889.7206612,1457.3170731707316,52.6,4.843105316162109
1365889889.9482217,1589.6341463414633,52.6,4.7678844928741455
1365889890.1774042,1585.3658536585367,52.6,4.955061912536621
1365889890.4048557,1715.2439024390244,52.6,4.773169755935669
1365889890.6328042,1611.5853658536585,52.6,4.828476428985596
1365889890.8605354,1497.560975609756,52.6,4.87756609916687
1365889891.088199,1745.121951219512,52.6,4.771017789840698
1365889891.315871,1477.439024390244,52.6,4.765010356903076
1365889891.543523,1560.3658536585365,52.6,4.909916877746582
1365889891.77154,1806.09756097561,52.6,4.831459999084473
1365889891.9994893,1753.0487804878048,52.6,4.897478103637695
1365889892.2275565,1582.3170731707316,52.1,4.845973014831543
1365889892.4551344,1772.560975609756,52.1,4.780717372894287
1365889892.6828518,1473.7804878048782,52.6,4.778463363647461
1365889892.9108877,1588.4146341463415,52.1,4.776569843292236
1365889893.138938,1682.3170731707316,52.6,4.764235258102417
1365889893.3663225,1766.4634146341461,52.6,4.764473915100098
1365889893.5946462,1706.0975609756097,52.6,4.768601417541504
1365889893.822927,1579.2682926829268,52.6,4.79718017578125
1365889894.0386474,1902.4390243902437,53.2,4.756269454956055
1365889894.2544563,2021.9512195121952,53.2,4.759059906005859
1365889894.4703305,1751.219512195122,53.7,4.771129608154297
1365889894.6860375,1921.9512195121952,53.2,4.751037836074829
1365889894.901837,1583.5365853658536,53.7,4.761630058288574
1365889895.1174538,1584.7560975609756,53.7,4.777568817138672
1365889895.3330314,1605.4878048780488,53.7,4.774967670440674
1365889895.5488636,1916.4634146341464,53.7,4.754478693008423
1365889895.7646666,2040.2439024390242,53.7,4.770507097244263
1365889895.9805691,1769.5121951219512,53.2,4.756160736083984
1365889896.1965415,1581.7073170731708,53.7,4.8073036670684814
1365889896.4122784,2405.487804878049,53.7,4.815671920776367
1365889896.6280215,2214.6341463414637,53.7,4.782050371170044
1365889896.8436897,1996.9512195121952,53.7,4.7527382373809814
1365889897.0595002,1921.3414634146343,53.7,4.750348091125488
1365889897.275361,1615.2439024390244,53.7,4.761425971984863
1365889897.491107,1583.5365853658536,53.7,4.776870489120483
1365889897.7067323,1792.0731707317073,53.7,4.808643102645874
1365889897.922372,1675.6097560975609,53.7,4.7699127197265625
1365889898.1501522,1497.560975609756,53.7,4.783416271209717
1365889898.3777301,2020.121951219512,53.2,4.812344789505005
1365889898.605801,1510.3658536585365,52.6,4.7933478355407715
1365889898.8337913,1717.0731707317073,52.6,4.79099178314209
1365889899.0610619,1726.219512195122,53.7,4.800758600234985
1365889899.289038,1539.6341463414633,53.7,4.799571752548218
1365889899.5165138,1624.390243902439,52.6,4.9472503662109375
1365889899.7440598,1790.2439024390244,53.2,4.790651321411133
1365889899.9717627,2507.317073170732,53.7,4.807786703109741
1365889900.1999342,1543.2926829268292,53.2,4.8467090129852295
1365889900.4275029,1481.7073170731708,53.2,4.780184507369995
1365889900.6548796,1509.7560975609756,52.6,4.7629783153533936
1365889900.882599,1777.4390243902437,52.6,4.768446683883667
1365889901.1104512,1470.7317073170732,52.6,4.817089557647705
1365889901.328956,1924.390243902439,53.2,4.775811672210693
1365889901.5445366,1982.9268292682927,53.2,4.758302927017212
1365889901.7602181,1878.0487804878048,53.7,4.759908676147461
1365889901.9758563,1823.1707317073171,53.7,4.760838270187378
1365889902.1925292,1780.4878048780488,53.7,4.842135429382324
1365889902.40807,1865.2439024390244,53.7,4.804600954055786
1365889902.6240044,1580.4878048780488,53.7,4.7518885135650635
1365889902.8399,1727.439024390244,53.7,4.776301383972168
1365889903.0675201,1514.6341463414635,53.2,4.7767908573150635
1365889903.2953844,1652.4390243902437,52.6,4.7836012840271
1365889903.5230825,1523.780487804878,53.2,4.767503499984741
1365889903.7508335,1599.390243902439,53.2,4.8122358322143555
1365889903.9788177,1760.3658536585365,52.6,4.812582492828369
1365889904.2067094,1661.5853658536585,53.2,5.067204236984253
1365889904.4355588,1498.780487804878,52.6,4.839549541473389
1365889904.6631684,1537.8048780487804,52.6,4.985144853591919
1365889904.8910656,1516.4634146341461,52.6,4.970116138458252
1365889905.1192367,1610.3658536585365,53.2,4.794032096862793
1365889905.346911,1506.7073170731705,52.6,4.764231204986572
1365889905.5756364,1723.1707317073171,53.2,4.788453578948975
1365889905.8033895,1518.2926829268292,52.6,4.859684467315674
1365889906.0314114,1724.390243902439,53.2,4.764110088348389
1365889906.259382,1633.5365853658536,52.6,4.773183345794678
1365889906.4750202,1592.6829268292684,53.7,4.757617712020874
1365889906.6908247,1723.1707317073171,53.7,4.753516435623169
1365889906.9067194,2035.9756097560978,53.7,4.785986661911011
1365889907.1228032,1617.6829268292684,53.7,4.941904067993164
1365889907.3386977,1665.2439024390244,53.7,5.416111707687378
1365889907.566324,1539.6341463414633,53.2,5.189404726028442
1365889907.7943826,1685.3658536585365,53.7,4.962130546569824
1365889908.0219147,1596.3414634146343,53.2,4.782057046890259
1365889908.2510502,1667.6829268292684,52.6,4.812077045440674
1365889908.4795425,1772.560975609756,53.2,4.767470598220825
1365889908.70785,1636.5853658536585,52.6,4.872967720031738
1365889908.9366167,1459.7560975609756,52.6,4.7802324295043945
1365889909.164723,1545.7317073170732,52.6,4.7732555866241455
1365889909.3937669,1656.7073170731708,53.2,4.810496807098389
1365889909.6223116,1782.3170731707316,52.6,4.7869462966918945
1365889909.8502629,1532.3170731707316,53.2,4.892076730728149
1365889910.0780349,1503.658536585366,53.2,4.950585126876831
1365889910.3060577,1647.560975609756,53.2,4.778870582580566
1365889910.5335333,1788.4146341463413,52.6,4.847619533538818
1365889910.7613711,1683.5365853658536,52.6,4.900349855422974
1365889910.9771197,1544.5121951219512,53.2,4.883837699890137
1365889911.2051325,1477.439024390244,52.6,4.807210922241211
1365889911.4338303,1736.5853658536585,53.2,4.772430658340454
1365889911.6615474,1592.6829268292684,52.6,4.762758016586304
1365889911.8894918,1573.780487804878,52.6,4.7633466720581055
1365889912.117119,1631.7073170731705,52.6,4.776296377182007
1365889912.3448532,1470.7317073170732,52.6,4.881437063217163
1365889912.5727174,1801.219512195122,52.1,4.7695536613464355
1365889912.8013604,1492.6829268292684,52.6,4.811546087265015
1365889913.0295744,1580.4878048780488,52.6,4.785125970840454
1365889913.2575965,1664.6341463414633,52.6,4.844603776931763
1365889913.485374,1466.4634146341464,52.6,4.777365207672119
1365889913.7133665,1770.121951219512,52.6,4.8166422843933105
1365889913.941289,1531.7073170731708,52.6,4.848153114318848
1365889914.1692226,1501.8292682926829,52.6,4.77403712272644
1365889914.3974066,1974.390243902439,53.7,4.762612819671631
1365889914.613009,1975.0,52.6,4.7749035358428955
1365889914.829114,1475.6097560975609,53.2,4.7711381912231445
1365889915.0571237,1508.5365853658536,53.7,4.775657653808594
1365889915.2852056,1508.5365853658536,52.6,4.788072824478149
1365889915.514896,1489.6341463414635,53.2,4.776248455047607
1365889915.7427876,2282.9268292682923,53.2,4.787134885787964
1365889915.9709175,1597.5609756097563,52.6,4.768444299697876
1365889916.1991425,1474.390243902439,53.2,4.764519929885864
1365889916.427234,1509.7560975609756,53.2,4.769652843475342
1365889916.6548746,1521.341463414634,52.1,4.813579797744751
1365889916.8826554,1612.1951219512196,53.2,4.783493518829346
1365889917.1105413,1558.5365853658536,52.6,4.769137382507324
1365889917.3383741,1541.4634146341464,52.1,4.805716276168823
1365889917.5660307,1476.8292682926829,52.6,4.803995847702026
1365889917.7949355,1770.121951219512,52.6,4.7721874713897705
1365889918.0229228,1567.6829268292684,52.6,4.784414529800415
1365889918.251925,1855.4878048780488,53.2,4.76115870475769
1365889918.467694,1695.121951219512,52.6,4.7565717697143555
1365889918.6833155,1701.219512195122,53.2,4.847515106201172
1365889918.911389,1484.7560975609756,52.1,4.789941310882568
1365889919.1394448,1772.560975609756,52.6,4.8644633293151855
1365889919.3668265,1663.4146341463413,52.6,4.97688627243042
1365889919.5967524,1583.5365853658536,52.6,4.815499544143677
1365889919.8245294,1687.1951219512196,52.6,4.768361806869507
1365889920.053099,1492.6829268292684,52.6,4.784416913986206
1365889920.2817032,1476.8292682926829,52.6,4.873662948608398
1365889920.5093071,1661.5853658536585,53.2,4.765046119689941
1365889920.7371361,1477.439024390244,52.6,4.77501106262207
1365889920.9648228,1620.7317073170732,52.6,4.781789779663086
1365889921.1928394,1472.5609756097563,52.6,4.906823396682739
1365889921.4207385,1758.5365853658536,52.6,4.7750608921051025
1365889921.6487489,1524.3902439024391,52.6,4.771695613861084
1365889921.8762155,1705.4878048780488,52.6,4.764363527297974
1365889922.0979803,1581.7073170731708,52.6,4.81737494468689
1365889922.3135934,1679.2682926829268,53.7,5.123579978942871
1365889922.5297756,1524.3902439024391,53.2,4.922532081604004
1365889922.757937,1578.6585365853657,52.6,4.93364143371582
1365889922.9857588,1495.7317073170732,53.2,4.76919150352478
1365889923.2151303,1473.7804878048782,53.2,5.546944618225098
1365889923.4457877,1550.6097560975609,52.1,5.317457675933838
1365889923.6735933,1533.5365853658536,52.6,5.114495515823364
1365889923.901333,1585.3658536585367,53.2,4.887662887573242
1365889924.1292806,1485.3658536585365,53.2,4.775842666625977
1365889924.3574579,1578.6585365853657,53.7,4.7869322299957275
1365889924.5855322,1689.6341463414635,52.6,5.2000720500946045
1365889924.8139977,1774.3902439024391,52.6,4.9732818603515625
1365889925.04181,1471.3414634146343,52.6,4.770578622817993
1365889925.270713,1756.0975609756097,52.1,4.761120319366455
1365889925.4988747,1644.5121951219512,52.6,4.761903762817383
1365889925.7270625,1616.4634146341464,52.6,4.76885724067688
1365889925.955044,1900.0,52.6,4.821805715560913
1365889926.1708689,1656.7073170731708,52.6,4.7577197551727295
1365889926.3866408,1578.6585365853657,53.7,4.763338565826416
1365889926.602905,1891.4634146341461,53.7,4.754147529602051
1365889926.819017,1594.5121951219512,53.7,4.760937929153442
1365889927.0350733,2151.829268292683,53.7,5.149239540100098
1365889927.250868,1757.3170731707316,53.7,4.934561729431152
1365889927.466438,2195.7317073170734,53.2,4.771085739135742
1365889927.6822798,1587.1951219512196,53.7,4.756860256195068
1365889927.8978698,1586.5853658536587,53.7,4.813068389892578
1365889928.1136723,1583.5365853658536,53.7,4.8462183475494385
1365889928.3295166,1965.8536585365853,53.7,4.766032695770264
1365889928.5451488,1982.9268292682927,53.7,4.83476710319519
1365889928.7611828,1738.4146341463415,53.7,4.759807586669922
1365889928.9769363,1580.4878048780488,53.7,4.767960786819458
1365889929.1926222,1569.5121951219512,53.7,4.7745585441589355
1365889929.4089005,1851.219512195122,53.7,4.867284059524536
1365889929.6244147,1970.1219512195123,53.7,4.765905141830444
1365889929.8403459,1601.219512195122,53.7,4.75718879699707
1365889930.0560026,1579.2682926829268,53.7,4.758344888687134
1365889930.2718232,1601.219512195122,53.7,4.912073612213135
1365889930.4873672,2668.2926829268295,53.7,4.796507835388184
1365889930.7153993,1481.7073170731708,53.7,4.791510343551636
1365889930.9432852,1626.219512195122,52.6,4.771652698516846
1365889931.1713314,1675.6097560975609,53.2,4.7797181606292725
1365889931.3993614,1761.5853658536585,53.7,4.781887054443359
1365889931.6274083,1547.560975609756,53.7,4.788303375244141
1365889931.8567739,1546.3414634146343,53.2,4.769153118133545
1365889932.0848756,1717.0731707317073,53.2,4.774289131164551
1365889932.312798,1472.5609756097563,53.2,4.768987417221069
1365889932.5407674,1572.560975609756,53.7,4.805647850036621
1365889932.7687318,1716.4634146341464,53.2,4.78741717338562
1365889932.996436,1502.439024390244,53.2,4.763364791870117
1365889933.2245946,1770.121951219512,52.6,5.048841714859009
1365889933.4539518,1747.560975609756,53.2,4.988232374191284
1365889933.68184,1583.5365853658536,52.6,4.78676176071167
1365889933.898709,1598.1707317073171,52.6,4.751059055328369
1365889934.1148849,1914.0243902439024,53.7,4.763061761856079
1365889934.330657,1690.2439024390244,53.7,4.905686378479004
1365889934.5461318,1868.2926829268295,53.7,4.766008615493774
1365889934.7621758,1584.7560975609756,53.7,4.763780832290649
1365889934.9779284,2057.9268292682927,53.7,4.752944469451904
1365889935.1937277,2123.170731707317,53.7,4.761993646621704
1365889935.40993,1662.1951219512193,53.7,4.806042909622192
1365889935.6256294,1581.7073170731708,53.7,4.75573468208313
1365889935.8414087,1904.2682926829268,53.7,4.7786760330200195
1365889936.0572968,1996.9512195121952,53.7,4.750385761260986
1365889936.2729642,1920.1219512195123,53.2,4.7627880573272705
1365889936.4885507,1964.0243902439024,53.7,4.918958425521851
1365889936.7041638,1964.0243902439024,53.7,4.827648878097534
1365889936.9197392,1992.0731707317075,53.7,4.763370037078857
1365889937.1354477,1838.4146341463415,53.7,4.758016586303711
1365889937.3511734,1692.0731707317075,53.7,4.75502347946167
1365889937.5667777,1690.2439024390244,53.7,4.75538444519043
1365889937.782425,1646.341463414634,54.2,4.7620203495025635
1365889937.9982045,1592.6829268292684,53.7,4.762363433837891
1365889938.2139869,1770.121951219512,54.2,4.763857841491699
1365889938.4297183,1909.1463414634147,53.7,4.760457992553711
1365889938.645303,2402.439024390244,53.7,4.765890598297119
1365889938.861266,1876.219512195122,53.7,4.752028942108154
1365889939.076932,1815.2439024390244,54.2,4.80389142036438
1365889939.2926655,1478.658536585366,53.7,4.781452417373657
1365889939.5206718,1518.2926829268292,53.2,4.781309604644775
1365889939.748968,1561.5853658536585,53.2,4.767123460769653
1365889939.9768736,1614.6341463414635,53.2,4.8593409061431885
1365889940.2048116,1475.6097560975609,53.7,5.167689323425293
1365889940.4336069,1643.2926829268292,53.7,4.940186500549316
1365889940.66443,1579.2682926829268,53.2,4.806184530258179
1365889940.892584,1776.2195121951218,52.6,4.780030012130737
1365889941.120763,1660.3658536585367,53.2,4.769121885299683
1365889941.3486416,2525.609756097561,53.7,4.773810386657715
1365889941.576292,1619.5121951219514,53.7,4.7934136390686035
1365889941.804071,1533.5365853658536,53.7,4.774662971496582
1365889942.035219,1639.6341463414635,53.2,4.868068695068359
1365889942.2636821,2945.1219512195125,53.7,4.767457008361816
1365889942.4919362,1658.5365853658536,53.2,4.771789312362671
1365889942.7202559,1654.2682926829268,53.2,4.814584493637085
1365889942.9480124,1464.6341463414633,53.2,4.858225345611572
1365889943.1761785,1559.7560975609756,53.2,4.765419006347656
1365889943.4045591,1528.6585365853657,52.6,4.764436960220337
1365889943.6343944,1472.5609756097563,53.2,4.772953271865845
1365889943.8630939,1671.3414634146343,53.2,4.777222633361816
1365889944.0925252,1829.2682926829268,53.2,4.794496297836304
1365889944.3085332,1471.3414634146343,52.6,4.784315347671509
1365889944.5369244,1573.780487804878,52.6,4.778387546539307
1365889944.7652996,1476.8292682926829,52.6,4.876570463180542
1365889944.9936185,1471.3414634146343,52.6,4.778155326843262
1365889945.2223623,1569.5121951219512,52.6,4.785327672958374
1365889945.4519734,1697.560975609756,53.2,4.773226022720337
1365889945.6802685,1803.0487804878048,52.6,4.764533758163452
1365889945.9080005,1477.439024390244,52.1,4.766958475112915
1365889946.1358085,1646.341463414634,52.6,4.771826267242432
1365889946.3636615,1500.6097560975609,52.6,4.828840732574463
1365889946.5916758,1774.3902439024391,52.6,4.77890419960022
1365889946.8222125,1756.0975609756097,53.2,4.9422266483306885
1365889947.051518,1779.2682926829268,53.2,4.879502058029175
1365889947.2793665,1476.8292682926829,52.6,5.461226940155029
1365889947.507023,1778.0487804878048,53.2,5.234409809112549
1365889947.7225049,1577.439024390244,53.2,5.01955246925354
1365889947.9380693,1579.2682926829268,53.2,4.838984251022339
1365889948.1538637,1818.2926829268292,53.7,4.758347749710083
1365889948.3696465,2026.8292682926829,53.2,4.761441469192505
1365889948.585402,2023.170731707317,53.7,4.85249662399292
1365889948.8013804,1596.3414634146343,52.6,4.812791109085083
1365889949.0172915,1749.390243902439,53.7,4.753554105758667
1365889949.2330072,1893.90243902439,53.7,4.903408765792847
1365889949.448861,2142.682926829268,53.7,4.770371437072754
1365889949.6645584,1876.219512195122,53.7,5.025364875793457
1365889949.8802557,1768.2926829268292,53.7,4.891519546508789
1365889950.0959852,1629.2682926829268,53.7,4.776429176330566
1365889950.3116615,1579.2682926829268,53.7,4.922499179840088
1365889950.5271995,1995.121951219512,53.7,4.755264759063721
1365889950.7430365,1584.7560975609756,53.7,4.7566447257995605
1365889950.958959,1990.8536585365855,53.7,4.771610975265503
1365889951.1745925,2037.8048780487802,54.2,4.7515599727630615
1365889951.3905852,1692.0731707317075,53.7,4.820698976516724
1365889951.6062849,1592.6829268292684,53.7,4.792049407958984
1365889951.8227334,1619.5121951219514,54.2,4.866893291473389
1365889952.0503495,2009.1463414634147,53.7,4.76790714263916
1365889952.2788615,1669.5121951219512,53.2,4.873013019561768
1365889952.5066903,1474.390243902439,53.2,4.914046287536621
1365889952.734663,1646.341463414634,52.6,4.772574424743652
1365889952.96274,1633.5365853658536,52.6,4.812140226364136
1365889953.1909993,1660.3658536585367,53.2,4.773854494094849
1365889953.4190533,1472.5609756097563,53.2,4.841667652130127
1365889953.6475394,1476.8292682926829,52.6,5.004960536956787
1365889953.8753817,1620.7317073170732,53.2,4.815503358840942
1365889954.1028337,1502.439024390244,53.7,4.763513565063477
1365889954.3305826,1597.5609756097563,53.7,5.162962913513184
1365889954.5586243,1470.7317073170732,52.6,4.936156511306763
1365889954.7861388,1553.658536585366,53.2,4.782114505767822
1365889955.0136487,1698.1707317073171,52.6,4.774176597595215
1365889955.242786,1593.2926829268292,53.2,4.882813930511475
1365889955.4589586,2026.219512195122,53.7,4.752220153808594
1365889955.6746213,2000.0,53.7,4.814563989639282
1365889955.8909674,1865.2439024390244,53.7,4.763523101806641
1365889956.1065779,1821.9512195121952,53.7,4.802662372589111
1365889956.334348,1488.4146341463415,53.2,4.7651190757751465
1365889956.5621357,1697.560975609756,52.6,4.787181854248047
1365889956.7899861,1475.6097560975609,53.2,4.768249273300171
1365889957.0180094,1539.6341463414633,53.2,4.768283128738403
1365889957.2483344,1770.121951219512,53.2,4.797097206115723
1365889957.4767332,1643.2926829268292,52.1,4.844161510467529
1365889957.7048004,1619.5121951219514,53.2,4.827979564666748
1365889957.9326003,1504.2682926829268,52.6,4.773902654647827
1365889958.1604135,1592.6829268292684,52.6,4.788796424865723
1365889958.388307,1602.439024390244,52.6,4.785496473312378
1365889958.6160593,1677.439024390244,52.6,4.803537845611572
1365889958.8440986,1477.439024390244,52.6,4.788855075836182
1365889959.071982,1774.3902439024391,52.6,4.7792809009552
1365889959.2998567,1520.7317073170732,52.6,4.780206203460693
1365889959.527419,1784.1463414634147,53.2,4.761241674423218
1365889959.7430747,1866.4634146341464,53.7,4.812980651855469
1365889959.95889,2048.7804878048782,53.7,4.837122440338135
1365889960.174659,1948.1707317073171,53.2,4.7583723068237305
1365889960.3903484,1821.9512195121952,53.7,4.754568815231323
1365889960.6060047,1763.4146341463415,53.2,4.770812749862671
1365889960.8217466,1630.4878048780486,53.2,4.7504236698150635
1365889961.037663,1877.439024390244,53.7,4.854252576828003
1365889961.25337,1698.1707317073171,53.7,4.8570356369018555
1365889961.481335,1513.4146341463415,53.7,4.771555662155151
1365889961.709329,1493.2926829268295,53.7,4.768969297409058
1365889961.9371738,1665.2439024390244,53.7,4.772914886474609
1365889962.16512,1471.3414634146343,52.6,4.7672271728515625
1365889962.3932903,1485.3658536585365,52.6,5.003973960876465
1365889962.6212316,1744.5121951219514,52.6,4.808420181274414
1365889962.849347,1545.7317073170732,53.7,4.897390365600586
1365889963.0792634,1797.560975609756,53.2,4.864641427993774
1365889963.3072941,1694.5121951219512,53.2,4.807676553726196
1365889963.5352323,1472.5609756097563,52.6,4.769057989120483
1365889963.7632675,1551.219512195122,53.7,4.793411731719971
1365889963.991294,1707.3170731707316,52.6,4.767778158187866
1365889964.2199507,1475.6097560975609,52.6,4.878340721130371
1365889964.4481163,1592.6829268292684,53.2,4.817594051361084
1365889964.67616,1571.341463414634,52.6,4.830455541610718
1365889964.891902,1742.0731707317075,53.7,4.788904905319214
1365889965.1075208,1851.219512195122,53.7,4.749967813491821
1365889965.3233683,2021.9512195121952,53.7,4.764232873916626
1365889965.5392883,1804.2682926829268,53.7,4.764204740524292
1365889965.7550673,1605.4878048780488,53.7,4.795762538909912
1365889965.9708467,1579.2682926829268,53.7,4.7557995319366455
1365889966.1864543,1598.1707317073171,53.7,4.759010314941406
1365889966.402256,1882.3170731707316,53.2,4.761183023452759
1365889966.6185763,1590.2439024390244,53.7,4.766612529754639
1365889966.834545,1860.3658536585365,53.7,4.796959400177002
1365889967.050356,2007.9268292682925,53.7,4.834782838821411
1365889967.2660294,2498.780487804878,54.2,4.80953049659729
1365889967.48174,1854.2682926829268,53.7,4.779147148132324
1365889967.6974776,1708.5365853658536,53.7,4.772024869918823
1365889967.9132135,1578.6585365853657,53.7,4.821555137634277
1365889968.1290407,1721.3414634146343,53.7,4.771780729293823
1365889968.3447845,1881.0975609756097,53.7,4.757386207580566
1365889968.560617,2089.0243902439024,54.2,4.888310432434082
1365889968.7764103,1855.4878048780488,53.7,4.755324363708496
1365889968.9923358,1570.7317073170732,53.7,4.769129276275635
1365889969.2208114,1655.4878048780488,53.7,4.7659502029418945
1365889969.4500427,1526.8292682926829,53.7,4.8559958934783936
1365889969.678987,1542.6829268292684,53.7,4.847713947296143
1365889969.9068227,1560.3658536585365,53.2,4.885037183761597
1365889970.13494,1483.5365853658539,53.7,4.761966943740845
1365889970.3635814,1656.7073170731708,53.7,4.760597229003906
1365889970.5916014,1494.5121951219514,52.6,4.779508829116821
1365889970.8198,1480.4878048780488,53.2,4.780336141586304
1365889971.047438,1578.6585365853657,53.7,4.7676918506622314
1365889971.2798247,1471.3414634146343,53.2,4.826199054718018
1365889971.5101707,1895.121951219512,53.2,4.822493076324463
1365889971.7405524,1478.658536585366,53.2,4.7835729122161865
1365889971.9687688,1544.5121951219512,53.2,4.770286560058594
1365889972.1965568,1541.4634146341464,52.6,4.772514343261719
1365889972.4244184,2056.0975609756097,53.2,4.876324892044067
1365889972.639991,1750.6097560975609,53.7,4.7926740646362305
1365889972.8563871,1705.4878048780488,53.7,4.842379570007324
1365889973.084909,1607.3170731707319,53.2,4.814862489700317
1365889973.3129725,1770.121951219512,53.2,4.779444217681885
1365889973.5412223,1667.6829268292684,53.2,4.963124513626099
1365889973.7698562,1764.0243902439024,52.6,4.84986424446106
1365889973.9975636,1469.5121951219512,53.2,4.824252128601074
1365889974.2254658,1769.5121951219512,53.2,4.7996039390563965
1365889974.4543197,1471.3414634146343,53.7,4.770451068878174
1365889974.6834414,1532.3170731707316,52.6,4.79814076423645
1365889974.9113338,1710.3658536585367,52.6,4.807790994644165
1365889975.1396286,1597.5609756097563,53.2,4.808420419692993
1365889975.3674347,1491.4634146341464,52.6,4.859135150909424
1365889975.5953724,1702.439024390244,52.6,4.851132869720459
1365889975.8232927,1497.560975609756,52.6,4.774946928024292
1365889976.051246,1968.9024390243903,52.6,4.760745525360107
1365889976.2668867,1979.878048780488,53.7,4.841399908065796
1365889976.4826958,1878.0487804878048,53.2,4.793852090835571
1365889976.6987317,1604.2682926829268,53.2,4.865092515945435
1365889976.9268086,1499.390243902439,53.2,4.775278329849243
1365889977.154758,1563.4146341463415,53.2,4.77350926399231
1365889977.3832626,1460.3658536585367,52.6,5.039264678955078
1365889977.6110268,1622.560975609756,53.2,4.812502861022949
1365889977.8389754,1477.439024390244,52.6,4.762983322143555
1365889978.0671854,1650.609756097561,53.2,4.816991567611694
1365889978.2979596,1511.5853658536585,52.6,4.763114929199219
1365889978.5262277,1479.878048780488,53.2,4.777976989746094
1365889978.7541986,1574.3902439024391,52.6,4.815736770629883
1365889978.983,1485.3658536585365,52.6,4.779061317443848
1365889979.2112327,1480.4878048780488,52.6,4.782789945602417
1365889979.4402432,1615.2439024390244,52.6,4.763201713562012
1365889979.6682353,1607.3170731707319,52.6,4.767666578292847
1365889979.8967896,1722.5609756097563,53.2,4.768265008926392
1365889980.1247375,1637.1951219512196,52.6,4.748225688934326
1365889980.3406138,1579.2682926829268,52.6,4.763201951980591
1365889980.5562959,1824.3902439024391,53.7,4.757872819900513
1365889980.772014,1954.8780487804877,53.7,4.986894845962524
1365889980.9877312,2032.9268292682925,53.7,4.81205153465271
1365889981.2035205,1921.3414634146343,53.7,4.772549629211426
1365889981.419289,1722.5609756097563,53.7,4.763048410415649
1365889981.6352835,1740.2439024390244,53.7,4.751549959182739
1365889981.8515413,1727.439024390244,53.7,4.800124645233154
1365889982.0672343,1629.2682926829268,53.7,4.7680089473724365
1365889982.283187,1801.219512195122,53.7,4.822815418243408
1365889982.4988728,1873.170731707317,53.7,4.751507997512817
1365889982.7147534,2400.0,53.7,4.87934136390686
1365889982.9424863,1604.2682926829268,53.7,4.764983654022217
1365889983.170995,1675.6097560975609,52.6,4.801708698272705
1365889983.399132,1530.4878048780488,53.7,5.112346172332764
1365889983.6269045,1587.1951219512196,53.2,4.885738849639893
1365889983.8556254,1467.6829268292684,53.7,4.798222064971924
1365889984.0845046,1789.0243902439024,53.2,4.836683511734009
1365889984.3125412,1542.6829268292684,52.6,4.768100261688232
1365889984.540528,1458.5365853658536,52.6,4.777095317840576
1365889984.7684035,1703.6585365853657,53.2,4.842579364776611
1365889984.9961836,1475.6097560975609,53.2,4.906780481338501
1365889985.2242649,1592.6829268292684,53.2,4.802543640136719
1365889985.453909,1460.3658536585367,52.6,4.804166078567505
1365889985.6823559,2235.9756097560976,53.2,4.801383018493652
1365889985.9101453,1800.0,53.2,4.79278302192688
1365889986.1260474,2029.2682926829268,53.2,4.769979953765869
1365889986.3418446,1826.219512195122,52.6,4.752895832061768
1365889986.557466,1810.3658536585365,53.7,4.769859313964844
1365889986.7730997,1769.5121951219512,53.7,4.851854085922241
1365889986.989308,1951.219512195122,53.7,4.760796308517456
1365889987.2050192,2018.9024390243903,53.7,4.751196384429932
1365889987.4207394,2123.170731707317,53.7,4.761504888534546
1365889987.6366172,1698.1707317073171,53.7,4.7601635456085205
1365889987.8525636,1587.1951219512196,53.7,4.8015055656433105
1365889988.0683088,1749.390243902439,53.7,4.776685476303101
1365889988.2961297,1469.5121951219512,53.7,4.762434720993042
1365889988.5238473,1693.2926829268292,53.7,4.807301998138428
1365889988.7516265,1471.3414634146343,53.7,4.759975433349609
1365889988.979604,1759.1463414634145,52.6,4.7648279666900635
1365889989.2073965,1474.390243902439,53.2,4.778409719467163
1365889989.4351568,1789.0243902439024,53.2,4.802638292312622
1365889989.663342,1609.7560975609756,53.2,4.796092748641968
1365889989.8912785,1457.3170731707316,52.6,4.802802324295044
1365889990.119167,1740.2439024390244,52.6,4.768137454986572
1365889990.3467681,1498.780487804878,52.6,4.767289161682129
1365889990.5745912,1673.170731707317,52.6,4.817678213119507
1365889990.8028848,1715.2439024390244,53.2,4.775481939315796
1365889991.0309217,1524.3902439024391,53.2,4.76726770401001
1365889991.2596729,1641.4634146341461,52.6,4.784389495849609
1365889991.4894292,1992.0731707317075,53.2,4.77129340171814
1365889991.705114,1511.5853658536585,52.6,4.770176649093628
1365889991.9333274,1618.2926829268295,52.6,4.76780366897583
1365889992.1610956,1520.7317073170732,53.7,4.77315354347229
1365889992.3890188,1548.780487804878,52.6,4.763173341751099
1365889992.6170032,1723.1707317073171,52.6,4.77760648727417
1365889992.8448298,1757.3170731707316,53.2,4.7639076709747314
1365889993.072962,1580.4878048780488,52.6,4.7607855796813965
1365889993.3010015,1659.1463414634147,52.6,5.249730587005615
1365889993.5286794,1542.6829268292684,53.2,5.06861424446106
1365889993.7561047,1456.7073170731708,53.2,4.842072248458862
1365889993.9837542,1607.3170731707319,52.6,4.7842116355896
1365889994.2115474,1555.4878048780488,52.6,4.791538715362549
1365889994.43956,1764.0243902439024,52.6,4.871042728424072
1365889994.6676881,1676.219512195122,52.6,4.782195806503296
1365889994.8958905,1618.2926829268295,53.2,4.758913040161133
1365889995.1118517,1799.390243902439,53.2,4.819782257080078
1365889995.327563,1976.219512195122,53.7,4.76377534866333
1365889995.5432787,2017.0731707317073,53.7,4.754573822021484
1365889995.7590168,2009.1463414634147,53.7,4.758609294891357
1365889995.9746678,1939.0243902439024,53.7,4.7536821365356445
1365889996.1906312,1914.0243902439024,53.7,4.765510559082031
1365889996.4066923,2007.9268292682925,53.7,4.919596195220947
1365889996.622227,1635.3658536585365,53.7,4.766249179840088
1365889996.850468,1975.0,53.2,4.771974563598633
1365889997.0789068,2239.6341463414633,53.2,4.775995969772339
1365889997.306653,1463.4146341463415,53.2,4.884621620178223
1365889997.5355072,1719.5121951219512,52.6,4.777853488922119
1365889997.7634606,1487.8048780487804,52.6,4.78577446937561
1365889997.9913764,1564.6341463414635,53.2,4.778818607330322
1365889998.219532,1780.4878048780488,53.2,4.763373613357544
1365889998.4473777,1489.6341463414635,53.2,4.773012399673462
1365889998.6755967,1469.5121951219512,53.7,4.765589475631714
1365889998.903727,1553.658536585366,52.6,4.797788381576538
1365889999.131585,1598.1707317073171,52.6,4.796367406845093
1365889999.3593712,1592.6829268292684,53.2,4.769665241241455
1365889999.5872989,1677.439024390244,52.6,4.872395992279053
1365889999.8151412,1473.7804878048782,52.6,4.775083541870117
1365890000.042905,1639.6341463414635,52.6,4.7627294063568115
1365890000.271256,1633.5365853658536,52.6,4.787835121154785
1365890000.4991715,1461.5853658536587,52.6,4.8138508796691895
1365890000.7275407,1539.6341463414633,53.2,4.763954401016235
1365890000.955634,1549.390243902439,53.2,4.781623840332031
1365890001.1837606,1760.3658536585365,52.6,4.764280080795288
1365890001.411992,1716.4634146341464,52.6,4.782951593399048
1365890001.6413558,2819.512195121951,52.6,4.773561954498291
1365890001.8710556,1580.4878048780488,52.6,4.764460802078247
1365890002.0994668,1553.658536585366,52.6,4.760439872741699
1365890002.327191,1584.7560975609756,52.6,4.8055033683776855
1365890002.5557597,1666.4634146341464,52.6,4.921778917312622
1365890002.7841191,1685.3658536585365,52.6,4.77463698387146
1365890003.0124729,1743.2926829268295,52.6,4.805576324462891
1365890003.2403653,1472.5609756097563,52.6,4.809168100357056
1365890003.4586768,1875.0,53.2,4.833011627197266
1365890003.6742892,1884.1463414634145,53.7,4.770016193389893
1365890003.890623,1587.1951219512196,53.2,4.772328615188599
1365890004.1062806,1577.439024390244,53.7,4.758196830749512
1365890004.322044,1667.6829268292684,52.6,4.914592981338501
1365890004.550269,1674.390243902439,52.6,4.803224325180054
1365890004.7779746,1502.439024390244,53.2,4.781389474868774
1365890005.0057566,1542.6829268292684,53.2,4.770677089691162
1365890005.2332773,1715.2439024390244,52.6,4.78745174407959
1365890005.46188,1633.5365853658536,53.2,4.767424821853638
1365890005.690471,1463.4146341463415,52.6,4.759657144546509
1365890005.9185522,1601.219512195122,53.2,4.773647785186768
1365890006.1475194,2059.7560975609754,52.6,4.789730072021484
1365890006.3758302,1588.4146341463415,52.6,4.799414157867432
1365890006.6038942,1472.5609756097563,52.6,4.80867862701416
1365890006.8318264,1631.7073170731705,52.6,4.813235282897949
1365890007.0596733,1486.5853658536585,52.6,4.886976957321167
1365890007.2877293,2378.6585365853657,53.2,4.800434827804565
1365890007.5171785,1449.3902439024391,52.6,4.810046911239624
1365890007.7452111,1987.1951219512196,52.6,4.754481077194214
1365890007.9612355,1769.5121951219512,53.2,4.787342071533203
1365890008.177085,1581.7073170731708,53.7,4.7599194049835205
1365890008.3928697,1740.2439024390244,53.7,4.7601988315582275
1365890008.608627,1891.4634146341461,53.7,4.899301052093506
1365890008.8244834,1479.878048780488,53.7,4.798473834991455
1365890009.0521774,1555.4878048780488,53.7,4.813797473907471
1365890009.2805967,1642.6829268292681,52.6,4.790494680404663
1365890009.5099022,1507.3170731707316,52.6,4.84100079536438
1365890009.7380931,1465.8536585365853,53.2,4.822243690490723
1365890009.966003,1657.3170731707316,53.2,4.77640962600708
1365890010.1938953,1526.8292682926829,52.6,4.776242733001709
1365890010.421618,1620.7317073170732,52.6,4.767304182052612
1365890010.6496003,1863.4146341463415,52.6,4.763380765914917
1365890010.87747,1503.658536585366,53.2,4.76102352142334
1365890011.106252,1535.3658536585367,53.2,4.769036769866943
1365890011.3344934,1479.878048780488,52.6,4.816411972045898
1365890011.561952,1624.390243902439,52.6,4.874836206436157
1365890011.7898693,1464.6341463414633,53.2,4.816545248031616
1365890012.0178056,2104.268292682927,52.6,4.853326082229614
1365890012.2334328,1992.0731707317075,52.6,4.748410701751709
1365890012.449385,1889.0243902439024,52.6,4.7891130447387695
1365890012.6651692,2076.8292682926826,53.7,4.852331161499023
1365890012.880736,1712.1951219512196,53.2,4.8657066822052
1365890013.0964708,1586.5853658536587,53.7,4.762218952178955
1365890013.3121676,2145.121951219512,53.7,4.961761713027954
1365890013.527952,2275.609756097561,53.7,5.100322008132935
1365890013.7437088,1943.2926829268292,53.7,4.981588840484619
1365890013.9592507,1868.9024390243903,53.2,4.7669994831085205
1365890014.1749132,1644.5121951219512,53.2,4.777849435806274
1365890014.4026732,1467.6829268292684,52.6,4.769705772399902
1365890014.6304054,1719.5121951219512,52.6,4.824532985687256
1365890014.8581276,1476.8292682926829,53.2,4.761560678482056
1365890015.0864835,1780.4878048780488,53.2,4.763056516647339
1365890015.3151119,1482.3170731707319,53.2,4.805461883544922
1365890015.542974,1491.4634146341464,52.6,4.824981212615967
1365890015.7710533,1695.121951219512,53.2,4.774724245071411
1365890015.9989338,1462.8048780487807,52.6,4.824224472045898
1365890016.2267733,1665.2439024390244,52.6,4.793705940246582
1365890016.454775,1565.2439024390244,52.6,4.764405727386475
1365890016.6853492,1597.5609756097563,53.2,4.765187978744507
1365890016.9140105,1764.0243902439024,53.2,4.797210216522217
1365890017.142847,1471.3414634146343,52.6,4.7667694091796875
1365890017.370737,2003.0487804878048,52.6,4.809208154678345
1365890017.586348,1577.439024390244,52.6,4.765395164489746
1365890017.8142042,1560.3658536585365,52.6,4.924390077590942
1365890018.0419226,1611.5853658536585,52.6,5.116037130355835
1365890018.2697842,1871.341463414634,52.6,5.080890417098999
1365890018.4990938,1454.8780487804877,52.6,4.852446794509888
1365890018.7264738,1524.3902439024391,52.6,4.7662353515625
1365890018.9543862,1528.6585365853657,52.6,4.817667484283447
1365890019.1821415,1578.6585365853657,52.1,5.309850215911865
1365890019.4103496,1518.2926829268292,52.6,5.082565784454346
1365890019.63805,1784.1463414634147,52.6,4.855513095855713
1365890019.8656948,1489.6341463414635,52.6,4.768403768539429
1365890020.0939622,1608.5365853658539,53.2,4.761316537857056
1365890020.322244,1582.3170731707316,53.2,4.763337850570679
1365890020.550955,1459.7560975609756,52.1,4.764655590057373
1365890020.779024,1506.7073170731705,52.6,4.8103697299957275
1365890020.9995995,1826.219512195122,53.2,4.772041082382202
1365890021.2154179,2062.1951219512193,52.6,4.777604818344116
1365890021.4312358,2023.170731707317,53.7,4.748180866241455
1365890021.6469836,1724.390243902439,53.7,4.7859787940979
1365890021.8627403,1560.3658536585365,53.2,4.777689218521118
1365890022.0787132,1857.3170731707319,53.7,4.887257099151611
1365890022.2945044,2003.0487804878048,53.7,4.754891872406006
1365890022.5103729,1778.0487804878048,53.7,4.7710771560668945
1365890022.7260528,1700.609756097561,53.7,4.748016119003296
1365890022.941892,1570.7317073170732,53.7,4.853387355804443
1365890023.1577506,1903.0487804878048,53.7,4.806008338928223
1365890023.3735733,2023.170731707317,53.2,4.76026725769043
1365890023.5893905,1835.3658536585367,53.7,4.759827136993408
1365890023.8051765,1652.4390243902437,53.7,4.7576680183410645
1365890024.0211208,1772.560975609756,53.7,4.766028642654419
1365890024.2369227,1996.9512195121952,53.7,4.791066646575928
1365890024.4527566,1468.2926829268292,53.7,5.157549619674683
1365890024.6808262,1750.6097560975609,53.7,4.973795413970947
1365890024.9087815,1521.341463414634,53.7,4.822460174560547
1365890025.1366305,1525.609756097561,52.6,4.772195100784302
1365890025.3648052,1786.5853658536585,52.6,4.770529747009277
1365890025.5927663,1619.5121951219514,53.2,4.768481731414795
1365890025.8214784,1638.4146341463415,52.6,4.791803359985352
1365890026.0493958,1550.6097560975609,52.6,4.781827926635742
1365890026.2775555,1576.219512195122,52.6,4.804389476776123
1365890026.506462,1651.2195121951218,52.6,4.8329176902771
1365890026.7344062,1632.3170731707316,52.6,4.913963794708252
1365890026.9622123,1594.5121951219512,53.2,4.769170522689819
1365890027.1903257,1719.5121951219512,53.2,4.767853260040283
1365890027.4181054,1460.3658536585367,52.6,4.7602174282073975
1365890027.6467013,1710.3658536585367,53.2,4.7638444900512695
1365890027.862481,1680.4878048780488,52.6,4.797804832458496
1365890028.0908198,1607.3170731707319,52.6,4.81810998916626
1365890028.318946,1480.4878048780488,52.6,4.7611377239227295
1365890028.5472867,1549.390243902439,52.6,4.837457656860352
1365890028.7750623,1643.2926829268292,52.6,4.7625720500946045
1365890029.0028696,1476.8292682926829,52.6,4.768380165100098
1365890029.230739,1603.658536585366,52.6,4.775911569595337
1365890029.4583423,1515.2439024390244,52.6,4.76444673538208
1365890029.6880531,1601.219512195122,52.6,4.801967620849609
1365890029.915846,1552.439024390244,52.6,4.828699350357056
1365890030.1436036,1505.4878048780486,52.6,4.7909979820251465
1365890030.371206,1676.219512195122,52.6,5.115014314651489
1365890030.5989926,1587.1951219512196,52.6,5.136866092681885
1365890030.828849,1665.2439024390244,52.6,4.908107757568359
1365890031.0564528,1573.780487804878,52.6,4.77217698097229
1365890031.2797089,1463.4146341463415,53.2,4.777672529220581
1365890031.50771,1819.5121951219512,52.6,5.225586175918579
1365890031.7353883,1451.829268292683,53.2,4.999016761779785
1365890031.9630725,1620.7317073170732,52.1,4.94686222076416
1365890032.1910334,1467.6829268292684,52.6,4.77769660949707
1365890032.418789,1669.5121951219512,53.2,4.770227432250977
1365890032.6472213,1750.6097560975609,53.2,4.8127522468566895
1365890032.8764722,1632.3170731707316,52.1,4.76538872718811
1365890033.1066558,1835.9756097560976,52.6,4.773044586181641
1365890033.3350935,1491.4634146341464,52.6,4.950474262237549
1365890033.5631154,1459.7560975609756,52.6,4.773634433746338
1365890033.7914906,2007.3170731707316,52.1,4.761240720748901
1365890034.019566,1609.7560975609756,52.6,4.772939205169678
1365890034.247565,1683.5365853658536,52.6,4.862910270690918
1365890034.476778,1676.219512195122,52.6,4.801217555999756
1365890034.7051635,1502.439024390244,53.2,4.885416269302368
1365890034.933346,1488.4146341463415,52.6,4.8949809074401855
1365890035.161825,1523.780487804878,52.6,4.872381925582886
1365890035.3902612,1653.6585365853657,52.1,4.821820259094238
1365890035.6182828,1474.390243902439,52.6,4.761787176132202
1365890035.8467379,1480.4878048780488,52.6,4.765947103500366
1365890036.0745854,1661.5853658536585,52.6,4.9369213581085205
1365890036.3048592,1635.3658536585365,52.6,4.770435333251953
1365890036.53407,1544.5121951219512,52.6,4.7740843296051025
1365890036.7622676,1471.3414634146343,52.6,4.809934377670288
1365890036.9904106,1464.6341463414633,53.2,4.7934393882751465
1365890037.218718,1479.878048780488,52.6,4.760047674179077
1365890037.4465487,1656.7073170731708,52.6,4.764946222305298
1365890037.674404,1466.4634146341464,52.1,4.764052867889404
1365890037.905147,1502.439024390244,52.6,4.759372234344482
1365890038.1332715,1806.09756097561,53.2,4.753133058547974
1365890038.349208,1600.6097560975609,52.6,4.819393634796143
1365890038.5648625,1635.3658536585365,52.6,4.777784585952759
1365890038.7928064,1937.1951219512196,52.6,4.760464668273926
1365890039.021058,1477.439024390244,52.6,4.76342248916626
1365890039.2495122,1476.8292682926829,52.6,4.768841981887817
1365890039.4793048,1655.4878048780488,52.6,4.794216156005859
1365890039.7074227,1489.6341463414635,52.6,4.772116661071777
1365890039.9355254,1738.4146341463415,52.6,4.814990282058716
1365890040.163654,1571.341463414634,52.6,4.8139801025390625
1365890040.3920345,1544.5121951219512,52.6,4.894745349884033
1365890040.6199346,1647.560975609756,52.6,4.7865307331085205
1365890040.8479304,1474.390243902439,52.6,4.766613006591797
1365890041.0759616,1551.219512195122,52.6,4.763598680496216
1365890041.306157,1680.4878048780488,52.6,4.762259483337402
1365890041.5338676,1479.878048780488,52.6,4.785075664520264
1365890041.761493,1528.6585365853657,52.6,4.758176326751709
1365890041.9787774,2043.9024390243903,52.6,4.7694056034088135
1365890042.194482,1472.5609756097563,52.6,4.761793613433838
1365890042.4219637,1475.6097560975609,52.6,4.776183605194092
1365890042.6494925,1593.2926829268292,52.6,4.7768473625183105
1365890042.8771472,1593.2926829268292,52.1,4.7698655128479
1365890043.104927,1903.0487804878048,52.6,4.760412931442261
1365890043.3334377,2585.3658536585367,52.6,4.858530521392822
1365890043.5607023,1589.6341463414633,52.6,4.80673623085022
1365890043.788279,1967.0731707317073,52.1,4.774548768997192
1365890044.0160105,1469.5121951219512,52.6,4.7633056640625
1365890044.2435017,1501.8292682926829,53.2,4.796345472335815
1365890044.4720955,1694.5121951219512,52.6,4.766327142715454
1365890044.702685,1696.341463414634,52.6,4.78951096534729
1365890044.9312046,1597.5609756097563,52.6,4.883223056793213
1365890045.1589057,1456.7073170731708,52.6,4.905726432800293
1365890045.386222,1464.6341463414633,52.6,4.800068616867065
1365890045.6063254,1625.6097560975609,52.6,4.777985334396362
1365890045.8341088,1502.439024390244,52.6,4.776787042617798
1365890046.061846,1611.5853658536585,52.6,4.827144145965576
1365890046.290161,1539.6341463414633,52.6,4.7728657722473145
1365890046.5194097,1471.3414634146343,52.1,4.959337949752808
1365890046.746898,1586.5853658536587,52.6,4.760443925857544
1365890046.9746149,1592.6829268292684,52.1,4.840482950210571
1365890047.2028172,1779.2682926829268,52.1,4.803775072097778
1365890047.430589,2477.439024390244,52.6,4.823923587799072
1365890047.6583548,1775.0,52.6,4.776792049407959
1365890047.8863037,1990.8536585365855,52.6,4.808588981628418
1365890048.11461,1468.2926829268292,53.2,4.760875463485718
1365890048.342526,1685.3658536585365,52.6,5.7490808963775635
1365890048.5701492,1485.3658536585365,52.6,5.522831439971924
1365890048.7979321,1816.4634146341464,52.1,5.880914688110352
1365890049.025867,1670.1219512195123,52.6,5.653915643692017
1365890049.241548,1507.3170731707316,53.2,5.439164400100708
1365890049.4697993,1483.5365853658539,52.6,5.2119128704071045
1365890049.6974807,1701.219512195122,52.6,4.985321760177612
1365890049.9255984,1534.7560975609756,53.2,4.887929201126099
1365890050.1531966,1766.4634146341461,52.6,4.765635013580322
1365890050.3807812,1520.7317073170732,52.6,4.760810613632202
1365890050.608406,1503.658536585366,52.1,4.771672248840332
1365890050.8361394,1800.0,52.1,4.780337333679199
1365890051.06382,1459.7560975609756,52.1,4.775355339050293
1365890051.294792,1667.6829268292684,52.6,4.76180362701416
1365890051.5235095,1508.5365853658536,52.6,4.7676167488098145
1365890051.7513895,1651.2195121951218,52.6,4.759258508682251
1365890051.9791763,1492.6829268292684,52.6,4.78508996963501
1365890052.2069159,1588.4146341463415,52.6,4.767963886260986
1365890052.4345846,1628.658536585366,52.6,4.964503765106201
1365890052.6601815,1704.2682926829268,52.6,4.758749961853027
1365890052.8757691,1728.0487804878048,52.6,4.756294012069702
1365890053.0916395,2350.609756097561,52.6,4.752208709716797
1365890053.307467,1828.0487804878048,53.2,4.7534661293029785
1365890053.5240595,1776.2195121951218,52.6,4.774000644683838
1365890053.7399118,2010.9756097560974,53.2,4.76701021194458
1365890053.9555593,1556.7073170731708,52.6,4.795720815658569
