1365889754.6221623,103.200005,4.02271294593811
1365889756.1631618,104.800003,3.948706865310669
1365889756.1645806,106.400002,4.004557371139526
1365889756.1662145,100.800003,4.003885269165039
1365889756.1677566,106.400002,4.003014087677002
1365889756.169268,106.400002,4.002049207687378
1365889756.179308,106.400002,3.99252986907959
1365889756.18046,106.400002,3.991950273513794
1365889834.4910874,271.200012,6.552334308624268
1365889836.015435,103.200005,6.675375938415527
1365889836.0163567,103.200005,6.676638126373291
1365889836.0170615,106.400002,6.677947282791138
1365889836.0176792,107.200005,6.678891658782959
1365889836.0182388,104.800003,6.6805419921875
1365889836.0188417,106.400002,6.683950662612915
1365889836.0777166,110.400002,6.631370544433594
1365889836.0786161,107.200005,6.632840871810913
1365889836.079122,107.200005,6.634305715560913
1365889836.0797455,102.400002,6.635690689086914
1365889836.080178,106.400002,6.639293670654297
1365889836.080785,108.800003,6.640518426895142
1365889836.0814247,106.400002,6.642219305038452
1365889836.0820577,108.800003,6.643246650695801
1365889836.2326095,106.400002,6.5632078647613525
1365889836.4295568,106.400002,6.590494632720947
1365889836.6840823,107.200005,6.566607713699341
1365889836.853603,100.000000,6.561999559402466
1365889847.7945051,106.400002,6.644975900650024
1365889849.3373225,103.200005,6.5525782108306885
1365889849.3390791,104.800003,6.577484607696533
1365889849.3403192,107.200005,6.578563213348389
1365889849.3415067,106.400002,6.580155372619629
1365889849.3426712,107.200005,6.580223798751831
1365889849.3438373,107.200005,6.580136060714722
1365889849.3450842,104.800003,6.579996347427368
1365889849.3464162,106.400002,6.579768180847168
1365889849.3476295,104.800003,6.579653739929199
1365889849.3488016,107.200005,6.579650640487671
1365889849.3499658,106.400002,6.579806804656982
1365889849.351134,108.800003,6.580042839050293
1365889849.352375,106.400002,6.580023527145386
1365889849.3535693,107.200005,6.580337047576904
1365889849.354741,104.800003,6.6057586669921875
1365889849.3569124,107.200005,6.604767322540283
1365889849.3581653,107.200005,6.604678392410278
1365889849.3606339,100.800003,6.604830741882324
1365889849.3618279,110.400002,6.60491418838501
1365889849.363044,104.800003,6.605074167251587
1365889849.36421,100.800003,6.605384588241577
1365889849.3653803,107.200005,6.60567831993103
1365889849.3667583,108.800003,6.6066014766693115
1365889849.3910873,107.200005,6.641044855117798
1365889849.3921204,103.200005,6.641209125518799
1365889849.3929431,104.800003,6.641961097717285
1365889849.3946128,108.800003,6.641541004180908
1365889849.395463,108.800003,6.641713857650757
1365889849.3963902,103.200005,6.641795635223389
1365889849.3971462,106.400002,6.642221689224243
1365889849.3978977,108.800003,6.642511367797852
1365889849.3994913,104.800003,6.641916036605835
1365889849.4013326,106.400002,6.641765594482422
1365889849.402525,106.400002,6.641659736633301
1365889849.4037135,104.800003,6.64160418510437
1365889849.4049191,107.200005,6.641854286193848
1365889849.4064121,107.200005,6.64212441444397
1365889849.4077566,104.800003,6.642194509506226
1365889849.4099092,106.400002,6.642642974853516
1365889849.411802,107.200005,6.642848253250122
1365889849.4130962,104.800003,6.642877101898193
1365889849.4148562,107.200005,6.642145395278931
1365889849.4165137,98.400002,6.641476392745972
1365889849.4183314,106.400002,6.640630006790161
1365889849.4198787,107.200005,6.640249729156494
1365889849.4211342,107.200005,6.639981508255005
1365889849.4488049,197.600006,6.618142366409302
1365889849.4499187,115.200005,6.618670225143433
1365889850.8440952,106.400002,6.563600540161133
1365889852.3742898,104.800003,6.58788800239563
1365889852.3753562,104.800003,6.58838677406311
1365889852.3769927,107.200005,6.589517593383789
1365889852.3778844,107.200005,6.590738296508789
1365889852.3786645,104.800003,6.59180212020874
1365889852.379499,104.800003,6.592490196228027
1365889852.4194872,373.600006,6.565522193908691
1365889852.4206734,388.000000,6.566143751144409
1365889852.422061,106.400002,6.566503286361694
1365889852.423282,106.400002,6.573795318603516
1365889852.4251807,106.400002,6.575196743011475
1365889852.4265928,107.200005,6.57514762878418
1365889852.4283707,104.800003,6.575071096420288
1365889852.430209,106.400002,6.5766332149505615
1365889856.9045255,103.200005,6.554440975189209
1365889856.9473364,108.800003,6.631405353546143
1365889856.9484599,106.400002,6.631584405899048
1365889856.9497464,107.200005,6.631600618362427
1365889856.9509277,106.400002,6.631428956985474
1365889856.9517972,107.200005,6.631896257400513
1365889856.9529223,103.200005,6.6318793296813965
1365889856.953747,107.200005,6.632042407989502
1365889856.9549186,104.800003,6.632044315338135
1365889856.956199,107.200005,6.631967782974243
1365889856.9573202,106.400002,6.63208270072937
1365889856.9584231,106.400002,6.632009267807007
1365889856.9594798,107.200005,6.632128477096558
1365889856.9603105,103.200005,6.632480144500732
1365889856.9610722,106.400002,6.633030414581299
1365889856.9618285,108.800003,6.633513927459717
1365889856.9632342,102.400002,6.633336782455444
1365889856.9640207,104.800003,6.633818626403809
1365889856.9663944,106.400002,6.63327693939209
1365889856.967548,107.200005,6.634482145309448
1365889856.9683769,106.400002,6.6354756355285645
1365889856.9701755,107.200005,6.635277986526489
1365889856.976041,288.000000,6.631158828735352
1365889857.2015145,107.200005,6.668046236038208
1365889857.4004095,107.200005,6.558046579360962
1365889745.363129,102.400002,2.950965404510498
1365889745.4194295,103.200005,2.8990399837493896
1365889745.4203186,107.200005,2.900186777114868
1365889745.420769,107.200005,2.9015824794769287
1365889745.421212,108.800003,2.903134822845459
1365889745.4219375,104.800003,2.9046826362609863
1365889745.5713477,100.800003,3.038836717605591
1365889745.7886093,107.200005,2.9006760120391846
1365889745.9691434,106.400002,2.7989072799682617
1365889746.2157617,103.200005,2.9403042793273926
1365889746.3867013,108.800003,2.8465771675109863
1365889746.5776117,106.400002,2.8295822143554688
1365889746.767952,104.800003,2.7953085899353027
1365889746.9661398,108.800003,2.936708450317383
1365889747.1755674,106.400002,3.0211880207061768
1365889747.3733547,104.800003,2.8339054584503174
1365889747.570924,100.000000,2.7839019298553467
1365889747.75537,107.200005,2.7812488079071045
1365889749.418462,106.400002,2.780324697494507
1365889749.4937303,107.200005,2.8513131141662598
1365889749.4950876,111.200005,2.8527185916900635
1365889749.4963653,102.400002,2.8536033630371094
1365889749.4976947,106.400002,2.855757236480713
1365889749.4988396,108.800003,2.856306552886963
1365889749.5001404,104.800003,2.8564648628234863
1365889749.5013814,219.199997,2.856640577316284
1365889749.571706,106.400002,2.8001816272735596
1365889750.9935756,104.800003,2.794894218444824
1365889751.0609443,107.200005,2.7883403301239014
1365889751.0621774,104.800003,2.822944402694702
1365889751.0639327,106.400002,2.8224105834960938
1365889751.0648563,107.200005,2.826155662536621
1365889751.0657113,104.800003,2.8264408111572266
1365889751.067304,107.200005,2.8260979652404785
1365889752.5990038,103.200005,2.8869287967681885
1365889752.6526923,108.800003,2.8381528854370117
1365889752.6539085,106.400002,2.8384532928466797
1365889752.6552322,107.200005,2.83840012550354
1365889752.6565707,103.200005,2.838606119155884
1365889752.6574938,106.400002,2.8404505252838135
1365889752.6587467,107.200005,2.8408491611480713
1365889752.66027,104.800003,2.840134620666504
1365889752.7693925,107.200005,2.778791904449463
1365889752.9685652,106.400002,2.77695894241333
1365889754.5955317,110.400002,2.784560441970825
1365889754.6430743,107.200005,2.797401189804077
1365889754.6437855,106.400002,2.798105239868164
1365889754.644559,120.800003,2.8010153770446777
1365889754.6450307,104.800003,2.8026158809661865
1365889754.6456602,104.800003,2.804288148880005
1365889754.6462588,106.400002,2.80658221244812
1365889754.646914,110.400002,2.807576894760132
1365889759.1652358,102.400002,2.8172621726989746
1365889759.2723973,107.200005,2.803182601928711
1365889759.2740598,106.400002,2.8576018810272217
1365889759.2753005,108.800003,2.858283042907715
1365889759.2766354,100.800003,2.861581563949585
1365889759.2780197,106.400002,2.8624722957611084
1365889759.27943,107.200005,2.8633878231048584
1365889759.2811391,248.000000,2.865180253982544
1365889759.2827182,110.400002,2.865391492843628
1365889759.2847416,100.800003,2.864487648010254
1365889759.2863839,106.400002,2.8639025688171387
1365889759.2879722,104.800003,2.8633437156677246
1365889759.290041,110.400002,2.862344264984131
1365889759.2920291,104.800003,2.86140513420105
1365889759.294168,103.200005,2.8603110313415527
1365889759.2963064,107.200005,2.859304428100586
1365889759.2984858,104.800003,2.8583645820617676
1365889759.3000536,108.800003,2.858720302581787
1365889759.3013473,106.400002,2.8586080074310303
1365889759.3025823,102.400002,2.858363628387451
1365889759.3045132,108.800003,2.857405424118042
1365889759.3058467,107.200005,2.857421636581421
1365889759.3070984,107.200005,2.8575642108917236
1365889759.4220254,106.400002,2.78231143951416
1365889760.7299297,103.200005,2.8571953773498535
1365889760.7890553,107.200005,2.799217462539673
1365889760.7906787,107.200005,2.7987864017486572
1365889760.7919016,107.200005,2.7985281944274902
1365889760.7931423,106.400002,2.79822039604187
1365889760.7943685,106.400002,2.7980246543884277
1365889762.1858728,100.000000,2.7845964431762695
1365889766.894947,103.200005,2.916351556777954
1365889766.8993604,103.200005,3.029557943344116
1365889766.9011862,102.400002,3.029494047164917
1365889766.9030285,106.400002,3.0297420024871826
1365889766.9049292,108.800003,3.0294041633605957
1365889766.9070919,106.400002,3.0288336277008057
1365889766.9093196,111.200005,3.0295510292053223
1365889767.0038698,386.399994,2.9385387897491455
1365889767.0052874,111.200005,2.9381794929504395
1365889767.0069883,107.200005,2.9382150173187256
1365889767.0083451,106.400002,2.9381468296051025
1365889767.0096765,106.400002,2.9379501342773438
1365889767.0116205,107.200005,2.9370014667510986
1365889767.0129752,106.400002,2.936570882797241
1365889767.0141528,386.399994,2.9366543292999268
1365889767.015309,108.800003,2.938443183898926
1365889767.0165267,106.400002,2.9383766651153564
1365889767.0177002,110.400002,2.9384164810180664
1365889767.018857,104.800003,2.9385344982147217
1365889767.0201273,106.400002,2.9388513565063477
1365889767.021364,107.200005,2.93935227394104
1365889767.0225222,106.400002,2.9398539066314697
1365889767.0236678,108.800003,2.9401960372924805
1365889767.0248883,104.800003,2.939892530441284
1365889767.0260506,104.800003,2.9393622875213623
1365889767.0271997,106.400002,2.93884539604187
1365889767.0283544,103.200005,2.938271999359131
1365889767.0295649,106.400002,2.9376773834228516
1365889767.0307398,117.599998,2.937357187271118
1365889767.031893,103.200005,2.936908721923828
1365889767.1130476,104.800003,2.8790082931518555
1365889768.453803,108.800003,2.9021120071411133
1365889768.523976,107.200005,2.853215217590332
1365889768.5247595,104.800003,2.853593111038208
1365889768.5253603,104.800003,2.8544342517852783
1365889768.5259488,106.400002,2.855820894241333
1365889768.5265465,104.800003,2.856451988220215
1365889768.527162,107.200005,2.8571672439575195
1365889768.5899723,104.800003,2.7954165935516357
1365889773.0563898,106.400002,2.7937116622924805
1365889773.1652908,106.400002,2.870945930480957
1365889773.1658814,104.800003,2.8714075088500977
1365889773.1662602,106.400002,2.873171329498291
1365889773.1666188,107.200005,2.8744754791259766
1365889773.1669734,106.400002,2.875641345977783
1365889773.1673322,107.200005,2.876929998397827
1365889773.1676898,107.200005,2.87815523147583
1365889773.1680713,106.400002,2.879073143005371
1365889773.168448,107.200005,2.8796515464782715
1365889773.168804,106.400002,2.8800392150878906
1365889773.1691587,107.200005,2.880382537841797
1365889773.1696057,104.800003,2.8808319568634033
1365889773.1699831,106.400002,2.881530284881592
1365889773.1703672,102.400002,2.882206678390503
1365889773.1707234,106.400002,2.882873296737671
1365889773.171079,110.400002,2.8834686279296875
1365889773.1714466,106.400002,2.884317636489868
1365889773.1718013,107.200005,2.886465072631836
1365889773.1721573,107.200005,2.8875269889831543
1365889773.1729918,106.400002,2.887948751449585
1365889773.1733818,106.400002,2.8889169692993164
1365889773.2078176,191.199997,2.857314109802246
1365889777.567275,102.400002,4.649332761764526
1365889779.1844308,107.200005,3.067168712615967
1365889779.1863286,106.400002,3.06583833694458
1365889779.187626,106.400002,3.065084457397461
1365889779.1888018,102.400002,3.0644516944885254
1365889779.1901035,103.200005,3.0636954307556152
1365889779.191518,102.400002,3.062838315963745
1365889779.192688,106.400002,3.06221342086792
1365889779.193825,102.400002,3.0616326332092285
1365889779.1949515,107.200005,3.061047077178955
1365889779.1960888,108.800003,3.0604519844055176
1365889779.1972167,103.200005,3.059866428375244
1365889779.1983452,160.000000,3.059356689453125
1365889779.1995265,107.200005,3.0588128566741943
1365889779.200687,108.800003,3.0582685470581055
1365889779.2018185,104.800003,3.057718276977539
1365889779.202948,106.400002,3.057168960571289
1365889779.2040703,102.400002,3.0565972328186035
1365889779.2051935,106.400002,3.0560789108276367
1365889779.2063186,108.800003,3.055652379989624
1365889779.207461,104.800003,3.0551345348358154
1365889779.2086072,107.200005,3.0546109676361084
1365889779.3732588,106.400002,2.8973944187164307
1365889779.3742998,102.400002,2.9226207733154297
1365889779.3753362,104.800003,2.922934055328369
1365889779.3766842,104.800003,2.9228150844573975
1365889779.377779,106.400002,2.9230408668518066
1365889779.378952,108.800003,2.9229300022125244
1365889779.3799663,104.800003,2.922942876815796
1365889779.3814673,106.400002,2.9223363399505615
1365889779.4919984,104.800003,2.8133976459503174
1365889779.5866628,103.200005,2.808450698852539
1365889779.7988503,108.800003,2.781949043273926
1365889780.0064092,106.400002,2.8176205158233643
1365889780.2263753,106.400002,2.8095529079437256
1365889780.3881319,104.800003,2.7887508869171143
1365889780.5998123,104.800003,2.7977118492126465
1365889782.775723,107.200005,2.789573907852173
1365889782.8292859,106.400002,2.885685443878174
1365889782.830484,102.400002,2.8860580921173096
1365889782.8314095,104.800003,2.888019561767578
1365889782.8328292,107.200005,2.887765645980835
1365889782.8339665,104.800003,2.8885602951049805
1365889782.8350866,107.200005,2.8887939453125
1365889782.8362067,110.400002,2.889240264892578
1365889782.8373237,103.200005,2.8895835876464844
1365889782.8384411,106.400002,2.8899788856506348
1365889782.8397582,209.600006,2.8906311988830566
1365889782.9926674,106.400002,2.813689708709717
1365889783.212564,103.200005,2.9357619285583496
1365889787.8651526,107.200005,3.906670570373535
1365889787.9441738,107.200005,3.8298869132995605
1365889787.9459088,104.800003,3.828782320022583
1365889787.9471328,104.800003,3.828293561935425
1365889787.9482958,108.800003,3.8277697563171387
1365889787.9511664,103.200005,3.8256938457489014
1365889787.9525042,106.400002,3.825073719024658
1365889787.9536798,103.200005,3.824920892715454
1365889787.9548397,103.200005,3.824821710586548
1365889787.9560015,104.800003,3.824815273284912
1365889787.957162,107.200005,3.8248138427734375
1365889787.958317,107.200005,3.824627161026001
1365889787.9595346,106.400002,3.824789524078369
1365889787.9607837,107.200005,3.8260610103607178
1365889787.9619548,104.800003,3.8266661167144775
1365889787.9631193,107.200005,3.8271117210388184
1365889787.9642794,110.400002,3.827242612838745
1365889787.9654331,104.800003,3.828369617462158
1365889787.9665904,106.400002,3.8288865089416504
1365889787.9677386,107.200005,3.8286399841308594
1365889787.968962,104.800003,3.8280375003814697
1365889787.970285,106.400002,3.8274099826812744
1365889787.9723053,108.800003,3.8267407417297363
1365889788.0017695,106.400002,3.797903537750244
1365889788.2056532,108.800003,3.599611282348633
1365889788.4018567,106.400002,3.410433292388916
1365889788.6113677,106.400002,3.205754041671753
1365889789.8928752,104.800003,2.809298038482666
1365889789.9460816,108.800003,2.9252727031707764
1365889789.9474702,110.400002,2.9251339435577393
1365889789.9486434,110.400002,2.9252262115478516
1365889789.9499562,106.400002,2.92514705657959
1365889789.9512823,108.800003,2.9252195358276367
1365889794.4450781,106.400002,2.836782455444336
1365889795.9582617,110.400002,2.877610683441162
1365889795.959704,103.200005,2.877716541290283
1365889795.960295,107.200005,2.87859845161438
1365889795.960973,106.400002,2.879157781600952
1365889795.9615526,107.200005,2.879802942276001
1365889795.9621508,107.200005,2.880430221557617
1365889795.9627812,106.400002,2.881096839904785
1365889795.9632077,107.200005,2.882033586502075
1365889795.963836,106.400002,2.8827173709869385
1365889795.9642677,107.200005,2.8837099075317383
1365889795.964862,103.200005,2.8844757080078125
1365889795.9652534,108.800003,2.885446310043335
1365889795.965889,110.400002,2.8860998153686523
1365889795.9664257,103.200005,2.8869175910949707
1365889795.967138,106.400002,2.8875935077667236
1365889795.9677637,107.200005,2.8905694484710693
1365889795.9681983,104.800003,2.893686532974243
1365889795.9687548,104.800003,2.896616220474243
1365889795.9694269,100.000000,2.9001147747039795
1365889795.9700167,106.400002,2.900765895843506
1365889795.9706485,106.400002,2.9012398719787598
1365889795.9712121,107.200005,2.9021005630493164
1365889796.0343952,104.800003,2.840257406234741
1365889796.0356262,102.400002,2.840123414993286
1365889796.036371,106.400002,2.842719078063965
1365889796.0368135,107.200005,2.8432846069335938
1365889796.037202,104.800003,2.8438711166381836
1365889796.0375776,106.400002,2.8446731567382812
1365889796.037949,106.400002,2.845658779144287
1365889796.1530397,396.000000,2.781860113143921
1365889796.221084,176.800003,2.803666591644287
1365889800.6576276,102.400002,2.793161630630493
1365889800.713505,107.200005,2.7927310466766357
1365889800.7145603,106.400002,2.821312665939331
1365889800.7161605,107.200005,2.820688009262085
1365889800.7174482,106.400002,2.820812940597534
1365889800.71865,107.200005,2.820774555206299
1365889800.7199438,104.800003,2.820634603500366
1365889800.721158,102.400002,2.8206889629364014
1365889800.7220352,106.400002,2.8212649822235107
1365889800.7232249,106.400002,2.822082281112671
1365889800.723995,108.800003,2.8236751556396484
1365889800.725516,100.800003,2.8236191272735596
1365889800.7270331,104.800003,2.8236255645751953
1365889800.728197,108.800003,2.8239738941192627
1365889800.729576,103.200005,2.8241665363311768
1365889800.7307355,107.200005,2.8243629932403564
1365889800.7315078,107.200005,2.825820207595825
1365889800.7322643,104.800003,2.826732635498047
1365889800.7330165,106.400002,2.827422618865967
1365889800.7337663,106.400002,2.827648639678955
1365889800.7345207,106.400002,2.827843427658081
1365889800.7362642,107.200005,2.82700777053833
1365889800.8105145,103.200005,2.820178508758545
1365889802.1833584,108.800003,2.799177646636963
1365889802.3156853,106.400002,2.830092191696167
1365889802.3168144,106.400002,2.830188751220703
1365889802.31811,108.800003,2.830348491668701
1365889802.3192801,104.800003,2.8307716846466064
1365889802.3207915,106.400002,2.83077335357666
1365889802.3219893,125.599998,2.8308191299438477
1365889802.408401,107.200005,2.7803099155426025
1365889802.6038914,106.400002,2.792168378829956
1365889802.807419,106.400002,2.828672170639038
1365889803.0491648,103.200005,3.1159069538116455
1365889803.232894,108.800003,2.93738055229187
1365889803.427653,107.200005,2.8296244144439697
1365889803.6097755,106.400002,2.7891600131988525
