1365889752.984307,942.0731707317073,41.2,3.056307077407837
1365889753.239753,841.4634146341463,41.2,2.8924317359924316
1365889753.4954119,798.1707317073171,41.2,2.8814990520477295
1365889753.750161,884.1463414634146,40.6,2.943772315979004
1365889754.0038888,820.1219512195122,40.6,2.9727444648742676
1365889754.276223,680.4878048780488,40.1,2.93213152885437
1365889754.553805,801.219512195122,40.6,2.8869130611419678
1365889754.810719,989.0243902439024,40.1,2.8856375217437744
1365889755.066732,713.4146341463414,40.1,2.94275164604187
1365889755.339823,782.3170731707318,40.6,2.886568784713745
1365889755.593955,898.1707317073171,40.6,2.892878293991089
1365889755.849982,841.4634146341463,40.6,2.9131455421447754
1365889756.1162229,570.7317073170731,40.1,2.9337234497070312
1365889756.3914628,743.2926829268292,40.6,2.8805313110351562
1365889756.6454241,940.2439024390243,40.1,2.8845348358154297
1365889756.900756,690.2439024390243,40.1,2.9235177040100098
1365889757.17491,915.2439024390244,40.6,2.91642427444458
1365889757.427655,785.3658536585366,40.6,2.890995740890503
1365889757.681613,748.170731707317,40.6,2.9273324012756348
1365889757.9487529,672.5609756097562,40.1,2.9486241340637207
1365889758.22908,866.4634146341464,40.6,2.892395257949829
1365889758.4834628,926.829268292683,41.2,2.8995940685272217
1365889758.739525,649.390243902439,40.1,2.9706151485443115
1365889759.015307,895.1219512195122,40.6,2.884418249130249
1365889759.269692,921.9512195121952,40.1,2.8951046466827393
1365889759.524992,821.951219512195,40.1,2.903552293777466
1365889759.792522,708.5365853658536,40.1,2.907609701156616
1365889760.06922,868.2926829268292,40.6,2.962862014770508
1365889760.3254552,815.2439024390243,40.6,2.9065194129943848
1365889760.578469,887.1951219512196,40.1,2.914489507675171
1365889760.8527548,856.0975609756098,40.6,2.9303200244903564
1365889761.106283,915.2439024390244,40.1,2.9772188663482666
1365889761.36049,838.4146341463414,41.2,2.8987624645233154
1365889761.622345,679.2682926829269,40.1,2.967679262161255
1365889761.898276,757.3170731707318,40.6,2.881998062133789
1365889762.1517608,907.3170731707318,40.1,2.9128003120422363
1365889762.4047801,993.9024390243902,40.6,2.903747797012329
1365889762.66293,696.3414634146341,40.1,2.913677453994751
1365889762.939968,926.219512195122,40.6,2.8872218132019043
1365889763.196212,796.3414634146342,40.6,2.883058547973633
1365889763.451019,828.0487804878048,40.1,2.893881320953369
1365889763.708981,675.609756097561,40.1,2.917417526245117
1365889763.9866061,733.5365853658536,40.1,2.8940014839172363
1365889764.244256,839.0243902439024,40.6,2.882443904876709
1365889764.498539,896.3414634146342,40.1,2.9414315223693848
1365889764.772426,867.0731707317074,40.1,2.884025812149048
1365889765.027987,754.2682926829268,41.2,3.0086874961853027
1365889765.2818298,882.9268292682926,40.1,2.8945963382720947
1365889765.547161,695.1219512195122,40.1,2.915726661682129
1365889765.822214,898.1707317073171,40.6,2.901850700378418
1365889766.075634,926.219512195122,40.1,2.938873529434204
1365889766.328712,882.3170731707318,40.1,2.916320562362671
1365889766.5982661,703.0487804878048,40.6,2.9222657680511475
1365889766.872034,787.1951219512196,40.6,3.0606446266174316
1365889767.1281888,735.3658536585366,40.1,2.9886159896850586
1365889767.381682,870.1219512195122,40.1,2.904951810836792
1365889767.651308,868.9024390243902,40.1,2.894779920578003
1365889767.904215,921.9512195121952,40.6,2.920294761657715
1365889768.159508,906.0975609756098,41.2,2.893420457839966
1365889768.417291,701.2195121951219,40.1,2.9136674404144287
1365889768.693687,917.0731707317074,40.1,4.360255479812622
1365889768.9477398,882.3170731707318,40.1,4.113104343414307
1365889769.200418,731.0975609756098,40.1,3.871535062789917
1365889769.4667819,603.6585365853658,40.1,3.6107850074768066
1365889769.740572,915.2439024390244,40.6,3.354234457015991
1365889769.994952,816.4634146341463,40.1,3.1155025959014893
1365889770.253812,747.560975609756,40.6,2.90732741355896
1365889770.5289621,923.1707317073171,40.6,2.894376039505005
1365889770.78337,821.3414634146341,40.6,2.881722927093506
1365889771.038049,817.0731707317073,40.1,2.9232935905456543
1365889771.304856,672.5609756097562,40.1,2.956068277359009
1365889771.5804448,798.1707317073171,40.6,3.0306649208068848
1365889771.835145,896.3414634146342,40.6,2.8882665634155273
1365889772.090508,903.048780487805,40.1,2.904468059539795
1365889772.366805,744.5121951219512,40.1,2.887244701385498
1365889772.619724,873.170731707317,40.1,2.913362979888916
1365889772.8732522,800.0,40.6,2.9390921592712402
1365889773.1399832,996.3414634146342,40.1,2.932889699935913
1365889773.4172008,804.2682926829269,40.6,2.887174606323242
1365889773.669968,762.1951219512196,40.1,2.880413055419922
1365889773.924188,821.951219512195,40.1,3.4567716121673584
1365889774.2016451,915.8536585365854,40.1,3.1924309730529785
1365889774.458974,921.3414634146342,40.6,2.9520559310913086
1365889774.713433,823.170731707317,40.6,2.9079856872558594
1365889774.9754581,661.5853658536586,40.1,2.9074928760528564
1365889775.254347,734.1463414634146,41.2,2.893559217453003
1365889775.5080268,915.2439024390244,40.6,2.8941500186920166
1365889775.760967,1029.8780487804877,40.1,2.9047837257385254
1365889776.0297012,774.390243902439,40.6,3.0851597785949707
1365889776.282485,890.8536585365854,41.2,2.8870527744293213
1365889776.539562,843.2926829268292,41.2,2.896822929382324
1365889776.7965922,704.2682926829268,40.1,2.976505994796753
1365889777.0714939,789.0243902439024,40.6,2.8969192504882812
1365889777.327188,900.0,40.6,2.9349536895751953
1365889777.5814779,856.0975609756098,40.6,2.89046573638916
1365889777.842119,703.0487804878048,40.1,2.9816083908081055
1365889778.118779,1819.5121951219512,41.2,2.9570672512054443
1365889778.3734221,724.390243902439,41.2,2.8872597217559814
1365889778.62847,1611.5853658536585,40.1,2.91426944732666
1365889778.902643,1003.0487804878047,41.2,2.917062282562256
1365889779.1564841,734.1463414634146,40.6,2.8942983150482178
1365889779.4124658,834.1463414634146,40.6,2.8905701637268066
1365889779.675199,706.0975609756097,40.1,2.9371049404144287
1365889779.951471,810.3658536585366,41.2,2.9237780570983887
1365889780.206402,752.439024390244,40.1,2.8887925148010254
1365889780.4604108,838.4146341463414,40.6,2.9048829078674316
1365889780.7303941,576.2195121951219,40.1,2.9616048336029053
1365889781.004203,989.0243902439024,40.6,2.9320266246795654
1365889781.2613602,957.3170731707316,40.6,2.9804370403289795
1365889781.516462,632.3170731707318,40.1,2.9271066188812256
1365889781.797163,762.1951219512196,40.6,2.896317958831787
1365889782.052338,789.0243902439024,40.1,2.998739719390869
1365889782.307913,876.219512195122,41.2,2.9022865295410156
1365889782.5797381,915.8536585365854,40.6,2.9504387378692627
1365889782.836488,763.4146341463414,40.6,2.888800621032715
1365889783.094537,915.2439024390244,40.6,2.8938705921173096
1365889783.3547678,641.4634146341464,40.1,2.9169704914093018
1365889783.6302989,960.9756097560976,40.6,2.8929169178009033
1365889783.8851311,769.5121951219512,40.1,2.8987903594970703
1365889784.139261,921.9512195121952,40.1,2.975900411605835
1365889784.410475,866.4634146341464,40.6,2.9054548740386963
1365889784.665149,1204.8780487804877,40.1,2.896129846572876
1365889784.922463,840.2439024390244,40.1,2.8920724391937256
1365889785.1867661,674.3902439024391,40.1,2.9040634632110596
1365889785.461022,942.0731707317073,41.2,2.8836615085601807
1365889785.7141209,820.1219512195122,40.6,2.883178234100342
1365889785.969393,829.2682926829268,40.6,2.950685977935791
1365889786.2424052,831.0975609756097,40.1,2.88197922706604
1365889786.4969249,907.9268292682927,41.2,2.9068403244018555
1365889786.751041,907.9268292682927,40.6,2.90315842628479
1365889787.0160792,699.390243902439,40.1,2.912736654281616
1365889787.2984169,819.5121951219512,40.6,2.9198861122131348
1365889787.552682,794.5121951219512,40.6,2.8878655433654785
1365889787.8070269,738.4146341463414,40.6,2.90614652633667
1365889788.081507,782.3170731707318,41.2,2.888927936553955
1365889788.3342779,904.2682926829268,40.6,2.883406400680542
1365889788.5889091,733.5365853658536,40.6,2.894733190536499
1365889788.849895,701.2195121951219,40.1,2.912844657897949
1365889789.1265311,787.1951219512196,40.6,2.8852059841156006
1365889789.380885,1946.9512195121952,40.6,2.9585952758789062
1365889789.633936,968.9024390243902,41.2,2.9479076862335205
1365889789.9088461,884.1463414634146,40.1,2.906341075897217
1365889790.1662312,1031.0975609756097,41.2,2.940093517303467
1365889790.420077,799.3902439024391,41.2,2.955681562423706
1365889790.681934,620.1219512195122,40.1,2.917417526245117
1365889790.9561632,753.0487804878048,40.6,2.88350248336792
1365889791.211624,784.1463414634146,40.6,2.9272072315216064
1365889791.467693,1009.1463414634145,41.2,2.9002275466918945
1365889791.738535,1774.3902439024391,41.2,2.8955800533294678
1365889791.991267,1026.2195121951218,40.6,2.8929953575134277
1365889792.251616,1731.09756097561,41.2,2.896044969558716
1365889792.507831,689.6341463414634,40.6,2.9189023971557617
1365889792.7827158,783.5365853658537,40.1,2.887526512145996
1365889793.038269,868.2926829268292,40.6,2.977938413619995
1365889793.291573,877.439024390244,40.6,2.901362657546997
1365889793.556642,589.6341463414634,40.1,2.91745924949646
1365889793.8311172,852.4390243902438,40.1,2.8993821144104004
1365889794.085477,865.2439024390244,40.6,2.9224741458892822
1365889794.340495,806.0975609756098,40.1,2.89990234375
1365889794.608452,749.390243902439,40.6,2.9323906898498535
1365889794.8635929,756.0975609756098,41.2,2.8830580711364746
1365889795.1187031,816.4634146341463,41.2,2.913682222366333
1365889795.378796,616.4634146341464,40.1,2.928668975830078
1365889795.654508,857.9268292682926,40.1,2.897972583770752
1365889795.908409,732.3170731707316,40.6,2.882859468460083
1365889796.1624541,759.1463414634146,40.1,2.927976131439209
1365889796.425877,696.3414634146341,40.1,2.920524835586548
1365889796.703309,760.3658536585366,40.6,2.8940694332122803
1365889796.955939,912.1951219512196,40.6,2.895695686340332
1365889797.210774,834.1463414634146,40.1,2.9061174392700195
1365889797.482035,924.3902439024391,40.6,2.892148733139038
1365889797.735351,895.1219512195122,41.2,2.8839075565338135
1365889797.9900181,815.2439024390243,40.6,2.9322869777679443
1365889798.2516348,709.1463414634146,40.1,3.026870012283325
1365889798.531729,837.1951219512194,40.6,2.882558822631836
1365889798.787414,788.4146341463415,41.2,2.9265382289886475
1365889799.0415769,790.2439024390244,40.6,3.0213723182678223
1365889799.315731,854.2682926829268,40.6,2.896423101425171
1365889799.56912,739.0243902439024,41.2,2.8829126358032227
1365889799.8237069,868.9024390243902,41.2,2.9092743396759033
1365889800.082347,699.390243902439,40.1,2.9664926528930664
1365889800.358828,807.3170731707318,40.6,2.894951343536377
1365889800.614669,871.9512195121952,40.6,2.8797857761383057
1365889800.868555,929.8780487804878,40.6,2.9025821685791016
1365889801.132642,700.6097560975609,40.1,2.9226975440979004
1365889801.409642,1150.0,40.1,2.890017032623291
1365889801.666006,985.9756097560976,40.6,2.885289192199707
1365889801.920798,921.3414634146342,40.1,2.9274344444274902
1365889802.193165,882.9268292682926,41.2,2.888730764389038
1365889802.446676,835.3658536585366,40.6,2.907780885696411
1365889802.7009768,787.1951219512196,40.6,2.920832633972168
1365889802.965819,691.4634146341463,40.1,2.9365718364715576
1365889803.2426822,805.4878048780488,40.6,2.889341354370117
1365889803.4976718,904.8780487804878,40.1,2.8847243785858154
1365889803.753386,767.0731707317074,40.1,2.9522688388824463
1365889804.029075,733.5365853658536,40.6,2.886638879776001
1365889804.285187,780.4878048780488,41.2,4.177995920181274
1365889804.53911,918.2926829268293,40.6,3.934001922607422
1365889804.808424,699.390243902439,40.1,3.6780576705932617
1365889805.0814579,1048.780487804878,41.2,3.4135520458221436
1365889805.336661,754.2682926829268,41.2,3.16323184967041
1365889805.591439,699.390243902439,40.1,2.9168083667755127
1365889805.866581,750.0,41.2,2.886291980743408
1365889806.120349,845.1219512195122,40.6,2.8895926475524902
1365889806.374484,874.390243902439,41.2,2.9475178718566895
1365889806.642904,705.4878048780488,40.1,2.9104597568511963
1365889806.918635,751.219512195122,40.6,2.89113712310791
1365889807.172131,878.0487804878048,41.2,2.90976881980896
1365889807.425935,691.4634146341463,40.6,2.918469190597534
1365889807.701452,834.1463414634146,40.6,2.91630482673645
1365889807.956139,818.2926829268292,41.2,2.931699514389038
1365889808.209288,834.1463414634146,40.6,2.905148983001709
1365889808.468779,714.0243902439024,40.1,2.907878875732422
1365889808.744826,917.0731707317074,40.1,2.893707752227783
1365889808.99892,1023.1707317073171,41.2,2.8877336978912354
1365889809.2526479,866.4634146341464,40.1,2.930025100708008
1365889809.527539,817.0731707317073,41.2,2.8814375400543213
1365889809.783158,904.2682926829268,40.6,2.932173252105713
1365889810.037288,898.1707317073171,41.2,2.916186809539795
1365889810.305304,710.3658536585366,40.1,2.9143998622894287
1365889810.579326,814.0243902439024,41.2,2.882641077041626
1365889810.83469,760.9756097560976,40.1,2.880723476409912
1365889811.08929,624.390243902439,40.6,2.935431480407715
1365889811.365064,925.0,41.2,2.8883602619171143
1365889811.620234,760.9756097560976,40.6,2.990642547607422
1365889811.875214,767.0731707317074,40.1,2.9550445079803467
1365889812.142219,774.390243902439,40.6,2.917880058288574
1365889812.419929,818.2926829268292,40.6,3.0427348613739014
1365889812.6746361,838.4146341463414,41.2,3.018298387527466
1365889812.930371,838.4146341463414,40.1,2.9570248126983643
1365889813.1977868,712.1951219512194,40.1,2.920708656311035
1365889813.4737768,945.1219512195122,41.2,2.9001033306121826
1365889813.7266612,748.170731707317,40.6,2.8904483318328857
1365889813.982433,700.6097560975609,40.6,2.914419412612915
1365889814.2563,968.9024390243902,41.2,2.8967068195343018
1365889814.5112162,898.1707317073171,40.1,2.891094923019409
1365889814.765814,1132.9268292682925,41.2,2.913916826248169
1365889815.036988,692.0731707317073,40.1,2.9073917865753174
1365889815.318378,735.3658536585366,40.6,2.8937463760375977
1365889815.571962,907.3170731707318,41.2,2.9185025691986084
1365889815.826755,694.5121951219512,41.2,2.913001298904419
1365889816.103821,951.8292682926829,40.6,2.8883073329925537
1365889816.359148,859.1463414634146,41.2,2.9468038082122803
1365889816.614341,832.3170731707316,41.2,2.9090960025787354
1365889816.8804858,603.6585365853658,40.6,2.915259599685669
1365889817.1519191,901.219512195122,41.2,2.9779791831970215
1365889817.406671,760.3658536585366,41.2,2.8928275108337402
1365889817.659905,663.4146341463415,41.2,2.9118881225585938
1365889817.9335492,785.9756097560976,41.2,2.891592502593994
1365889818.189889,781.0975609756098,41.2,2.8912622928619385
1365889818.442805,746.3414634146342,40.6,2.9181814193725586
1365889818.71045,564.6341463414634,40.6,2.911531925201416
1365889818.982751,932.9268292682927,41.2,2.896411657333374
1365889819.237705,738.4146341463414,40.6,2.8990938663482666
1365889819.492054,770.1219512195122,40.1,2.9142611026763916
1365889819.76704,906.0975609756098,40.6,2.8837544918060303
1365889820.02151,816.4634146341463,40.6,2.8891522884368896
1365889820.280002,805.4878048780488,40.6,2.9112446308135986
1365889820.5494459,720.1219512195122,41.2,2.8836019039154053
1365889820.803599,923.1707317073171,40.6,2.8996706008911133
1365889821.057439,885.3658536585366,41.2,2.9949116706848145
1365889821.326472,794.5121951219512,40.6,2.925138473510742
1365889821.600876,918.2926829268293,40.6,2.8826301097869873
1365889821.855443,846.951219512195,41.2,2.899951219558716
1365889822.1095512,923.1707317073171,40.6,2.959494113922119
1365889822.383765,749.390243902439,41.2,2.9151012897491455
1365889822.637391,895.1219512195122,41.2,3.115570306777954
1365889822.8911722,806.0975609756098,41.2,2.9326095581054688
1365889823.1529732,700.6097560975609,40.6,2.9236509799957275
1365889823.436788,806.0975609756098,40.6,2.8906238079071045
1365889823.690751,884.1463414634146,40.6,2.894681692123413
1365889823.943587,898.1707317073171,41.2,2.919440746307373
1365889824.216461,835.9756097560976,40.6,2.890282392501831
1365889824.4703329,953.0487804878048,40.6,2.8867897987365723
1365889824.723138,799.3902439024391,41.2,2.897599458694458
1365889824.979842,688.4146341463414,40.1,2.903263568878174
1365889825.2536309,832.3170731707316,40.6,2.9392213821411133
1365889825.5075562,918.2926829268293,41.2,2.8917529582977295
1365889825.7617102,910.3658536585366,40.6,2.901219606399536
1365889826.0230248,674.3902439024391,40.1,2.967651844024658
1365889826.301353,918.2926829268293,41.2,2.886629343032837
1365889826.557154,743.2926829268292,41.2,2.8827250003814697
1365889826.811388,767.0731707317074,40.6,2.9451744556427
1365889827.083602,792.0731707317074,41.2,2.89028263092041
1365889827.338502,925.0,41.2,2.887629747390747
1365889827.594753,918.9024390243903,41.2,3.0254433155059814
1365889827.8547258,695.1219512195122,40.6,2.917299270629883
1365889828.130948,860.9756097560976,41.2,2.882396697998047
1365889828.387054,771.3414634146342,41.2,2.8816912174224854
1365889828.642931,852.4390243902438,41.2,3.0768861770629883
1365889828.915616,767.0731707317074,41.2,2.913405179977417
1365889829.168681,802.439024390244,41.2,3.0088043212890625
1365889829.421236,868.9024390243902,41.2,2.9065423011779785
1365889829.681349,775.0,40.1,3.3049402236938477
1365889829.955351,910.3658536585366,41.2,3.0319197177886963
1365889830.207907,842.0731707317073,40.6,2.889883279800415
1365889830.4617112,890.2439024390244,41.2,2.90586519241333
1365889830.724482,591.4634146341463,40.6,2.9135851860046387
1365889830.998158,920.1219512195122,41.2,2.880321741104126
1365889831.252235,890.8536585365854,40.6,2.880476713180542
1365889831.506201,802.439024390244,41.2,2.9165518283843994
1365889831.774705,692.0731707317073,40.1,2.9160239696502686
1365889832.045432,750.0,41.2,2.901123285293579
1365889832.300412,996.3414634146342,40.6,2.8836724758148193
1365889832.5545778,967.0731707317073,40.1,2.904693841934204
1365889832.8307898,738.4146341463414,41.2,2.88142991065979
1365889833.086526,925.0,41.2,2.884573221206665
1365889833.341681,901.219512195122,41.2,2.901451826095581
1365889833.6106539,777.439024390244,41.2,2.880486249923706
1365889833.864702,738.4146341463414,41.2,2.8823323249816895
1365889834.120136,796.9512195121952,41.2,2.906263828277588
1365889834.380426,699.390243902439,40.6,2.9503977298736572
1365889834.657755,879.8780487804878,41.2,2.8858158588409424
1365889834.9151008,917.0731707317074,40.6,2.8908002376556396
1365889835.169139,796.3414634146342,41.2,2.906644344329834
1365889835.436613,697.560975609756,40.6,2.9696996212005615
1365889835.712513,853.0487804878048,41.2,2.964812994003296
1365889835.9655108,885.3658536585366,40.6,2.8947179317474365
1365889836.220578,585.3658536585366,41.2,2.901906967163086
1365889836.494071,882.3170731707318,40.6,2.885091543197632
1365889836.750143,932.9268292682927,40.6,2.8866424560546875
1365889837.005305,792.0731707317074,40.6,2.900298833847046
1365889837.2753558,780.4878048780488,41.2,2.880690813064575
1365889837.530261,925.0,40.6,2.882763147354126
1365889837.785455,921.9512195121952,41.2,2.9015767574310303
1365889838.0455732,724.390243902439,40.6,2.9970014095306396
1365889838.324686,796.9512195121952,40.6,2.887988567352295
1365889838.5799491,752.439024390244,40.1,2.8834993839263916
1365889838.8356102,921.3414634146342,41.2,2.897679328918457
1365889839.1070569,926.829268292683,40.6,2.894127368927002
1365889839.3615592,809.1463414634147,41.2,2.9310951232910156
1365889839.616501,921.3414634146342,40.6,2.9012322425842285
1365889839.878575,701.2195121951219,40.6,2.906672477722168
1365889840.1538188,926.829268292683,40.6,2.929690361022949
1365889840.4110239,810.3658536585366,41.2,2.9273264408111572
1365889840.6639519,1616.4634146341464,41.2,2.987684488296509
1365889840.9331882,708.5365853658536,40.1,2.9572882652282715
1365889841.207948,774.390243902439,40.6,2.881127119064331
1365889841.463371,849.390243902439,41.2,2.8886280059814453
1365889841.7188349,621.3414634146342,40.1,2.912181854248047
1365889841.9936168,1117.0731707317075,41.2,2.8820583820343018
1365889842.248441,810.9756097560976,41.2,2.881334066390991
1365889842.502215,773.1707317073171,41.2,2.909491777420044
1365889842.774455,893.2926829268292,40.6,2.885479211807251
1365889843.030158,753.0487804878048,41.2,2.8940722942352295
1365889843.284083,810.9756097560976,41.2,2.8952503204345703
1365889843.543468,694.5121951219512,40.1,2.905290126800537
1365889843.819136,904.8780487804878,40.6,2.8870511054992676
1365889844.073523,824.390243902439,41.2,2.9269726276397705
1365889844.3309598,802.439024390244,40.6,2.913825750350952
1365889844.600553,782.3170731707318,41.2,2.9231820106506348
1365889844.855859,962.8048780487804,41.2,2.8821182250976562
1365889845.110713,813.4146341463414,40.1,2.891998052597046
1365889845.368348,688.4146341463414,40.6,2.936396837234497
1365889845.641752,785.9756097560976,41.2,2.8875701427459717
1365889845.896428,995.1219512195122,40.6,2.8927791118621826
1365889846.150652,890.2439024390244,41.2,2.899602174758911
1365889846.414033,702.4390243902438,40.6,2.913926601409912
1365889846.6880782,879.8780487804878,40.6,2.885589838027954
1365889846.94276,805.4878048780488,41.2,2.8865621089935303
1365889847.196428,582.3170731707316,41.2,2.9337682723999023
1365889847.4732249,893.9024390243902,40.6,2.886531114578247
1365889847.726753,826.2195121951219,41.2,2.889225959777832
1365889847.979678,901.219512195122,41.7,2.9483346939086914
1365889848.2378151,616.4634146341464,40.6,2.9764912128448486
1365889848.511721,907.3170731707318,41.2,2.8957996368408203
1365889848.7645671,877.439024390244,41.2,3.2090516090393066
1365889849.018317,749.390243902439,41.2,3.145785093307495
1365889849.287554,705.4878048780488,40.6,3.1785757541656494
1365889849.558207,820.1219512195122,41.2,2.9088480472564697
1365889849.810554,909.1463414634146,41.2,2.922684669494629
1365889850.063434,866.4634146341464,40.6,2.909282684326172
1365889850.342596,915.2439024390244,41.2,2.8866398334503174
1365889850.5955021,889.0243902439024,40.6,2.8864927291870117
1365889850.850563,934.1463414634147,41.2,2.9013028144836426
1365889851.1211321,907.9268292682927,41.7,2.891706705093384
1365889851.3751628,878.0487804878048,41.2,2.887242317199707
1365889851.629569,915.8536585365854,41.2,2.8849291801452637
1365889851.885282,686.5853658536586,40.1,2.918489933013916
1365889852.159159,801.219512195122,41.2,2.895831823348999
1365889852.413589,903.048780487805,41.2,2.8908016681671143
1365889852.669535,943.9024390243902,41.2,2.9195008277893066
1365889852.937112,702.4390243902438,40.6,2.9715888500213623
1365889853.210331,819.5121951219512,40.1,2.8887763023376465
1365889853.465069,770.1219512195122,41.2,2.8853487968444824
1365889853.719436,703.0487804878048,40.6,2.920585870742798
1365889853.993423,926.829268292683,41.2,2.9151675701141357
1365889854.249137,845.1219512195122,40.6,2.888611078262329
1365889854.504407,951.8292682926829,41.2,2.91666316986084
1365889854.7702231,683.5365853658537,40.6,2.9377853870391846
1365889855.0468328,874.390243902439,40.6,2.895486831665039
1365889855.300256,1018.2926829268292,40.6,2.8826963901519775
1365889855.557429,593.2926829268292,40.1,2.9332339763641357
1365889855.8332999,900.0,41.2,2.8988189697265625
1365889856.08638,893.9024390243902,41.2,2.887781858444214
1365889856.3459148,910.3658536585366,40.6,2.9065473079681396
1365889856.6207302,848.170731707317,41.2,2.9065768718719482
1365889856.874942,777.439024390244,41.2,2.923579692840576
1365889857.133848,940.8536585365853,41.2,2.9062507152557373
1365889857.395411,680.4878048780488,41.2,2.925532341003418
1365889857.6746938,846.3414634146342,41.7,2.910734176635742
1365889857.9300091,879.8780487804878,41.2,2.8896450996398926
1365889858.1838698,756.0975609756098,40.1,2.904290199279785
1365889858.4593291,806.0975609756098,40.6,2.972214937210083
1365889858.715235,984.1463414634146,41.2,2.884446620941162
1365889858.969939,756.0975609756098,40.6,2.8972136974334717
1365889859.2333481,713.4146341463414,40.6,2.946049928665161
1365889859.50846,753.0487804878048,41.2,2.892927646636963
1365889859.7636511,767.0731707317074,40.6,2.9173951148986816
1365889860.0177212,739.0243902439024,40.1,2.992579698562622
1365889860.2938318,1048.780487804878,41.2,2.9081056118011475
1365889860.549717,843.9024390243902,40.6,2.889721393585205
1365889860.805847,1304.878048780488,40.6,2.9027888774871826
1365889861.073635,650.609756097561,40.6,2.9108059406280518
1365889861.3549418,887.1951219512196,41.2,2.8807339668273926
1365889861.609628,783.5365853658537,41.2,2.8950209617614746
1365889861.864737,909.1463414634146,40.6,2.952340841293335
1365889862.140357,890.2439024390244,41.2,2.899751901626587
1365889862.394061,1611.5853658536585,41.2,2.8887033462524414
1365889862.648797,851.219512195122,41.2,3.044123888015747
1365889862.912363,595.7317073170732,40.1,2.944317102432251
1365889863.190636,806.0975609756098,41.2,2.8844289779663086
1365889863.447423,814.0243902439024,41.2,2.885495662689209
1365889863.702281,940.8536585365853,40.6,2.918487071990967
1365889863.976762,870.1219512195122,40.6,2.8864026069641113
1365889864.231592,857.3170731707316,41.2,2.890407085418701
1365889864.4844851,763.4146341463414,41.2,2.884758710861206
1365889864.74156,696.3414634146341,41.2,2.911411762237549
1365889865.018893,1095.7317073170732,41.2,2.888277769088745
1365889865.272557,796.3414634146342,41.2,2.889679193496704
1365889865.527895,760.9756097560976,41.2,2.929295063018799
1365889865.795954,702.4390243902438,40.6,2.9451355934143066
1365889866.068759,760.3658536585366,41.2,2.8912813663482666
1365889866.32579,882.9268292682926,40.6,2.904491424560547
1365889866.579741,681.0975609756098,40.1,2.9240286350250244
1365889866.855297,928.048780487805,41.2,3.0720741748809814
1365889867.108403,956.0975609756097,41.2,2.8914802074432373
1365889867.367077,915.8536585365854,41.2,2.9194324016571045
1365889867.6392372,831.0975609756097,41.2,2.912691354751587
1365889867.892096,744.5121951219512,41.2,2.8907670974731445
1365889868.1515892,736.5853658536586,40.1,2.9449148178100586
1365889868.411607,591.4634146341463,40.6,2.912412166595459
1365889868.688693,871.3414634146342,40.6,2.896224021911621
1365889868.944274,750.0,41.2,2.891554355621338
1365889869.2001011,593.2926829268292,40.6,2.9164509773254395
1365889869.4750578,776.219512195122,41.2,2.880525827407837
1365889869.7294762,732.3170731707316,41.2,2.8812294006347656
1365889869.9823701,804.2682926829269,41.2,2.8984591960906982
1365889870.247402,692.0731707317073,40.1,2.9310343265533447
1365889870.52124,799.3902439024391,41.2,2.9369521141052246
1365889870.776744,993.9024390243902,41.2,2.8815600872039795
1365889871.032473,799.3902439024391,40.6,2.907454252243042
1365889871.306168,737.1951219512194,41.2,2.8804900646209717
1365889871.5614452,744.5121951219512,41.2,2.8849031925201416
1365889871.814424,767.0731707317074,41.2,2.960904121398926
1365889872.08132,692.0731707317073,40.6,2.9786787033081055
1365889872.3558168,915.2439024390244,41.2,2.899298667907715
1365889872.6111429,900.0,41.2,2.8816514015197754
1365889872.866221,680.4878048780488,40.6,2.912966728210449
1365889873.1434429,1757.3170731707316,41.2,2.8868231773376465
1365889873.398296,910.9756097560976,41.2,2.8803110122680664
1365889873.653002,740.2439024390244,41.2,2.9014174938201904
1365889873.919827,791.4634146341464,40.1,2.9799983501434326
1365889874.197361,1383.5365853658536,41.2,2.916975259780884
1365889874.4527118,915.8536585365854,41.2,2.88344669342041
1365889874.705544,700.6097560975609,40.6,4.256549596786499
1365889874.982165,743.2926829268292,41.2,3.9937422275543213
1365889875.238291,785.9756097560976,41.2,3.742379903793335
1365889875.494197,920.1219512195122,41.2,3.4912476539611816
1365889875.7529302,760.3658536585366,41.2,3.2394392490386963
1365889876.0286772,843.2926829268292,41.2,2.9744341373443604
1365889876.283624,915.2439024390244,41.2,2.892951488494873
1365889876.539436,742.0731707317074,41.2,2.9191319942474365
1365889876.8113658,914.0243902439024,41.2,2.9065310955047607
1365889877.0638132,785.3658536585366,41.2,2.942948818206787
1365889877.3175218,899.390243902439,41.2,2.8900296688079834
1365889877.5769038,639.6341463414634,40.6,2.928719997406006
1365889877.853908,620.1219512195122,40.1,2.9051222801208496
1365889878.128216,788.4146341463415,40.6,2.895277976989746
1365889878.389389,892.0731707317074,41.7,2.891752243041992
1365889878.644128,753.0487804878048,40.6,2.9198172092437744
1365889878.9209101,793.2926829268293,41.2,2.8823208808898926
1365889879.176288,837.1951219512194,41.2,2.8823773860931396
1365889879.4325309,806.0975609756098,41.2,2.897674083709717
1365889879.699806,606.7073170731708,40.6,2.920297622680664
1365889879.9746728,893.2926829268292,41.2,2.8892264366149902
1365889880.227498,849.390243902439,41.2,2.8853683471679688
1365889880.481418,742.0731707317074,41.2,2.9594740867614746
1365889880.757827,862.1951219512194,41.2,2.9346365928649902
1365889881.011756,926.829268292683,41.2,2.9220378398895264
1365889881.26773,777.439024390244,40.6,2.9222962856292725
1365889881.5291252,700.6097560975609,40.6,2.9231820106506348
1365889881.8036852,828.0487804878048,41.2,2.8801095485687256
1365889882.0585768,895.1219512195122,40.6,2.933253288269043
1365889882.3116329,863.4146341463414,41.2,2.918046236038208
1365889882.582689,687.1951219512194,41.2,2.9189724922180176
1365889882.8577669,910.9756097560976,41.2,2.9385159015655518
1365889883.11054,767.0731707317074,40.6,2.899784803390503
1365889883.3665159,690.2439024390243,41.2,2.9133753776550293
1365889883.644693,892.0731707317074,41.2,2.882082462310791
1365889883.8985229,825.0,40.6,2.9353244304656982
1365889884.152716,826.2195121951219,41.2,2.9815804958343506
1365889884.425605,626.219512195122,40.6,2.9144606590270996
1365889884.704082,837.1951219512194,41.2,3.062229871749878
1365889884.958511,820.1219512195122,41.2,2.9233384132385254
1365889885.213095,835.3658536585366,40.6,2.917912721633911
1365889885.4897149,799.3902439024391,41.2,2.9066123962402344
1365889885.745395,854.2682926829268,41.2,2.880472421646118
1365889885.9997928,1073.1707317073171,41.2,2.9975101947784424
1365889886.262316,692.0731707317073,41.2,2.9326634407043457
1365889886.539208,898.1707317073171,41.2,2.8861489295959473
1365889886.7946272,820.1219512195122,41.2,2.8801140785217285
1365889887.0490189,740.2439024390244,40.6,2.927933931350708
1365889887.322231,901.219512195122,41.2,2.893589973449707
1365889887.57677,744.5121951219512,41.2,2.910036563873291
1365889887.834063,787.1951219512196,41.2,2.895806312561035
1365889888.101401,682.3170731707318,40.6,2.9803831577301025
1365889888.379786,915.8536585365854,40.6,2.8832180500030518
1365889888.6338692,921.9512195121952,41.2,2.882831335067749
1365889888.8888562,800.0,40.6,2.9782636165618896
1365889889.1597419,846.3414634146342,41.2,2.955376386642456
1365889889.412312,832.3170731707316,41.2,3.1878252029418945
1365889889.665171,767.0731707317074,40.6,2.9364449977874756
1365889889.923419,705.4878048780488,40.6,2.904717445373535
1365889890.1977558,918.9024390243903,41.2,2.900590658187866
1365889890.452746,826.2195121951219,41.2,2.89554500579834
1365889890.7187681,843.2926829268292,41.2,2.927109479904175
1365889890.99696,917.0731707317074,41.2,2.8876137733459473
1365889891.250564,749.390243902439,41.2,2.907299518585205
1365889891.5050602,888.4146341463414,41.2,2.9003067016601562
1365889891.764149,758.5365853658536,40.1,2.9255552291870117
1365889892.041436,873.170731707317,41.2,2.88956618309021
1365889892.2954612,868.9024390243902,41.2,2.895408868789673
1365889892.5485592,809.1463414634147,41.2,2.912733793258667
1365889892.821669,820.1219512195122,41.2,2.897113561630249
1365889893.0798678,909.1463414634146,41.2,2.899296998977661
1365889893.335912,827.4390243902438,41.2,2.900651693344116
1365889893.594792,691.4634146341463,40.6,2.9148952960968018
1365889893.8709528,788.4146341463415,41.2,2.881640672683716
1365889894.126685,1267.6829268292681,41.2,2.9648468494415283
1365889894.3832881,846.3414634146342,41.2,2.9024887084960938
1365889894.653769,699.390243902439,41.2,2.9260833263397217
1365889894.928172,924.3902439024391,40.6,2.88270902633667
1365889895.184989,809.1463414634147,40.6,2.892223834991455
1365889895.439504,600.609756097561,40.6,2.920042037963867
1365889895.715473,870.1219512195122,41.2,2.8968732357025146
1365889895.970207,843.9024390243902,41.2,2.918356418609619
1365889896.224172,756.0975609756098,41.2,2.918795585632324
1365889896.498615,821.951219512195,41.2,2.9087018966674805
1365889896.753221,793.2926829268293,41.2,2.8848795890808105
1365889897.006811,892.0731707317074,41.2,2.8934884071350098
1365889897.267008,648.1707317073171,40.6,2.9864370822906494
1365889897.544677,746.3414634146342,41.2,2.8873019218444824
1365889897.797594,789.0243902439024,40.6,2.8823933601379395
1365889898.052761,818.2926829268292,41.2,2.885335922241211
1365889898.311784,638.4146341463414,41.2,2.9239585399627686
1365889898.5886679,875.0,41.2,2.8896279335021973
1365889898.842504,739.0243902439024,41.2,2.8905320167541504
1365889899.096303,862.1951219512194,41.2,2.9047353267669678
1365889899.370618,613.4146341463414,40.6,2.932253122329712
1365889899.644222,893.9024390243902,40.6,2.8918654918670654
1365889899.898112,781.0975609756098,41.2,2.880878448486328
1365889900.152813,889.0243902439024,40.6,2.9704082012176514
1365889900.4359748,906.0975609756098,41.2,2.879613161087036
1365889900.690721,760.9756097560976,41.2,2.8878164291381836
1365889900.944422,906.0975609756098,41.2,2.9035565853118896
1365889901.212748,821.3414634146341,41.2,2.9197444915771484
1365889901.469079,825.0,41.2,2.884671211242676
1365889901.722355,749.390243902439,41.2,2.8903863430023193
1365889901.981762,698.170731707317,40.6,2.906749725341797
1365889902.2581499,907.9268292682927,41.2,2.883517265319824
1365889902.515434,902.439024390244,41.2,2.8817477226257324
1365889902.772034,915.2439024390244,41.2,2.899996280670166
1365889903.0384278,757.3170731707318,40.6,2.9173293113708496
1365889903.312735,903.048780487805,41.2,2.8841490745544434
1365889903.567828,915.2439024390244,41.2,2.8871984481811523
1365889903.820995,907.3170731707318,41.2,2.9272255897521973
1365889904.0951328,754.2682926829268,40.6,2.885397434234619
1365889904.351664,818.2926829268292,41.2,2.889064073562622
1365889904.608327,920.1219512195122,41.2,2.9422359466552734
1365889904.872589,703.0487804878048,41.2,2.901829719543457
1365889905.148351,747.560975609756,41.2,2.882572650909424
1365889905.406401,921.9512195121952,41.2,2.8938729763031006
1365889905.662764,698.170731707317,41.2,2.9318454265594482
1365889905.941441,1352.439024390244,41.7,2.886399269104004
1365889906.194398,795.1219512195122,40.6,2.8950355052948
1365889906.449677,803.048780487805,40.6,2.916208267211914
1365889906.720751,769.5121951219512,41.2,2.8821070194244385
1365889906.9752488,831.0975609756097,41.2,2.886545181274414
1365889907.229258,753.0487804878048,41.2,2.991034507751465
1365889907.4923909,615.2439024390244,40.6,2.9573066234588623
1365889907.771253,832.3170731707316,41.2,2.9289052486419678
1365889908.024083,742.0731707317074,41.2,2.905104398727417
1365889908.2790558,842.0731707317073,41.2,2.9056854248046875
1365889908.55037,884.1463414634146,41.2,2.889401912689209
1365889908.8047612,779.2682926829268,41.2,2.8839211463928223
1365889909.0592608,793.2926829268293,41.2,2.921783208847046
1365889909.317121,699.390243902439,40.6,3.023798942565918
1365889909.594518,769.5121951219512,41.2,2.917391777038574
1365889909.8503182,896.3414634146342,41.2,2.946547746658325
1365889910.1045618,851.219512195122,40.6,2.9045417308807373
1365889910.373757,892.0731707317074,41.2,2.8863184452056885
1365889910.628366,745.1219512195122,41.7,2.8811428546905518
1365889910.883789,801.219512195122,41.2,2.8955602645874023
1365889911.137205,593.2926829268292,41.2,2.9211649894714355
1365889911.415561,737.1951219512194,41.7,2.8809330463409424
1365889911.671125,824.390243902439,41.7,2.8882505893707275
1365889911.924684,870.1219512195122,41.2,2.9042587280273438
1365889912.185597,826.2195121951219,40.6,2.9632835388183594
1365889912.460178,940.8536585365853,41.2,2.896315813064575
1365889912.714114,890.8536585365854,41.2,2.896118640899658
1365889912.969882,770.1219512195122,40.6,2.8961055278778076
1365889913.225908,699.390243902439,40.6,2.946876049041748
1365889913.503781,810.3658536585366,40.6,2.8831582069396973
1365889913.7588422,893.9024390243902,41.2,3.0822410583496094
1365889914.013887,925.0,40.6,3.0117897987365723
1365889914.2881541,773.1707317073171,41.2,2.89371395111084
1365889914.542033,1025.0,41.2,2.8910129070281982
1365889914.795935,907.3170731707318,41.2,2.898562431335449
1365889915.057871,683.5365853658537,40.6,2.9170517921447754
1365889915.33335,904.2682926829268,41.2,2.9033868312835693
1365889915.589105,802.439024390244,41.2,2.886262893676758
1365889915.8435268,806.0975609756098,41.2,2.8973398208618164
1365889916.104641,703.0487804878048,40.6,2.908945322036743
1365889916.381521,826.2195121951219,41.2,2.89250111579895
1365889916.634648,828.0487804878048,41.2,2.8864970207214355
1365889916.89018,743.2926829268292,40.6,2.905907154083252
1365889917.162795,946.951219512195,41.2,2.962139368057251
1365889917.425992,906.0975609756098,41.2,2.8839709758758545
1365889917.681781,810.3658536585366,41.2,2.8979203701019287
1365889917.950604,701.2195121951219,41.2,2.904200792312622
1365889918.225538,990.8536585365854,41.2,2.88397479057312
1365889918.480404,907.9268292682927,41.2,2.8833627700805664
1365889918.733118,652.439024390244,41.2,2.917023181915283
1365889919.0120718,788.4146341463415,41.2,2.881878137588501
1365889919.267839,946.951219512195,41.2,2.8911807537078857
1365889919.5225542,794.5121951219512,41.2,2.9859766960144043
1365889919.790934,1459.7560975609756,41.2,2.942553997039795
1365889920.071081,926.219512195122,41.2,2.8925256729125977
1365889920.3240519,860.3658536585366,41.7,2.8833606243133545
1365889920.5794911,571.3414634146341,41.2,2.930612564086914
1365889920.856776,734.1463414634146,41.2,3.067229986190796
1365889921.111438,918.9024390243903,41.2,2.9820024967193604
1365889921.365542,904.2682926829268,41.2,2.9503870010375977
1365889921.635496,672.5609756097562,40.6,3.06361985206604
1365889921.910253,762.1951219512196,41.2,2.9548683166503906
1365889922.164982,841.4634146341463,41.2,3.0730037689208984
1365889922.420724,687.1951219512194,41.2,2.9132678508758545
1365889922.699502,767.0731707317074,41.2,2.8802874088287354
1365889922.955573,846.951219512195,41.2,2.8864753246307373
1365889923.209163,769.5121951219512,41.2,2.906020402908325
1365889923.4811258,697.560975609756,41.2,2.9058892726898193
1365889923.7574499,803.048780487805,41.2,2.8954601287841797
1365889924.011303,776.219512195122,41.2,2.89180588722229
1365889924.27006,849.390243902439,41.2,2.9302492141723633
1365889924.547192,1117.6829268292684,41.2,2.9077329635620117
1365889924.80162,851.219512195122,41.2,2.8868095874786377
1365889925.055809,856.0975609756098,41.2,2.9118292331695557
1365889925.326262,702.4390243902438,40.6,2.9094419479370117
1365889925.5987232,819.5121951219512,41.2,2.914510488510132
1365889925.852066,732.3170731707316,41.2,2.882004976272583
1365889926.1060429,699.390243902439,41.2,2.9361512660980225
1365889926.385101,738.4146341463414,41.2,2.8930556774139404
1365889926.6381152,787.1951219512196,41.2,2.8803446292877197
1365889926.89208,882.3170731707318,41.2,2.9640626907348633
1365889927.165879,789.0243902439024,41.2,2.884535551071167
1365889927.424729,802.439024390244,41.2,2.8806650638580322
1365889927.679625,794.5121951219512,41.2,2.8907480239868164
1365889927.9412348,689.6341463414634,40.6,2.9231600761413574
1365889928.219548,801.219512195122,41.2,2.879826307296753
1365889928.4755158,752.439024390244,41.2,2.888697862625122
1365889928.7296379,809.1463414634147,41.2,2.906287670135498
1365889928.9976451,683.5365853658537,41.2,2.9928574562072754
1365889929.270398,784.1463414634146,41.2,2.8859894275665283
1365889929.525295,890.8536585365854,40.6,2.985305070877075
1365889929.7797492,700.6097560975609,41.2,2.907782793045044
1365889930.053807,837.1951219512194,41.7,2.8848531246185303
1365889930.3092952,921.3414634146342,41.2,2.892163038253784
1365889930.565252,825.0,41.2,2.8989200592041016
1365889930.83303,691.4634146341463,40.6,2.9304921627044678
1365889931.1056142,732.3170731707316,41.2,2.8828954696655273
1365889931.362127,748.170731707317,41.7,2.884458541870117
1365889931.619287,690.2439024390243,41.2,2.9601519107818604
1365889931.8931048,724.390243902439,41.7,2.983515739440918
1365889932.146174,740.2439024390244,41.2,2.891796827316284
1365889932.400353,740.2439024390244,41.2,3.0225086212158203
1365889932.671152,909.1463414634146,41.2,2.8799521923065186
1365889932.92413,846.3414634146342,40.6,2.8841707706451416
1365889933.179424,843.9024390243902,41.2,2.8833158016204834
1365889933.435565,636.5853658536586,40.6,2.9136838912963867
1365889933.713987,879.2682926829268,41.2,2.8874456882476807
1365889933.9679291,914.0243902439024,41.2,2.892859697341919
1365889934.222811,759.1463414634146,41.2,2.9056191444396973
1365889934.488269,711.5853658536585,41.2,2.932363986968994
1365889934.7678652,804.2682926829269,41.2,2.902489423751831
1365889935.022279,900.0,41.2,2.8964555263519287
1365889935.2761269,940.2439024390243,41.2,2.9127867221832275
1365889935.5498,807.9268292682927,41.2,2.88789701461792
1365889935.804905,768.2926829268292,41.2,2.897526264190674
1365889936.0579042,739.0243902439024,41.2,2.8979907035827637
1365889936.319586,686.5853658536586,40.6,2.9375104904174805
1365889936.5959811,924.3902439024391,41.2,2.8897974491119385
1365889936.849986,875.0,41.2,2.8848862648010254
1365889937.103586,783.5365853658537,41.2,2.9031150341033936
1365889937.3728662,779.2682926829268,41.2,2.886007308959961
1365889937.626975,806.0975609756098,41.2,2.9003000259399414
1365889937.882179,820.1219512195122,41.2,2.9464480876922607
1365889938.141692,793.2926829268293,40.6,2.924811601638794
1365889938.4225202,920.1219512195122,41.7,2.887005090713501
1365889938.677918,1173.170731707317,41.2,2.89691162109375
1365889938.931953,907.9268292682927,41.2,2.900994300842285
1365889939.2024,915.2439024390244,41.2,2.896569013595581
1365889939.458847,862.1951219512194,41.2,2.8879446983337402
1365889939.715384,760.3658536585366,41.2,2.91398024559021
1365889939.9736772,776.219512195122,40.6,2.902149200439453
1365889940.2523599,903.048780487805,41.2,2.903062582015991
1365889940.506851,776.219512195122,40.6,2.8851583003997803
1365889940.761966,900.0,41.2,2.905151128768921
1365889941.029687,650.609756097561,41.2,2.908748149871826
1365889941.306893,910.9756097560976,41.2,2.879915714263916
1365889941.562829,799.3902439024391,41.2,2.885770797729492
1365889941.81818,839.0243902439024,41.2,2.9287798404693604
1365889942.093135,918.9024390243903,41.7,2.8816752433776855
1365889942.345824,790.2439024390244,41.2,2.9559712409973145
1365889942.598272,910.9756097560976,41.7,2.913569211959839
1365889942.858025,876.219512195122,41.2,2.925536632537842
1365889943.138068,825.0,41.2,2.884970188140869
1365889943.3920798,1695.121951219512,41.2,2.892481565475464
1365889943.64818,890.8536585365854,40.6,2.917708396911621
1365889943.919023,778.048780487805,41.2,2.8863561153411865
1365889944.172032,827.4390243902438,41.2,2.908738851547241
1365889944.4280581,909.1463414634146,41.2,2.888641357421875
1365889944.685886,704.2682926829268,40.6,2.9217538833618164
1365889944.9636018,827.4390243902438,41.2,3.102348804473877
1365889945.2187772,857.9268292682926,41.2,2.8899128437042236
1365889945.479208,1106.09756097561,41.2,2.8953378200531006
1365889945.741527,706.0975609756097,40.1,2.9373040199279785
1365889946.020396,744.5121951219512,40.6,2.8833537101745605
1365889946.2741299,809.1463414634147,41.2,2.883146286010742
1365889946.530101,638.4146341463414,40.6,2.9424378871917725
1365889946.805609,759.1463414634146,41.2,2.887711524963379
1365889947.059734,729.2682926829268,41.2,2.889500617980957
1365889947.3154628,918.2926829268293,41.2,2.9252283573150635
1365889947.588423,778.048780487805,41.2,2.8889036178588867
1365889947.841322,862.1951219512194,41.2,2.892448902130127
1365889948.0963252,913.4146341463415,40.6,2.9054718017578125
1365889948.357339,693.2926829268292,40.6,2.904001235961914
1365889948.633163,798.1707317073171,41.2,2.905163526535034
1365889948.887062,890.2439024390244,41.2,3.7094099521636963
1365889949.142536,794.5121951219512,41.2,3.454923391342163
1365889949.4078588,724.390243902439,40.6,3.230868101119995
1365889949.681358,799.3902439024391,41.2,2.9592998027801514
1365889949.933818,915.8536585365854,41.2,2.8948495388031006
1365889950.188837,623.170731707317,41.2,3.010246515274048
1365889950.4672918,785.9756097560976,41.2,2.8934991359710693
1365889950.7225049,807.3170731707318,41.2,2.881213426589966
1365889950.977155,837.1951219512194,41.2,2.926863431930542
1365889951.251488,763.4146341463414,41.2,2.885119915008545
1365889951.507658,798.1707317073171,41.2,2.8936073780059814
1365889951.76159,909.1463414634146,41.2,3.1455748081207275
1365889952.0202858,693.2926829268292,40.6,2.9427831172943115
1365889952.2957802,906.0975609756098,41.2,2.88716197013855
1365889952.555831,747.560975609756,41.2,2.886946439743042
1365889952.811674,990.2439024390244,41.2,2.904564380645752
1365889953.076719,700.6097560975609,40.6,2.948699951171875
1365889953.3549051,745.1219512195122,41.2,2.891599416732788
1365889953.612268,766.4634146341464,41.2,2.8812456130981445
1365889953.865539,600.609756097561,40.6,2.9370667934417725
1365889954.142999,856.0975609756098,41.2,2.884565830230713
1365889954.400654,753.0487804878048,41.2,2.8846137523651123
1365889954.6536698,795.1219512195122,41.2,2.9115827083587646
1365889954.921495,706.0975609756097,40.6,2.9103405475616455
1365889955.196636,792.0731707317074,41.2,3.035550832748413
1365889955.4524071,917.0731707317074,41.2,2.903000831604004
1365889955.708608,618.2926829268292,41.2,2.91699481010437
1365889955.9845,912.1951219512196,41.2,2.8862063884735107
1365889956.239177,929.2682926829269,41.2,2.9143869876861572
1365889956.4954681,701.2195121951219,41.2,2.9136464595794678
1365889956.770155,742.0731707317074,41.2,2.974666118621826
1365889957.0247931,918.2926829268293,41.2,3.034801721572876
1365889957.277601,921.3414634146342,41.2,2.90693736076355
1365889957.547031,691.4634146341463,40.6,2.9172134399414062
1365889957.826114,928.048780487805,40.6,2.908503770828247
1365889958.082047,775.0,40.6,2.8904762268066406
1365889958.335312,729.2682926829268,41.2,2.9174115657806396
1365889958.618443,735.3658536585366,41.2,2.885380744934082
1365889958.872031,903.048780487805,41.2,2.891853094100952
1365889959.124616,945.1219512195122,41.2,2.907571792602539
1365889959.394006,794.5121951219512,41.2,2.8799164295196533
1365889959.649476,887.1951219512196,41.2,2.8880317211151123
1365889959.9034219,784.1463414634146,41.7,2.916321039199829
1365889960.1585212,702.4390243902438,41.2,2.9281961917877197
1365889960.4352288,746.3414634146342,41.2,2.891268491744995
1365889960.688918,907.9268292682927,41.7,2.8790512084960938
1365889960.94348,796.9512195121952,41.2,2.888273000717163
1365889961.20074,701.2195121951219,41.2,2.953672409057617
1365889961.478716,823.170731707317,41.2,2.893387794494629
1365889961.736581,1054.2682926829268,41.2,2.8857057094573975
1365889961.991822,802.439024390244,41.2,2.883098602294922
1365889962.245564,714.0243902439024,40.6,2.933289051055908
1365889962.523544,762.1951219512196,41.2,2.8863723278045654
1365889962.776872,769.5121951219512,41.2,2.882534980773926
1365889963.031407,915.8536585365854,41.2,2.905071496963501
1365889963.294015,1285.9756097560976,40.6,2.9576098918914795
1365889963.569327,959.1463414634146,41.2,2.8841090202331543
1365889963.8255382,790.2439024390244,41.2,2.8800299167633057
1365889964.078614,820.1219512195122,41.2,2.9012553691864014
1365889964.348713,687.1951219512194,41.2,2.907545328140259
1365889964.6238809,748.170731707317,41.2,2.8832061290740967
1365889964.87809,742.0731707317074,40.6,2.881929397583008
1365889965.134946,700.6097560975609,41.2,2.976336717605591
1365889965.411042,832.9268292682926,41.2,2.8843634128570557
1365889965.668252,951.2195121951219,40.6,2.8932344913482666
1365889965.922921,794.5121951219512,41.2,2.9122848510742188
1365889966.1899781,774.390243902439,41.2,2.9038941860198975
1365889966.466718,755.4878048780488,41.2,2.9830338954925537
1365889966.721858,735.3658536585366,41.2,2.8867247104644775
1365889966.978931,705.4878048780488,41.2,2.9046170711517334
1365889967.255323,890.2439024390244,41.2,2.8844947814941406
1365889967.5118852,913.4146341463415,41.2,2.913982629776001
1365889967.7654989,775.0,41.2,2.907280445098877
1365889968.0418801,885.9756097560976,41.2,2.8902244567871094
1365889968.2944472,771.3414634146342,41.2,2.8828699588775635
1365889968.5498161,810.9756097560976,41.2,2.886204957962036
1365889968.806902,710.3658536585366,40.6,2.913964033126831
1365889969.082844,778.048780487805,41.2,2.9188930988311768
1365889969.338134,790.2439024390244,41.2,3.0733094215393066
1365889969.593589,874.390243902439,40.1,2.920069456100464
1365889969.861674,634.1463414634146,40.6,2.923483371734619
1365889970.133881,746.3414634146342,41.2,3.2184064388275146
1365889970.387291,893.2926829268292,41.2,2.9716756343841553
1365889970.640714,703.0487804878048,40.6,2.9065089225769043
1365889970.919318,837.1951219512194,41.2,2.8836028575897217
1365889971.174274,736.5853658536586,41.2,2.897942304611206
1365889971.428237,814.0243902439024,41.2,3.013624429702759
1365889971.6955671,647.5609756097562,40.6,2.9226744174957275
1365889971.970963,889.0243902439024,41.2,2.9314703941345215
1365889972.2275178,760.9756097560976,40.6,2.886078357696533
1365889972.484761,819.5121951219512,41.2,2.905752658843994
1365889972.754841,701.2195121951219,41.2,2.9088287353515625
1365889973.031745,889.0243902439024,41.2,2.8904569149017334
1365889973.285595,874.390243902439,41.2,2.8873770236968994
1365889973.541039,693.2926829268292,40.6,2.90183162689209
1365889973.8166988,924.3902439024391,41.2,2.9186758995056152
1365889974.070993,915.2439024390244,41.2,2.885303258895874
1365889974.325773,778.048780487805,41.2,2.9280474185943604
1365889974.60306,906.0975609756098,41.2,2.888458013534546
1365889974.858073,893.2926829268292,41.2,2.898751974105835
1365889975.112829,774.390243902439,41.2,2.8952529430389404
1365889975.37484,1139.0243902439024,41.2,2.9279890060424805
1365889975.652839,827.4390243902438,41.2,2.9228930473327637
1365889975.908448,1150.609756097561,40.6,2.8840155601501465
1365889976.163907,866.4634146341464,41.2,2.904440402984619
1365889976.437165,901.219512195122,41.2,2.8942911624908447
1365889976.6898198,750.0,41.2,2.883528709411621
1365889976.944724,825.0,41.7,2.8861615657806396
1365889977.1998332,693.2926829268292,40.6,2.9233360290527344
1365889977.480279,733.5365853658536,41.2,2.880275249481201
1365889977.73701,904.8780487804878,41.2,2.8935439586639404
1365889977.991791,965.8536585365854,41.2,2.9232869148254395
1365889978.258858,701.2195121951219,41.2,3.142571210861206
1365889978.539624,889.0243902439024,41.2,3.2093660831451416
1365889978.793292,792.0731707317074,41.2,2.9566597938537598
1365889979.04755,647.5609756097562,41.2,2.9069409370422363
1365889979.323912,803.048780487805,41.2,2.912111282348633
1365889979.578021,814.0243902439024,41.2,2.891484498977661
1365889979.831027,860.9756097560976,41.2,2.9186596870422363
1365889980.098824,611.5853658536586,40.6,2.9188551902770996
1365889980.37034,923.1707317073171,41.2,2.908923864364624
1365889980.625395,860.9756097560976,41.2,2.881474494934082
1365889980.8800719,731.0975609756098,40.6,2.9122297763824463
1365889981.154806,881.0975609756098,41.2,2.9191842079162598
1365889981.409429,792.0731707317074,40.6,2.892609119415283
1365889981.662945,903.048780487805,41.2,2.9081311225891113
1365889981.930597,679.2682926829269,41.2,2.9105141162872314
1365889982.204471,948.170731707317,41.2,2.9659464359283447
1365889982.4605188,765.2439024390244,40.6,2.887139081954956
1365889982.715456,1062.8048780487804,40.6,2.9470133781433105
1365889982.9876668,901.219512195122,41.2,2.8802297115325928
1365889983.242288,739.0243902439024,41.2,2.8908631801605225
1365889983.498819,791.4634146341464,41.2,2.9058475494384766
1365889983.7607949,585.3658536585366,40.6,2.912968635559082
1365889984.038643,903.048780487805,41.2,2.940162420272827
1365889984.293988,907.9268292682927,41.2,2.900197744369507
1365889984.548368,939.0243902439024,41.2,3.2983126640319824
1365889984.815912,680.4878048780488,40.6,3.118914842605591
1365889985.087075,799.3902439024391,41.2,2.8906915187835693
1365889985.3471,824.390243902439,41.2,2.8844666481018066
1365889985.6031392,695.1219512195122,41.2,2.9233763217926025
1365889985.882323,803.048780487805,41.2,2.9103970527648926
1365889986.1376362,846.3414634146342,41.2,2.886768102645874
1365889986.3907049,835.3658536585366,41.2,2.896925926208496
1365889986.663341,884.1463414634146,40.6,2.88603138923645
1365889986.91875,918.9024390243903,41.2,2.8947525024414062
1365889987.172449,772.5609756097562,41.7,2.917044162750244
1365889987.4282298,704.2682926829268,40.6,2.918808937072754
1365889987.708559,779.2682926829268,41.2,2.879643440246582
1365889987.963357,978.0487804878048,41.2,2.8842732906341553
1365889988.218933,842.0731707317073,41.2,2.988964080810547
1365889988.49162,757.3170731707318,41.2,2.891981363296509
1365889988.748419,879.2682926829268,41.2,2.9554641246795654
1365889989.001441,828.0487804878048,41.7,2.888659954071045
1365889989.262947,685.3658536585366,41.2,2.9548985958099365
1365889989.5435462,896.3414634146342,41.2,2.891753911972046
1365889989.800189,759.1463414634146,41.2,2.879025936126709
1365889990.0541608,851.219512195122,41.2,2.905122995376587
1365889990.320283,725.0,40.6,2.9045920372009277
1365889990.598034,1668.2926829268292,41.2,2.8974084854125977
1365889990.85444,860.9756097560976,41.7,2.892310857772827
1365889991.110522,717.0731707317073,41.2,2.9336557388305664
1365889991.388909,882.9268292682926,41.2,2.883435010910034
1365889991.645806,915.8536585365854,41.2,2.8847100734710693
1365889991.9019468,867.0731707317074,41.2,2.9322166442871094
1365889992.172384,903.048780487805,41.2,2.882869243621826
1365889992.427295,790.2439024390244,41.7,2.885303020477295
1365889992.6827211,849.390243902439,41.2,2.9575035572052
1365889992.941803,774.390243902439,41.2,2.987525463104248
1365889993.2166588,745.1219512195122,41.2,2.87937331199646
1365889993.470293,902.439024390244,41.2,2.882072925567627
1365889993.7251651,857.9268292682926,41.2,2.886991024017334
1365889993.9869728,621.3414634146342,40.6,2.9339685440063477
1365889994.262839,910.3658536585366,41.2,2.9237141609191895
1365889994.520235,900.0,41.7,2.879539966583252
1365889994.774405,882.3170731707318,41.2,2.910135269165039
1365889995.048556,745.1219512195122,41.2,2.882779598236084
1365889995.301609,776.219512195122,41.2,2.9149036407470703
1365889995.554522,832.9268292682926,41.7,2.906278371810913
1365889995.8125231,635.3658536585366,41.2,2.9509520530700684
1365889996.090404,841.4634146341463,41.2,2.8840909004211426
1365889996.3460128,904.2682926829268,41.2,2.943955898284912
1365889996.5987961,857.3170731707316,41.2,2.901418447494507
1365889996.870404,920.1219512195122,41.2,2.9206976890563965
1365889997.125501,890.8536585365854,41.2,2.887204885482788
1365889997.378706,921.3414634146342,41.2,2.881014823913574
1365889997.632736,706.0975609756097,41.2,2.9037718772888184
1365889997.909751,910.9756097560976,41.2,2.907116413116455
1365889998.1661398,918.2926829268293,40.6,2.8997180461883545
1365889998.421495,873.170731707317,41.2,2.8891382217407227
1365889998.6832051,706.0975609756097,40.6,2.936750888824463
1365889998.9604568,732.3170731707316,41.2,2.8828675746917725
1365889999.214695,926.219512195122,41.2,2.8937466144561768
1365889999.468284,903.048780487805,41.2,2.9031460285186768
1365889999.738132,670.1219512195122,41.2,2.9156594276428223
1365890000.016169,851.219512195122,41.2,2.8843934535980225
1365890000.270902,813.4146341463414,41.2,2.887803077697754
1365890000.527353,692.0731707317073,40.6,2.91300630569458
1365890000.803861,879.8780487804878,41.2,2.8839149475097656
1365890001.059107,887.1951219512196,41.2,2.902642011642456
1365890001.3147368,790.2439024390244,41.2,2.9717235565185547
1365890001.583393,706.0975609756097,40.1,2.9272170066833496
1365890001.8593202,868.9024390243902,41.2,2.8834896087646484
1365890002.113822,759.1463414634146,41.7,2.9240989685058594
1365890002.369828,696.3414634146341,41.2,2.9305975437164307
1365890002.6436281,785.9756097560976,41.7,2.900844097137451
1365890002.897575,888.4146341463414,41.2,2.8833887577056885
1365890003.15216,746.3414634146342,41.2,2.937082290649414
1365890003.4264169,878.0487804878048,41.2,2.8849027156829834
1365890003.68153,918.2926829268293,40.6,2.8808581829071045
1365890003.935476,901.219512195122,41.7,2.9098055362701416
1365890004.191947,593.2926829268292,40.6,2.947880268096924
1365890004.4704762,732.3170731707316,41.2,2.885178804397583
1365890004.723624,948.170731707317,41.2,2.8825182914733887
1365890004.977608,753.0487804878048,40.6,2.902109384536743
1365890005.2491279,735.3658536585366,41.2,2.8943793773651123
1365890005.502544,843.9024390243902,41.2,2.9072930812835693
1365890005.7577522,839.0243902439024,41.2,2.881352186203003
1365890006.015902,692.0731707317073,41.2,2.9146318435668945
1365890006.294411,917.0731707317074,41.2,2.9055542945861816
1365890006.5549262,925.0,41.2,2.90876841545105
1365890006.808565,762.1951219512196,41.2,2.9526584148406982
1365890007.068929,704.2682926829268,41.2,2.923574686050415
1365890007.345215,962.1951219512194,41.2,2.883371353149414
1365890007.601217,749.390243902439,41.2,2.8831706047058105
1365890007.857696,742.0731707317074,40.6,2.899632215499878
1365890008.129129,746.3414634146342,41.2,2.891207695007324
1365890008.3839612,888.4146341463414,41.2,2.8828084468841553
1365890008.6402109,993.9024390243902,41.2,2.90610408782959
1365890008.8963041,604.2682926829268,41.2,2.9439609050750732
1365890009.170282,960.9756097560976,41.2,2.9278604984283447
1365890009.424085,898.1707317073171,41.2,2.8803062438964844
1365890009.6787672,785.3658536585366,41.7,2.895948648452759
1365890009.9383569,694.5121951219512,40.1,2.9083411693573
1365890010.213145,743.2926829268292,41.2,2.8812289237976074
1365890010.468456,753.0487804878048,41.2,2.9064667224884033
1365890010.72273,768.2926829268292,41.2,2.911320447921753
1365890010.994276,909.1463414634146,42.2,2.8825278282165527
1365890011.2486799,923.1707317073171,41.7,2.884443759918213
1365890011.502932,907.3170731707318,41.7,2.898703098297119
1365890011.762505,719.5121951219512,40.1,2.94519305229187
1365890012.0377421,771.3414634146342,41.2,2.984182834625244
1365890012.2917929,720.1219512195122,41.2,2.904705047607422
1365890012.550848,925.0,40.6,2.8943302631378174
1365890012.813022,691.4634146341463,40.6,2.9046435356140137
1365890013.0874481,698.170731707317,40.6,2.9091432094573975
1365890013.360236,774.390243902439,41.2,2.887000560760498
1365890013.614496,795.1219512195122,41.2,2.8816380500793457
1365890013.867649,777.439024390244,41.2,2.920194149017334
1365890014.139961,734.1463414634146,41.2,2.882244348526001
1365890014.394955,804.2682926829269,41.2,2.8858675956726074
1365890014.650572,770.1219512195122,40.6,2.903033971786499
1365890014.915752,616.4634146341464,40.1,2.9490606784820557
1365890015.190186,775.0,41.2,3.0597856044769287
1365890015.443095,749.390243902439,41.2,3.0521273612976074
1365890015.697294,742.0731707317074,41.2,2.905039072036743
1365890015.968096,893.9024390243902,41.2,2.88948130607605
1365890016.2206368,849.390243902439,41.2,3.272512435913086
1365890016.474059,798.1707317073171,41.2,3.043221950531006
1365890016.728311,636.5853658536586,40.6,2.9073615074157715
1365890017.00485,826.2195121951219,41.2,2.8854541778564453
1365890017.2586932,860.3658536585366,41.2,2.881277084350586
1365890017.512983,818.2926829268292,41.2,2.9905645847320557
1365890017.778346,656.0975609756098,40.1,2.9133079051971436
1365890018.053874,738.4146341463414,41.2,3.029834747314453
1365890018.306666,849.390243902439,41.2,2.881697416305542
1365890018.563948,907.9268292682927,40.6,2.9049789905548096
1365890018.840301,796.9512195121952,41.2,2.8767764568328857
1365890019.093717,904.2682926829268,41.2,2.882098913192749
1365890019.347574,784.1463414634146,41.2,3.1785526275634766
1365890019.6076941,702.4390243902438,41.2,2.9359333515167236
1365890019.8865001,918.2926829268293,41.7,2.9127328395843506
1365890020.1394718,912.1951219512196,40.6,2.880058526992798
1365890020.3932831,785.3658536585366,41.2,2.925705909729004
1365890020.6673532,918.9024390243903,41.2,2.8801231384277344
1365890020.92277,848.170731707317,41.2,2.9284307956695557
1365890021.177419,789.0243902439024,41.2,2.945323944091797
1365890021.437419,696.3414634146341,40.6,2.929265022277832
1365890021.712586,735.3658536585366,41.2,2.882629871368408
1365890021.969269,868.2926829268292,41.7,2.8911221027374268
1365890022.222997,734.1463414634146,40.6,2.9008238315582275
1365890022.496165,895.1219512195122,41.2,2.8820624351501465
1365890022.749981,1296.9512195121952,41.2,2.883431911468506
1365890023.0062542,803.048780487805,41.7,2.892575740814209
1365890023.27196,699.390243902439,41.2,2.905998945236206
1365890023.549284,889.0243902439024,41.2,2.906301736831665
1365890023.8031502,752.439024390244,41.2,2.880711317062378
1365890024.058314,739.0243902439024,41.2,2.9088146686553955
1365890024.329516,821.3414634146341,41.2,2.8806660175323486
1365890024.585181,852.4390243902438,41.2,2.8820745944976807
1365890024.840783,915.2439024390244,41.2,2.9219322204589844
1365890025.114572,692.0731707317073,40.6,2.9417724609375
1365890025.3880231,889.0243902439024,41.2,2.9061310291290283
1365890025.642096,915.2439024390244,41.2,2.907691240310669
1365890025.895452,702.4390243902438,41.2,2.9140756130218506
1365890026.1754172,791.4634146341464,41.2,2.9033894538879395
1365890026.428768,753.0487804878048,41.2,2.8821535110473633
1365890026.6850612,737.1951219512194,40.6,2.9026694297790527
1365890026.9527261,932.9268292682927,40.6,2.90730357170105
1365890027.2270982,790.2439024390244,41.2,2.8789660930633545
1365890027.481397,843.2926829268292,40.6,2.88366961479187
1365890027.7344909,625.609756097561,41.2,2.9005916118621826
1365890028.0096772,821.3414634146341,41.2,2.920130729675293
1365890028.265565,903.048780487805,41.2,2.8889827728271484
1365890028.519569,799.3902439024391,41.2,2.89678692817688
1365890028.790248,904.2682926829268,41.7,2.8906140327453613
1365890029.0441012,932.3170731707318,41.2,2.889773368835449
1365890029.298997,764.0243902439024,41.7,2.992164134979248
1365890029.555155,701.2195121951219,40.6,2.908773422241211
1365890029.8306189,909.1463414634146,41.2,3.04229998588562
1365890030.0845902,1048.170731707317,41.2,2.8907814025878906
1365890030.34182,943.2926829268292,41.2,2.9268603324890137
1365890030.60431,692.0731707317073,40.6,2.9174392223358154
1365890030.878421,868.2926829268292,41.2,2.8801589012145996
1365890031.1330829,804.2682926829269,41.2,2.923680543899536
1365890031.389493,932.3170731707318,40.6,2.9012956619262695
1365890031.663918,871.9512195121952,41.7,2.906658172607422
1365890031.916947,890.8536585365854,41.7,2.8904945850372314
1365890032.171075,920.1219512195122,41.2,2.897751569747925
1365890032.428792,689.6341463414634,41.2,2.908200979232788
1365890032.7047958,773.1707317073171,41.7,2.885139226913452
1365890032.959449,917.0731707317074,41.2,2.9035849571228027
1365890033.214512,890.8536585365854,41.2,2.9150941371917725
1365890033.4905658,852.4390243902438,41.2,2.887969970703125
1365890033.746007,788.4146341463415,41.2,2.885202169418335
1365890033.9991648,767.0731707317074,41.2,2.9079172611236572
1365890034.25856,731.0975609756098,40.6,2.910524368286133
1365890034.535743,774.390243902439,41.2,2.9123456478118896
1365890034.79122,868.9024390243902,41.7,2.882572650909424
1365890035.0463119,778.048780487805,41.2,2.9354519844055176
1365890035.318345,828.0487804878048,41.2,2.8835763931274414
1365890035.578094,766.4634146341464,41.2,2.8884944915771484
1365890035.8310342,810.9756097560976,41.7,2.8951427936553955
1365890036.093623,706.0975609756097,40.6,2.960641622543335
1365890036.3727841,826.2195121951219,41.2,2.8883962631225586
1365890036.628709,890.8536585365854,41.2,2.9351251125335693
1365890036.8845901,701.2195121951219,41.2,2.9075520038604736
1365890037.1585212,854.8780487804878,41.2,2.920023202896118
1365890037.412364,747.560975609756,41.2,2.8909785747528076
1365890037.668111,926.829268292683,41.2,2.9004623889923096
1365890037.930033,680.4878048780488,41.2,2.92008638381958
1365890038.206683,918.2926829268293,41.2,2.8795650005340576
1365890038.4614348,742.0731707317074,41.2,2.896637439727783
1365890038.714912,915.8536585365854,41.2,2.8983113765716553
1365890038.974087,695.1219512195122,41.2,2.907402992248535
1365890039.2481081,924.3902439024391,41.2,2.8784141540527344
1365890039.501785,721.3414634146342,41.2,2.900733470916748
1365890039.75778,874.390243902439,41.2,2.9053573608398438
1365890040.0284271,690.2439024390243,40.6,2.907545566558838
1365890040.303196,733.5365853658536,41.2,2.891763925552368
1365890040.5598211,895.1219512195122,41.2,2.8832192420959473
1365890040.813914,957.9268292682926,41.2,2.912155866622925
1365890041.088747,1053.0487804878048,41.2,2.8975629806518555
1365890041.342179,887.1951219512196,41.2,2.89388370513916
1365890041.601324,889.0243902439024,41.2,3.0470783710479736
1365890041.873906,917.0731707317074,41.2,3.5809569358825684
1365890042.129148,924.3902439024391,41.7,3.331329584121704
1365890042.383709,803.048780487805,41.2,3.084233045578003
1365890042.646952,645.1219512195122,41.2,2.934292793273926
1365890042.927307,918.9024390243903,41.2,2.8916983604431152
1365890043.181642,860.3658536585366,41.7,2.895132064819336
1365890043.43453,1996.9512195121952,41.2,2.9029345512390137
1365890043.710492,854.2682926829268,41.2,2.8814303874969482
1365890043.9646,887.1951219512196,41.2,2.8852503299713135
1365890044.217289,821.3414634146341,41.2,2.897516965866089
1365890044.47861,700.6097560975609,40.6,2.9026668071746826
1365890044.75601,907.9268292682927,41.2,2.8785362243652344
1365890045.011221,893.9024390243902,41.7,2.879103899002075
1365890045.2650938,670.1219512195122,41.2,2.926863431930542
1365890045.540077,896.3414634146342,41.2,2.8864355087280273
1365890045.7966201,896.9512195121952,41.2,2.8801517486572266
1365890046.052284,733.5365853658536,41.2,2.8958914279937744
1365890046.3209002,589.6341463414634,41.2,2.904013156890869
1365890046.597787,920.1219512195122,41.2,2.8800532817840576
1365890046.851881,926.829268292683,41.2,2.877964973449707
1365890047.106337,843.2926829268292,41.2,2.9145889282226562
1365890047.3762019,812.1951219512194,41.7,2.8909964561462402
1365890047.632927,904.2682926829268,41.2,2.885422945022583
1365890047.889979,932.9268292682927,42.2,2.89479398727417
1365890048.151136,701.2195121951219,41.2,2.9442660808563232
1365890048.426928,942.0731707317073,41.7,2.8840255737304688
1365890048.681201,760.3658536585366,41.7,2.8828041553497314
1365890048.9363232,813.4146341463414,41.2,2.9033586978912354
1365890049.211807,910.9756097560976,41.2,2.8799381256103516
1365890049.467942,896.9512195121952,41.2,2.927868604660034
1365890049.722309,917.0731707317074,41.2,2.8935015201568604
1365890049.986859,648.1707317073171,40.6,2.9217910766601562
1365890050.261568,821.3414634146341,41.2,2.8821771144866943
1365890050.516978,984.1463414634146,41.7,2.879784345626831
1365890050.7731478,995.1219512195122,41.2,2.926605701446533
1365890051.049213,968.9024390243902,41.2,2.8858163356781006
1365890051.303377,915.8536585365854,41.2,2.9168779850006104
1365890051.556534,890.8536585365854,41.2,2.8902194499969482
1365890051.81627,699.390243902439,41.2,3.033494472503662
1365890052.093303,741.4634146341464,41.2,2.9147322177886963
1365890052.3473961,754.2682926829268,41.2,2.9036946296691895
1365890052.60323,921.3414634146342,41.2,2.975567579269409
1365890052.880801,779.2682926829268,41.2,2.914555311203003
