1365889753.147873,1187.8048780487804,43.3,2.0767929553985596
1365889753.404709,801.219512195122,44.4,2.052701711654663
1365889753.662014,778.048780487805,43.3,2.052703380584717
1365889753.9194639,814.0243902439024,43.3,2.0572917461395264
1365889754.173984,735.3658536585366,42.8,2.07283616065979
1365889754.452011,805.4878048780488,43.3,2.0548245906829834
1365889754.706665,896.9512195121952,43.9,2.0564959049224854
1365889754.964683,827.4390243902438,42.8,2.0896995067596436
1365889755.2443268,910.3658536585366,43.3,2.0579590797424316
1365889755.4998882,926.829268292683,43.3,2.051332950592041
1365889755.7565398,898.1707317073171,43.3,2.0677478313446045
1365889756.019958,711.5853658536585,42.2,2.081270456314087
1365889756.301128,962.1951219512194,43.3,2.050269365310669
1365889756.557296,843.2926829268292,43.3,2.0531392097473145
1365889756.8137212,973.780487804878,43.3,2.0727062225341797
1365889757.088959,840.2439024390244,43.3,2.0535175800323486
1365889757.345721,935.3658536585366,43.3,2.053415060043335
1365889757.604185,889.0243902439024,43.3,2.0656473636627197
1365889757.872473,644.5121951219512,42.8,2.0977678298950195
1365889758.14681,929.8780487804878,42.8,2.069397211074829
1365889758.413242,849.390243902439,42.8,2.0581107139587402
1365889758.671852,1095.7317073170732,42.8,2.0823986530303955
1365889758.954381,879.8780487804878,42.8,2.0506553649902344
1365889759.2107499,859.1463414634146,43.3,2.0544817447662354
1365889759.46418,631.0975609756098,43.3,2.0788817405700684
1365889759.744522,998.780487804878,43.3,2.060824394226074
1365889760.001958,951.2195121951219,42.8,2.0559170246124268
1365889760.256254,970.1219512195122,43.3,2.0722873210906982
1365889760.532195,968.2926829268292,42.8,2.0525457859039307
1365889760.789531,1098.1707317073171,43.3,2.0587542057037354
1365889761.048139,893.2926829268292,42.8,2.169431447982788
1365889761.310969,746.3414634146342,42.8,2.0795786380767822
1365889761.592823,840.2439024390244,42.8,2.0709290504455566
1365889761.846637,896.9512195121952,43.3,2.05450439453125
1365889762.106508,957.3170731707316,43.3,2.0838239192962646
1365889762.378258,817.0731707317073,42.2,2.108804941177368
1365889762.65133,839.0243902439024,42.8,2.05291485786438
1365889762.907089,895.1219512195122,43.3,2.0553534030914307
1365889763.165478,837.1951219512194,43.3,2.1441781520843506
1365889763.439853,809.1463414634147,42.8,2.052450656890869
1365889763.697205,959.1463414634146,43.3,2.069550037384033
1365889763.955518,993.9024390243902,43.3,2.0507304668426514
1365889764.212917,949.390243902439,42.8,2.0983469486236572
1365889764.491201,967.0731707317073,43.3,2.0508556365966797
1365889764.7486668,950.0,43.3,2.051748752593994
1365889765.006894,794.5121951219512,43.3,2.0654704570770264
1365889765.271391,740.2439024390244,42.8,2.0880022048950195
1365889765.5476422,845.1219512195122,42.8,2.0521135330200195
1365889765.80493,892.0731707317074,43.3,2.0807626247406006
1365889766.062211,959.1463414634146,42.8,2.0688865184783936
1365889766.3373451,854.2682926829268,43.3,2.052243709564209
1365889766.596308,774.390243902439,42.8,2.0529706478118896
1365889766.856021,793.2926829268293,43.3,2.1574277877807617
1365889767.125689,624.390243902439,42.8,2.1857540607452393
1365889767.401814,881.0975609756098,42.8,2.0534777641296387
1365889767.660293,956.0975609756097,43.3,2.056270122528076
1365889767.91662,640.2439024390244,43.3,2.1439132690429688
1365889768.199584,781.0975609756098,43.3,2.057417631149292
1365889768.4547148,893.9024390243902,43.3,2.0903170108795166
1365889768.708823,957.3170731707316,42.8,2.0677926540374756
1365889768.9800398,867.0731707317074,43.3,2.0508885383605957
1365889769.234633,1059.1463414634145,43.3,2.054332971572876
1365889769.489471,762.1951219512196,43.3,2.0533015727996826
1365889769.749113,748.170731707317,42.2,3.309107542037964
1365889770.025768,903.048780487805,43.3,3.0366153717041016
1365889770.2801611,968.9024390243902,42.8,2.7967278957366943
1365889770.535844,779.2682926829268,43.3,2.5550284385681152
1365889770.8079948,960.9756097560976,43.3,2.298684597015381
1365889771.063338,1031.7073170731708,43.3,2.066183090209961
1365889771.318794,940.2439024390243,43.3,2.0502126216888428
1365889771.574132,785.3658536585366,43.3,2.071908712387085
1365889771.851586,798.1707317073171,43.3,2.0530829429626465
1365889772.1090071,971.951219512195,43.3,2.0564048290252686
1365889772.366102,956.0975609756097,43.3,2.2358903884887695
1365889772.6323042,743.2926829268292,43.3,2.083728313446045
1365889772.909704,976.8292682926829,43.3,2.0568690299987793
1365889773.167349,790.2439024390244,43.3,2.061768054962158
1365889773.429101,769.5121951219512,43.3,2.102800130844116
1365889773.698139,727.4390243902438,42.8,2.081650972366333
1365889773.9782028,946.3414634146341,43.3,2.050001382827759
1365889774.232716,870.1219512195122,43.3,2.0529778003692627
1365889774.4863172,796.3414634146342,43.3,2.0590038299560547
1365889774.752418,733.5365853658536,42.8,2.6274564266204834
1365889775.029123,830.4878048780488,43.3,2.364109516143799
1365889775.287071,845.1219512195122,42.8,2.1196765899658203
1365889775.540458,1031.7073170731708,43.3,2.0747876167297363
1365889775.8185642,951.8292682926829,42.8,2.0470378398895264
1365889776.072801,909.1463414634146,43.3,2.0509543418884277
1365889776.327103,921.3414634146342,43.3,2.0725371837615967
1365889776.597766,742.0731707317074,42.8,2.0718235969543457
1365889776.874667,1292.6829268292684,42.8,2.090306282043457
1365889777.131691,788.4146341463415,43.3,2.054971694946289
1365889777.391891,730.4878048780488,43.3,2.073528289794922
1365889777.670579,810.3658536585366,43.3,2.0660324096679688
1365889777.9240682,925.0,43.3,2.0538218021392822
1365889778.18531,748.170731707317,42.8,2.0834290981292725
1365889778.4643881,853.0487804878048,43.3,2.0518441200256348
1365889778.722668,953.0487804878048,43.3,2.081137180328369
1365889778.976298,831.0975609756097,43.3,2.1003482341766357
1365889779.2490518,752.439024390244,43.3,2.0727126598358154
1365889779.524725,854.2682926829268,43.3,2.0528147220611572
1365889779.782628,782.3170731707318,43.3,2.0529563426971436
1365889780.041333,655.4878048780488,42.8,2.075124979019165
1365889780.320317,796.9512195121952,43.3,2.068455219268799
1365889780.575385,843.9024390243902,43.3,2.0496017932891846
1365889780.8317,726.219512195122,43.3,2.0736327171325684
1365889781.109308,879.2682926829268,43.3,2.0489919185638428
1365889781.364149,854.2682926829268,43.3,2.133462429046631
1365889781.625726,939.0243902439024,43.3,2.079840898513794
1365889781.8979032,795.1219512195122,43.3,2.0600626468658447
1365889782.157554,819.5121951219512,43.3,2.0719778537750244
1365889782.4152489,995.1219512195122,43.3,2.057647705078125
1365889782.679299,745.1219512195122,42.8,2.0726397037506104
1365889782.957142,803.048780487805,43.3,2.096256732940674
1365889783.21224,849.390243902439,43.9,2.0513484477996826
1365889783.4707751,748.170731707317,43.3,2.0727744102478027
1365889783.74925,821.3414634146341,43.3,2.0508389472961426
1365889784.006127,943.9024390243902,43.3,2.0582387447357178
1365889784.259691,804.2682926829269,43.9,2.055751085281372
1365889784.522778,1042.0731707317073,42.8,2.075157642364502
1365889784.804139,785.9756097560976,43.3,2.049112319946289
1365889785.059811,924.3902439024391,43.3,2.0540719032287598
1365889785.313477,973.780487804878,43.9,2.0775697231292725
1365889785.591661,990.8536585365854,43.3,2.048658847808838
1365889785.8475661,948.170731707317,43.3,2.0523455142974854
1365889786.101372,777.439024390244,43.3,2.065640449523926
1365889786.3673658,734.1463414634146,42.8,2.078568458557129
1365889786.643112,1043.2926829268292,43.3,2.048801898956299
1365889786.898315,971.951219512195,43.3,2.0505552291870117
1365889787.15563,652.439024390244,42.8,2.075409173965454
1365889787.437183,935.3658536585366,43.3,2.0489141941070557
1365889787.693334,885.9756097560976,43.3,2.0529911518096924
1365889787.948405,736.5853658536586,43.3,2.077739953994751
1365889788.229128,1018.2926829268292,43.9,2.052985191345215
1365889788.488045,835.9756097560976,43.3,2.0530951023101807
1365889788.7419991,914.0243902439024,43.3,2.0638623237609863
1365889789.012172,679.2682926829269,43.3,2.0729777812957764
1365889789.286048,909.1463414634146,43.3,2.048710823059082
1365889789.5417228,860.9756097560976,43.9,2.0519354343414307
1365889789.795718,896.9512195121952,43.3,2.077113628387451
1365889790.074124,981.0975609756098,43.3,2.0643861293792725
1365889790.331071,840.2439024390244,43.3,2.0870096683502197
1365889790.587734,1023.1707317073171,42.8,2.0792293548583984
1365889790.85517,741.4634146341464,43.3,2.0729846954345703
1365889791.135234,1007.3170731707318,43.3,2.05143666267395
1365889791.389516,935.9756097560976,43.3,2.064443826675415
1365889791.6444101,1476.8292682926829,43.3,2.070615530014038
1365889791.9214342,854.8780487804878,43.3,2.0504541397094727
1365889792.176695,795.1219512195122,43.9,2.05422043800354
1365889792.434645,871.3414634146342,43.3,2.0661964416503906
1365889792.7021492,713.4146341463414,42.8,2.071058511734009
1365889792.980618,796.3414634146342,43.3,2.0531039237976074
1365889793.236462,934.1463414634147,43.9,2.048570394515991
1365889793.491833,733.5365853658536,43.3,2.0763707160949707
1365889793.7663748,804.2682926829269,43.3,2.050902843475342
1365889794.024391,960.3658536585366,43.3,2.051316738128662
1365889794.281325,742.0731707317074,42.8,2.0712783336639404
1365889794.5582778,773.1707317073171,43.3,2.049830436706543
1365889794.814934,827.4390243902438,43.3,2.0655460357666016
1365889795.0697742,882.3170731707318,43.9,2.0659310817718506
1365889795.336906,723.170731707317,43.3,2.073514461517334
1365889795.6117382,865.2439024390244,43.3,2.053065776824951
1365889795.8657348,929.8780487804878,43.9,2.056527614593506
1365889796.124799,722.560975609756,43.3,2.080634355545044
1365889796.406601,968.2926829268292,43.3,2.0537896156311035
1365889796.6628711,801.219512195122,43.3,2.0509557723999023
1365889796.9190662,809.1463414634147,43.3,2.0762720108032227
1365889797.197258,759.1463414634146,43.3,2.064854621887207
1365889797.461976,863.4146341463414,43.3,2.057126998901367
1365889797.7183712,920.1219512195122,43.3,2.0743072032928467
1365889797.9880939,781.0975609756098,43.9,2.053931951522827
1365889798.2431638,917.0731707317074,43.3,2.056872844696045
1365889798.496827,777.439024390244,43.3,2.052180290222168
1365889798.750684,708.5365853658536,43.3,2.0707850456237793
1365889799.02758,935.9756097560976,43.3,2.0500802993774414
1365889799.2826722,887.1951219512196,43.3,2.053881883621216
1365889799.536784,796.9512195121952,43.3,2.069000244140625
1365889799.8048499,745.1219512195122,43.3,2.071678638458252
1365889800.080395,975.0,43.3,2.051384687423706
1365889800.337601,853.0487804878048,43.3,2.05324649810791
1365889800.591425,722.560975609756,43.3,2.12870454788208
1365889800.868031,935.3658536585366,43.3,2.0538744926452637
1365889801.1271198,1081.0975609756097,43.3,2.0648019313812256
1365889801.3814259,766.4634146341464,43.3,2.0713889598846436
1365889801.651537,716.4634146341463,43.3,2.1183390617370605
1365889801.929209,892.0731707317074,43.3,2.0549721717834473
1365889802.186435,821.3414634146341,43.3,2.0602312088012695
1365889802.44625,711.5853658536585,43.3,2.0759854316711426
1365889802.726997,899.390243902439,43.3,2.048140525817871
1365889802.98274,785.9756097560976,43.3,2.0513758659362793
1365889803.241638,643.2926829268292,43.3,2.08030366897583
1365889803.519364,777.439024390244,43.3,2.049886703491211
1365889803.775329,937.8048780487804,43.3,2.055609703063965
1365889804.031647,945.1219512195122,43.3,2.0616912841796875
1365889804.29767,742.0731707317074,42.8,2.0727052688598633
1365889804.576323,815.2439024390243,43.9,2.0538575649261475
1365889804.831583,984.7560975609756,43.3,2.0550944805145264
1365889805.0869749,743.2926829268292,43.9,3.374290943145752
1365889805.3661351,843.2926829268292,43.3,3.1053571701049805
1365889805.620809,920.1219512195122,43.3,2.8641316890716553
1365889805.87587,798.1707317073171,43.9,2.6185202598571777
1365889806.1480079,743.2926829268292,42.8,2.352640390396118
1365889806.429388,943.2926829268292,43.3,2.0777647495269775
1365889806.684115,770.1219512195122,43.3,2.0521047115325928
1365889806.940464,806.0975609756098,43.3,2.0721540451049805
1365889807.219139,1067.6829268292684,43.9,2.0844058990478516
1365889807.4749172,864.0243902439024,43.9,2.0531342029571533
1365889807.7292612,834.1463414634146,43.3,2.067770481109619
1365889807.997471,735.3658536585366,42.8,2.0763742923736572
1365889808.274667,773.1707317073171,43.3,2.0524961948394775
1365889808.528218,850.0,44.4,2.052074432373047
1365889808.7815301,835.9756097560976,43.3,2.105323314666748
1365889809.060313,768.2926829268292,43.3,2.0531551837921143
1365889809.313909,925.0,43.3,2.0530667304992676
1365889809.5678458,781.0975609756098,43.3,2.0537266731262207
1365889809.8289652,725.0,43.3,2.0772922039031982
1365889810.108992,848.170731707317,43.3,2.0591132640838623
1365889810.362869,831.0975609756097,43.3,2.0547733306884766
1365889810.620907,898.1707317073171,43.3,2.1303625106811523
1365889810.892294,696.3414634146341,42.8,2.0755860805511475
1365889811.171277,892.0731707317074,43.3,2.049945831298828
1365889811.4300969,832.9268292682926,43.3,2.0515663623809814
1365889811.6892421,800.0,42.8,2.0808002948760986
1365889811.968527,782.3170731707318,43.3,2.054062604904175
1365889812.2218308,814.0243902439024,43.3,2.0564513206481934
1365889812.483716,767.0731707317074,43.9,2.071526288986206
1365889812.756514,867.0731707317074,43.3,2.074496030807495
1365889813.011351,923.1707317073171,43.9,2.0503551959991455
1365889813.267819,920.1219512195122,43.3,2.195833444595337
1365889813.531369,626.219512195122,42.8,2.160595655441284
1365889813.80799,788.4146341463415,43.3,2.0813474655151367
1365889814.064959,928.048780487805,43.9,2.0524423122406006
1365889814.318363,945.1219512195122,43.3,2.062128782272339
1365889814.585642,749.390243902439,43.3,2.15971040725708
1365889814.8609521,799.3902439024391,43.3,2.0537285804748535
1365889815.119661,813.4146341463414,43.3,2.0601184368133545
1365889815.376859,1021.9512195121952,43.9,2.0794928073883057
1365889815.657418,851.219512195122,43.9,2.052259922027588
1365889815.9135082,823.170731707317,43.3,2.057861328125
1365889816.170916,1023.7804878048779,43.3,2.0756194591522217
1365889816.4534369,860.9756097560976,43.9,2.051811933517456
1365889816.711823,835.9756097560976,43.3,2.048877239227295
1365889816.967844,1103.0487804878048,43.9,2.0984787940979004
1365889817.23919,730.4878048780488,43.3,2.0725700855255127
1365889817.5145652,900.0,43.3,2.0538511276245117
1365889817.771393,762.1951219512196,43.3,2.0825068950653076
1365889818.026697,921.3414634146342,43.3,2.0753118991851807
1365889818.303676,782.3170731707318,43.3,2.0529839992523193
1365889818.558146,776.219512195122,43.3,2.0519464015960693
1365889818.815688,790.2439024390244,43.3,2.0773491859436035
1365889819.0916228,951.2195121951219,43.3,2.0507876873016357
1365889819.347158,885.3658536585366,43.9,2.049166440963745
1365889819.6023538,1620.7317073170732,43.3,2.0744504928588867
1365889819.875264,740.2439024390244,43.3,2.07244873046875
1365889820.1547961,846.951219512195,43.9,2.0529322624206543
1365889820.4082959,987.1951219512194,43.9,2.054889678955078
1365889820.665104,736.5853658536586,43.3,2.0695998668670654
1365889820.944263,929.8780487804878,43.3,2.0478386878967285
1365889821.199434,1001.219512195122,43.3,2.0523288249969482
1365889821.459198,1471.3414634146343,43.3,2.0882039070129395
1365889821.7378712,807.9268292682927,43.9,2.050278663635254
1365889821.994947,939.0243902439024,43.9,2.049834728240967
1365889822.248,888.4146341463414,43.3,2.0619008541107178
1365889822.507843,624.390243902439,43.3,2.070126533508301
1365889822.782889,899.390243902439,43.3,2.0493414402008057
1365889823.038444,840.2439024390244,43.3,2.0727877616882324
1365889823.29416,794.5121951219512,43.3,2.0947959423065186
1365889823.5697122,760.9756097560976,42.8,2.1845779418945312
1365889823.847126,996.9512195121952,43.3,2.139549493789673
1365889824.103669,979.8780487804878,44.4,2.0540688037872314
1365889824.359107,915.8536585365854,43.3,2.0672640800476074
1365889824.628632,945.1219512195122,43.9,2.046778678894043
1365889824.883293,1017.0731707317074,43.3,2.0519912242889404
1365889825.140278,892.0731707317074,43.3,2.067256212234497
1365889825.405519,721.3414634146342,43.3,2.072847604751587
1365889825.684607,934.1463414634147,43.9,2.0491864681243896
1365889825.9414248,807.3170731707318,43.9,2.063446044921875
1365889826.1966531,970.1219512195122,43.3,2.1003477573394775
1365889826.4777558,935.9756097560976,43.3,2.068267345428467
1365889826.731918,943.9024390243902,43.9,2.0530941486358643
1365889826.98559,957.3170731707316,43.3,2.0721182823181152
1365889827.255095,862.1951219512194,43.3,2.0682260990142822
1365889827.5303848,887.1951219512196,43.9,2.05291748046875
1365889827.7857049,888.4146341463414,43.3,2.1152734756469727
1365889828.043005,725.0,42.8,2.0783894062042236
1365889828.3190641,849.390243902439,43.3,2.053272008895874
1365889828.572574,971.951219512195,43.3,2.067742347717285
1365889828.826655,863.4146341463414,43.3,2.0731749534606934
1365889829.098006,775.0,43.3,2.0487914085388184
1365889829.3547149,1613.4146341463415,43.3,2.0515356063842773
1365889829.61038,954.8780487804878,43.3,2.112365245819092
1365889829.874465,1114.6341463414635,43.3,2.085024356842041
1365889830.155571,990.8536585365854,43.9,2.04919695854187
1365889830.411834,1020.7317073170732,43.9,2.0533885955810547
1365889830.666445,917.0731707317074,43.9,2.06563138961792
1365889830.939692,827.4390243902438,43.9,2.052541494369507
1365889831.199767,940.2439024390243,43.9,2.0564630031585693
1365889831.458196,907.9268292682927,43.9,2.0634868144989014
1365889831.728917,739.0243902439024,43.3,2.065263509750366
1365889832.002004,810.3658536585366,43.9,2.11314058303833
1365889832.258075,926.219512195122,43.9,2.0579988956451416
1365889832.515695,732.3170731707316,43.3,2.0971710681915283
1365889832.793818,824.390243902439,43.3,2.0514235496520996
1365889833.0521998,929.8780487804878,44.4,2.0647616386413574
1365889833.308397,881.0975609756098,43.3,2.0679566860198975
1365889833.583045,834.1463414634146,43.3,2.050132989883423
1365889833.8398988,929.8780487804878,43.3,2.050865650177002
1365889834.0964968,866.4634146341464,43.3,2.060643196105957
1365889834.363873,738.4146341463414,43.3,2.0730533599853516
1365889834.6444259,1090.2439024390244,42.8,2.0476999282836914
1365889834.8995898,762.1951219512196,43.9,2.061161518096924
1365889835.1569831,826.2195121951219,43.9,2.079862117767334
1365889835.4294631,885.9756097560976,43.9,2.0523104667663574
1365889835.686429,819.5121951219512,43.9,2.0605945587158203
1365889835.942868,818.2926829268292,43.3,2.060781955718994
1365889836.204104,725.0,43.3,2.085919141769409
1365889836.486303,946.951219512195,43.9,2.1557228565216064
1365889836.74384,954.8780487804878,43.3,2.0711379051208496
1365889836.998971,851.219512195122,43.3,2.079331874847412
1365889837.2677279,739.0243902439024,43.3,2.070549488067627
1365889837.545664,1050.0,43.9,2.0544638633728027
1365889837.80146,971.951219512195,43.3,2.050931215286255
1365889838.057226,864.0243902439024,43.3,2.074516773223877
1365889838.3355289,954.8780487804878,43.9,2.0481245517730713
1365889838.591208,971.3414634146342,43.9,2.051229238510132
1365889838.846904,985.9756097560976,43.3,2.0747694969177246
1365889839.126459,951.2195121951219,43.3,2.0516867637634277
1365889839.3842611,864.0243902439024,43.9,2.047441244125366
1365889839.639709,835.3658536585366,43.3,2.063974142074585
1365889839.907187,717.0731707317073,43.3,2.0781731605529785
1365889840.18567,943.2926829268292,44.4,2.1060636043548584
1365889840.4407182,827.4390243902438,43.3,2.051591396331787
1365889840.6975548,935.3658536585366,43.3,2.0742788314819336
1365889840.974262,1484.7560975609756,43.9,2.1072192192077637
1365889841.231512,794.5121951219512,43.9,2.0513551235198975
1365889841.489231,842.0731707317073,43.9,2.0817675590515137
1365889841.764794,788.4146341463415,43.9,2.0495994091033936
1365889842.019477,949.390243902439,44.4,2.052248477935791
1365889842.273014,948.170731707317,43.9,2.0537495613098145
1365889842.528666,744.5121951219512,42.8,2.0753653049468994
1365889842.8074849,931.0975609756098,43.3,2.051248550415039
1365889843.063976,943.2926829268292,43.3,2.0541768074035645
1365889843.317578,794.5121951219512,44.4,2.059016704559326
1365889843.583704,738.4146341463414,42.8,2.0689659118652344
1365889843.8608599,824.390243902439,43.3,2.0624887943267822
1365889844.117437,900.0,43.9,2.052783966064453
1365889844.3717551,721.3414634146342,43.3,2.0697591304779053
1365889844.648681,898.1707317073171,43.3,2.054807186126709
1365889844.902682,807.3170731707318,44.4,2.0582923889160156
1365889845.1582458,773.1707317073171,43.3,2.0642595291137695
1365889845.4264152,794.5121951219512,43.9,2.0508806705474854
1365889845.681932,979.8780487804878,43.3,2.052462577819824
1365889845.93754,854.2682926829268,43.9,2.053694248199463
1365889846.193161,727.4390243902438,43.3,2.0733439922332764
1365889846.467062,929.2682926829269,43.3,2.0505967140197754
1365889846.7249331,777.439024390244,44.4,2.0506768226623535
1365889846.980496,800.0,43.9,2.0542476177215576
1365889847.239647,737.1951219512194,43.9,2.0749001502990723
1365889847.518896,873.170731707317,43.9,2.048257827758789
1365889847.774789,838.4146341463414,43.3,2.051762819290161
1365889848.0282712,1043.2926829268292,43.3,2.072324275970459
1365889848.3026922,792.0731707317074,43.9,2.0532634258270264
1365889848.557765,839.0243902439024,43.3,2.0547099113464355
1365889848.811179,807.3170731707318,43.3,2.0667927265167236
1365889849.0707,729.2682926829268,43.3,2.074211597442627
1365889849.346625,816.4634146341463,43.9,2.0527236461639404
1365889849.599935,774.390243902439,43.3,2.186960458755493
1365889849.855236,817.0731707317073,43.3,2.244548797607422
1365889850.116962,725.0,42.2,2.3155062198638916
1365889850.392782,879.8780487804878,43.3,2.0721700191497803
1365889850.645507,957.3170731707316,43.3,2.055112361907959
1365889850.899182,932.3170731707318,43.3,2.071918487548828
1365889851.176491,771.3414634146342,43.3,2.0518295764923096
1365889851.4302,934.1463414634147,43.3,2.05267071723938
1365889851.686102,785.3658536585366,43.3,2.0575973987579346
1365889851.9483662,658.5365853658537,43.3,2.0719504356384277
1365889852.2262652,882.9268292682926,43.3,2.049954414367676
1365889852.484381,879.2682926829268,43.3,2.049119472503662
1365889852.742215,970.1219512195122,43.9,2.062730073928833
1365889853.0109172,743.2926829268292,43.3,2.075404167175293
1365889853.291022,868.9024390243902,43.3,2.0542032718658447
1365889853.5475142,900.0,43.9,2.046956777572632
1365889853.80269,673.1707317073171,43.3,2.0755889415740967
1365889854.0774322,788.4146341463415,43.9,2.0595591068267822
1365889854.334825,760.9756097560976,43.9,2.0512678623199463
1365889854.591424,779.2682926829268,43.3,2.1211435794830322
1365889854.8596969,834.1463414634146,43.9,2.076122760772705
1365889855.141425,939.0243902439024,43.3,2.0478057861328125
1365889855.397057,871.3414634146342,44.4,2.049614191055298
1365889855.6542552,737.1951219512194,43.3,2.0733509063720703
1365889855.9338639,798.1707317073171,43.9,2.052201509475708
1365889856.192118,1151.8292682926829,43.9,2.047736883163452
1365889856.446665,857.3170731707316,43.9,2.0604710578918457
1365889856.716268,735.3658536585366,43.3,2.0782463550567627
1365889856.995168,865.2439024390244,44.4,2.0496833324432373
1365889857.250048,953.0487804878048,44.4,2.055180311203003
1365889857.512584,743.2926829268292,43.3,2.0748300552368164
1365889857.792895,745.1219512195122,43.9,2.0549633502960205
1365889858.049582,1114.0243902439024,43.9,2.056993007659912
1365889858.3045871,802.439024390244,43.3,2.0712544918060303
1365889858.577999,906.0975609756098,43.3,2.052676200866699
1365889858.833437,896.3414634146342,44.4,2.0480713844299316
1365889859.088696,946.951219512195,43.3,2.0538079738616943
1365889859.348768,743.2926829268292,43.3,2.0750315189361572
1365889859.624598,807.9268292682927,43.3,2.0512752532958984
1365889859.879751,1109.7560975609756,43.3,2.0498366355895996
1365889860.136632,778.048780487805,43.3,2.071819543838501
1365889860.410902,948.170731707317,43.9,2.059147357940674
1365889860.667377,926.219512195122,43.9,2.053222417831421
1365889860.924891,949.390243902439,43.9,2.058300733566284
1365889861.185334,653.6585365853658,43.3,2.111816167831421
1365889861.466156,940.2439024390243,43.3,2.0472939014434814
1365889861.721559,764.0243902439024,43.3,2.053367853164673
1365889861.97699,794.5121951219512,43.3,2.0895888805389404
1365889862.251876,806.0975609756098,43.3,2.054007053375244
1365889862.510798,943.9024390243902,43.3,2.056283473968506
1365889862.769917,846.3414634146342,43.3,2.0706939697265625
1365889863.0433211,1229.878048780488,43.3,2.0567286014556885
1365889863.300141,935.9756097560976,44.4,2.049581289291382
1365889863.558079,843.9024390243902,44.4,2.1358346939086914
1365889863.818772,714.0243902439024,43.3,2.081523895263672
1365889864.100628,903.048780487805,43.9,2.050948143005371
1365889864.356481,802.439024390244,43.9,2.048064947128296
1365889864.610704,791.4634146341464,44.4,2.072688341140747
1365889864.891778,766.4634146341464,43.3,2.0518829822540283
1365889865.1486669,860.3658536585366,43.3,2.047245502471924
1365889865.4043121,946.3414634146341,44.4,2.071934223175049
1365889865.678316,852.4390243902438,43.3,2.0529186725616455
1365889865.9355142,942.0731707317073,43.9,2.0503289699554443
1365889866.193322,1106.09756097561,44.4,2.050767421722412
1365889866.451471,716.4634146341463,43.3,2.134742259979248
1365889866.734088,940.2439024390243,44.4,2.074354887008667
1365889866.992521,907.9268292682927,43.9,2.0484743118286133
1365889867.249614,831.0975609756097,43.3,2.0869765281677246
1365889867.52967,1101.8292682926829,43.3,2.093600034713745
1365889867.78837,782.3170731707318,43.3,2.1415693759918213
1365889868.044395,965.2439024390244,43.9,2.069779396057129
1365889868.316538,1004.2682926829267,44.4,2.0474538803100586
1365889868.572138,850.0,43.9,2.052945375442505
1365889868.827242,770.1219512195122,44.4,2.051027297973633
1365889869.0858712,745.1219512195122,43.3,2.071411371231079
1365889869.3617668,810.9756097560976,43.3,2.0519769191741943
1365889869.616011,771.3414634146342,43.3,2.0548598766326904
1365889869.8722408,857.3170731707316,43.3,2.0638232231140137
1365889870.1412401,794.5121951219512,43.3,2.077462911605835
1365889870.4197729,1093.9024390243903,44.4,2.0507619380950928
1365889870.6756952,913.4146341463415,43.3,2.0469231605529785
1365889870.930668,802.439024390244,43.9,2.0883541107177734
1365889871.2079282,996.9512195121952,43.9,2.0499253273010254
1365889871.462771,959.1463414634146,43.9,2.052402973175049
1365889871.719062,984.7560975609756,43.9,2.0637245178222656
1365889871.9899049,726.219512195122,43.3,2.0677902698516846
1365889872.264742,778.048780487805,43.9,2.0495951175689697
1365889872.522308,775.0,43.9,2.0871260166168213
1365889872.777772,738.4146341463414,43.9,2.0963141918182373
1365889873.0571892,932.3170731707318,43.9,2.048186779022217
1365889873.313819,948.170731707317,43.3,2.0505383014678955
1365889873.569473,834.1463414634146,43.3,2.0895142555236816
1365889873.839562,716.4634146341463,43.3,2.1068506240844727
1365889874.1160839,798.1707317073171,43.3,2.0493288040161133
1365889874.372226,843.9024390243902,43.3,2.05207896232605
1365889874.6259358,653.6585365853658,43.9,2.0702507495880127
1365889874.903827,979.2682926829268,44.4,2.0559043884277344
1365889875.1649249,946.3414634146341,43.9,2.0517489910125732
1365889875.418568,832.9268292682926,43.9,2.070664167404175
1365889875.691488,889.0243902439024,43.9,3.278130292892456
1365889875.947305,960.9756097560976,43.9,3.031446933746338
1365889876.2038558,943.9024390243902,43.9,2.779205799102783
1365889876.4693801,740.2439024390244,43.3,2.5184059143066406
1365889876.744927,892.0731707317074,44.4,2.250032901763916
1365889877.000897,857.9268292682926,43.9,2.1147663593292236
1365889877.254797,835.9756097560976,43.3,2.128659963607788
1365889877.526732,820.1219512195122,44.4,2.0498900413513184
1365889877.784918,839.0243902439024,43.3,2.06997013092041
1365889878.0392299,846.3414634146342,44.4,2.060128927230835
1365889878.302231,723.170731707317,42.8,2.0841338634490967
1365889878.588226,879.8780487804878,44.4,2.052691698074341
1365889878.84189,876.219512195122,43.3,2.054041624069214
1365889879.09781,817.0731707317073,43.9,2.0601184368133545
1365889879.366453,733.5365853658536,43.3,2.0705535411834717
1365889879.639207,929.8780487804878,43.3,2.0485634803771973
1365889879.894867,845.1219512195122,44.4,2.049861192703247
1365889880.150448,742.0731707317074,43.3,2.0731513500213623
1365889880.426015,867.0731707317074,43.3,2.053586483001709
1365889880.679254,882.9268292682926,44.4,2.0496914386749268
1365889880.9347641,800.0,43.3,2.068560838699341
1365889881.211909,807.9268292682927,43.9,2.048978090286255
1365889881.468031,870.1219512195122,43.9,2.053783416748047
1365889881.721875,904.8780487804878,44.4,2.0768158435821533
1365889881.981388,1056.7073170731708,43.3,2.0775866508483887
1365889882.256821,881.0975609756098,44.4,2.0536410808563232
1365889882.513929,885.9756097560976,44.4,2.107539415359497
1365889882.7726002,734.1463414634146,43.9,2.0719988346099854
1365889883.05013,785.3658536585366,43.9,2.0491950511932373
1365889883.307472,870.1219512195122,43.3,2.101263999938965
1365889883.5683599,821.951219512195,43.3,2.1167213916778564
1365889883.840214,810.3658536585366,44.4,2.056356906890869
1365889884.0970712,1797.560975609756,43.9,2.07532000541687
1365889884.354979,981.0975609756098,43.9,2.0570616722106934
1365889884.612633,735.3658536585366,43.3,2.071361541748047
1365889884.888261,878.0487804878048,43.9,2.04925799369812
1365889885.142889,987.1951219512194,43.3,2.048335552215576
1365889885.400198,835.3658536585366,43.3,2.062011957168579
1365889885.670172,652.439024390244,43.3,2.098330497741699
1365889885.946523,843.9024390243902,44.4,2.0485916137695312
1365889886.203479,1693.2926829268292,43.9,2.046725034713745
1365889886.458308,756.0975609756098,43.9,2.081263303756714
1365889886.736255,889.0243902439024,44.4,2.0629374980926514
1365889886.9908211,813.4146341463414,44.4,2.05574369430542
1365889887.248884,921.3414634146342,43.3,2.0652735233306885
1365889887.5219681,975.0,43.9,2.0480151176452637
1365889887.779619,824.390243902439,44.4,2.0485010147094727
1365889888.0350568,773.1707317073171,43.9,2.057145118713379
1365889888.300756,724.390243902439,43.3,2.0825178623199463
1365889888.581077,910.3658536585366,44.4,2.049656629562378
1365889888.8357189,759.1463414634146,43.3,2.0502424240112305
1365889889.090684,735.3658536585366,43.9,2.0762290954589844
1365889889.368632,946.3414634146341,44.4,2.0507986545562744
1365889889.621699,937.1951219512194,43.9,2.2263596057891846
1365889889.875411,1688.4146341463415,43.9,2.0911757946014404
1365889890.139225,731.0975609756098,42.8,2.0926473140716553
1365889890.419229,960.9756097560976,43.9,2.0506680011749268
1365889890.678157,867.0731707317074,43.9,2.0477445125579834
1365889890.934168,942.0731707317073,43.3,2.073295831680298
1365889891.2129421,775.0,43.9,2.0583808422088623
1365889891.478536,937.1951219512194,44.4,2.0470829010009766
1365889891.7329211,946.951219512195,43.3,2.062727212905884
1365889892.004704,838.4146341463414,43.9,2.103628635406494
1365889892.260164,787.1951219512196,43.9,2.0636789798736572
1365889892.516824,784.1463414634146,43.9,2.0545966625213623
1365889892.775788,633.5365853658536,43.9,2.070648193359375
1365889893.054115,882.9268292682926,43.9,2.0484097003936768
1365889893.311446,917.0731707317074,43.9,2.0514605045318604
1365889893.5714052,827.4390243902438,43.9,2.0630195140838623
1365889893.8328419,631.0975609756098,43.3,2.0859060287475586
1365889894.112173,937.1951219512194,43.9,2.048215389251709
1365889894.368675,943.2926829268292,44.4,2.05454421043396
1365889894.6251361,923.1707317073171,43.3,2.0940539836883545
1365889894.89964,912.1951219512196,43.3,2.048192024230957
1365889895.156359,957.9268292682926,43.3,2.0514814853668213
1365889895.415989,926.829268292683,43.9,2.137535572052002
1365889895.685,684.1463414634147,43.3,2.104473352432251
1365889895.964278,875.0,44.4,2.0583395957946777
1365889896.22294,907.3170731707318,44.4,2.05598783493042
1365889896.4786072,1343.9024390243903,44.4,2.1305434703826904
1365889896.7484548,1613.4146341463415,43.3,2.0952155590057373
1365889897.023079,806.0975609756098,43.3,2.050264358520508
1365889897.281754,758.5365853658536,43.3,2.0513391494750977
1365889897.53543,741.4634146341464,43.3,2.076482057571411
1365889897.815488,850.0,44.4,2.0515589714050293
1365889898.069077,943.2926829268292,44.4,2.049983501434326
1365889898.3272069,707.3170731707316,43.3,2.0984954833984375
1365889898.609806,940.2439024390243,44.4,2.0465493202209473
1365889898.865232,946.3414634146341,44.4,2.0498125553131104
1365889899.120981,876.219512195122,44.4,2.0649795532226562
1365889899.394482,949.390243902439,44.4,2.0516159534454346
1365889899.648098,776.219512195122,43.9,2.048067331314087
1365889899.904028,879.2682926829268,44.4,2.0851688385009766
1365889900.1658912,727.4390243902438,43.9,2.078465223312378
1365889900.442809,1015.8536585365854,43.3,2.0480732917785645
1365889900.699113,907.9268292682927,44.4,2.053229808807373
1365889900.95252,729.2682926829268,43.9,2.0727484226226807
1365889901.2301922,812.1951219512194,43.3,2.057617425918579
1365889901.485504,780.4878048780488,43.9,2.0511293411254883
1365889901.739367,915.2439024390244,44.4,2.0590221881866455
1365889902.003683,733.5365853658536,43.3,2.073542594909668
1365889902.280809,990.2439024390244,44.4,2.0507993698120117
1365889902.5342982,899.390243902439,43.3,2.050401449203491
1365889902.791841,935.9756097560976,43.9,2.068702459335327
1365889903.063791,878.0487804878048,43.3,2.0481081008911133
1365889903.321056,959.1463414634146,44.4,2.0521061420440674
1365889903.579447,968.2926829268292,44.4,2.0632565021514893
1365889903.845218,739.0243902439024,43.9,2.0698537826538086
1365889904.1242611,819.5121951219512,43.9,2.04880428314209
1365889904.380001,824.390243902439,43.9,2.050713300704956
1365889904.633601,715.2439024390244,43.9,2.067187547683716
1365889904.91056,960.3658536585366,43.9,2.0478687286376953
1365889905.166722,957.9268292682926,43.3,2.0492324829101562
1365889905.424194,954.8780487804878,43.3,2.1243600845336914
1365889905.697053,932.3170731707318,43.3,2.060727834701538
1365889905.950491,932.3170731707318,44.4,2.0492498874664307
1365889906.2079701,924.3902439024391,44.4,2.0580828189849854
1365889906.4690292,722.560975609756,43.3,2.07429838180542
1365889906.7482822,787.1951219512196,43.9,2.0537898540496826
1365889907.00381,780.4878048780488,43.9,2.0506601333618164
1365889907.260343,984.1463414634146,43.3,2.075503349304199
1365889907.536705,935.3658536585366,44.4,2.049790382385254
1365889907.7935958,758.5365853658536,43.9,2.0567595958709717
1365889908.04863,901.219512195122,43.3,2.061925172805786
1365889908.316858,802.439024390244,43.3,2.0774850845336914
1365889908.597253,846.3414634146342,43.9,2.0664918422698975
1365889908.850674,753.0487804878048,43.9,2.0494887828826904
1365889909.106687,951.2195121951219,44.4,2.071838617324829
1365889909.381525,1048.170731707317,43.9,2.055119037628174
1365889909.636266,760.9756097560976,44.4,2.0509085655212402
1365889909.8900049,949.390243902439,44.4,2.0619289875030518
1365889910.153313,746.3414634146342,43.3,2.1122376918792725
1365889910.4284768,798.1707317073171,43.3,2.0587682723999023
1365889910.683317,904.8780487804878,44.4,2.1120541095733643
1365889910.93806,766.4634146341464,43.3,2.0603015422821045
1365889911.2070668,884.1463414634146,44.4,2.0473196506500244
1365889911.462912,796.3414634146342,44.4,2.0505619049072266
1365889911.719628,913.4146341463415,44.4,2.058669090270996
1365889911.977205,752.439024390244,43.3,2.06913423538208
1365889912.254838,772.5609756097562,43.3,2.0484392642974854
1365889912.512095,853.0487804878048,43.9,2.048203945159912
1365889912.767169,928.048780487805,43.9,2.075446605682373
1365889913.033369,734.1463414634146,43.3,2.072066068649292
1365889913.310503,893.2926829268292,43.9,2.049417495727539
1365889913.568307,796.9512195121952,44.4,2.0500640869140625
1365889913.826744,736.5853658536586,44.4,2.0756380558013916
1365889914.106462,907.3170731707318,44.4,2.0540733337402344
1365889914.360165,856.0975609756098,43.9,2.050872802734375
1365889914.6188319,832.9268292682926,43.9,2.0730249881744385
1365889914.891118,735.3658536585366,43.3,2.083200216293335
1365889915.169853,820.1219512195122,43.9,2.050123691558838
1365889915.4262762,809.1463414634147,43.9,2.048694133758545
1365889915.684343,702.4390243902438,43.9,2.071650743484497
1365889915.964051,821.951219512195,44.4,2.059544324874878
1365889916.2251,949.390243902439,43.3,2.0505518913269043
1365889916.481761,889.0243902439024,43.3,2.1774981021881104
1365889916.75657,913.4146341463415,44.4,2.050938129425049
1365889917.010396,848.170731707317,44.4,2.0554757118225098
1365889917.26685,846.951219512195,44.4,2.0563745498657227
1365889917.5281322,737.1951219512194,43.3,2.076493978500366
1365889917.8076549,789.0243902439024,43.9,2.049011707305908
1365889918.062727,859.1463414634146,43.3,2.060723304748535
1365889918.317794,998.170731707317,43.3,2.0726890563964844
1365889918.5965598,975.0,44.4,2.0445852279663086
1365889918.8503082,898.1707317073171,43.3,2.0492098331451416
1365889919.107392,856.0975609756098,44.4,2.0774855613708496
1365889919.3834,965.8536585365854,44.4,2.0556769371032715
1365889919.638743,888.4146341463414,43.3,2.053009271621704
1365889919.894285,945.1219512195122,43.9,2.0575807094573975
1365889920.1543438,737.1951219512194,43.3,2.070582151412964
1365889920.433347,857.3170731707316,44.4,2.0478053092956543
1365889920.687826,800.0,43.3,2.0465784072875977
1365889920.942003,758.5365853658536,43.3,2.0620100498199463
1365889921.213086,957.3170731707316,43.9,2.0508334636688232
1365889921.469567,975.0,44.4,2.0492641925811768
1365889921.727152,965.8536585365854,44.4,2.1959080696105957
1365889921.984119,732.3170731707316,43.3,2.0820364952087402
1365889922.259081,787.1951219512196,43.3,2.0463051795959473
1365889922.514094,904.8780487804878,43.3,2.1755430698394775
1365889922.768668,793.2926829268293,43.9,2.0983195304870605
1365889923.033015,682.3170731707318,43.3,2.1592957973480225
1365889923.3100622,946.951219512195,43.9,2.050150156021118
1365889923.57026,841.4634146341463,44.4,2.0499467849731445
1365889923.8290272,721.3414634146342,43.3,2.072040319442749
1365889924.108083,793.2926829268293,43.9,2.0571582317352295
1365889924.3639,867.0731707317074,43.9,2.0543947219848633
1365889924.627609,760.3658536585366,43.3,2.0740530490875244
1365889924.908743,1021.9512195121952,44.4,2.053994655609131
1365889925.171527,816.4634146341463,43.3,2.0575313568115234
1365889925.430372,770.1219512195122,43.3,2.0660812854766846
1365889925.7014458,735.3658536585366,43.9,2.066249132156372
1365889925.977401,1017.0731707317074,43.3,2.048743963241577
1365889926.234881,925.0,44.4,2.0537710189819336
1365889926.493994,726.219512195122,43.3,2.104264259338379
1365889926.7724879,942.0731707317073,43.9,2.0544180870056152
1365889927.030334,842.0731707317073,44.4,2.051635265350342
1365889927.2912178,796.3414634146342,44.4,2.0677309036254883
1365889927.559479,985.9756097560976,43.9,2.0468149185180664
1365889927.815393,865.2439024390244,44.4,2.049751043319702
1365889928.0733309,901.219512195122,44.4,2.0491397380828857
1365889928.3321059,736.5853658536586,43.9,2.0735085010528564
1365889928.614211,929.2682926829269,44.4,2.0452959537506104
1365889928.869141,834.1463414634146,43.3,2.058459520339966
1365889929.128923,1095.7317073170732,43.9,2.063321352005005
1365889929.3952472,726.219512195122,43.3,2.073272943496704
1365889929.6738691,777.439024390244,43.9,2.0479087829589844
1365889929.931253,783.5365853658537,43.3,2.061802387237549
1365889930.184921,885.3658536585366,43.9,2.0851101875305176
1365889930.463367,929.2682926829269,44.4,2.049072504043579
1365889930.718763,918.2926829268293,44.4,2.051910638809204
1365889930.972012,971.951219512195,43.3,2.0723133087158203
1365889931.2465332,929.8780487804878,44.4,2.0842394828796387
1365889931.501738,1675.6097560975609,43.9,2.0688514709472656
1365889931.758069,785.9756097560976,43.9,2.0614261627197266
1365889932.022978,736.5853658536586,43.3,2.073688268661499
1365889932.303972,885.9756097560976,43.9,2.0572409629821777
1365889932.558474,784.1463414634146,44.4,2.0492491722106934
1365889932.816857,1389.6341463414635,43.3,2.069615602493286
1365889933.0921888,840.2439024390244,44.4,2.0489490032196045
1365889933.347588,828.0487804878048,44.4,2.0473427772521973
1365889933.6040971,839.0243902439024,43.9,2.057485818862915
1365889933.871438,726.219512195122,43.9,2.0768139362335205
1365889934.1493518,851.219512195122,43.9,2.0476698875427246
1365889934.405547,773.1707317073171,43.3,2.0469748973846436
1365889934.66083,757.3170731707318,44.4,2.075500726699829
1365889934.936857,771.3414634146342,43.9,2.050170421600342
1365889935.19022,1100.0,44.4,2.0455853939056396
1365889935.4453409,788.4146341463415,44.4,2.0557641983032227
1365889935.7078311,730.4878048780488,43.3,2.0728936195373535
1365889935.982848,865.2439024390244,43.3,2.0482847690582275
1365889936.239271,884.1463414634146,43.9,2.0467936992645264
1365889936.495713,896.9512195121952,44.4,2.0746889114379883
1365889936.7678232,828.0487804878048,44.4,2.0539329051971436
1365889937.021624,837.1951219512194,43.9,2.112372875213623
1365889937.27614,984.1463414634146,44.4,2.054675817489624
1365889937.5386062,726.219512195122,43.9,2.0705394744873047
1365889937.815114,783.5365853658537,43.9,2.0996856689453125
1365889938.0694458,857.9268292682926,44.4,2.049356698989868
1365889938.3283572,912.1951219512196,43.9,2.0750246047973633
1365889938.602709,774.390243902439,43.9,2.059675931930542
1365889938.858392,865.2439024390244,43.9,2.0483813285827637
1365889939.113194,887.1951219512196,44.4,2.102025032043457
1365889939.3727272,713.4146341463414,43.9,2.077439546585083
1365889939.657964,829.2682926829268,44.4,2.0534751415252686
1365889939.914904,907.9268292682927,43.3,2.0479302406311035
1365889940.1707149,789.0243902439024,43.3,2.0658295154571533
1365889940.444135,834.1463414634146,44.4,2.050189971923828
1365889940.697763,830.4878048780488,44.4,2.0508620738983154
1365889940.951238,910.9756097560976,43.9,2.051623821258545
1365889941.206537,700.6097560975609,43.9,2.0754058361053467
1365889941.4818702,856.0975609756098,44.4,2.051258087158203
1365889941.7380009,949.390243902439,44.4,2.0469653606414795
1365889941.991405,835.9756097560976,44.4,2.0732412338256836
1365889942.261395,864.0243902439024,44.4,2.04708194732666
1365889942.51782,835.9756097560976,43.9,2.0487966537475586
1365889942.7716322,842.0731707317073,44.4,2.057218074798584
1365889943.028158,841.4634146341463,43.3,2.072996139526367
1365889943.305887,1023.7804878048779,43.9,2.1707050800323486
1365889943.560509,856.0975609756098,44.4,2.09012508392334
1365889943.8151329,843.9024390243902,43.3,2.069127082824707
1365889944.082964,736.5853658536586,43.3,2.1435227394104004
1365889944.361825,943.9024390243902,43.3,2.146329402923584
1365889944.618933,791.4634146341464,43.9,2.049720048904419
1365889944.876298,826.2195121951219,44.4,2.066795587539673
1365889945.152561,1614.6341463414635,43.9,2.0532898902893066
1365889945.407517,821.951219512195,43.9,2.053253173828125
1365889945.662894,820.1219512195122,43.9,2.068660259246826
1365889945.931795,923.1707317073171,43.3,2.136608362197876
1365889946.18625,946.3414634146341,44.4,2.0472421646118164
1365889946.4433842,796.9512195121952,44.4,2.0515921115875244
1365889946.698524,1009.7560975609756,43.3,2.0743765830993652
1365889946.975178,906.0975609756098,44.4,2.050053834915161
1365889947.231141,865.2439024390244,43.9,2.050386428833008
1365889947.48469,937.8048780487804,43.3,2.0691843032836914
1365889947.75333,744.5121951219512,44.4,2.160230875015259
1365889948.0292559,835.3658536585366,44.4,2.0616235733032227
1365889948.284914,767.0731707317074,44.4,2.0454940795898438
1365889948.540201,1012.8048780487804,43.3,2.073296308517456
1365889948.814929,784.1463414634146,43.9,2.0492279529571533
1365889949.0705512,831.0975609756097,44.4,2.0487282276153564
1365889949.326124,890.8536585365854,43.3,2.0605709552764893
1365889949.590513,1570.7317073170732,43.3,2.2032699584960938
1365889949.86555,879.8780487804878,43.9,2.1807405948638916
1365889950.1195421,925.0,44.9,2.104578733444214
1365889950.373087,1604.2682926829268,43.3,2.2374775409698486
1365889950.6477802,920.1219512195122,43.3,2.048543691635132
1365889950.90367,942.0731707317073,44.4,2.052656412124634
1365889951.159163,937.8048780487804,44.4,2.0535576343536377
1365889951.418598,718.2926829268292,43.9,2.072066068649292
1365889951.6942852,747.560975609756,43.9,2.0618669986724854
1365889951.9506938,791.4634146341464,43.9,2.050410270690918
1365889952.205427,863.4146341463414,43.9,2.059166193008423
1365889952.468885,724.390243902439,43.9,2.0769145488739014
1365889952.747404,868.2926829268292,44.4,2.1634206771850586
1365889953.003238,900.0,44.4,2.0478339195251465
1365889953.260913,729.2682926829268,43.3,2.089160919189453
1365889953.5370371,772.5609756097562,43.9,2.0495924949645996
1365889953.7903879,796.3414634146342,43.9,2.054032802581787
1365889954.0464158,863.4146341463414,44.4,2.0897068977355957
1365889954.316463,687.1951219512194,43.3,2.0700480937957764
1365889954.5932958,853.0487804878048,43.9,2.046769142150879
1365889954.8500428,945.1219512195122,43.9,2.047887086868286
1365889955.107438,907.3170731707318,43.3,2.0688998699188232
1365889955.385412,921.3414634146342,43.3,2.0481972694396973
1365889955.643483,834.1463414634146,44.4,2.0702755451202393
1365889955.896953,763.4146341463414,44.4,2.1124825477600098
1365889956.173388,918.2926829268293,44.4,2.0498645305633545
1365889956.426473,1048.780487804878,44.4,2.050060272216797
1365889956.680037,859.1463414634146,43.3,2.0502724647521973
1365889956.9398222,748.170731707317,43.3,2.076258897781372
1365889957.2167192,832.9268292682926,43.9,2.0494225025177
1365889957.4762938,875.0,44.4,2.0495493412017822
1365889957.729419,929.2682926829269,43.3,2.095080614089966
1365889958.002156,903.048780487805,44.4,2.0508997440338135
1365889958.255763,776.219512195122,44.4,2.0501253604888916
1365889958.509331,906.0975609756098,44.4,2.1293163299560547
1365889958.762422,740.2439024390244,43.9,2.0829155445098877
1365889959.042177,1081.0975609756097,44.4,2.046497344970703
1365889959.29865,819.5121951219512,44.4,2.05515193939209
1365889959.559121,945.1219512195122,43.3,2.065014600753784
1365889959.8270059,686.5853658536586,43.3,2.068420886993408
1365889960.104952,791.4634146341464,43.9,2.046603202819824
1365889960.361724,942.0731707317073,43.9,2.051091194152832
1365889960.6173708,918.2926829268293,44.4,2.0951480865478516
1365889960.894999,852.4390243902438,43.9,2.0499415397644043
1365889961.1494179,904.8780487804878,43.9,2.0531938076019287
1365889961.406317,868.9024390243902,43.9,2.092755079269409
1365889961.683656,802.439024390244,44.4,2.0534584522247314
1365889961.93806,838.4146341463414,44.4,2.049927234649658
1365889962.193307,789.0243902439024,43.3,2.1074328422546387
1365889962.4557729,740.2439024390244,43.3,2.0735585689544678
1365889962.7323022,857.3170731707316,43.3,2.0456326007843018
1365889962.9873128,782.3170731707318,43.3,2.0470216274261475
1365889963.2433002,734.1463414634146,43.9,2.078789472579956
1365889963.523388,945.1219512195122,43.9,2.048733949661255
1365889963.7789261,937.1951219512194,44.4,2.0478434562683105
1365889964.03233,975.0,44.4,2.0605950355529785
1365889964.298464,728.0487804878048,43.3,2.072831153869629
1365889964.5748858,904.8780487804878,44.4,2.047024965286255
1365889964.830652,1060.9756097560976,44.4,2.0520124435424805
1365889965.085535,724.390243902439,43.3,2.081733226776123
1365889965.365889,848.170731707317,43.3,2.053906202316284
1365889965.620286,973.170731707317,44.4,2.076918125152588
1365889965.8771389,915.2439024390244,44.4,2.0691494941711426
1365889966.1520011,1663.4146341463413,44.4,2.0698800086975098
1365889966.409077,907.9268292682927,44.4,2.0535905361175537
1365889966.671406,875.0,43.9,2.064579725265503
1365889966.94507,875.0,44.4,2.050370216369629
1365889967.1986072,764.0243902439024,44.4,2.047471284866333
1365889967.453152,829.2682926829268,44.4,2.0572116374969482
1365889967.716684,736.5853658536586,43.3,2.0713298320770264
1365889967.991414,810.3658536585366,43.9,2.057037115097046
1365889968.24518,853.0487804878048,43.3,2.0490620136260986
1365889968.499135,788.4146341463415,44.4,2.0695507526397705
1365889968.768786,821.3414634146341,44.4,2.0470550060272217
1365889969.024457,926.219512195122,44.4,2.050287961959839
1365889969.281661,843.9024390243902,44.4,2.0488176345825195
1365889969.537106,689.6341463414634,43.3,2.0670108795166016
1365889969.8131468,875.0,43.9,2.065535545349121
1365889970.0685,879.8780487804878,44.4,2.0440940856933594
1365889970.3230999,923.1707317073171,43.9,2.0836873054504395
1365889970.585504,810.9756097560976,43.3,2.166490077972412
1365889970.8621,868.9024390243902,43.9,2.0509276390075684
1365889971.116535,812.1951219512194,44.4,2.239339828491211
1365889971.372976,827.4390243902438,43.9,2.0776774883270264
1365889971.648121,835.3658536585366,44.4,2.055917501449585
1365889971.9046469,996.9512195121952,44.4,2.0496084690093994
1365889972.160073,845.1219512195122,44.4,2.0547006130218506
1365889972.424785,741.4634146341464,43.3,2.1685807704925537
1365889972.704339,913.4146341463415,43.9,2.0513079166412354
1365889972.959475,791.4634146341464,44.4,2.0503454208374023
1365889973.212988,902.439024390244,43.3,2.062281370162964
1365889973.478776,713.4146341463414,43.3,2.0669829845428467
1365889973.751277,770.1219512195122,44.4,2.0497210025787354
1365889974.004645,762.1951219512196,44.4,2.047429323196411
1365889974.262319,1178.658536585366,43.3,2.0737457275390625
1365889974.539157,777.439024390244,44.4,2.0515358448028564
1365889974.793227,834.1463414634146,44.4,2.0719070434570312
1365889975.048209,946.951219512195,43.9,2.0623104572296143
1365889975.314662,722.560975609756,44.4,2.084970712661743
1365889975.592833,1639.6341463414635,44.4,2.050466537475586
1365889975.847786,946.3414634146341,44.4,2.0512046813964844
1365889976.1016388,799.3902439024391,43.3,2.0704152584075928
1365889976.381917,900.0,43.9,2.0522353649139404
1365889976.637394,864.0243902439024,43.3,2.0465753078460693
1365889976.893265,906.0975609756098,43.9,2.0675110816955566
1365889977.166291,775.0,44.4,2.0451505184173584
1365889977.421705,871.3414634146342,44.4,2.0542151927948
1365889977.682546,803.048780487805,44.4,2.0582168102264404
1365889977.9419782,742.0731707317074,42.8,2.0729973316192627
1365889978.218817,1862.1951219512196,44.4,2.0529212951660156
1365889978.4740422,915.2439024390244,43.9,2.050370693206787
1365889978.727224,912.1951219512196,43.9,2.06982159614563
1365889979.002987,945.1219512195122,44.4,2.048931121826172
1365889979.25821,1012.8048780487804,44.4,2.141984462738037
1365889979.5142741,754.2682926829268,44.4,2.1524980068206787
1365889979.7771509,738.4146341463414,43.3,2.0664756298065186
1365889980.053223,804.2682926829269,43.9,2.1001176834106445
1365889980.308831,896.3414634146342,44.4,2.0534610748291016
1365889980.56192,718.2926829268292,44.4,2.0718817710876465
1365889980.8364868,771.3414634146342,44.4,2.0439178943634033
1365889981.090872,802.439024390244,44.4,2.085834503173828
1365889981.3494048,776.219512195122,43.9,2.057690143585205
1365889981.61102,723.170731707317,43.9,2.067918539047241
1365889981.887327,829.2682926829268,43.9,2.057967185974121
1365889982.141803,943.9024390243902,44.4,2.0447330474853516
1365889982.396276,946.3414634146341,43.3,2.0751614570617676
1365889982.677047,795.1219512195122,43.9,2.049421548843384
1365889982.930235,915.2439024390244,44.4,2.0751898288726807
1365889983.186551,810.3658536585366,43.9,2.060518741607666
1365889983.4559271,736.5853658536586,43.3,2.0703368186950684
1365889983.730564,860.3658536585366,44.4,2.049913167953491
1365889983.9888499,940.8536585365853,44.4,2.0479493141174316
1365889984.245153,662.1951219512196,43.3,2.0709309577941895
1365889984.520226,943.9024390243902,43.9,2.045471429824829
1365889984.775882,848.170731707317,43.9,2.048494577407837
1365889985.029214,866.4634146341464,43.3,2.069406747817993
1365889985.296603,744.5121951219512,43.3,2.5944340229034424
1365889985.571063,868.9024390243902,44.4,2.364861249923706
1365889985.8260522,918.9024390243903,44.4,2.1108238697052
1365889986.080471,726.219512195122,44.4,2.0773684978485107
1365889986.361068,882.3170731707318,43.3,2.0501158237457275
1365889986.6148312,882.9268292682926,43.9,2.053633451461792
1365889986.8711329,929.2682926829269,44.4,2.0661122798919678
1365889987.146962,827.4390243902438,44.4,2.0557522773742676
1365889987.4022841,801.219512195122,44.4,2.0502476692199707
1365889987.6617029,1021.9512195121952,43.9,2.0578627586364746
1365889987.923274,707.3170731707316,43.3,2.077676296234131
1365889988.2025962,845.1219512195122,43.9,2.0516724586486816
1365889988.457837,896.3414634146342,44.4,2.0562045574188232
1365889988.714397,868.2926829268292,43.9,2.097111940383911
1365889988.9896371,979.8780487804878,44.4,2.046635150909424
1365889989.245899,818.2926829268292,44.4,2.048302173614502
1365889989.5019898,875.0,44.4,2.0529685020446777
1365889989.7653718,723.170731707317,44.4,2.0885207653045654
1365889990.0422459,737.1951219512194,43.9,2.055025577545166
1365889990.299229,943.9024390243902,43.9,2.047874689102173
1365889990.555607,742.0731707317074,44.4,2.0743274688720703
1365889990.8340921,818.2926829268292,44.4,2.0505788326263428
1365889991.088865,877.439024390244,43.9,2.0441854000091553
1365889991.343594,904.8780487804878,43.9,2.066783905029297
1365889991.614634,685.3658536585366,43.3,2.0723156929016113
1365889991.893408,800.0,43.9,2.0455663204193115
1365889992.147874,1775.0,44.4,2.0477311611175537
1365889992.406079,746.3414634146342,43.3,2.0799503326416016
1365889992.693423,893.9024390243902,43.9,2.05472993850708
1365889992.9477918,921.3414634146342,44.4,2.049940824508667
1365889993.2041779,907.3170731707318,44.4,2.0651936531066895
1365889993.4782588,1669.5121951219512,44.4,2.054659843444824
1365889993.734499,937.1951219512194,43.9,2.0459041595458984
1365889993.9907148,842.0731707317073,44.4,2.055490493774414
1365889994.2493289,702.4390243902438,43.9,2.0818278789520264
1365889994.52827,1065.8536585365855,43.9,2.0478317737579346
1365889994.7848902,834.1463414634146,44.4,2.0492827892303467
1365889995.038462,946.3414634146341,43.9,2.1066505908966064
1365889995.318967,1372.560975609756,44.4,2.052779197692871
1365889995.575915,865.2439024390244,43.9,2.0499024391174316
1365889995.8298528,783.5365853658537,44.4,2.0816562175750732
1365889996.100827,637.1951219512196,43.3,2.0985405445098877
1365889996.377131,851.219512195122,44.4,2.048196792602539
1365889996.632701,762.1951219512196,43.3,2.076183795928955
1365889996.886047,719.5121951219512,43.3,2.072333812713623
1365889997.167148,781.0975609756098,44.4,2.0505576133728027
1365889997.4221172,935.9756097560976,43.9,2.0528347492218018
1365889997.681658,789.0243902439024,43.9,2.1036298274993896
1365889997.962208,857.3170731707316,44.4,2.0517399311065674
1365889998.218611,882.3170731707318,43.9,2.058910608291626
1365889998.474331,780.4878048780488,44.4,2.0844309329986572
1365889998.748938,714.0243902439024,43.3,2.069711685180664
1365889999.0263019,840.2439024390244,43.3,2.051788568496704
1365889999.282182,890.8536585365854,44.4,2.0463027954101562
1365889999.5391731,672.5609756097562,43.3,2.082102060317993
1365889999.818113,868.9024390243902,44.4,2.0495331287384033
1365890000.0767539,781.0975609756098,44.4,2.0516839027404785
1365890000.335718,885.9756097560976,44.4,2.075504779815674
1365890000.6150668,1114.6341463414635,44.4,2.047060489654541
1365890000.872917,793.2926829268293,44.4,2.0485098361968994
1365890001.130931,892.0731707317074,44.4,2.066141366958618
1365890001.405619,841.4634146341463,43.9,2.0650265216827393
1365890001.6653178,909.1463414634146,44.4,2.0594213008880615
1365890001.925876,769.5121951219512,43.9,2.0667879581451416
1365890002.192011,717.0731707317073,43.3,2.0749762058258057
1365890002.4669209,990.8536585365854,44.4,2.046879529953003
1365890002.722185,762.1951219512196,44.4,2.0477330684661865
1365890002.97943,863.4146341463414,44.4,2.0882456302642822
1365890003.254425,779.2682926829268,43.9,2.048308849334717
1365890003.509121,1073.1707317073171,44.4,2.0769712924957275
1365890003.7662778,784.1463414634146,44.4,2.171792507171631
1365890004.032209,739.0243902439024,43.3,2.0703043937683105
1365890004.31164,812.1951219512194,44.4,2.0503385066986084
1365890004.5671349,968.9024390243902,44.4,2.0514705181121826
1365890004.822521,735.3658536585366,44.4,2.0742383003234863
1365890005.10377,815.2439024390243,44.4,2.046482563018799
1365890005.359699,1032.9268292682927,44.4,2.0455973148345947
1365890005.615818,902.439024390244,43.9,2.0629830360412598
1365890005.887216,784.1463414634146,43.3,2.070075750350952
1365890006.164316,954.2682926829268,43.9,2.050619125366211
1365890006.4246268,796.3414634146342,44.4,2.0560801029205322
1365890006.6845288,719.5121951219512,43.9,2.069610357284546
1365890006.9606662,884.1463414634146,44.4,2.046846866607666
1365890007.217912,782.3170731707318,44.4,2.048513889312744
1365890007.472956,735.3658536585366,43.9,2.071411609649658
1365890007.754376,795.1219512195122,43.9,2.1322267055511475
1365890008.0122209,965.2439024390244,44.4,2.0480494499206543
1365890008.26987,937.8048780487804,44.4,2.0886499881744385
1365890008.546796,865.2439024390244,44.4,2.045929431915283
1365890008.8035011,939.0243902439024,43.9,2.047096014022827
1365890009.059979,946.3414634146341,44.4,2.0606021881103516
1365890009.33071,717.0731707317073,43.3,2.0716230869293213
1365890009.6075032,926.219512195122,43.9,2.224885940551758
1365890009.861114,1619.5121951219514,44.4,2.0498862266540527
1365890010.1209679,654.2682926829268,43.9,2.075343370437622
1365890010.405555,839.0243902439024,44.4,2.0514719486236572
1365890010.660613,971.951219512195,43.9,2.0487470626831055
1365890010.919446,712.1951219512194,43.3,2.0691232681274414
1365890011.198892,965.8536585365854,44.4,2.048632860183716
1365890011.4555972,1043.2926829268292,44.4,2.0516552925109863
1365890011.714318,871.9512195121952,44.4,2.068071126937866
1365890011.992813,832.3170731707316,44.4,2.044933795928955
1365890012.2482681,845.1219512195122,44.4,2.088196277618408
1365890012.5015092,1051.8292682926829,44.4,2.079448699951172
1365890012.762193,733.5365853658536,43.3,2.0775389671325684
1365890013.040382,975.0,44.4,2.0560696125030518
1365890013.296198,882.9268292682926,44.4,2.0482873916625977
1365890013.550636,767.0731707317074,43.3,2.0783281326293945
1365890013.830747,835.9756097560976,43.9,2.0468268394470215
1365890014.087598,984.1463414634146,44.4,2.0517454147338867
1365890014.3436868,838.4146341463414,44.4,2.061432361602783
1365890014.614274,714.0243902439024,43.3,2.118370532989502
1365890014.890707,948.170731707317,44.4,2.0498838424682617
1365890015.144524,788.4146341463415,44.4,2.0520408153533936
1365890015.403853,906.0975609756098,44.4,2.0746819972991943
1365890015.678932,1037.8048780487804,44.4,2.0467329025268555
1365890015.935955,940.8536585365853,44.4,2.049886703491211
1365890016.190144,885.3658536585366,43.9,2.050220251083374
1365890016.450021,739.0243902439024,43.3,2.121569871902466
1365890016.731136,929.2682926829269,44.4,2.075495958328247
1365890016.987058,1178.0487804878048,44.4,2.0933187007904053
1365890017.243262,720.1219512195122,43.3,2.120884656906128
1365890017.522957,825.0,43.9,2.0477135181427
1365890017.7805362,843.2926829268292,44.4,2.04943585395813
1365890018.034098,929.8780487804878,44.4,2.0730276107788086
1365890018.313313,932.3170731707318,44.4,2.0472238063812256
1365890018.568019,1421.3414634146343,44.4,2.049238443374634
1365890018.823808,915.2439024390244,43.9,2.0686254501342773
1365890019.087959,1193.90243902439,43.3,2.075195074081421
1365890019.369055,914.0243902439024,44.4,2.050431251525879
1365890019.6241012,758.5365853658536,44.4,2.045743227005005
1365890019.878659,866.4634146341464,43.3,2.0665526390075684
1365890020.1454542,721.3414634146342,43.9,2.0665388107299805
1365890020.419468,821.3414634146341,44.4,2.0466458797454834
1365890020.674858,912.1951219512196,44.4,2.0448415279388428
1365890020.930673,1026.8292682926829,44.4,2.079880714416504
1365890021.2066329,925.0,44.4,2.0487639904022217
1365890021.462819,957.3170731707316,44.4,2.047778606414795
1365890021.721387,959.1463414634146,43.9,2.064785957336426
1365890021.993786,709.1463414634146,43.3,2.0720467567443848
1365890022.269034,945.1219512195122,44.4,2.0507407188415527
1365890022.523468,896.3414634146342,43.9,2.0463597774505615
1365890022.77712,747.560975609756,43.9,2.0675859451293945
1365890023.052829,778.048780487805,44.4,2.0510995388031006
1365890023.30619,771.3414634146342,44.4,2.0490503311157227
1365890023.559933,932.9268292682927,44.4,2.0632147789001465
1365890023.83037,1139.0243902439024,44.4,2.0490305423736572
1365890024.085504,846.951219512195,44.4,2.0447258949279785
1365890024.3403468,885.3658536585366,44.4,2.04753041267395
1365890024.5972962,868.9024390243902,43.9,2.0716779232025146
1365890024.87465,945.1219512195122,43.9,2.0492050647735596
1365890025.1285608,816.4634146341463,44.4,2.0457231998443604
1365890025.383261,946.951219512195,44.4,2.05910062789917
1365890025.651306,719.5121951219512,43.3,2.077354669570923
1365890025.929939,805.4878048780488,44.4,2.055035352706909
1365890026.18577,877.439024390244,44.4,2.0498454570770264
1365890026.439476,734.1463414634146,43.9,2.1117820739746094
1365890026.723702,982.9268292682926,43.9,2.045518159866333
1365890026.9796531,756.0975609756098,44.4,2.0762364864349365
1365890027.234117,810.9756097560976,43.3,2.064715623855591
1365890027.510189,946.3414634146341,44.4,2.049910068511963
1365890027.76393,828.0487804878048,44.4,2.0455570220947266
1365890028.020283,884.1463414634146,44.4,2.0503828525543213
1365890028.2814028,695.1219512195122,44.4,2.071756601333618
1365890028.556486,885.9756097560976,44.4,2.064770221710205
1365890028.8097851,913.4146341463415,44.4,2.118396043777466
1365890029.065792,781.0975609756098,43.3,2.0681540966033936
1365890029.342767,770.1219512195122,43.9,2.0469045639038086
1365890029.5972118,985.9756097560976,44.4,2.0495195388793945
1365890029.851476,814.0243902439024,44.4,2.081535577774048
1365890030.1134741,691.4634146341463,43.9,2.0689516067504883
1365890030.38847,918.2926829268293,43.9,2.058800220489502
1365890030.642273,1218.9024390243903,43.9,2.109818458557129
1365890030.8975081,1665.2439024390244,44.4,2.076157808303833
1365890031.173571,816.4634146341463,44.4,2.083822727203369
1365890031.4295738,962.8048780487804,44.4,2.068206548690796
1365890031.6842592,807.9268292682927,44.4,2.0569474697113037
1365890031.946663,738.4146341463414,43.9,2.0890049934387207
1365890032.2233028,800.0,43.9,2.060032367706299
1365890032.4782531,971.3414634146342,44.4,2.0565123558044434
1365890032.7347698,726.219512195122,44.4,2.0711231231689453
1365890033.0135229,1709.1463414634147,44.4,2.0502395629882812
1365890033.2674491,796.9512195121952,43.9,2.048652410507202
1365890033.520801,818.2926829268292,43.3,2.064466953277588
1365890033.788355,791.4634146341464,43.3,2.0736258029937744
1365890034.066206,898.1707317073171,44.4,2.045644760131836
1365890034.3223522,764.0243902439024,44.4,2.048692226409912
1365890034.5812638,733.5365853658536,43.3,2.0686140060424805
1365890034.860042,785.9756097560976,44.4,2.0639264583587646
1365890035.116277,850.0,44.4,2.061563730239868
1365890035.373248,848.170731707317,44.4,2.0709428787231445
1365890035.648015,857.9268292682926,44.4,2.075269937515259
1365890035.904992,877.439024390244,44.4,2.048480987548828
1365890036.158314,840.2439024390244,43.9,2.0759782791137695
1365890036.4331572,807.9268292682927,44.4,2.0472350120544434
1365890036.690271,951.8292682926829,44.4,2.0623552799224854
1365890036.948214,830.4878048780488,44.4,2.0501112937927246
1365890037.20343,731.0975609756098,43.3,2.0758745670318604
1365890037.4851232,785.3658536585366,44.4,2.079580307006836
1365890037.7416372,1156.7073170731708,44.4,2.049543619155884
1365890037.99581,769.5121951219512,44.4,2.065480947494507
1365890038.27122,920.1219512195122,44.4,2.057873249053955
1365890038.530713,928.048780487805,44.4,2.0533323287963867
1365890038.788367,956.0975609756097,43.9,2.058361768722534
1365890039.05818,726.219512195122,44.4,2.070528984069824
1365890039.3388958,913.4146341463415,43.9,2.0516510009765625
1365890039.601393,787.1951219512196,44.4,2.045198917388916
1365890039.8576372,704.2682926829268,43.9,2.0909855365753174
1365890040.138744,973.170731707317,44.4,2.0535874366760254
1365890040.400775,862.1951219512194,43.9,2.049560785293579
1365890040.658478,1137.8048780487804,43.3,2.0744681358337402
1365890040.935262,1309.7560975609756,44.4,2.048785448074341
1365890041.193024,990.8536585365854,44.4,2.0485806465148926
1365890041.4496052,942.0731707317073,44.4,2.0645558834075928
1365890041.7209759,785.3658536585366,44.4,2.082090139389038
1365890042.0047889,1146.9512195121952,43.9,2.056631326675415
1365890042.258259,940.2439024390243,44.4,2.0446557998657227
1365890042.5141592,738.4146341463414,43.9,2.1470327377319336
1365890042.7894468,954.8780487804878,44.4,2.6680378913879395
1365890043.045362,754.2682926829268,44.4,2.4170172214508057
1365890043.299681,784.1463414634146,43.3,2.1704328060150146
1365890043.5679622,742.0731707317074,43.9,2.068646192550659
1365890043.847601,943.2926829268292,43.3,2.043262243270874
1365890044.101717,954.8780487804878,44.4,2.0460145473480225
1365890044.357562,729.2682926829268,43.3,2.0733230113983154
1365890044.635808,771.3414634146342,44.4,2.0498452186584473
1365890044.8905191,907.3170731707318,44.4,2.0506064891815186
1365890045.146146,934.1463414634147,43.3,2.0702970027923584
1365890045.419584,1050.0,44.4,2.0525996685028076
1365890045.674399,854.2682926829268,44.4,2.0514461994171143
1365890045.9291542,842.0731707317073,44.4,2.053056240081787
1365890046.1864471,730.4878048780488,43.9,2.074615240097046
1365890046.4713368,962.8048780487804,44.4,2.0523245334625244
1365890046.729517,785.9756097560976,44.4,2.0459117889404297
1365890046.985257,902.439024390244,44.4,2.0581576824188232
1365890047.2481449,669.5121951219512,43.3,2.0760655403137207
1365890047.525682,1032.9268292682927,44.4,2.0475776195526123
1365890047.783562,776.219512195122,44.4,2.0511059761047363
1365890048.039696,755.4878048780488,44.4,2.0704357624053955
1365890048.314548,821.951219512195,44.4,2.048131227493286
1365890048.567775,823.170731707317,43.9,2.0561866760253906
1365890048.823143,823.170731707317,44.4,2.061793327331543
1365890049.09022,725.0,43.9,2.095951557159424
1365890049.3667269,863.4146341463414,44.4,2.1453964710235596
1365890049.6232698,910.3658536585366,44.4,2.0530903339385986
1365890049.878114,730.4878048780488,44.4,2.0677969455718994
1365890050.156092,832.9268292682926,44.4,2.0489628314971924
1365890050.409703,1201.829268292683,44.4,2.046555757522583
1365890050.664259,909.1463414634146,43.9,2.065669059753418
1365890050.938538,789.0243902439024,44.4,2.0485787391662598
1365890051.196699,1009.7560975609756,44.4,2.0456387996673584
1365890051.4533608,875.0,44.4,2.050873279571533
1365890051.715573,736.5853658536586,43.3,2.0854716300964355
1365890051.994539,803.048780487805,44.4,2.0714213848114014
1365890052.2497149,890.2439024390244,44.4,2.045311689376831
1365890052.506492,743.2926829268292,43.9,2.0746889114379883
1365890052.7793121,810.9756097560976,44.4,2.071333646774292
1365890053.035774,829.2682926829268,44.4,2.0455281734466553
