1365889749.8003173,111.200005,1.358949899673462
1365889750.0175035,108.800003,1.3247628211975098
1365889750.2019725,110.400002,1.3483178615570068
1365889750.4024856,107.200005,1.3524518013000488
1365889750.6050215,104.800003,1.2480804920196533
1365889750.8035793,449.600006,1.2354035377502441
1365889751.0033429,111.200005,1.7229039669036865
1365889751.2026093,111.200005,1.526301383972168
1365889751.404406,116.800003,1.3873310089111328
1365889751.6022537,110.400002,1.2155444622039795
1365889751.8047452,112.800003,1.5825304985046387
1365889752.008492,110.400002,1.3828086853027344
1365889752.217707,110.400002,1.1935365200042725
1365889752.4078827,116.800003,1.164457082748413
1365889752.6025834,110.400002,1.160982608795166
1365889752.805565,115.200005,1.16141939163208
1365889753.0036392,106.400002,1.1945271492004395
1365889753.2233424,107.200005,1.3950932025909424
1365889753.5445125,106.400002,1.4675557613372803
1365889753.6086347,112.800003,1.4098553657531738
1365889753.8048558,106.400002,1.3034777641296387
1365889754.0111928,107.200005,1.218576431274414
1365889754.2047012,110.400002,1.1650431156158447
1365889754.4070787,108.800003,1.1599974632263184
1365889754.603624,111.200005,1.1661508083343506
1365889754.8031883,110.400002,1.242107629776001
1365889755.0123878,112.800003,1.1662516593933105
1365889755.232123,112.800003,1.1558489799499512
1365889755.4038007,111.200005,1.1578891277313232
1365889755.6117432,114.400002,1.2225065231323242
1365889755.8038082,112.800003,1.2024462223052979
1365889756.004083,108.800003,1.2032780647277832
1365889756.2037153,108.800003,1.1572868824005127
1365889756.412924,111.200005,1.1580135822296143
1365889756.6062002,110.400002,1.1625545024871826
1365889756.803806,108.800003,1.2073583602905273
1365889757.003635,111.200005,1.1613783836364746
1365889757.205297,111.200005,1.1531150341033936
1365889757.4046807,110.400002,1.1605701446533203
1365889757.6514974,116.800003,1.1550045013427734
1365889757.8031652,106.400002,1.18389892578125
1365889758.006059,114.400002,1.1530733108520508
1365889758.208562,107.200005,1.1556341648101807
1365889758.4229615,106.400002,1.1620440483093262
1365889758.6096795,108.800003,1.4454834461212158
1365889758.805587,106.400002,1.271557331085205
1365889759.0035517,108.800003,1.172234058380127
1365889759.2074926,110.400002,1.1987049579620361
1365889759.4118176,108.800003,1.199911117553711
1365889759.621009,108.800003,1.1698341369628906
1365889759.817661,108.800003,1.1705989837646484
1365889760.005057,111.200005,1.1520073413848877
1365889760.2040126,111.200005,1.222508430480957
1365889760.4048846,112.800003,1.3062362670898438
1365889760.6043851,107.200005,1.492262601852417
1365889760.8040998,110.400002,1.2946207523345947
1365889761.005514,108.800003,1.1613054275512695
1365889761.2046065,110.400002,1.1614770889282227
1365889761.4038541,110.400002,1.1791470050811768
1365889761.6122994,111.200005,1.1635541915893555
1365889761.8035808,108.800003,1.2294209003448486
1365889762.0044117,112.800003,1.224120855331421
1365889762.2080948,111.200005,1.2137982845306396
1365889762.411594,114.400002,1.1663949489593506
1365889762.6076548,112.800003,1.2184553146362305
1365889762.8135848,111.200005,1.16749906539917
1365889763.0062737,110.400002,1.2661972045898438
1365889763.2129405,111.200005,1.2720153331756592
1365889763.4068878,108.800003,1.2010478973388672
1365889763.6063073,104.800003,1.192762851715088
1365889763.8112805,416.800018,1.2756268978118896
1365889764.0062163,106.400002,1.7431273460388184
1365889764.206068,107.200005,1.5466773509979248
1365889764.4061742,107.200005,1.353320837020874
1365889764.6063607,368.000000,1.1770241260528564
1365889764.8060932,110.400002,1.1587533950805664
1365889765.0106163,108.800003,1.272878646850586
1365889765.2057154,110.400002,1.2108802795410156
1365889765.4083877,110.400002,1.1591017246246338
1365889765.605931,110.400002,1.1538074016571045
1365889765.8094127,110.400002,1.1520779132843018
1365889766.0119689,111.200005,1.1565887928009033
1365889766.2071996,108.800003,1.2342514991760254
1365889766.4143376,111.200005,1.1524529457092285
1365889766.611896,108.800003,1.1669373512268066
1365889766.811571,112.800003,1.226743459701538
1365889767.0092442,110.400002,1.2068636417388916
1365889767.2093053,110.400002,1.163099765777588
1365889767.4123847,108.800003,1.2000083923339844
1365889767.6092281,107.200005,1.1677453517913818
1365889767.8122246,104.800003,1.2319295406341553
1365889768.009095,104.800003,1.5879697799682617
1365889768.2095942,449.600006,1.389758825302124
1365889768.4105372,111.200005,1.2227237224578857
1365889768.6097062,111.200005,1.3523221015930176
1365889768.8099482,112.800003,1.5984148979187012
1365889769.0097625,111.200005,1.4010536670684814
1365889769.2126992,111.200005,1.2456755638122559
1365889769.4099116,112.800003,1.1744544506072998
1365889769.6161125,112.800003,1.726597785949707
1365889769.813135,110.400002,1.5342206954956055
1365889770.0155442,115.200005,1.333465576171875
1365889770.2101433,112.800003,1.1567184925079346
1365889770.4092944,110.400002,1.19254469871521
1365889770.6120648,112.800003,2.4480466842651367
1365889770.8131342,114.400002,2.2536816596984863
1365889771.0500655,111.200005,2.023103713989258
1365889771.2096922,114.400002,1.869964838027954
1365889771.4095004,111.200005,1.6798279285430908
1365889771.6091359,111.200005,1.4917776584625244
1365889771.8147807,111.200005,1.301652431488037
1365889772.016903,111.200005,1.1576554775238037
1365889772.210868,110.400002,1.1861498355865479
1365889772.4204254,107.200005,1.1628196239471436
1365889772.6111007,108.800003,1.1574246883392334
1365889772.8118691,114.400002,1.1843299865722656
1365889773.0123158,110.400002,1.5017070770263672
1365889773.2148864,111.200005,1.3020570278167725
1365889773.4116967,112.800003,1.315885066986084
1365889773.611702,111.200005,1.185182809829712
1365889773.814796,111.200005,1.2163746356964111
1365889774.012,110.400002,1.163980484008789
1365889774.2117922,110.400002,1.1581406593322754
1365889774.4130201,114.400002,1.1714138984680176
1365889774.6113741,110.400002,1.2535719871520996
1365889774.811923,111.200005,1.157050371170044
1365889775.0183134,112.800003,1.1742124557495117
1365889775.2132993,110.400002,1.1519536972045898
1365889775.412745,110.400002,1.1668307781219482
1365889775.613141,104.800003,1.7658820152282715
1365889775.8112907,110.400002,1.5801019668579102
1365889776.01355,112.800003,1.384216070175171
1365889776.211263,111.200005,1.2003788948059082
1365889776.420608,114.400002,1.203979730606079
1365889776.6112623,111.200005,1.162410020828247
1365889776.8114765,111.200005,1.189107894897461
1365889777.013119,112.800003,1.1759660243988037
1365889777.2108748,110.400002,1.3505046367645264
1365889777.450835,115.200005,1.2431294918060303
1365889777.6159403,112.800003,1.5030341148376465
1365889777.8133404,111.200005,1.3078007698059082
1365889778.0137267,112.800003,1.199413537979126
1365889778.214566,110.400002,1.175600290298462
1365889778.420834,112.800003,1.311542272567749
1365889778.6151505,111.200005,1.163480281829834
1365889778.8143697,111.200005,1.3889997005462646
1365889779.0178888,110.400002,1.252593755722046
1365889779.2155151,111.200005,1.1617209911346436
1365889779.4149997,110.400002,1.1683549880981445
1365889779.6155572,108.800003,1.2714614868164062
1365889779.8184092,111.200005,1.2564184665679932
1365889780.0162027,114.400002,1.153151273727417
1365889780.2168164,112.800003,1.1696560382843018
1365889780.418676,112.800003,1.1530394554138184
1365889780.619604,112.800003,1.2066826820373535
1365889780.8272886,110.400002,1.20430326461792
1365889781.0324256,112.800003,1.1551978588104248
1365889781.2353146,112.800003,1.1920690536499023
1365889781.41829,110.400002,1.1950366497039795
1365889781.617807,111.200005,1.2161550521850586
1365889781.8197687,110.400002,1.1789884567260742
1365889782.0197475,108.800003,1.1678669452667236
1365889782.2188945,107.200005,1.2192251682281494
1365889782.4191606,110.400002,1.2885429859161377
1365889782.6192822,110.400002,1.2889208793640137
1365889782.8198187,108.800003,1.273787260055542
1365889783.0205553,108.800003,1.2949965000152588
1365889783.230163,108.800003,1.3089210987091064
1365889783.4225774,108.800003,1.1648950576782227
1365889783.6214633,108.800003,1.1955370903015137
1365889783.8251204,110.400002,1.3235440254211426
1365889784.0278041,107.200005,1.189357042312622
1365889784.2217166,108.800003,1.213292121887207
1365889784.441878,103.200005,1.1592061519622803
1365889784.624692,107.200005,1.1660106182098389
1365889784.825526,108.800003,1.1654236316680908
1365889785.0218673,110.400002,1.1568703651428223
1365889785.2275271,110.400002,1.1505110263824463
1365889785.422311,111.200005,1.1680068969726562
1365889785.6241434,111.200005,1.185802936553955
1365889785.8484738,110.400002,1.2707326412200928
1365889786.0237288,110.400002,1.1511125564575195
1365889786.224159,112.800003,1.1660115718841553
1365889786.4231246,112.800003,1.1640870571136475
1365889786.6236422,110.400002,1.154510259628296
1365889786.82487,111.200005,1.1574902534484863
1365889787.0243256,114.400002,1.1615879535675049
1365889787.2233927,110.400002,1.1827280521392822
1365889787.424419,110.400002,1.1816737651824951
1365889787.6266618,110.400002,1.1608409881591797
1365889787.8342266,112.800003,1.3126890659332275
1365889788.033709,111.200005,1.179872989654541
1365889788.2250278,110.400002,1.1799330711364746
1365889788.4251044,110.400002,1.2074694633483887
1365889788.6255088,110.400002,1.1532673835754395
1365889788.825888,108.800003,1.1761796474456787
1365889789.0281355,111.200005,1.2086679935455322
1365889789.2344813,108.800003,1.1547672748565674
1365889789.4383411,108.800003,1.1512629985809326
1365889789.6245673,108.800003,1.1584627628326416
1365889789.825504,108.800003,1.1583080291748047
1365889790.0280392,107.200005,1.1671538352966309
1365889790.2330017,103.200005,1.2121679782867432
1365889790.4244664,106.400002,1.1700727939605713
1365889790.6253996,104.800003,1.2454330921173096
1365889790.829368,111.200005,1.1662909984588623
1365889791.0280888,112.800003,1.3088443279266357
1365889791.227486,108.800003,1.3519196510314941
1365889791.4305575,110.400002,1.238293170928955
1365889791.6281776,110.400002,1.1883230209350586
1365889791.828227,112.800003,1.2147548198699951
1365889792.0270076,111.200005,1.2374517917633057
1365889792.2294698,106.400002,1.2235677242279053
1365889792.4276762,106.400002,1.1944551467895508
1365889792.6273582,107.200005,1.159391164779663
1365889792.828228,110.400002,1.1537091732025146
1365889793.0274127,108.800003,1.161949872970581
1365889793.2286546,110.400002,1.1577279567718506
1365889793.4393618,107.200005,1.4219253063201904
1365889793.630054,110.400002,1.250990629196167
1365889793.8344965,110.400002,1.1564266681671143
1365889794.0321329,112.800003,1.155949354171753
1365889794.230544,110.400002,1.176027774810791
1365889794.4305542,107.200005,1.1606338024139404
1365889794.6312158,110.400002,1.1645944118499756
1365889794.8321862,110.400002,1.2123546600341797
1365889795.0318162,108.800003,1.1627857685089111
1365889795.231973,110.400002,1.1594758033752441
1365889795.4332252,108.800003,1.1639785766601562
1365889795.6373,108.800003,1.1526243686676025
1365889795.8382018,108.800003,1.1775126457214355
1365889796.0336108,108.800003,1.2138519287109375
1365889796.2319522,110.400002,1.179368019104004
1365889796.4332716,107.200005,1.1636567115783691
1365889796.6376758,107.200005,1.1616296768188477
1365889796.838081,108.800003,1.165278434753418
1365889797.0333128,107.200005,1.1623504161834717
1365889797.251952,110.400002,1.1610300540924072
1365889797.4332452,108.800003,1.150064468383789
1365889797.6373765,110.400002,1.1605567932128906
1365889797.845083,114.400002,1.2477738857269287
1365889798.0432103,111.200005,1.2175002098083496
1365889798.2371721,111.200005,1.1694138050079346
1365889798.4382923,116.800003,1.1675748825073242
1365889798.6347287,110.400002,1.1666359901428223
1365889798.8348534,110.400002,1.156146764755249
1365889799.034603,110.400002,1.1514017581939697
1365889799.2362032,110.400002,1.1718895435333252
1365889799.4351113,110.400002,1.1690418720245361
1365889799.6350386,110.400002,1.168497085571289
1365889799.8359776,110.400002,1.1605277061462402
1365889800.036326,108.800003,1.313650131225586
1365889800.2348392,110.400002,1.167773723602295
1365889800.4353619,110.400002,1.168285846710205
1365889800.6367238,108.800003,1.1570854187011719
1365889800.835451,111.200005,1.2375516891479492
1365889801.0417478,111.200005,1.1761410236358643
1365889801.2365284,108.800003,1.1652412414550781
1365889801.4422889,110.400002,1.2768397331237793
1365889801.6390116,110.400002,1.1549150943756104
1365889801.8379433,108.800003,1.2120234966278076
1365889802.039204,106.400002,1.2134671211242676
1365889802.248591,106.400002,1.180778980255127
1365889802.44277,108.800003,1.1521432399749756
1365889802.6413727,110.400002,1.1558876037597656
1365889802.8401701,111.200005,1.229325771331787
1365889803.0642805,115.200005,1.1667101383209229
1365889803.240641,110.400002,1.16245698928833
1365889803.4416437,108.800003,1.1663177013397217
1365889803.6420393,108.800003,1.2074899673461914
1365889803.841727,110.400002,1.1598970890045166
1365889804.042588,111.200005,1.3151631355285645
1365889804.2418885,111.200005,1.1798808574676514
1365889804.4417167,111.200005,1.1812047958374023
1365889804.6433947,112.800003,1.163543462753296
1365889804.8422487,112.800003,1.1594316959381104
1365889805.0453491,120.800003,1.1600115299224854
1365889805.2435865,119.200005,1.158292293548584
1365889805.4465146,111.200005,1.1856238842010498
1365889805.6447465,114.400002,1.1592693328857422
1365889805.88972,112.800003,2.5672144889831543
1365889806.0464764,112.800003,2.417827606201172
1365889806.2489216,112.800003,2.2255666255950928
1365889806.446997,114.400002,2.03566837310791
1365889806.645395,120.800003,1.8468072414398193
1365889806.844912,115.200005,1.6507530212402344
1365889807.0421717,112.800003,1.4590654373168945
1365889807.2457795,112.800003,1.2583975791931152
1365889807.4445379,447.200012,1.1621668338775635
1365889807.641724,112.800003,1.1498336791992188
1365889808.0797703,112.800003,1.2069084644317627
1365889808.1106336,110.400002,1.2298552989959717
1365889808.241656,115.200005,1.168762445449829
1365889808.4652016,111.200005,1.1631720066070557
1365889808.642047,111.200005,1.1696054935455322
1365889808.8492517,110.400002,1.157897710800171
1365889809.0444634,110.400002,1.176408290863037
1365889809.2478735,111.200005,1.1824767589569092
1365889809.4417639,120.800003,1.1769318580627441
1365889809.666714,111.200005,1.2675302028656006
1365889809.8459327,120.800003,1.163304090499878
1365889810.0457714,111.200005,1.1656737327575684
1365889810.2589514,112.800003,1.1542985439300537
1365889810.4415832,112.800003,1.1606345176696777
1365889810.6443946,108.800003,1.1684801578521729
1365889810.8534513,107.200005,1.1538240909576416
1365889811.0434377,108.800003,1.1563234329223633
1365889811.241656,108.800003,1.219480037689209
1365889811.44802,108.800003,1.159350872039795
1365889811.6416888,106.400002,1.3127353191375732
1365889811.8441474,108.800003,1.172433614730835
1365889812.041742,108.800003,1.178819179534912
1365889812.2414274,111.200005,1.1574831008911133
1365889812.441703,106.400002,1.1516587734222412
1365889812.6586616,107.200005,1.15970778465271
1365889812.8422468,107.200005,1.183445692062378
1365889813.041554,107.200005,1.1711852550506592
1365889813.2482328,107.200005,1.1673901081085205
1365889813.4420736,106.400002,1.2392675876617432
1365889813.6428015,107.200005,1.317025899887085
1365889813.8428423,106.400002,1.2238147258758545
1365889814.0468352,111.200005,1.2151892185211182
1365889814.2439773,111.200005,1.244635820388794
1365889814.4440556,111.200005,1.3278627395629883
1365889814.6475172,115.200005,1.2407233715057373
1365889814.844904,110.400002,1.1670045852661133
1365889815.0448904,114.400002,1.1643762588500977
1365889815.2446682,110.400002,1.3227550983428955
1365889815.448495,110.400002,1.166944980621338
1365889815.6487,114.400002,1.1523897647857666
1365889815.8435779,107.200005,1.1582896709442139
1365889816.0566769,110.400002,1.1521053314208984
1365889816.2450678,108.800003,1.1628963947296143
1365889816.4450977,103.200005,1.1610043048858643
1365889816.645569,112.800003,1.158402442932129
1365889816.8530748,106.400002,1.1513075828552246
1365889817.0528312,110.400002,1.1692137718200684
1365889817.2476673,107.200005,1.1591153144836426
1365889817.44624,107.200005,1.1675431728363037
1365889817.6467898,110.400002,1.1738057136535645
1365889817.8461683,110.400002,1.2190229892730713
1365889818.0465913,111.200005,1.168583869934082
1365889818.24693,111.200005,1.1587848663330078
1365889818.4533217,111.200005,1.1528596878051758
1365889818.647942,110.400002,1.2050573825836182
1365889818.8470774,112.800003,1.2732012271881104
1365889819.0516496,110.400002,1.1564085483551025
1365889819.2506142,110.400002,1.3963282108306885
1365889819.4464283,107.200005,1.2215337753295898
1365889819.6474452,108.800003,1.1792197227478027
1365889819.850647,110.400002,1.1513645648956299
1365889820.0486028,108.800003,1.163048267364502
1365889820.248965,110.400002,1.156306505203247
1365889820.44823,110.400002,1.174731731414795
1365889820.6528556,111.200005,1.1550893783569336
1365889820.8502002,114.400002,1.1578404903411865
1365889821.0644295,137.600006,1.1589784622192383
1365889821.28384,115.200005,1.1528456211090088
1365889821.4495244,111.200005,1.1656827926635742
1365889821.648081,111.200005,1.1530780792236328
1365889821.8485067,111.200005,1.1540660858154297
1365889822.0493176,112.800003,1.1542139053344727
1365889822.2530904,110.400002,1.1774497032165527
1365889822.4506686,111.200005,1.160008430480957
1365889822.6494246,111.200005,1.159407138824463
1365889822.8515565,111.200005,1.2124552726745605
1365889823.0695195,112.800003,1.1831552982330322
1365889823.2524433,112.800003,1.1893317699432373
1365889823.4506407,108.800003,1.1643669605255127
1365889823.6525872,111.200005,1.1497395038604736
1365889823.8519711,106.400002,1.4410820007324219
1365889824.06526,110.400002,1.2330586910247803
1365889824.2589924,111.200005,1.1636054515838623
1365889824.4596634,106.400002,1.3570890426635742
1365889824.6544843,110.400002,1.3338963985443115
1365889824.8528795,104.800003,1.2418153285980225
1365889825.074296,110.400002,1.1692652702331543
1365889825.251836,103.200005,1.1733481884002686
1365889825.4519746,420.800018,1.1545746326446533
1365889825.6583774,107.200005,1.2169430255889893
1365889825.8525743,110.400002,1.218888759613037
1365889826.0521047,107.200005,1.1681432723999023
1365889826.25233,104.800003,1.1642093658447266
1365889826.4558265,108.800003,1.166038990020752
1365889826.652154,106.400002,1.2384955883026123
1365889826.8523657,111.200005,1.3358464241027832
1365889827.0521126,106.400002,1.241408109664917
1365889827.2567668,108.800003,1.1620829105377197
1365889827.4538746,106.400002,1.2147610187530518
1365889827.6539142,108.800003,1.17225980758667
1365889827.8572276,107.200005,1.1778345108032227
1365889828.0519564,108.800003,1.1558818817138672
1365889828.2520514,104.800003,1.1537554264068604
1365889828.4558716,107.200005,1.156327247619629
1365889828.6568003,108.800003,1.152165174484253
1365889828.852331,108.800003,1.1557962894439697
1365889829.0519426,110.400002,1.1726257801055908
1365889829.252086,108.800003,1.165539264678955
1365889829.4517372,110.400002,1.2249937057495117
1365889829.6630478,106.400002,1.1664361953735352
1365889829.8532372,114.400002,1.1549537181854248
1365889830.054798,107.200005,1.1517877578735352
1365889830.2518454,110.400002,1.1514642238616943
1365889830.4517128,104.800003,1.3740909099578857
1365889830.6523614,108.800003,1.4959630966186523
1365889830.8520203,107.200005,1.4815306663513184
1365889831.0520132,106.400002,1.2831571102142334
1365889831.2511482,110.400002,1.1603436470031738
1365889831.4516752,110.400002,1.1715400218963623
1365889831.6517675,110.400002,1.1935160160064697
1365889831.8541174,110.400002,1.2415533065795898
1365889832.05167,108.800003,1.1562237739562988
1365889832.2572114,107.200005,1.1525192260742188
1365889832.4515169,108.800003,1.1887340545654297
1365889832.651569,111.200005,1.191716194152832
1365889832.8511028,108.800003,1.151350975036621
1365889833.0517895,106.400002,1.1561555862426758
1365889833.252091,108.800003,1.1733055114746094
1365889833.4524617,112.800003,1.2619879245758057
1365889833.6595109,108.800003,1.1577887535095215
1365889833.8543947,106.400002,1.1531932353973389
1365889834.0540051,108.800003,1.1492819786071777
1365889834.2566638,108.800003,1.2269268035888672
1365889834.454939,108.800003,1.150791883468628
1365889834.6591384,107.200005,1.165466070175171
1365889834.8564153,106.400002,1.1504228115081787
1365889835.0617547,110.400002,1.2009475231170654
1365889835.2555864,108.800003,1.1639001369476318
1365889835.4564795,107.200005,1.208561897277832
1365889835.6571033,108.800003,1.176342248916626
1365889835.8553092,107.200005,1.1731929779052734
1365889836.0565274,108.800003,1.1816236972808838
1365889836.2553148,107.200005,1.1855988502502441
1365889836.4558485,108.800003,1.1724772453308105
1365889836.6553206,108.800003,1.1553010940551758
1365889836.8558717,107.200005,1.1524052619934082
1365889837.0559914,107.200005,1.1634011268615723
1365889837.2806003,123.200005,1.1495580673217773
1365889837.4558823,110.400002,1.2265429496765137
1365889837.6584256,120.800003,1.1748120784759521
1365889837.8591564,110.400002,1.217578411102295
1365889838.0562916,110.400002,1.1674880981445312
1365889838.2765963,110.400002,1.1696643829345703
1365889838.4563806,110.400002,1.154728889465332
1365889838.6568627,110.400002,1.152294635772705
1365889838.8572931,110.400002,1.1503612995147705
1365889839.0568721,110.400002,1.1665399074554443
1365889839.2632217,112.800003,1.1545612812042236
1365889839.4570873,111.200005,1.1546173095703125
1365889839.6593914,110.400002,1.181450605392456
1365889839.8586197,107.200005,1.2750768661499023
1365889840.0650525,108.800003,1.1520981788635254
1365889840.2599478,357.600006,1.1667428016662598
1365889840.4588816,108.800003,1.1607496738433838
1365889840.658006,110.400002,1.1528956890106201
1365889840.858764,111.200005,1.1494252681732178
1365889841.0595903,111.200005,1.1766417026519775
1365889841.2586753,115.200005,1.1571087837219238
1365889841.4591155,110.400002,1.1572434902191162
1365889841.6608179,110.400002,1.1894645690917969
1365889841.8595443,110.400002,1.223013162612915
1365889842.0600803,114.400002,1.1565513610839844
1365889842.262893,110.400002,1.2251684665679932
1365889842.4604163,112.800003,1.2439472675323486
1365889842.6671898,111.200005,1.2467262744903564
1365889842.9023895,402.399994,1.170252799987793
1365889843.060464,111.200005,1.1561827659606934
1365889843.2627316,106.400002,1.1590576171875
1365889843.4604237,106.400002,1.1757402420043945
1365889843.6630135,112.800003,1.1786024570465088
1365889843.8618255,110.400002,1.152259349822998
1365889844.0612657,111.200005,1.1678566932678223
1365889844.2748504,110.400002,1.1666886806488037
1365889844.4606972,114.400002,1.182844638824463
1365889844.6605551,111.200005,1.1595304012298584
1365889844.872107,114.400002,1.1525228023529053
1365889845.0604107,106.400002,1.1529924869537354
1365889845.2608647,110.400002,1.1634750366210938
1365889845.460757,112.800003,1.1785054206848145
1365889845.6614635,112.800003,1.1576900482177734
1365889845.8627663,112.800003,1.1518266201019287
1365889846.1637845,112.800003,1.3609981536865234
1365889846.2635937,115.200005,1.262794017791748
1365889846.470521,111.200005,1.1529746055603027
1365889846.6619022,111.200005,1.1692869663238525
1365889846.8626862,110.400002,1.1788814067840576
1365889847.0631902,104.800003,1.242753505706787
1365889847.2634854,110.400002,1.1722111701965332
1365889847.4647884,108.800003,1.1880502700805664
1365889847.6638234,110.400002,1.1632640361785889
1365889847.8680487,112.800003,1.2679576873779297
1365889848.064863,106.400002,1.1586146354675293
1365889848.2650766,108.800003,1.157829999923706
1365889848.465206,110.400002,1.153125524520874
1365889848.6722293,111.200005,1.158362627029419
1365889848.8697915,106.400002,1.1512911319732666
1365889849.0668592,106.400002,1.1672298908233643
1365889849.268423,114.400002,1.181666612625122
1365889849.4673471,108.800003,1.1682498455047607
1365889849.6678324,110.400002,1.2589259147644043
1365889849.997813,114.400002,1.2534825801849365
1365889850.0707257,112.800003,1.1815972328186035
1365889850.2697692,112.800003,1.1543245315551758
1365889850.4730213,115.200005,1.5210256576538086
1365889850.6736684,112.800003,1.7599694728851318
1365889850.9023998,110.400002,1.533268928527832
1365889851.0746655,108.800003,1.54142427444458
1365889851.2700913,108.800003,1.3474459648132324
1365889851.471853,108.800003,1.3828256130218506
1365889851.6729224,110.400002,1.1836199760437012
1365889851.8699193,110.400002,1.1982431411743164
1365889852.0822806,108.800003,1.1549015045166016
1365889852.2717578,110.400002,1.1695098876953125
1365889852.471242,108.800003,1.1586272716522217
1365889852.681446,108.800003,1.1595044136047363
1365889852.8779838,110.400002,1.1589813232421875
1365889853.0719469,107.200005,1.1537666320800781
1365889853.270899,108.800003,1.1683146953582764
1365889853.4720967,112.800003,1.1647953987121582
1365889853.6716523,106.400002,1.163538932800293
1365889853.8719223,106.400002,1.2011945247650146
1365889854.07308,104.800003,1.155825138092041
1365889854.2712843,104.800003,1.2416954040527344
1365889854.4730237,115.200005,1.1512227058410645
1365889854.6718552,106.400002,1.2393591403961182
1365889854.920996,106.400002,1.1688969135284424
1365889855.072819,110.400002,1.1569879055023193
1365889855.272851,111.200005,1.1630992889404297
1365889855.4734938,111.200005,1.2548530101776123
1365889855.674654,111.200005,1.1923763751983643
1365889855.8885176,107.200005,1.1663818359375
1365889856.0743668,106.400002,1.1614811420440674
1365889856.286923,115.200005,1.1554744243621826
1365889856.474684,108.800003,1.1720070838928223
1365889856.674294,106.400002,1.1556689739227295
1365889856.8737848,106.400002,1.1609070301055908
1365889857.0839314,108.800003,1.1545119285583496
1365889857.2764003,110.400002,1.2131738662719727
1365889857.4797564,112.800003,1.1552209854125977
1365889857.7678714,111.200005,1.182434320449829
1365889857.8769152,104.800003,1.1690618991851807
1365889858.0754526,110.400002,1.164780616760254
1365889858.276773,106.400002,1.1788337230682373
1365889858.4754984,111.200005,1.1570043563842773
1365889858.6760256,110.400002,1.1519651412963867
1365889858.8921373,111.200005,1.152334451675415
1365889859.0770648,115.200005,1.1541364192962646
1365889859.2784822,110.400002,1.15130615234375
1365889859.4794922,110.400002,1.1605956554412842
1365889859.6939118,120.800003,1.155912160873413
1365889859.87851,111.200005,1.1802735328674316
1365889860.0785105,111.200005,1.1562087535858154
1365889860.2790265,110.400002,1.155393362045288
1365889860.480562,104.800003,1.1537282466888428
1365889860.6805732,108.800003,1.1803593635559082
1365889860.8853164,110.400002,1.1514568328857422
1365889861.147325,108.800003,1.161698818206787
1365889861.280621,111.200005,1.1658649444580078
1365889861.4802616,111.200005,1.1997334957122803
1365889861.6816173,108.800003,1.1681084632873535
1365889861.8801658,108.800003,1.1962192058563232
1365889862.0805435,108.800003,1.1511704921722412
1365889862.2802804,107.200005,1.1719040870666504
1365889862.4818528,107.200005,1.1580712795257568
1365889862.6809509,106.400002,1.151827335357666
1365889862.882129,107.200005,1.2129828929901123
1365889863.0831761,107.200005,1.1501340866088867
1365889863.2858343,107.200005,1.1904103755950928
1365889863.4819517,106.400002,1.170253038406372
1365889863.6816783,111.200005,1.1849493980407715
1365889863.8921301,107.200005,1.3397893905639648
1365889864.0836682,106.400002,1.203873634338379
1365889864.2822392,108.800003,1.1672537326812744
1365889864.4822395,107.200005,1.2459604740142822
1365889864.6812418,104.800003,1.215531826019287
1365889864.8811831,111.200005,1.164168357849121
1365889865.0811791,110.400002,1.1765575408935547
1365889865.2912173,104.800003,1.1590478420257568
1365889865.4845238,111.200005,1.156522512435913
1365889865.683747,108.800003,1.1534628868103027
1365889865.8915892,120.800003,1.1560184955596924
1365889866.0838647,111.200005,1.154602289199829
1365889866.2854645,110.400002,1.1613962650299072
1365889866.4903827,111.200005,1.1635572910308838
1365889866.6839666,110.400002,1.1670806407928467
1365889866.8844218,107.200005,1.1644501686096191
1365889867.0853074,108.800003,1.1635749340057373
1365889867.2855816,107.200005,1.1847457885742188
1365889867.4853406,107.200005,1.2244470119476318
1365889867.691148,108.800003,1.150000810623169
1365889867.8865693,106.400002,1.1576085090637207
1365889868.0865974,107.200005,1.2002580165863037
1365889868.2869873,106.400002,1.1651630401611328
1365889868.4903834,111.200005,1.35152006149292
1365889868.687017,108.800003,1.2672536373138428
1365889868.8919723,108.800003,1.1600468158721924
1365889869.1383052,114.400002,1.1539008617401123
1365889869.2863846,108.800003,1.1591784954071045
1365889869.4903388,114.400002,1.1567442417144775
1365889869.6866083,108.800003,1.181013584136963
1365889869.8886392,110.400002,1.209324836730957
1365889870.098515,110.400002,1.152031421661377
1365889870.2887387,111.200005,1.1648719310760498
1365889870.4990747,110.400002,1.1530003547668457
1365889870.687061,111.200005,1.149782419204712
1365889870.8871047,110.400002,1.157074213027954
1365889871.0870125,111.200005,1.1748805046081543
1365889871.286438,111.200005,1.1494877338409424
1365889871.4908128,110.400002,1.1598970890045166
1365889871.6873446,110.400002,1.1659719944000244
1365889871.8879147,110.400002,1.289729118347168
1365889872.0904307,110.400002,1.1664724349975586
1365889872.2906947,112.800003,1.176896095275879
1365889872.4893584,108.800003,1.1545758247375488
1365889872.692514,107.200005,1.150444507598877
1365889872.890338,111.200005,1.159128189086914
1365889873.0906494,111.200005,1.1625030040740967
1365889873.2981982,110.400002,1.1551954746246338
1365889873.4906645,112.800003,1.4095470905303955
1365889873.6902447,114.400002,1.3335762023925781
1365889873.8949265,111.200005,1.2792282104492188
1365889874.1181343,110.400002,1.1549568176269531
1365889874.2918882,110.400002,1.1565587520599365
1365889874.492585,111.200005,1.2159409523010254
1365889874.6909003,110.400002,1.1624479293823242
1365889874.892065,111.200005,1.165036916732788
1365889875.091963,112.800003,1.1675865650177002
1365889875.2929773,110.400002,1.1642463207244873
1365889875.4939008,111.200005,1.1765544414520264
1365889875.6979852,108.800003,1.2070591449737549
1365889875.8959882,108.800003,1.1913220882415771
1365889876.1148446,108.800003,1.1561481952667236
1365889876.3053846,115.200005,2.651399850845337
1365889876.4957423,110.400002,2.467210292816162
1365889876.6951208,108.800003,2.2768609523773193
1365889876.899371,110.400002,2.079864501953125
1365889877.0950708,108.800003,1.8875117301940918
1365889877.2981977,107.200005,1.6889934539794922
1365889877.5017729,110.400002,1.4914851188659668
1365889877.733801,111.200005,1.268134355545044
1365889879.4044185,110.400002,1.1600139141082764
1365889879.4068682,110.400002,1.1585853099822998
1365889879.4078965,110.400002,1.158421277999878
1365889879.4092972,106.400002,1.1575872898101807
1365889879.4105947,110.400002,1.1568856239318848
1365889879.4114578,110.400002,1.1565442085266113
1365889879.4127321,108.800003,1.1558218002319336
1365889879.4142106,106.400002,1.160200595855713
1365889879.4972684,107.200005,1.1610865592956543
1365889879.6963007,108.800003,1.1878478527069092
1365889879.8984919,107.200005,1.164623498916626
1365889880.114586,108.800003,1.1603922843933105
1365889880.301207,110.400002,1.1610875129699707
1365889880.498357,110.400002,1.166928768157959
1365889880.7044249,114.400002,1.1693975925445557
1365889882.0214021,111.200005,1.1551513671875
1365889882.0243874,108.800003,1.162796974182129
1365889882.0259,110.400002,1.1621882915496826
1365889882.0277762,111.200005,1.1612794399261475
1365889882.0294385,108.800003,1.1605885028839111
1365889882.030787,108.800003,1.1603922843933105
1365889882.1004317,107.200005,1.1526143550872803
1365889882.3021374,110.400002,1.1516494750976562
1365889882.4996061,108.800003,1.1935195922851562
1365889882.714511,108.800003,1.1561846733093262
1365889882.9486272,111.200005,1.2401540279388428
1365889883.1018882,110.400002,1.1820757389068604
1365889883.3034687,114.400002,1.1553030014038086
1365889883.503163,223.199997,1.157763957977295
1365889883.6998537,110.400002,1.1627402305603027
1365889883.900463,106.400002,1.1666860580444336
1365889884.1096928,104.800003,1.1566641330718994
1365889884.3000302,112.800003,1.1695854663848877
1365889884.5000699,111.200005,1.187114953994751
1365889884.7004426,110.400002,1.1507599353790283
1365889884.9143925,110.400002,1.1784131526947021
1365889885.100806,110.400002,1.1818552017211914
1365889885.3060563,110.400002,1.1548268795013428
1365889885.5006397,108.800003,1.1824328899383545
1365889885.7004774,110.400002,1.1508362293243408
1365889885.9016519,112.800003,1.2494206428527832
1365889886.1037493,108.800003,1.1620709896087646
1365889886.3030744,110.400002,1.155914068222046
1365889886.5016286,108.800003,1.3784048557281494
1365889886.7016418,110.400002,1.195512294769287
1365889886.936362,110.400002,1.1729991436004639
1365889887.1017227,106.400002,1.1626758575439453
1365889887.301083,110.400002,1.1580240726470947
1365889887.5030963,111.200005,1.1488080024719238
1365889887.704399,112.800003,1.1797351837158203
1365889887.9123535,111.200005,1.1587557792663574
1365889888.1027763,110.400002,1.177473545074463
1365889888.3011458,110.400002,1.1523628234863281
1365889888.5022717,111.200005,1.167771816253662
1365889888.7016692,110.400002,1.170832633972168
1365889888.9038198,111.200005,1.169776439666748
1365889889.1030223,107.200005,1.1527769565582275
1365889889.3018124,112.800003,1.150444507598877
1365889889.502139,112.800003,1.149808406829834
1365889889.7025857,111.200005,1.1680352687835693
1365889889.908302,106.400002,1.1745250225067139
1365889890.1014626,112.800003,1.1601040363311768
1365889890.3026397,107.200005,1.156867265701294
1365889890.517405,111.200005,1.3522021770477295
1365889890.7042816,112.800003,1.1858735084533691
1365889890.9016216,111.200005,1.2701129913330078
1365889891.114295,110.400002,1.3315033912658691
1365889891.3035514,107.200005,1.1729261875152588
1365889891.5031278,108.800003,1.1593396663665771
1365889891.704422,107.200005,1.170973300933838
1365889891.904946,110.400002,1.19266676902771
1365889892.1037855,107.200005,1.163489580154419
1365889892.303457,108.800003,1.1586189270019531
1365889892.5045884,108.800003,1.1523544788360596
1365889892.7342665,120.800003,1.1702790260314941
1365889892.9044898,110.400002,1.205575942993164
1365889893.1053405,120.800003,1.1672115325927734
1365889893.3042,110.400002,1.1568329334259033
1365889893.5046866,110.400002,1.179152011871338
1365889893.7055688,110.400002,1.1649842262268066
1365889893.9320593,108.800003,1.162158727645874
1365889894.1070158,110.400002,1.1764304637908936
1365889894.3046517,112.800003,1.1597917079925537
1365889894.506644,112.800003,1.1834759712219238
1365889894.7111604,114.400002,1.2038638591766357
1365889894.9143503,111.200005,1.1639363765716553
1365889895.1049244,111.200005,1.1518306732177734
1365889895.3232284,110.400002,1.1640620231628418
1365889895.5065742,110.400002,1.2422528266906738
1365889895.7095754,108.800003,1.2017755508422852
1365889895.9100766,110.400002,1.182558298110962
1365889896.1096072,112.800003,1.1661615371704102
1365889896.310288,108.800003,1.2414004802703857
1365889896.5081751,111.200005,1.28009033203125
1365889896.7094386,112.800003,1.1592323780059814
1365889896.9158306,111.200005,1.1625404357910156
1365889897.1094666,112.800003,1.1885883808135986
1365889897.3084245,114.400002,1.1666178703308105
1365889897.5098803,111.200005,1.1828210353851318
1365889897.7097003,111.200005,1.1908316612243652
1365889897.9127755,106.400002,1.15901517868042
1365889898.1107664,106.400002,1.1526272296905518
1365889898.3143728,107.200005,1.1725356578826904
1365889898.5163596,108.800003,1.1501455307006836
1365889898.7133305,106.400002,1.154634714126587
1365889898.9188669,110.400002,1.1561634540557861
1365889899.1111176,107.200005,1.162489652633667
1365889899.3130915,111.200005,1.1585512161254883
1365889899.5101602,112.800003,1.1508815288543701
1365889899.7106411,112.800003,1.152129888534546
1365889899.9104645,114.400002,1.167292833328247
1365889900.1131237,114.400002,1.1575210094451904
1365889900.3101642,112.800003,1.1670470237731934
1365889900.5113997,111.200005,1.1563286781311035
1365889900.711204,110.400002,1.152266502380371
1365889900.9280279,110.400002,1.1712071895599365
1365889901.1116815,111.200005,1.1901257038116455
1365889901.311315,111.200005,1.1614813804626465
1365889901.5137613,106.400002,1.169621467590332
1365889901.716383,107.200005,1.1583967208862305
1365889901.9427361,107.200005,1.179478645324707
1365889902.1124444,108.800003,1.1743314266204834
1365889902.3120482,108.800003,1.16200852394104
1365889902.513025,110.400002,1.1670265197753906
1365889902.7152026,107.200005,1.17063570022583
1365889902.935165,108.800003,1.1934163570404053
1365889903.112199,110.400002,1.1494121551513672
1365889903.312928,108.800003,1.1522376537322998
1365889903.514844,107.200005,1.1650149822235107
1365889903.7126236,111.200005,1.159074306488037
1365889903.9353647,110.400002,1.1558949947357178
1365889904.1147647,111.200005,1.1665849685668945
1365889904.3141682,112.800003,1.1653475761413574
1365889904.5123417,112.800003,1.1607410907745361
1365889904.7152128,110.400002,1.1758973598480225
1365889904.9246817,112.800003,1.1614091396331787
1365889905.1150157,110.400002,1.1577045917510986
1365889905.313212,111.200005,1.1540064811706543
1365889905.5197022,111.200005,1.1648201942443848
1365889905.712542,110.400002,1.1536786556243896
1365889905.912344,112.800003,1.1769523620605469
1365889906.11754,112.800003,1.1555254459381104
1365889906.3117778,112.800003,1.2379226684570312
1365889906.5123754,111.200005,1.156937599182129
1365889906.713718,342.399994,1.158876657485962
1365889906.9126399,111.200005,1.1850881576538086
1365889907.1118035,104.800003,1.1594791412353516
1365889907.3178635,111.200005,1.172349452972412
1365889907.5131285,112.800003,1.1642858982086182
1365889907.713623,111.200005,1.1665048599243164
1365889907.9148386,112.800003,1.1758666038513184
1365889908.1145258,111.200005,1.1655290126800537
1365889908.318471,115.200005,1.178492784500122
1365889908.5178256,120.800003,1.1813395023345947
1365889908.7135983,114.400002,1.1630868911743164
1365889908.9150472,110.400002,1.1809887886047363
1365889909.1178539,106.400002,1.1647558212280273
1365889909.3150563,107.200005,1.1666347980499268
1365889909.5305188,110.400002,1.1705331802368164
1365889909.7236898,115.200005,1.1668217182159424
1365889909.9162781,111.200005,1.1857681274414062
1365889910.1252656,108.800003,1.15989351272583
1365889910.3133407,110.400002,1.1731934547424316
1365889910.5166175,110.400002,1.1714448928833008
1365889910.7147803,111.200005,1.166128158569336
1365889910.9149728,108.800003,1.1611504554748535
1365889911.1212904,110.400002,1.2848312854766846
1365889911.3211927,110.400002,1.1927766799926758
1365889911.5166106,108.800003,1.1797635555267334
1365889911.7226737,111.200005,1.1553621292114258
1365889911.9214027,110.400002,1.18953275680542
1365889912.1370113,108.800003,1.1497066020965576
1365889912.3228214,108.800003,1.1509764194488525
1365889912.5156174,108.800003,1.1509811878204346
1365889912.719058,111.200005,1.169358491897583
1365889912.9167352,108.800003,1.164649486541748
1365889913.1165476,107.200005,1.160041332244873
1365889913.3160238,103.200005,1.1603589057922363
1365889913.519087,107.200005,1.1601369380950928
1365889913.7190893,108.800003,1.1619126796722412
1365889913.917875,107.200005,1.2848222255706787
1365889914.118977,108.800003,1.1603412628173828
1365889914.317374,108.800003,1.1908433437347412
1365889914.5170383,106.400002,1.1710376739501953
1365889914.7168636,106.400002,1.1620550155639648
1365889914.9165168,106.400002,1.171440839767456
1365889915.1178236,106.400002,1.1644084453582764
1365889915.3162868,106.400002,1.149975061416626
1365889915.5168433,108.800003,1.3400897979736328
1365889915.7183485,110.400002,1.2551236152648926
1365889915.9196844,107.200005,1.1520490646362305
1365889916.116031,107.200005,1.1708431243896484
1365889916.317209,111.200005,1.1496381759643555
1365889916.5216022,111.200005,1.1719563007354736
1365889916.717108,106.400002,1.2554314136505127
1365889916.9183161,106.400002,1.1691210269927979
1365889917.1260803,110.400002,1.1519033908843994
1365889917.3192747,108.800003,1.3390443325042725
1365889917.5176392,108.800003,1.1855013370513916
1365889917.7198982,112.800003,1.150491714477539
1365889917.917453,110.400002,1.1646580696105957
1365889918.1271713,110.400002,1.154322624206543
1365889918.319478,110.400002,1.1581535339355469
1365889918.5186605,111.200005,1.1585798263549805
1365889918.7205164,111.200005,1.211202621459961
1365889918.9198608,111.200005,1.2517309188842773
1365889919.1195197,119.200005,1.1724717617034912
1365889919.3401794,110.400002,1.1516010761260986
1365889919.522447,110.400002,1.1656877994537354
1365889919.7282438,110.400002,1.1512398719787598
1365889919.9185374,108.800003,1.172438621520996
1365889920.138801,114.400002,1.1588518619537354
1365889920.3201165,111.200005,1.156630039215088
1365889920.5223916,112.800003,1.1765921115875244
1365889920.7198627,112.800003,1.1700735092163086
1365889920.921831,111.200005,1.1840412616729736
1365889921.126485,110.400002,1.1526565551757812
1365889921.3207164,110.400002,1.3327593803405762
1365889921.520353,110.400002,1.275716781616211
1365889921.7213442,112.800003,1.1559815406799316
1365889921.928184,108.800003,1.1544749736785889
1365889922.1222708,107.200005,1.1593012809753418
1365889922.3209329,108.800003,1.1569743156433105
1365889922.5212286,108.800003,1.1654505729675293
1365889922.723111,110.400002,1.3675832748413086
1365889922.923497,110.400002,1.2940561771392822
1365889923.1212766,111.200005,1.302609920501709
1365889923.3222065,112.800003,1.158665657043457
1365889923.520322,108.800003,1.2237591743469238
1365889923.7206933,104.800003,1.4694783687591553
1365889923.9205372,107.200005,1.3220760822296143
1365889924.1329875,106.400002,1.2135334014892578
1365889924.326646,107.200005,1.1983885765075684
1365889924.522037,107.200005,1.1567862033843994
1365889924.7226343,110.400002,1.1638526916503906
1365889924.920715,106.400002,1.1668591499328613
1365889925.1210446,110.400002,1.1564462184906006
1365889925.3228352,110.400002,1.1619727611541748
1365889925.5219297,111.200005,1.1603648662567139
1365889925.792568,111.200005,1.1550323963165283
1365889925.921567,108.800003,1.1522772312164307
1365889926.1234922,110.400002,1.1668586730957031
1365889926.339203,111.200005,1.159438133239746
1365889926.5246532,108.800003,1.1578891277313232
1365889926.721682,108.800003,1.170898199081421
1365889926.9214985,112.800003,1.1646955013275146
1365889927.1266112,110.400002,1.1492371559143066
1365889927.3223555,110.400002,1.191840648651123
1365889927.5249856,111.200005,1.213745355606079
1365889927.7228482,110.400002,1.164158821105957
1365889928.0203776,114.400002,1.1624858379364014
1365889928.125921,110.400002,1.1532647609710693
1365889928.333301,110.400002,1.1757667064666748
1365889928.528393,115.200005,1.148604393005371
1365889928.7284973,110.400002,1.1841716766357422
1365889928.9284744,112.800003,1.1536664962768555
1365889929.1249306,111.200005,1.162309169769287
1365889929.3265867,111.200005,1.1645071506500244
1365889929.5259686,111.200005,1.155787706375122
1365889929.7260647,111.200005,1.1653268337249756
1365889929.9322739,111.200005,1.1658010482788086
1365889930.1386104,112.800003,1.1600275039672852
1365889930.3460453,111.200005,1.151343584060669
1365889930.525167,111.200005,1.1671733856201172
1365889930.7251832,111.200005,1.288633108139038
1365889930.9254217,111.200005,1.15492844581604
1365889931.127433,162.400009,1.1638712882995605
1365889931.32735,107.200005,1.1843116283416748
1365889931.5276139,107.200005,1.174968957901001
1365889931.7297115,104.800003,1.1838669776916504
1365889931.9277446,112.800003,1.1553380489349365
1365889932.159498,108.800003,1.1865358352661133
1365889932.3284304,110.400002,1.1565043926239014
1365889932.5274408,110.400002,1.2389957904815674
1365889932.7284143,110.400002,1.1595466136932373
1365889932.9288664,111.200005,1.1759514808654785
1365889933.1447854,110.400002,1.1525776386260986
1365889933.342804,110.400002,1.3115224838256836
1365889933.532335,110.400002,1.1586971282958984
1365889933.7295773,108.800003,1.2151246070861816
1365889933.9299145,110.400002,1.2965879440307617
1365889934.1381326,108.800003,1.3398687839508057
1365889934.3293033,108.800003,1.158224105834961
1365889934.540577,110.400002,1.1866211891174316
1365889934.7289011,110.400002,1.164292573928833
1365889934.9328868,119.200005,1.1520819664001465
1365889935.1303363,120.800003,1.1591377258300781
1365889935.3332345,111.200005,1.1617670059204102
1365889935.531637,106.400002,1.2054572105407715
1365889935.732005,107.200005,1.161668062210083
1365889935.9350297,111.200005,1.1670207977294922
1365889936.1321468,110.400002,1.151853084564209
1365889936.3368797,108.800003,1.1506741046905518
1365889936.5351498,106.400002,1.1532042026519775
1365889936.746323,110.400002,1.173234462738037
1365889936.933608,107.200005,1.1751255989074707
1365889937.1338625,106.400002,1.1626248359680176
1365889937.3396547,104.800003,1.1696746349334717
1365889937.5362985,114.400002,1.167287826538086
1365889937.7418737,115.200005,1.1647040843963623
1365889937.9377275,108.800003,1.203160285949707
1365889938.1376991,110.400002,1.200415849685669
1365889938.3637187,112.800003,1.1581759452819824
1365889938.543888,106.400002,1.1704907417297363
1365889938.7454863,108.800003,1.1992664337158203
1365889938.9376984,108.800003,1.1535921096801758
1365889939.1368775,106.400002,1.1487295627593994
1365889939.3375206,110.400002,1.1600608825683594
1365889939.5383615,114.400002,1.156775712966919
1365889939.7439263,114.400002,1.1637253761291504
1365889939.9389882,114.400002,1.1519949436187744
1365889940.1404808,112.800003,1.1533818244934082
1365889940.3370278,110.400002,1.1586194038391113
1365889940.5376062,111.200005,1.1571555137634277
1365889940.739559,111.200005,1.217045783996582
1365889940.940626,108.800003,1.1663131713867188
1365889941.1380298,112.800003,1.1654295921325684
1365889941.3588006,112.800003,1.1584937572479248
1365889941.6554058,114.400002,1.226334810256958
1365889941.7517123,112.800003,1.155303716659546
1365889941.9488425,112.800003,1.1597328186035156
1365889942.1400394,111.200005,1.1524631977081299
1365889942.3376415,111.200005,1.1542000770568848
1365889942.538715,112.800003,1.1657075881958008
1365889942.7377868,111.200005,1.167238473892212
1365889942.9451416,110.400002,1.1480998992919922
1365889943.1421826,114.400002,1.1571877002716064
1365889943.3415654,111.200005,1.1577930450439453
1365889943.5385232,110.400002,1.151815414428711
1365889943.7390733,111.200005,1.1558432579040527
1365889943.9399,112.800003,1.1859171390533447
1365889944.1398718,110.400002,1.1707565784454346
1365889944.3433897,112.800003,1.3065295219421387
1365889944.5421786,108.800003,1.2030742168426514
1365889944.7410178,110.400002,1.1631083488464355
1365889944.9399872,112.800003,1.1835737228393555
1365889945.1417122,112.800003,1.3534972667694092
1365889945.3430715,110.400002,1.2146329879760742
1365889945.5407724,110.400002,1.1555423736572266
1365889945.7411222,114.400002,1.1592121124267578
1365889945.943183,114.400002,1.1634736061096191
1365889946.1416318,110.400002,1.1953377723693848
1365889946.3454723,112.800003,1.1831185817718506
1365889946.5401294,110.400002,1.1904878616333008
1365889946.7406855,110.400002,1.3260037899017334
1365889946.9440029,110.400002,1.153899908065796
1365889947.154618,111.200005,1.1559786796569824
1365889947.3769953,110.400002,1.1651532649993896
1365889947.5422237,110.400002,1.1517224311828613
1365889947.757707,110.400002,1.1573221683502197
1365889947.9463103,110.400002,1.1668858528137207
1365889948.1488254,108.800003,1.1498744487762451
1365889948.3468578,106.400002,1.1627731323242188
1365889948.5425298,108.800003,1.19952392578125
1365889948.745173,108.800003,1.222745418548584
1365889948.94583,108.800003,1.157320261001587
1365889949.1457255,107.200005,1.1594626903533936
1365889949.347458,108.800003,1.1513488292694092
1365889949.5468404,108.800003,1.1833000183105469
1365889949.746892,108.800003,1.1759612560272217
1365889949.9473715,107.200005,1.1572210788726807
1365889950.1522517,106.400002,1.1515161991119385
1365889950.3768065,108.800003,1.4180290699005127
1365889950.5479217,106.400002,1.5024888515472412
1365889950.7516396,106.400002,1.6399922370910645
1365889950.9476953,106.400002,1.4468085765838623
1365889951.1984491,108.800003,1.4496135711669922
1365889951.3584528,106.400002,1.2918386459350586
1365889951.547463,107.200005,1.1533253192901611
1365889951.7476795,106.400002,1.1524832248687744
1365889951.9498954,106.400002,1.2268710136413574
1365889952.1477714,110.400002,1.1568217277526855
1365889952.3676703,120.800003,1.1587040424346924
1365889952.5484045,111.200005,1.1651349067687988
1365889952.748164,111.200005,1.1572468280792236
1365889952.9479475,110.400002,1.1494033336639404
1365889953.1546476,110.400002,1.1725029945373535
1365889953.3493629,110.400002,1.1859235763549805
1365889953.5498297,108.800003,1.3603737354278564
1365889953.75393,114.400002,1.2296836376190186
1365889953.950058,107.200005,1.2081048488616943
1365889954.150539,108.800003,1.1631312370300293
1365889954.3500102,108.800003,1.16658353805542
1365889954.550477,108.800003,1.1676974296569824
1365889954.750914,108.800003,1.1835365295410156
1365889954.9538748,107.200005,1.1901700496673584
1365889955.151863,108.800003,1.1671462059020996
1365889955.3538332,106.400002,1.1520843505859375
1365889955.5529535,112.800003,1.2458899021148682
1365889955.7560713,110.400002,1.148259162902832
1365889955.9546375,111.200005,1.149592638015747
1365889956.1588452,117.599998,1.1517107486724854
1365889956.3544412,111.200005,1.1562602519989014
1365889956.556787,110.400002,1.1862983703613281
1365889956.7554252,110.400002,1.1651461124420166
1365889956.955936,110.400002,1.2753396034240723
1365889957.1582344,111.200005,1.2302627563476562
1365889957.356726,111.200005,1.2617754936218262
1365889957.561368,110.400002,1.1680495738983154
1365889957.7611375,114.400002,1.1704294681549072
1365889957.9575317,115.200005,1.2694435119628906
1365889958.1610572,110.400002,1.1512529850006104
1365889958.3594995,110.400002,1.2077865600585938
1365889958.558124,110.400002,1.2081873416900635
1365889958.8723576,111.200005,1.2457590103149414
1365889958.9577134,110.400002,1.2291510105133057
1365889959.157249,110.400002,1.1969566345214844
1365889959.3629036,110.400002,1.276834487915039
1365889959.564437,112.800003,1.176927089691162
1365889959.7593951,110.400002,1.1618585586547852
1365889959.9716697,110.400002,1.2172777652740479
1365889960.160723,110.400002,1.1520452499389648
1365889960.3605342,110.400002,1.1517980098724365
1365889960.5930557,110.400002,1.313288927078247
1365889960.7997665,111.200005,1.1541244983673096
1365889960.9602075,106.400002,1.154869556427002
1365889961.1653576,110.400002,1.1543867588043213
1365889961.3773155,110.400002,1.161170482635498
1365889961.5602367,111.200005,1.1606295108795166
1365889961.7602715,110.400002,1.1835129261016846
1365889961.9750693,110.400002,1.1724433898925781
1365889962.1651182,120.800003,1.1664292812347412
1365889962.3642445,240.800003,1.1584889888763428
1365889962.561501,110.400002,1.167034387588501
1365889962.7601724,123.200005,1.1874868869781494
1365889962.960536,111.200005,1.1861298084259033
1365889963.1654153,110.400002,1.1599140167236328
1365889963.3608422,110.400002,1.169919490814209
1365889963.5603368,112.800003,1.1747162342071533
1365889963.7636125,110.400002,1.1611595153808594
1365889963.963441,112.800003,1.3347086906433105
1365889964.1645393,111.200005,1.158789873123169
1365889964.3650093,110.400002,1.1639959812164307
1365889964.5615342,110.400002,1.1483545303344727
1365889964.7605107,110.400002,1.1742744445800781
1365889964.9651477,110.400002,1.285505771636963
1365889965.1600955,110.400002,1.1541857719421387
1365889965.3615196,108.800003,1.1520440578460693
1365889965.574062,111.200005,1.151764154434204
1365889965.7607267,108.800003,1.1810522079467773
1365889965.9616005,110.400002,1.1602041721343994
1365889966.160964,108.800003,1.1518075466156006
1365889966.3625004,108.800003,1.1561293601989746
1365889966.5646415,108.800003,1.1817433834075928
1365889966.7624729,106.400002,1.1826157569885254
1365889966.96182,110.400002,1.2752881050109863
1365889967.1651592,110.400002,1.150705099105835
1365889967.3618119,110.400002,1.1846656799316406
1365889967.5629363,108.800003,1.1537010669708252
1365889967.767348,108.800003,1.1632080078125
1365889967.9629152,110.400002,1.1521739959716797
1365889968.1671255,110.400002,1.2817280292510986
1365889968.3637521,106.400002,1.216259479522705
1365889968.5650647,106.400002,1.2517898082733154
1365889968.7717576,112.800003,1.148080825805664
1365889968.9648457,112.800003,1.1489901542663574
1365889969.167519,107.200005,1.1512436866760254
1365889969.3651726,107.200005,1.1537716388702393
1365889969.5689578,108.800003,1.1588892936706543
1365889969.7708507,111.200005,1.1622257232666016
1365889969.9731982,110.400002,1.1507978439331055
1365889970.1749952,110.400002,1.159822940826416
1365889970.3665662,114.400002,1.1556024551391602
1365889970.5668235,106.400002,1.159790277481079
1365889970.771533,110.400002,1.226470708847046
1365889970.9675198,106.400002,1.162731409072876
1365889971.166818,111.200005,1.3420941829681396
1365889971.3948314,110.400002,1.1864383220672607
1365889971.5792763,106.400002,1.2715065479278564
1365889971.7677066,107.200005,1.160463571548462
1365889971.9680517,110.400002,1.3865034580230713
1365889972.168335,106.400002,1.1923329830169678
1365889972.3713548,372.000000,1.156029224395752
1365889972.568276,114.400002,1.158010482788086
1365889972.7679713,110.400002,1.1686046123504639
1365889973.0194955,111.200005,1.1653964519500732
1365889973.1681912,110.400002,1.4062867164611816
1365889973.376772,114.400002,1.2399978637695312
1365889973.569295,112.800003,1.156609058380127
1365889973.7681336,110.400002,1.1604304313659668
1365889974.0204213,111.200005,1.1488077640533447
1365889974.1684406,108.800003,1.15519380569458
1365889974.3871903,110.400002,1.1621925830841064
1365889974.5723426,111.200005,1.152092456817627
1365889974.7730186,104.800003,1.1686961650848389
1365889974.9699702,111.200005,1.1612670421600342
1365889975.1833336,112.800003,1.1591298580169678
1365889975.3708174,110.400002,1.1510863304138184
1365889975.5730479,111.200005,1.175767421722412
1365889975.7729826,108.800003,1.1792569160461426
1365889975.9716802,110.400002,1.1724560260772705
1365889976.176231,111.200005,1.1684398651123047
1365889976.3724713,112.800003,1.163320779800415
1365889976.5811307,111.200005,1.1742322444915771
1365889976.7712605,115.200005,1.1793601512908936
1365889976.9706478,111.200005,1.1573727130889893
1365889977.17194,110.400002,1.1575326919555664
1365889977.3775487,108.800003,1.1963856220245361
1365889977.5751202,108.800003,1.1694586277008057
1365889977.7986374,115.200005,1.1612436771392822
1365889977.9732003,104.800003,1.1538805961608887
1365889978.1719687,111.200005,1.1604030132293701
1365889978.3744793,107.200005,1.1613478660583496
1365889978.574434,107.200005,1.1673948764801025
1365889978.7796082,114.400002,1.1722021102905273
1365889978.971217,114.400002,1.1564366817474365
1365889979.1762915,111.200005,1.1617419719696045
1365889979.3718567,108.800003,1.1598546504974365
1365889979.5725641,110.400002,1.1640543937683105
1365889979.7748415,110.400002,1.1476223468780518
1365889979.9870868,112.800003,1.367558479309082
1365889980.1735747,111.200005,1.4646484851837158
1365889980.3738475,112.800003,2.543593645095825
1365889980.5742052,117.599998,2.34521222114563
1365889980.7763765,110.400002,2.2342326641082764
1365889980.9744935,112.800003,2.039384603500366
1365889981.1754663,110.400002,1.9133496284484863
1365889981.3863626,110.400002,1.7038631439208984
1365889981.5738242,110.400002,1.5176210403442383
1365889981.793668,111.200005,1.2988667488098145
1365889981.973984,110.400002,1.1611244678497314
1365889982.1761372,110.400002,1.15594482421875
1365889982.3814723,110.400002,1.1518745422363281
1365889982.5754917,110.400002,1.215571403503418
1365889982.8171034,108.800003,1.2454297542572021
1365889982.9768162,108.800003,1.1502113342285156
1365889983.1759045,108.800003,1.1510398387908936
1365889983.3757408,107.200005,1.1660332679748535
1365889983.590425,108.800003,1.1679432392120361
1365889983.7992978,107.200005,1.150749921798706
1365889983.97989,114.400002,1.2460389137268066
1365889984.1786306,106.400002,1.1679577827453613
1365889984.3769479,106.400002,1.1674127578735352
1365889984.5769017,106.400002,1.1684887409210205
1365889984.7812877,110.400002,1.1630775928497314
1365889984.9772148,107.200005,1.150923728942871
1365889985.1801598,111.200005,1.1632411479949951
1365889985.3773782,107.200005,1.1647272109985352
1365889985.577864,104.800003,1.1593072414398193
1365889985.779443,110.400002,1.2003791332244873
1365889985.978857,114.400002,1.2127623558044434
1365889986.182765,110.400002,1.6545062065124512
1365889986.3789961,111.200005,1.4714865684509277
1365889986.5805633,114.400002,1.3615074157714844
1365889986.7869685,111.200005,1.1845893859863281
1365889986.9799607,110.400002,1.1768875122070312
1365889987.18131,115.200005,1.1750247478485107
1365889987.3806877,110.400002,1.1500577926635742
1365889987.5845952,108.800003,1.1643259525299072
1365889987.7808495,108.800003,1.1621501445770264
1365889987.9953425,107.200005,1.1496045589447021
1365889988.1879635,108.800003,1.158200979232788
1365889988.3834884,107.200005,1.1504507064819336
1365889988.5816872,106.400002,1.1682991981506348
1365889988.7825727,110.400002,1.1676266193389893
1365889988.9835904,111.200005,1.1552832126617432
1365889989.1820118,110.400002,1.1660535335540771
1365889989.3825185,108.800003,1.1774585247039795
1365889989.5848413,111.200005,1.1570427417755127
1365889989.784058,110.400002,1.1688029766082764
1365889989.9862306,111.200005,1.1689949035644531
1365889990.1834834,112.800003,1.156440019607544
1365889990.3840888,112.800003,1.232262372970581
1365889990.5859392,110.400002,1.1574249267578125
1365889990.7891283,112.800003,1.1769862174987793
1365889990.9932904,114.400002,1.2236714363098145
1365889991.1887543,110.400002,1.1569159030914307
1365889991.3869052,112.800003,1.1603748798370361
1365889991.5851855,108.800003,1.1634941101074219
1365889991.7956202,112.800003,1.1675519943237305
1365889991.9860919,111.200005,1.1613452434539795
1365889992.190608,111.200005,1.156595230102539
1365889992.3850482,110.400002,1.1733298301696777
1365889992.5902877,108.800003,1.1574923992156982
1365889992.7852552,110.400002,1.178295373916626
1365889992.9875317,108.800003,1.1589102745056152
1365889993.1874602,111.200005,1.177351951599121
1365889993.3887377,112.800003,1.1520767211914062
1365889993.588525,120.800003,1.2445714473724365
1365889993.7857668,110.400002,1.1607916355133057
1365889993.987046,110.400002,1.1953086853027344
1365889994.1873121,111.200005,1.160048246383667
1365889994.3882108,110.400002,1.1519248485565186
1365889994.589864,110.400002,1.1587977409362793
1365889994.7888744,108.800003,1.1915805339813232
1365889994.9879837,108.800003,1.1596508026123047
1365889995.1901665,110.400002,1.1486575603485107
1365889995.4063404,110.400002,1.1570000648498535
1365889995.5891874,107.200005,1.3326184749603271
1365889995.7892332,110.400002,1.1760342121124268
1365889996.0024257,112.800003,1.1511824131011963
1365889996.1898367,110.400002,1.1532683372497559
1365889996.3894198,110.400002,1.1552824974060059
1365889996.5893693,108.800003,1.148395299911499
1365889996.7985651,110.400002,1.1501541137695312
1365889996.9913695,110.400002,1.2739946842193604
1365889997.284264,111.200005,1.1777045726776123
1365889997.389306,110.400002,1.1649272441864014
1365889997.5918307,111.200005,1.1748902797698975
1365889997.7936683,289.600006,1.1510107517242432
1365889998.0164945,110.400002,1.1550798416137695
1365889998.189589,108.800003,1.1587567329406738
1365889998.3906107,106.400002,1.1606533527374268
1365889998.5936458,108.800003,1.1521427631378174
1365889998.793222,110.400002,1.1593952178955078
1365889998.9907784,108.800003,1.1642587184906006
1365889999.2001095,112.800003,1.1586318016052246
1365889999.3943715,108.800003,1.1657333374023438
1365889999.6066816,110.400002,1.1779279708862305
1365889999.7935789,107.200005,1.183342695236206
1365889999.9923987,108.800003,1.194199800491333
1365890000.1926892,110.400002,1.1519849300384521
1365890000.3913178,108.800003,1.1694915294647217
1365890000.5924644,110.400002,1.1482877731323242
1365890000.7934237,108.800003,1.1632025241851807
1365890000.9972599,114.400002,1.147862434387207
1365890001.192385,111.200005,1.153348684310913
1365890001.4001598,112.800003,1.1504247188568115
1365890001.5924838,110.400002,1.150285243988037
1365890001.7966187,111.200005,1.1534993648529053
1365890001.9925675,110.400002,1.1647758483886719
1365890002.195263,110.400002,1.1631488800048828
1365890002.3994007,110.400002,1.2023038864135742
1365890002.595111,110.400002,1.195734977722168
1365890002.7969372,108.800003,1.1735115051269531
1365890002.9994423,110.400002,1.1595354080200195
1365890003.1954699,110.400002,1.2383689880371094
1365890003.405382,110.400002,1.1533164978027344
1365890003.5975378,111.200005,1.1566495895385742
1365890003.7947667,110.400002,1.1805999279022217
1365890003.9948626,108.800003,1.1988239288330078
1365890004.2040632,110.400002,1.199145793914795
1365890004.3954573,108.800003,1.1569161415100098
1365890004.5958211,110.400002,1.4003634452819824
1365890004.8031728,110.400002,1.280792474746704
1365890004.996494,108.800003,1.148496389389038
1365890005.1971066,111.200005,1.1595313549041748
1365890005.4015892,108.800003,1.1550266742706299
1365890005.5959885,107.200005,1.1615502834320068
1365890005.8037944,108.800003,1.1466753482818604
1365890005.9992604,110.400002,1.152606725692749
1365890006.1958835,110.400002,1.175060749053955
1365890006.3953679,108.800003,1.1668460369110107
1365890006.5975742,264.800018,1.1463358402252197
1365890006.7958696,108.800003,1.16005539894104
1365890007.0395489,108.800003,1.1479125022888184
1365890007.1975522,106.400002,1.1681592464447021
1365890007.3983543,104.800003,1.161759376525879
1365890007.6106179,111.200005,1.157728672027588
1365890007.8013384,112.800003,1.1569983959197998
1365890008.0011156,108.800003,1.1820597648620605
1365890008.199892,108.800003,1.1741139888763428
1365890008.3993607,108.800003,1.1581087112426758
1365890008.6240149,108.800003,1.1515405178070068
1365890008.8051274,108.800003,1.200117826461792
1365890009.0025697,110.400002,1.1572248935699463
1365890009.2052076,112.800003,1.1729695796966553
1365890009.403166,110.400002,1.1632421016693115
1365890009.603712,111.200005,1.1547150611877441
1365890009.799484,111.200005,1.1500391960144043
1365890010.0128336,112.800003,1.1495037078857422
1365890010.2017472,111.200005,1.203005313873291
1365890010.399378,111.200005,1.4341983795166016
1365890010.5983233,110.400002,1.239166259765625
1365890010.7998154,111.200005,1.174950361251831
1365890010.9999056,448.000000,1.1495883464813232
1365890011.2033718,110.400002,1.148712158203125
1365890011.4068391,114.400002,1.1690926551818848
1365890011.5999033,110.400002,1.1573562622070312
1365890011.8012745,111.200005,1.1564223766326904
1365890012.0084143,106.400002,1.1789524555206299
1365890012.2017753,106.400002,1.1751527786254883
1365890012.402113,107.200005,1.1623339653015137
1365890012.6024878,107.200005,1.1566357612609863
1365890012.8016489,108.800003,1.1675941944122314
1365890013.0052485,110.400002,1.3278865814208984
1365890013.206909,110.400002,1.2106237411499023
1365890013.407177,107.200005,1.1746957302093506
1365890013.604788,108.800003,1.1547536849975586
1365890013.8081286,111.200005,1.2696068286895752
1365890014.0018017,108.800003,1.1540157794952393
1365890014.2012517,114.400002,1.1510236263275146
1365890014.4023924,108.800003,1.321547508239746
1365890014.604449,223.199997,1.159151315689087
1365890014.802625,112.800003,1.2227013111114502
1365890015.0054946,110.400002,1.1689364910125732
1365890015.2015643,110.400002,1.1624233722686768
1365890015.4084024,111.200005,1.1471705436706543
1365890015.6220942,110.400002,1.1681029796600342
1365890015.8024387,111.200005,1.1577751636505127
1365890016.0093343,112.800003,1.1523547172546387
1365890016.2018967,111.200005,1.1555893421173096
1365890016.4012315,110.400002,1.1608428955078125
1365890016.6027105,114.400002,1.284029245376587
1365890016.8012886,110.400002,1.2361769676208496
1365890017.0023997,108.800003,1.488651990890503
1365890017.2027197,112.800003,1.2905635833740234
1365890017.4018278,108.800003,1.217930555343628
1365890017.6023726,108.800003,1.6687390804290771
1365890017.8031073,108.800003,1.4700102806091309
1365890018.0074818,114.400002,1.4981796741485596
1365890018.2323349,110.400002,1.2747597694396973
1365890018.4090421,108.800003,1.237259864807129
1365890018.603498,110.400002,1.1535193920135498
1365890018.8039474,108.800003,1.2528328895568848
1365890019.004559,108.800003,1.1623311042785645
1365890019.2059195,107.200005,1.1564476490020752
1365890019.4081075,107.200005,1.3005263805389404
1365890019.6198165,107.200005,1.16731858253479
1365890019.8065321,111.200005,1.2809746265411377
1365890020.0073159,110.400002,1.190927505493164
1365890020.2126257,110.400002,1.1495697498321533
1365890020.4064834,110.400002,1.154768466949463
1365890020.6095433,112.800003,1.1485497951507568
1365890020.8064466,111.200005,1.1591801643371582
1365890021.0090723,110.400002,1.2211735248565674
1365890021.2066379,111.200005,1.1716461181640625
1365890021.414635,114.400002,1.1585955619812012
1365890021.6070008,110.400002,1.1931991577148438
1365890021.813456,110.400002,1.1808035373687744
1365890022.006492,111.200005,1.1574945449829102
1365890022.2112057,110.400002,1.1506338119506836
1365890022.4074793,111.200005,1.1539373397827148
1365890022.607531,110.400002,1.1638340950012207
1365890022.8096309,111.200005,1.1695876121520996
1365890023.0152445,116.800003,1.1516366004943848
1365890023.208562,108.800003,1.1598877906799316
1365890023.4088612,110.400002,1.1633167266845703
1365890023.60993,108.800003,1.1743707656860352
1365890023.810028,107.200005,1.1529908180236816
1365890024.0211515,108.800003,1.1833345890045166
1365890024.2137918,107.200005,1.1593561172485352
1365890024.4124222,106.400002,1.1601128578186035
1365890024.6117082,107.200005,1.169499397277832
1365890024.8104763,107.200005,1.1702980995178223
1365890025.012146,104.800003,1.1848726272583008
1365890025.2115104,112.800003,1.1655495166778564
1365890025.4111996,104.800003,1.172111988067627
1365890025.6122582,110.400002,1.1601159572601318
1365890025.8129103,106.400002,1.1648211479187012
1365890026.0311527,108.800003,1.1513094902038574
1365890026.212538,107.200005,1.1723434925079346
1365890026.419777,110.400002,1.164391040802002
1365890026.6161005,111.200005,1.1493051052093506
1365890026.8122146,108.800003,1.24295973777771
1365890027.012131,112.800003,1.150730848312378
1365890027.21331,111.200005,1.1492855548858643
1365890027.4131012,110.400002,1.154782772064209
1365890027.6278129,108.800003,1.168741226196289
1365890027.813508,106.400002,1.1682097911834717
1365890028.0122488,110.400002,1.1639134883880615
1365890028.2127821,110.400002,1.1586952209472656
1365890028.4133854,108.800003,1.1731958389282227
1365890028.6282945,236.000000,1.1522834300994873
1365890028.8143473,110.400002,1.1504640579223633
1365890029.0144217,111.200005,1.160330057144165
1365890029.2127264,106.400002,1.1543505191802979
1365890029.4124691,111.200005,1.2239594459533691
1365890029.6144931,107.200005,1.1552300453186035
1365890029.8134553,106.400002,1.1773881912231445
1365890030.013479,108.800003,1.1661112308502197
1365890030.2122478,110.400002,1.1679720878601074
1365890030.413217,110.400002,1.1783726215362549
1365890030.614301,110.400002,1.1496038436889648
1365890030.8128672,110.400002,1.150320291519165
1365890031.0147712,111.200005,1.1829369068145752
1365890031.2133822,111.200005,1.1566789150238037
1365890031.412761,104.800003,1.460796594619751
1365890031.6148596,107.200005,1.3213660717010498
1365890031.81453,106.400002,1.17183256149292
1365890032.0152583,110.400002,1.1596016883850098
1365890032.2223468,108.800003,1.2557311058044434
1365890032.4161344,108.800003,1.148205280303955
1365890032.6138873,107.200005,1.173253059387207
1365890032.8134472,111.200005,1.2413818836212158
1365890033.0153537,106.400002,1.1537983417510986
1365890033.2161613,110.400002,1.1608967781066895
1365890033.4146824,106.400002,1.1667468547821045
1365890033.6147497,106.400002,1.192009449005127
1365890033.8139942,107.200005,1.1492881774902344
1365890034.0134585,112.800003,1.1550354957580566
1365890034.2139318,111.200005,1.214585542678833
1365890034.4145823,110.400002,1.173112154006958
1365890034.6148102,110.400002,1.165123701095581
1365890034.817715,115.200005,1.1849300861358643
1365890035.0181248,108.800003,1.1726083755493164
1365890035.216864,111.200005,1.1483845710754395
1365890035.4195716,111.200005,1.1791555881500244
1365890035.6164432,106.400002,1.3716661930084229
1365890035.8201885,108.800003,1.188424825668335
1365890036.0192118,107.200005,1.1611742973327637
1365890036.217794,390.399994,1.164154291152954
1365890036.4168432,108.800003,1.1709225177764893
1365890036.6215062,110.400002,1.1702876091003418
1365890036.8197565,106.400002,1.1644926071166992
1365890037.017955,108.800003,1.1522400379180908
1365890037.2176666,110.400002,1.1617786884307861
1365890037.417775,112.800003,1.1617207527160645
1365890037.619922,108.800003,1.1455228328704834
1365890037.817878,108.800003,1.2162084579467773
1365890038.019433,108.800003,1.1859779357910156
1365890038.2183673,108.800003,1.2264485359191895
1365890038.4191742,110.400002,1.1585710048675537
1365890038.6272225,108.800003,1.1697945594787598
1365890038.819234,110.400002,1.1592767238616943
1365890039.0196414,110.400002,1.1548619270324707
1365890039.2213225,110.400002,1.150752305984497
1365890039.4205422,111.200005,1.148752212524414
1365890039.623337,110.400002,1.2559800148010254
1365890039.819589,106.400002,1.168346881866455
1365890040.0192995,110.400002,1.167025089263916
1365890040.219691,110.400002,1.158066749572754
1365890040.4235597,108.800003,1.1594538688659668
1365890040.6202517,108.800003,1.1536877155303955
1365890040.8195498,110.400002,1.1479666233062744
1365890041.0198083,108.800003,1.149946689605713
1365890041.222022,108.800003,1.1732375621795654
1365890041.4203093,107.200005,1.1643311977386475
1365890041.6211383,107.200005,1.1455211639404297
1365890041.8207371,106.400002,1.1474378108978271
1365890042.0191283,108.800003,1.1613759994506836
1365890042.2348454,108.800003,1.1488826274871826
1365890042.4202013,108.800003,1.1641340255737305
1365890042.6206083,107.200005,1.159273624420166
1365890042.8212306,106.400002,1.1661906242370605
1365890043.021676,104.800003,1.1684677600860596
1365890043.2215402,106.400002,1.1945390701293945
1365890043.4226568,104.800003,1.2282342910766602
1365890043.624007,111.200005,1.832270860671997
1365890043.822855,111.200005,1.6370751857757568
1365890044.0241218,110.400002,1.4409611225128174
1365890044.2308707,112.800003,1.2400457859039307
1365890044.4280365,114.400002,1.1867420673370361
1365890044.6242163,111.200005,1.1710867881774902
1365890044.8246398,111.200005,1.1558425426483154
1365890045.026497,108.800003,1.1546685695648193
1365890045.228828,108.800003,1.179349660873413
1365890045.4265695,110.400002,1.160067081451416
1365890045.6260386,111.200005,1.2132210731506348
1365890045.8281682,110.400002,1.1642494201660156
1365890046.0277574,108.800003,1.1789796352386475
1365890046.2261178,108.800003,1.184556484222412
1365890046.4263813,110.400002,1.1543152332305908
1365890046.62558,110.400002,1.1465718746185303
1365890046.8273587,112.800003,1.1572930812835693
1365890047.0313458,120.800003,1.1652050018310547
1365890047.229378,108.800003,1.1531739234924316
1365890047.4262564,108.800003,1.161957025527954
1365890047.630291,110.400002,1.1582272052764893
1365890047.8271346,108.800003,1.1653804779052734
1365890048.02765,107.200005,1.1850717067718506
1365890048.2291698,110.400002,1.1698887348175049
1365890048.4276955,107.200005,1.1489665508270264
1365890048.6279008,107.200005,1.156278371810913
1365890048.8350468,107.200005,1.1867396831512451
1365890049.0285058,112.800003,1.4191246032714844
1365890049.2279959,108.800003,1.2214784622192383
1365890049.4271975,108.800003,1.1496737003326416
1365890049.6276908,108.800003,1.172501802444458
1365890049.827501,106.400002,1.168100357055664
1365890050.0473034,106.400002,1.189373254776001
1365890050.2276087,107.200005,1.1632986068725586
1365890050.427619,106.400002,1.1495962142944336
1365890050.6369855,264.800018,1.1652419567108154
1365890050.8297186,108.800003,1.158616065979004
1365890051.0429358,108.800003,1.1837289333343506
1365890051.2285852,108.800003,1.168168306350708
1365890051.4281175,108.800003,1.1518051624298096
1365890051.6307924,108.800003,1.1600327491760254
1365890051.83057,108.800003,1.1495537757873535
1365890052.028155,108.800003,1.1572988033294678
1365890052.2282777,107.200005,1.15547513961792
1365890052.428667,108.800003,1.1488704681396484
1365890052.6284664,110.400002,1.200038194656372
1365890052.828512,108.800003,1.151280403137207
1365890053.028606,107.200005,1.1960031986236572
1365890053.2298715,110.400002,1.1930055618286133
1365890053.429434,108.800003,1.5764265060424805
1365890053.62809,106.400002,1.431886911392212
1365890053.829997,107.200005,1.2319886684417725
1365890054.0354352,110.400002,1.1787598133087158
1365890054.2381253,108.800003,1.1630244255065918
1365890054.4325492,107.200005,1.2268409729003906
1365890054.6296296,102.400002,1.5251579284667969
1365890054.828503,108.800003,1.3280508518218994
1365890055.0279794,108.800003,1.1479246616363525
1365890055.228778,110.400002,1.1508877277374268
1365890055.4290304,108.800003,1.148987054824829
1365890055.6378329,107.200005,1.1488068103790283
1365890055.828795,110.400002,1.1628985404968262
1365890056.0369487,107.200005,1.1618330478668213
1365890056.2279394,108.800003,1.1617352962493896
1365890056.4286473,107.200005,1.1615266799926758
1365890056.6277697,106.400002,1.157317876815796
1365890056.8281996,106.400002,1.1827352046966553
1365890057.0280912,106.400002,1.1627991199493408
1365890057.2290714,107.200005,1.1706113815307617
1365890057.4278557,108.800003,1.1546025276184082
1365890057.628093,110.400002,1.1585276126861572
1365890057.831465,107.200005,1.3143529891967773
1365890058.0355475,106.400002,1.2497599124908447
1365890058.2280402,112.800003,1.236734390258789
1365890058.4276636,110.400002,1.1664984226226807
1365890058.6283605,110.400002,1.3079192638397217
1365890058.828334,108.800003,1.2102422714233398
1365890059.0285363,110.400002,1.153449535369873
1365890059.2281468,110.400002,1.1625022888183594
1365890059.4311936,108.800003,1.193329095840454
1365890059.63275,110.400002,1.1590898036956787
1365890059.8330507,110.400002,1.149292230606079
1365890060.0279853,111.200005,1.1549482345581055
1365890060.2274153,112.800003,1.1634724140167236
1365890060.4289558,110.400002,1.1609392166137695
1365890060.6285357,111.200005,1.1679444313049316
1365890060.8302763,110.400002,1.1645090579986572
1365890061.0312223,110.400002,1.1793653964996338
1365890061.2390156,110.400002,1.1639373302459717
1365890061.4300795,111.200005,1.191056251525879
