1365889749.6686983,98.400002,1.4881432056427002
1365889749.8714602,100.000000,1.4688410758972168
1365889750.0689218,103.200005,1.2738792896270752
1365889750.2696617,96.800003,1.2826550006866455
1365889750.4701889,103.200005,1.2855587005615234
1365889750.6714113,103.200005,1.1825883388519287
1365889750.8948557,102.400002,1.3112702369689941
1365889751.0853937,100.000000,1.6418628692626953
1365889751.2732012,103.200005,1.4563853740692139
1365889751.472649,103.200005,1.3197057247161865
1365889751.6723664,104.800003,1.7127699851989746
1365889751.8761983,102.400002,1.5121843814849854
1365889752.0769055,100.000000,1.315666675567627
1365889752.2744,102.400002,1.1528198719024658
1365889752.4744353,103.200005,1.165464162826538
1365889752.675765,102.400002,1.16914701461792
1365889752.8745117,103.200005,1.1811482906341553
1365889753.0873275,102.400002,1.1642234325408936
1365889753.2740815,100.800003,1.3453490734100342
1365889753.5454671,104.800003,1.4674286842346191
1365889753.7670054,324.800018,1.3407251834869385
1365889753.8846364,102.400002,1.2243456840515137
1365889754.0871649,102.400002,1.1623644828796387
1365889754.2772684,102.400002,1.153005838394165
1365889754.481633,98.400002,1.1769835948944092
1365889754.6771126,96.800003,1.188734769821167
1365889754.881588,102.400002,1.166933536529541
1365889755.0779614,100.800003,1.16786789894104
1365889755.29381,100.000000,1.152724266052246
1365889755.4793208,106.400002,1.2245447635650635
1365889755.6802535,103.200005,1.3240180015563965
1365889755.8882003,98.400002,1.1910138130187988
1365889756.0821896,100.800003,1.1606128215789795
1365889756.2799475,100.000000,1.1531729698181152
1365889756.5039625,100.000000,1.156097650527954
1365889756.6800976,103.200005,1.2430639266967773
1365889756.8814723,102.400002,1.1649153232574463
1365889757.0828273,100.800003,1.1563186645507812
1365889757.2801864,108.800003,1.1635205745697021
1365889757.48304,100.800003,1.1573779582977295
1365889757.7249486,103.200005,1.1659166812896729
1365889757.882362,100.800003,1.2120277881622314
1365889758.0847855,100.000000,1.1809158325195312
1365889758.2817707,284.800018,1.163092851638794
1365889758.4834483,100.000000,1.1532061100006104
1365889758.686474,102.400002,1.3881301879882812
1365889758.8841467,100.800003,1.2659084796905518
1365889759.0815651,100.000000,1.1627025604248047
1365889759.2892606,102.400002,1.1568491458892822
1365889759.4998763,103.200005,1.1885509490966797
1365889759.6834946,102.400002,1.1965138912200928
1365889759.8840117,100.800003,1.1731350421905518
1365889760.0835216,102.400002,1.2213530540466309
1365889760.284041,100.000000,1.196664810180664
1365889760.4857402,102.400002,1.265516757965088
1365889760.6892757,102.400002,1.4082074165344238
1365889760.8848314,103.200005,1.2144477367401123
1365889761.0885935,100.800003,1.179582118988037
1365889761.2848299,103.200005,1.150404930114746
1365889761.4872186,96.000000,1.2203145027160645
1365889761.7157938,100.000000,1.1820099353790283
1365889761.897352,102.400002,1.3290247917175293
1365889762.0887654,102.400002,1.2440855503082275
1365889762.283981,102.400002,1.2680704593658447
1365889762.4845753,100.800003,1.296971082687378
1365889762.6844454,96.000000,1.1847598552703857
1365889762.8843076,102.400002,1.2799866199493408
1365889763.0839279,102.400002,1.2025372982025146
1365889763.2846596,102.400002,1.306960105895996
1365889763.4838672,102.400002,1.1556620597839355
1365889763.6842844,100.800003,1.1549654006958008
1365889763.8884525,98.400002,1.8591344356536865
1365889764.0852404,103.200005,1.6647789478302002
1365889764.2885292,104.800003,1.4652173519134521
1365889764.4844935,102.400002,1.2767117023468018
1365889764.6844895,102.400002,1.1768536567687988
1365889764.8860083,100.800003,1.1881611347198486
1365889765.085088,98.400002,1.1993401050567627
1365889765.2893615,103.200005,1.1519157886505127
1365889765.4886966,104.800003,1.153601884841919
1365889765.7141495,103.200005,1.165341854095459
1365889765.8865101,100.800003,1.1637158393859863
1365889766.1029935,100.000000,1.267080545425415
1365889766.2875094,103.200005,1.1844520568847656
1365889766.493036,103.200005,1.1600627899169922
1365889766.6872728,103.200005,1.1993584632873535
1365889766.887656,102.400002,1.213839054107666
1365889767.10846,103.200005,1.158618450164795
1365889767.2884915,103.200005,1.1774654388427734
1365889767.4891198,102.400002,1.150139570236206
1365889767.692063,102.400002,1.214162826538086
1365889767.9130278,102.400002,1.6816351413726807
1365889768.0895367,100.800003,1.5081288814544678
1365889768.2899399,100.000000,1.3417952060699463
1365889768.489563,100.000000,1.1653776168823242
1365889768.690088,102.400002,1.272812843322754
1365889768.8896859,102.400002,1.5196080207824707
1365889769.0943022,103.200005,1.31723952293396
1365889769.292448,100.000000,1.2902700901031494
1365889769.5096183,103.200005,1.2126939296722412
1365889769.6951401,102.400002,1.6491291522979736
1365889769.9094296,104.800003,1.4387550354003906
1365889770.0960095,102.400002,1.2693214416503906
1365889770.2915173,100.800003,1.1688191890716553
1365889770.49277,100.800003,2.561931848526001
1365889770.694035,98.400002,2.369105339050293
1365889770.8920722,103.200005,2.178647994995117
1365889771.0922892,103.200005,1.9839563369750977
1365889771.2924964,104.800003,1.788893699645996
1365889771.49369,102.400002,1.6026437282562256
1365889771.6924875,100.800003,1.4162273406982422
1365889771.9031801,103.200005,1.2187724113464355
1365889772.099232,100.800003,1.1644268035888672
1365889772.3093178,100.000000,1.1577527523040771
1365889772.498934,98.400002,1.1588482856750488
1365889772.694343,102.400002,1.1727707386016846
1365889772.928334,102.400002,1.1745023727416992
1365889773.0950165,103.200005,1.420386791229248
1365889773.3043823,102.400002,1.4208695888519287
1365889773.4946454,102.400002,1.2340538501739502
1365889773.6950917,100.000000,1.221860408782959
1365889773.8955724,100.000000,1.1537091732025146
1365889774.0960007,103.200005,1.1591770648956299
1365889774.2980146,104.800003,1.2332170009613037
1365889774.4948797,103.200005,1.2134275436401367
1365889774.6946876,100.800003,1.2610337734222412
1365889774.896659,100.000000,1.2336597442626953
1365889775.0962708,104.800003,1.2128310203552246
1365889775.2979999,103.200005,1.161205530166626
1365889775.518921,103.200005,1.1702430248260498
1365889775.6943116,100.800003,1.6882474422454834
1365889775.8951929,100.000000,1.4971117973327637
1365889776.0948172,98.400002,1.3084678649902344
1365889776.3037045,102.400002,1.1664481163024902
1365889776.4982493,103.200005,1.1848948001861572
1365889776.7142215,100.800003,1.2009060382843018
1365889776.896381,100.000000,1.1513469219207764
1365889777.099587,100.000000,1.251103401184082
1365889777.2945783,102.400002,1.2675256729125977
1365889777.4954693,102.400002,1.199389934539795
1365889777.71683,102.400002,1.4030685424804688
1365889777.8957357,102.400002,1.303112506866455
1365889778.0949798,100.800003,1.1513519287109375
1365889778.295081,100.000000,1.1589350700378418
1365889778.4949648,103.200005,1.2816002368927002
1365889778.702036,104.800003,1.231330156326294
1365889778.8960671,96.800003,1.3086645603179932
1365889779.0992146,104.800003,1.171922206878662
1365889779.2958372,102.400002,1.1968600749969482
1365889779.5084975,100.000000,1.1600971221923828
1365889779.697519,100.000000,1.1904726028442383
1365889779.8967142,96.800003,1.2075355052947998
1365889780.0967767,103.200005,1.1595847606658936
1365889780.3035913,102.400002,1.1634531021118164
1365889780.5302815,102.400002,1.1685833930969238
1365889780.697179,103.200005,1.1542024612426758
1365889780.901103,100.800003,1.1661827564239502
1365889781.1597788,100.000000,1.1506435871124268
1365889781.304947,103.200005,1.1587169170379639
1365889781.4958873,103.200005,1.1586039066314697
1365889781.6974242,102.400002,1.2648873329162598
1365889781.897762,102.400002,1.17568039894104
1365889782.1041598,102.400002,1.172118902206421
1365889782.2965672,96.800003,1.40794038772583
1365889782.496991,96.800003,1.211684226989746
1365889782.7002084,103.200005,1.2694096565246582
1365889782.8983707,102.400002,1.1966311931610107
1365889783.1090875,102.400002,1.207688331604004
1365889783.3063536,96.800003,1.2339420318603516
1365889783.5006456,103.200005,1.1606719493865967
1365889783.704933,102.400002,1.1829864978790283
1365889783.8978481,102.400002,1.2516164779663086
1365889784.115556,96.800003,1.1534290313720703
1365889784.2991655,103.200005,1.2319343090057373
1365889784.5022569,103.200005,1.1555697917938232
1365889784.699089,102.400002,1.1677100658416748
1365889784.8996208,100.800003,1.1661503314971924
1365889785.0987015,102.400002,1.1739721298217773
1365889785.30005,100.800003,1.1571815013885498
1365889785.4997964,100.000000,1.168018102645874
1365889785.7068768,103.200005,1.1854157447814941
1365889785.9032736,103.200005,1.2526004314422607
1365889786.101114,103.200005,1.212568759918213
1365889786.3098733,102.400002,1.1694543361663818
1365889786.5029354,100.000000,1.1656641960144043
1365889786.7046325,102.400002,1.1966707706451416
1365889786.9070818,103.200005,1.2073557376861572
1365889787.1044042,102.400002,1.1728088855743408
1365889787.3105953,98.400002,1.1676487922668457
1365889787.502047,98.400002,1.159529209136963
1365889787.7151968,103.200005,1.1773784160614014
1365889787.9039037,98.400002,1.244978666305542
1365889788.1079445,100.000000,1.1678707599639893
1365889788.3022559,96.800003,1.1765453815460205
1365889788.5047529,102.400002,1.158066987991333
1365889788.73226,103.200005,1.2041611671447754
1365889788.9038482,100.800003,1.1556520462036133
1365889789.1059732,98.400002,1.150099515914917
1365889789.3035998,100.800003,1.1730377674102783
1365889789.5074127,100.800003,1.212015151977539
1365889789.7059855,103.200005,1.1813247203826904
1365889789.926406,102.400002,1.1608450412750244
1365889790.1046977,102.400002,1.1599600315093994
1365889790.3051317,100.800003,1.194399356842041
1365889790.5164936,98.400002,1.151003360748291
1365889790.7093463,102.400002,1.191925287246704
1365889790.9084296,102.400002,1.1680574417114258
1365889791.1068287,103.200005,1.314812421798706
1365889791.3308196,418.399994,1.3371460437774658
1365889791.517373,94.400002,1.209240436553955
1365889791.7076175,100.000000,1.1573865413665771
1365889791.9083874,102.400002,1.2696123123168945
1365889792.1087544,103.200005,1.2695708274841309
1365889792.309876,100.800003,1.1705873012542725
1365889792.5089798,102.400002,1.1605989933013916
1365889792.7080314,98.400002,1.1496000289916992
1365889792.9075644,96.800003,1.1544220447540283
1365889793.1169124,102.400002,1.1607203483581543
1365889793.3075187,102.400002,1.5528051853179932
1365889793.5088794,103.200005,1.3531835079193115
1365889793.7084768,100.000000,1.174384355545044
1365889793.9101026,98.400002,1.1533944606781006
1365889794.110698,103.200005,1.166797161102295
1365889794.3118715,102.400002,1.1507635116577148
1365889794.5101316,102.400002,1.162158489227295
1365889794.708259,100.800003,1.2857334613800049
1365889794.9092631,102.400002,1.170243501663208
1365889795.1085875,100.800003,1.1667540073394775
1365889795.3094141,100.000000,1.167959451675415
1365889795.509188,96.800003,1.1979877948760986
1365889795.711332,102.400002,1.2255678176879883
1365889795.9100304,102.400002,1.1547653675079346
1365889796.1103396,103.200005,1.1601979732513428
1365889796.3130193,100.000000,1.2245190143585205
1365889796.5173855,100.000000,1.1618788242340088
1365889796.711802,100.800003,1.1546659469604492
1365889796.916103,102.400002,1.1576650142669678
1365889797.1174965,103.200005,1.1906366348266602
1365889797.3180783,102.400002,1.1620264053344727
1365889797.5105543,103.200005,1.1664049625396729
1365889797.7100294,100.800003,1.1804172992706299
1365889798.0068648,100.000000,1.2234711647033691
1365889798.1158633,98.400002,1.1734871864318848
1365889798.3121054,100.800003,1.1548397541046143
1365889798.5326107,103.200005,1.1703236103057861
1365889798.7152846,102.400002,1.162388801574707
1365889798.9136443,102.400002,1.2180371284484863
1365889799.1250308,100.800003,1.17588210105896
1365889799.316089,100.800003,1.1687583923339844
1365889799.5138104,98.400002,1.1627001762390137
1365889799.7134366,98.400002,1.1897611618041992
1365889799.9298172,104.800003,1.16770339012146
1365889800.1150806,103.200005,1.2360727787017822
1365889800.315281,100.800003,1.1700177192687988
1365889800.5146472,103.200005,1.2087180614471436
1365889800.715261,103.200005,1.2928612232208252
1365889800.9157476,98.400002,1.1873202323913574
1365889801.114605,98.400002,1.1581249237060547
1365889801.3202102,100.800003,1.154186725616455
1365889801.5150867,102.400002,1.259505033493042
1365889801.7188003,100.800003,1.1698503494262695
1365889801.9150705,100.800003,1.1805081367492676
1365889802.117804,104.800003,1.1798360347747803
1365889802.3159714,301.600006,1.2048137187957764
1365889802.5182533,103.200005,1.1683831214904785
1365889802.71797,100.000000,1.1720240116119385
1365889802.9175174,100.800003,1.170842170715332
1365889803.1152055,100.000000,1.162743330001831
1365889803.3163583,100.800003,1.1830708980560303
1365889803.5267274,100.000000,1.1670184135437012
1365889803.7179253,102.400002,1.1876766681671143
1365889803.9219327,102.400002,1.1608572006225586
1365889804.1173077,102.400002,1.3036859035491943
1365889804.3176625,100.000000,1.1861438751220703
1365889804.5176003,98.400002,1.1922805309295654
1365889804.7252216,103.200005,1.179053544998169
1365889804.9294467,103.200005,1.1739654541015625
1365889805.1185994,104.800003,1.167099952697754
1365889805.3184614,110.400002,1.168870449066162
1365889805.5606933,108.800003,1.1615493297576904
1365889805.8292599,107.200005,1.1845037937164307
1365889805.925399,103.200005,2.532785654067993
1365889806.1183403,103.200005,2.350036144256592
1365889806.3286226,100.800003,2.1504390239715576
1365889806.5223157,100.000000,1.9659388065338135
1365889806.7209496,182.400009,1.77181077003479
1365889807.0074415,103.200005,1.4912750720977783
1365889807.126864,96.000000,1.3760297298431396
1365889807.3267462,103.200005,1.199876308441162
1365889807.5250225,102.400002,1.1678440570831299
1365889807.7206748,104.800003,1.1691958904266357
1365889807.9250743,100.800003,1.1518139839172363
1365889808.131165,98.400002,1.210437297821045
1365889808.3416986,103.200005,1.2131590843200684
1365889808.5208983,110.400002,1.1537785530090332
1365889808.7295868,103.200005,1.1797282695770264
1365889808.9244194,102.400002,1.1608550548553467
1365889809.12136,100.800003,1.2778205871582031
1365889809.3244395,103.200005,1.1589484214782715
1365889809.529676,103.200005,1.1983144283294678
1365889809.7237608,103.200005,1.212805986404419
1365889809.9218647,102.400002,1.2051594257354736
1365889810.1246507,103.200005,1.1500933170318604
1365889810.3228114,103.200005,1.1575284004211426
1365889810.537429,103.200005,1.1614305973052979
1365889810.7278209,103.200005,1.1635825634002686
1365889810.9235234,102.400002,1.1604673862457275
1365889811.1235845,104.800003,1.166161298751831
1365889811.3251927,100.000000,1.1665782928466797
1365889811.5230594,96.800003,1.246687889099121
1365889811.7258291,98.400002,1.270418405532837
1365889811.925046,103.200005,1.1511693000793457
1365889812.1315522,103.200005,1.1500647068023682
1365889812.325109,102.400002,1.153930425643921
1365889812.5258403,98.400002,1.16009521484375
1365889812.735599,98.400002,1.1651859283447266
1365889812.9267504,100.800003,1.1793291568756104
1365889813.126831,102.400002,1.1546409130096436
1365889813.3274188,100.800003,1.2810921669006348
1365889813.5331085,102.400002,1.4260048866271973
1365889813.7362912,104.800003,1.2243199348449707
1365889813.928924,102.400002,1.3301775455474854
1365889814.1305153,102.400002,1.1894266605377197
1365889814.3312116,100.800003,1.2559826374053955
1365889814.529403,102.400002,1.2439043521881104
1365889814.7509499,104.800003,1.1802022457122803
1365889814.9354193,102.400002,1.1839232444763184
1365889815.1320145,100.000000,1.4345037937164307
1365889815.3366377,100.800003,1.2316062450408936
1365889815.5321872,100.800003,1.2369434833526611
1365889815.7329314,102.400002,1.1678004264831543
1365889815.9318666,164.000000,1.1612846851348877
1365889816.1312916,100.000000,1.1586318016052246
1365889816.3351817,103.200005,1.1688311100006104
1365889816.540062,100.000000,1.1675853729248047
1365889816.7316775,106.400002,1.1863529682159424
1365889816.9402354,103.200005,1.1667406558990479
1365889817.1360872,100.800003,1.1566600799560547
1365889817.3332407,98.400002,1.186023235321045
1365889817.5349798,103.200005,1.249237298965454
1365889817.7648284,104.800003,1.1605098247528076
1365889817.9370306,102.400002,1.2110450267791748
1365889818.138692,100.800003,1.1692168712615967
1365889818.3351638,98.400002,1.2043993473052979
1365889818.5362213,103.200005,1.152750015258789
1365889818.7362757,102.400002,1.2068355083465576
1365889818.9385815,103.200005,1.213986873626709
1365889819.1390357,98.400002,1.5070748329162598
1365889819.3386474,103.200005,1.3091351985931396
1365889819.5457332,104.800003,1.1518452167510986
1365889819.7365978,103.200005,1.1924209594726562
1365889819.9560268,103.200005,1.1577811241149902
1365889820.136814,102.400002,1.1598255634307861
1365889820.3363748,102.400002,1.1527934074401855
1365889820.551053,104.800003,1.1532745361328125
1365889820.738854,100.000000,1.1790134906768799
1365889820.938202,96.800003,1.172523021697998
1365889821.137745,100.000000,1.1559116840362549
1365889821.3391752,104.800003,1.1576011180877686
1365889821.53823,96.800003,1.1633269786834717
1365889821.742079,98.400002,1.1527578830718994
1365889821.9394767,102.400002,1.1672651767730713
1365889822.1379983,102.400002,1.1678333282470703
1365889822.3381426,100.000000,1.157576322555542
1365889822.5418782,100.800003,1.2253594398498535
1365889822.7384803,100.800003,1.1527838706970215
1365889822.9378135,103.200005,1.166982650756836
1365889823.1420777,103.200005,1.1808812618255615
1365889823.339171,102.400002,1.1567161083221436
1365889823.5399947,100.800003,1.174604892730713
1365889823.7423043,98.400002,1.1508684158325195
1365889823.9416068,103.200005,1.3560829162597656
1365889824.1424303,103.200005,1.1892881393432617
1365889824.3432333,103.200005,1.472590446472168
1365889824.54282,103.200005,1.275510549545288
1365889824.7402718,273.600006,1.2486402988433838
1365889824.9464304,100.000000,1.1644494533538818
1365889825.1542702,100.800003,1.1703426837921143
1365889825.3421512,96.000000,1.154604196548462
1365889825.5471132,96.800003,1.1739163398742676
1365889825.7450378,102.400002,1.1888401508331299
1365889825.9443703,103.200005,1.2081794738769531
1365889826.1431398,103.200005,1.160566806793213
1365889826.3426485,100.800003,1.1636271476745605
1365889826.5439017,102.400002,1.1657745838165283
1365889826.7451305,100.000000,1.1772353649139404
1365889826.942679,103.200005,1.3494372367858887
1365889827.1473897,104.800003,1.1998519897460938
1365889827.3444583,102.400002,1.1781947612762451
1365889827.543108,98.400002,1.1703646183013916
1365889827.7436655,98.400002,1.2231292724609375
1365889827.9435756,102.400002,1.167015552520752
1365889828.145071,103.200005,1.1659588813781738
1365889828.3430846,102.400002,1.1634259223937988
1365889828.544016,100.800003,1.243518352508545
1365889828.7482665,98.400002,1.1848328113555908
1365889828.9426796,104.800003,1.180102825164795
1365889829.142877,102.400002,1.1537578105926514
1365889829.3425405,102.400002,1.27894926071167
1365889829.5532317,102.400002,1.2197353839874268
1365889829.7488668,102.400002,1.1776666641235352
1365889829.942895,102.400002,1.1689934730529785
1365889830.1434479,98.400002,1.1524643898010254
1365889830.3428192,102.400002,1.3781630992889404
1365889830.5507698,104.800003,1.2760429382324219
1365889830.7426198,103.200005,1.4258487224578857
1365889830.9444828,100.800003,1.3899707794189453
1365889831.143,102.400002,1.1938095092773438
1365889831.3510973,98.400002,1.1608831882476807
1365889831.5478756,100.000000,1.1748719215393066
1365889831.7516582,104.800003,1.195258378982544
1365889831.9428415,103.200005,1.2145678997039795
1365889832.1437356,100.800003,1.2247154712677002
1365889832.3478165,100.000000,1.1614007949829102
1365889832.5439544,103.200005,1.171443223953247
1365889832.7569206,100.800003,1.1520695686340332
1365889832.945022,100.800003,1.2008817195892334
1365889833.1462588,100.000000,1.1593139171600342
1365889833.3449187,102.400002,1.1571614742279053
1365889833.5498655,102.400002,1.2040369510650635
1365889833.7478728,100.800003,1.1820411682128906
1365889833.946671,100.000000,1.1724193096160889
1365889834.1530643,102.400002,1.1565971374511719
1365889834.347483,103.200005,1.1552894115447998
1365889834.5487387,100.800003,1.1677720546722412
1365889834.7525055,100.000000,1.1661326885223389
1365889834.9537494,100.000000,1.17836332321167
1365889835.1484847,100.000000,1.1537704467773438
1365889835.349592,103.200005,1.1577191352844238
1365889835.5497277,103.200005,1.1689143180847168
1365889835.7501485,102.400002,1.1764500141143799
1365889835.9513059,103.200005,1.1552774906158447
1365889836.1497037,100.000000,1.1994812488555908
1365889836.3498137,100.000000,1.164266586303711
1365889836.5492573,103.200005,1.1660046577453613
1365889836.748987,103.200005,1.1738855838775635
1365889836.9518256,103.200005,1.1572990417480469
1365889837.1500573,102.400002,1.2575469017028809
1365889837.3547385,102.400002,1.155148983001709
1365889837.5508537,102.400002,1.2071952819824219
1365889837.7514093,102.400002,1.159468650817871
1365889837.9535391,102.400002,1.1931560039520264
1365889838.152242,100.000000,1.1629409790039062
1365889838.3532503,98.400002,1.1693379878997803
1365889838.5571215,98.400002,1.1733887195587158
1365889838.7694771,103.200005,1.159745693206787
1365889838.9528124,103.200005,1.1619343757629395
1365889839.2047322,100.800003,1.1614179611206055
1365889839.3537357,100.800003,1.1592528820037842
1365889839.5551198,100.800003,1.1553032398223877
1365889839.7535448,96.800003,1.2898826599121094
1365889839.9550812,102.400002,1.1797444820404053
1365889840.1868374,103.200005,1.1649291515350342
1365889840.3631792,100.800003,1.1589667797088623
1365889840.552344,100.800003,1.2064638137817383
1365889840.7532682,100.800003,1.1708617210388184
1365889840.953364,98.400002,1.171022891998291
1365889841.1541452,103.200005,1.1624541282653809
1365889841.370982,103.200005,1.1591393947601318
1365889841.5593305,102.400002,1.2743792533874512
1365889841.7759767,379.200012,1.2087416648864746
1365889841.95966,98.400002,1.1875066757202148
1365889842.1575854,100.000000,1.1816718578338623
1365889842.36145,104.800003,1.3416218757629395
1365889842.5683725,103.200005,1.3196117877960205
1365889842.7964675,108.800003,1.1856060028076172
1365889842.9649854,106.400002,1.153411865234375
1365889843.1562831,100.800003,1.171678066253662
1365889843.369927,102.400002,1.1624703407287598
1365889843.5562773,100.000000,1.1498892307281494
1365889843.7560432,103.200005,1.1550936698913574
1365889843.9560182,103.200005,1.1630234718322754
1365889844.1631393,100.800003,1.2501602172851562
1365889844.3745453,100.800003,1.1705329418182373
1365889844.55812,100.800003,1.1488070487976074
1365889844.760622,98.400002,1.1656816005706787
1365889844.9574425,100.800003,1.1518664360046387
1365889845.1574833,100.800003,1.1517610549926758
1365889845.3585393,98.400002,1.1580920219421387
1365889845.5561106,103.200005,1.1551971435546875
1365889845.7569296,106.400002,1.203157663345337
1365889845.9616683,100.800003,1.1586217880249023
1365889846.1567297,100.800003,1.2134478092193604
1365889846.3561041,100.000000,1.180436372756958
1365889846.558975,104.800003,1.156754732131958
1365889846.758951,135.199997,1.1487665176391602
1365889846.9564953,102.400002,1.1503112316131592
1365889847.1598482,102.400002,1.1692962646484375
1365889847.3611808,98.400002,1.1588308811187744
1365889847.5666444,102.400002,1.1604082584381104
1365889847.777203,103.200005,1.1666715145111084
1365889847.958365,102.400002,1.2065560817718506
1365889848.2099516,100.000000,1.165954828262329
1365889848.3808017,102.400002,1.164468765258789
1365889848.5602431,102.400002,1.175577163696289
1365889848.7583623,100.000000,1.1582462787628174
1365889848.9638505,103.200005,1.1988856792449951
1365889849.3451238,104.800003,1.152773380279541
1365889849.362564,104.800003,1.1565582752227783
1365889849.5614023,104.800003,1.165424108505249
1365889849.7706082,106.400002,1.1729772090911865
1365889849.9624305,94.400002,1.2498323917388916
1365889850.1640067,103.200005,1.1530554294586182
1365889850.359945,100.800003,1.2061076164245605
1365889850.5604966,100.000000,1.4347031116485596
1365889850.8360395,96.000000,1.5985727310180664
1365889850.961469,100.000000,1.475367784500122
1365889851.1611404,100.800003,1.455674171447754
1365889851.3627234,102.400002,1.4911432266235352
1365889851.5613914,104.800003,1.29398512840271
1365889851.7641256,100.800003,1.2275962829589844
1365889851.986891,100.800003,1.1624093055725098
1365889852.162614,100.800003,1.1609199047088623
1365889852.3632388,100.800003,1.1603081226348877
1365889852.5666306,102.400002,1.1762065887451172
1365889852.7678018,102.400002,1.1502654552459717
1365889852.964356,103.200005,1.164797067642212
1365889853.1640832,102.400002,1.1679954528808594
1365889853.3803415,106.400002,1.1540980339050293
1365889853.567646,98.400002,1.2467141151428223
1365889853.7659829,102.400002,1.1710734367370605
1365889853.9650264,100.800003,1.1519174575805664
1365889854.173662,102.400002,1.1579334735870361
1365889854.366457,100.800003,1.2269861698150635
1365889854.5703099,100.000000,1.1688222885131836
1365889854.7709606,102.400002,1.1714451313018799
1365889854.9669788,100.800003,1.197983741760254
1365889855.1736963,103.200005,1.166154384613037
1365889855.366051,100.000000,1.1590938568115234
1365889855.5968046,262.399994,1.231677770614624
1365889855.7663305,102.400002,1.1928625106811523
1365889855.9772875,108.800003,1.1594607830047607
1365889856.170093,103.200005,1.1536173820495605
1365889856.3659196,100.800003,1.1521086692810059
1365889856.5765035,103.200005,1.1596314907073975
1365889856.768737,98.400002,1.175203561782837
1365889856.976498,103.200005,1.1571333408355713
1365889857.1679087,103.200005,1.1570351123809814
1365889857.3665242,100.800003,1.1516635417938232
1365889857.5712857,100.800003,1.1626603603363037
1365889857.7667706,103.200005,1.160325288772583
1365889857.9709752,102.400002,1.1511337757110596
1365889858.1667824,102.400002,1.157099962234497
1365889858.3684266,102.400002,1.162498950958252
1365889858.5672333,102.400002,1.1603894233703613
1365889858.7680252,106.400002,1.159609317779541
1365889858.9674854,98.400002,1.1595427989959717
1365889859.1671484,103.200005,1.1590209007263184
1365889859.3666847,103.200005,1.1595404148101807
1365889859.5684712,100.800003,1.1670820713043213
1365889859.7673454,100.800003,1.175633430480957
1365889859.970068,100.000000,1.1588144302368164
1365889860.1688693,102.400002,1.1534972190856934
1365889860.3684263,103.200005,1.156311273574829
1365889860.5670528,103.200005,1.157628059387207
1365889860.7675822,100.800003,1.158320665359497
1365889860.977584,106.400002,1.2043895721435547
1365889861.1694534,103.200005,1.1556243896484375
1365889861.3665526,100.000000,1.1538002490997314
1365889861.5734274,102.400002,1.1542751789093018
1365889861.768173,102.400002,1.259152889251709
1365889861.9690523,100.800003,1.1584293842315674
1365889862.1689622,96.800003,1.1498534679412842
1365889862.3991544,104.800003,1.1569488048553467
1365889862.5700696,103.200005,1.1536829471588135
1365889862.7707303,102.400002,1.1576969623565674
1365889862.9811628,103.200005,1.1553022861480713
1365889863.180883,102.400002,1.1883549690246582
1365889863.3718045,92.800003,1.1902313232421875
1365889863.5785718,103.200005,1.2195425033569336
1365889863.7707274,100.800003,1.1527326107025146
1365889863.9713192,100.800003,1.262545108795166
1365889864.1707504,100.000000,1.1625432968139648
1365889864.3716245,104.800003,1.2989089488983154
1365889864.5750272,102.400002,1.2805678844451904
1365889864.7710185,100.000000,1.1616644859313965
1365889864.9719214,100.800003,1.1744871139526367
1365889865.1734285,100.000000,1.1584930419921875
1365889865.3734167,100.800003,1.179626703262329
1365889865.573455,102.400002,1.158888816833496
1365889865.8034008,100.800003,1.163590431213379
1365889865.975464,100.000000,1.153566837310791
1365889866.1758168,100.000000,1.1670255661010742
1365889866.3762026,102.400002,1.1524672508239746
1365889866.576205,104.800003,1.1573996543884277
1365889866.7790382,102.400002,1.191314935684204
1365889866.9789183,100.000000,1.1628024578094482
1365889867.1773803,100.800003,1.1647303104400635
1365889867.378008,100.000000,1.2092857360839844
1365889867.583669,104.800003,1.1636269092559814
1365889867.7778378,102.400002,1.1557786464691162
1365889867.9783795,102.400002,1.166762351989746
1365889868.177624,100.800003,1.1690702438354492
1365889868.3768487,98.400002,1.1666655540466309
1365889868.5775163,102.400002,1.375746250152588
1365889868.7772315,103.200005,1.1779015064239502
1365889868.9772036,242.400009,1.177466630935669
1365889869.17697,100.000000,1.1493394374847412
1365889869.3841443,96.800003,1.1736583709716797
1365889869.5776675,104.800003,1.1568820476531982
1365889869.7785273,100.800003,1.1695616245269775
1365889869.978663,103.200005,1.1777234077453613
1365889870.1803808,102.400002,1.1558966636657715
1365889870.378678,98.400002,1.1601862907409668
1365889870.580983,100.800003,1.1661019325256348
1365889870.7785182,103.200005,1.1595988273620605
1365889870.979015,102.400002,1.2406542301177979
1365889871.1837633,103.200005,1.1586804389953613
1365889871.3790548,102.400002,1.151991844177246
1365889871.5791514,100.000000,1.1500251293182373
1365889871.7797308,98.400002,1.215616226196289
1365889871.9808962,103.200005,1.2183048725128174
1365889872.1879551,100.800003,1.1668641567230225
1365889872.381063,102.400002,1.1518638134002686
1365889872.5814478,100.800003,1.1559882164001465
1365889872.7835684,104.800003,1.1594250202178955
1365889872.9843397,102.400002,1.1700117588043213
1365889873.18382,102.400002,1.1898393630981445
1365889873.383459,103.200005,1.2655913829803467
1365889873.5847082,103.200005,1.3180315494537354
1365889873.7836156,100.800003,1.2408416271209717
1365889873.9835134,100.800003,1.2685089111328125
1365889874.1854908,100.000000,1.1647214889526367
1365889874.3827596,102.400002,1.1621317863464355
1365889874.589143,103.200005,1.1881892681121826
1365889874.7833993,100.800003,1.1645424365997314
1365889874.983828,102.400002,1.1594476699829102
1365889875.186093,103.200005,1.1669833660125732
1365889875.383121,103.200005,1.156736135482788
1365889875.5834408,100.800003,1.1707630157470703
1365889875.7991538,103.200005,1.1518924236297607
1365889875.9992912,100.800003,1.151777744293213
1365889876.1859956,98.400002,1.156121015548706
1365889876.4164557,102.400002,2.543952226638794
1365889876.5840583,98.400002,2.3840720653533936
1365889876.7889965,102.400002,2.188753604888916
1365889876.9953053,100.800003,1.9863255023956299
1365889877.1848752,102.400002,1.7995717525482178
1365889877.3841534,100.000000,1.6042113304138184
1365889877.586067,102.400002,1.4080843925476074
1365889877.7847178,103.200005,1.2197222709655762
1365889877.9862206,104.800003,1.1599740982055664
1365889878.1909041,102.400002,1.245197057723999
1365889878.3852208,100.800003,1.174340009689331
1365889878.5887043,102.400002,1.158416509628296
1365889878.7854106,102.400002,1.2221295833587646
1365889878.985484,103.200005,1.1756365299224854
1365889879.1966515,103.200005,1.1706914901733398
1365889879.3870692,100.000000,1.157717227935791
1365889879.5868711,100.800003,1.1739187240600586
1365889879.7876687,100.000000,1.1630127429962158
1365889879.986772,98.400002,1.1636552810668945
1365889880.1884367,103.200005,1.1503386497497559
1365889880.3892403,102.400002,1.1559760570526123
1365889880.5875297,103.200005,1.1749284267425537
1365889880.787922,100.000000,1.1652750968933105
1365889880.9869454,100.800003,1.1547377109527588
1365889881.1886768,98.400002,1.1568982601165771
1365889881.3877876,102.400002,1.1737332344055176
1365889881.5878472,102.400002,1.1493830680847168
1365889881.7916915,103.200005,1.1704156398773193
1365889881.9877477,100.800003,1.1510193347930908
1365889882.1883535,100.000000,1.1556446552276611
1365889882.3888786,98.400002,1.1613783836364746
1365889882.6103706,103.200005,1.189291000366211
1365889882.7927413,102.400002,1.1733412742614746
1365889882.992608,103.200005,1.2518506050109863
1365889883.1907315,100.800003,1.248039722442627
1365889883.3953867,98.400002,1.1510884761810303
1365889883.593301,103.200005,1.1720480918884277
1365889883.7910812,104.800003,1.2025866508483887
1365889883.990051,102.400002,1.165306806564331
1365889884.192461,102.400002,1.2136919498443604
1365889884.3902314,102.400002,1.2115058898925781
1365889884.5935597,100.800003,1.2067909240722656
1365889884.79323,100.000000,1.1676995754241943
1365889884.9925056,347.200012,1.1925485134124756
1365889885.1918314,96.800003,1.1533410549163818
1365889885.3935096,102.400002,1.1573336124420166
1365889885.5918398,103.200005,1.1532716751098633
1365889885.7917013,100.000000,1.2715654373168945
1365889885.9938693,98.400002,1.2238099575042725
1365889886.1927488,100.000000,1.1537110805511475
1365889886.395102,98.400002,1.1891050338745117
1365889886.5932465,104.800003,1.2878201007843018
1365889886.7928596,102.400002,1.1693971157073975
1365889886.9946325,100.800003,1.1533868312835693
1365889887.195551,100.800003,1.1917364597320557
1365889887.3960307,102.400002,1.1530563831329346
1365889887.5932658,100.800003,1.20206618309021
1365889887.7942247,98.400002,1.2283782958984375
1365889887.9943802,102.400002,1.1561956405639648
1365889888.1946242,103.200005,1.1766562461853027
1365889888.3954315,102.400002,1.1721446514129639
1365889888.59578,100.000000,1.1813547611236572
1365889888.7994206,102.400002,1.1827726364135742
1365889888.9976163,103.200005,1.166815996170044
1365889889.1984372,102.400002,1.1874768733978271
1365889889.3972182,102.400002,1.153367042541504
1365889889.5976038,100.000000,1.153101921081543
1365889889.8116639,102.400002,1.2382805347442627
1365889890.0018976,96.800003,1.1533231735229492
1365889890.202889,104.800003,1.1492705345153809
1365889890.397277,102.400002,1.449826955795288
1365889890.605568,102.400002,1.2650279998779297
1365889890.8048956,103.200005,1.268172025680542
1365889890.997374,100.000000,1.3211400508880615
1365889891.1976333,104.800003,1.2490298748016357
1365889891.397175,98.400002,1.1790592670440674
1365889891.5981586,103.200005,1.164914608001709
1365889891.7980597,100.800003,1.1625213623046875
1365889891.9996185,100.000000,1.1584489345550537
1365889892.203455,96.800003,1.1537909507751465
1365889892.4075847,103.200005,1.16599440574646
1365889892.5996168,104.800003,1.1719341278076172
1365889892.798884,103.200005,1.1639516353607178
1365889893.0015829,104.800003,1.159402847290039
1365889893.2047257,102.400002,1.1994483470916748
1365889893.3997838,102.400002,1.1701157093048096
1365889893.598961,100.000000,1.1517953872680664
1365889893.8097982,102.400002,1.1531424522399902
1365889894.023045,104.800003,1.1788628101348877
1365889894.2006803,102.400002,1.1588778495788574
1365889894.4369762,103.200005,1.2216339111328125
1365889894.6091247,100.000000,1.1543188095092773
1365889894.8004773,98.400002,1.1744756698608398
1365889895.0010638,103.200005,1.152237892150879
1365889895.2058744,103.200005,1.1728079319000244
1365889895.4028158,100.800003,1.1586549282073975
1365889895.6274483,102.400002,1.1682193279266357
1365889895.8058057,103.200005,1.1637663841247559
1365889896.032296,103.200005,1.161121129989624
1365889896.2018878,103.200005,1.1592142581939697
1365889896.404885,104.800003,1.1826434135437012
1365889896.6078568,103.200005,1.2150790691375732
1365889896.806885,100.800003,1.1636474132537842
1365889897.0024521,100.000000,1.2276346683502197
1365889897.205335,103.200005,1.203228235244751
1365889897.4392643,102.400002,1.1722822189331055
1365889897.6030245,102.400002,1.238901138305664
1365889897.8040764,100.800003,1.1760447025299072
1365889898.0028253,100.000000,1.1539008617401123
1365889898.2037132,98.400002,1.1581530570983887
1365889898.4025784,102.400002,1.1590220928192139
1365889898.6035585,103.200005,1.1540210247039795
1365889898.8027854,102.400002,1.1583127975463867
1365889899.0055087,100.800003,1.2471973896026611
1365889899.2030861,98.400002,1.1737396717071533
1365889899.401624,103.200005,1.1722233295440674
1365889899.612781,102.400002,1.159888505935669
1365889899.802837,102.400002,1.1669254302978516
1365889900.003621,100.000000,1.160820484161377
1365889900.2036831,96.800003,1.1747910976409912
1365889900.4037888,103.200005,1.1588304042816162
1365889900.602824,103.200005,1.1528286933898926
1365889900.8037114,102.400002,1.1882989406585693
1365889901.003732,100.000000,1.1712331771850586
1365889901.2043612,102.400002,1.1534154415130615
1365889901.40282,103.200005,1.171494960784912
1365889901.6035223,103.200005,1.1642074584960938
1365889901.8139668,104.800003,1.167717695236206
1365889902.004555,102.400002,1.179224967956543
1365889902.2134683,102.400002,1.156142234802246
1365889902.4038162,98.400002,1.1701726913452148
1365889902.602516,98.400002,1.1690385341644287
1365889902.8029175,103.200005,1.1556003093719482
1365889903.0031736,96.800003,1.1500210762023926
1365889903.2057753,108.800003,1.1545383930206299
1365889903.4050338,100.800003,1.1567564010620117
1365889903.604228,98.400002,1.1564691066741943
1365889903.8039947,104.800003,1.1529202461242676
1365889904.003326,102.400002,1.1604411602020264
1365889904.2033985,172.800003,1.1636326313018799
1365889904.4080923,100.000000,1.169858455657959
1365889904.6035113,98.400002,1.1633148193359375
1365889904.8273032,103.200005,1.15578293800354
1365889905.0033038,102.400002,1.1523327827453613
1365889905.204629,102.400002,1.1549184322357178
1365889905.4045982,100.800003,1.1705331802368164
1365889905.6034613,100.000000,1.1763439178466797
1365889905.8172557,103.200005,1.1539030075073242
1365889906.0371118,100.800003,1.153179407119751
1365889906.2091186,103.200005,1.1805481910705566
1365889906.4035728,100.800003,1.1798572540283203
1365889906.6078222,100.000000,1.1644623279571533
1365889906.8040774,98.400002,1.1629185676574707
1365889907.0049255,102.400002,1.1502134799957275
1365889907.203263,103.200005,1.1550226211547852
1365889907.4043458,100.800003,1.1887516975402832
1365889907.6036656,100.000000,1.1511595249176025
1365889907.8046103,100.800003,1.1553609371185303
1365889908.0083168,102.400002,1.158642053604126
1365889908.217727,102.400002,1.26021146774292
1365889908.4057803,100.800003,1.1673924922943115
1365889908.6092958,100.800003,1.189931869506836
1365889908.8059187,100.000000,1.1536316871643066
1365889909.0187397,103.200005,1.2100329399108887
1365889909.2050002,98.400002,1.2318005561828613
1365889909.405538,98.400002,1.1512370109558105
1365889909.6081326,102.400002,1.1677570343017578
1365889909.8072095,103.200005,1.1526870727539062
1365889910.0232935,103.200005,1.163442850112915
1365889910.2062263,102.400002,1.1669375896453857
1365889910.410153,103.200005,1.15911865234375
1365889910.6067069,102.400002,1.171541690826416
1365889910.8090932,100.800003,1.1849925518035889
1365889911.0083017,100.800003,1.3111510276794434
1365889911.2059162,102.400002,1.2012605667114258
1365889911.406545,100.000000,1.1650984287261963
1365889911.606626,103.200005,1.1912012100219727
1365889911.8466299,100.000000,1.1666135787963867
1365889912.0235972,100.000000,1.1606991291046143
1365889912.2712731,103.200005,1.1553854942321777
1365889912.408336,102.400002,1.167003870010376
1365889912.6138546,103.200005,1.166642665863037
1365889912.8102047,103.200005,1.1560139656066895
1365889913.0107422,102.400002,1.1622252464294434
1365889913.2431247,102.400002,1.1699271202087402
1365889913.4115672,100.000000,1.1550002098083496
1365889913.6143308,103.200005,1.171461582183838
1365889913.810819,100.800003,1.1562409400939941
1365889914.032972,102.400002,1.2210462093353271
1365889914.2130132,100.800003,1.1555452346801758
1365889914.413866,100.000000,1.1562716960906982
1365889914.6140878,100.000000,1.164423942565918
1365889914.8208313,103.200005,1.1500329971313477
1365889915.0132046,103.200005,1.1776201725006104
1365889915.2120569,102.400002,1.1607019901275635
1365889915.4180236,103.200005,1.1641528606414795
1365889915.6117532,100.000000,1.3602759838104248
1365889915.8117049,100.800003,1.2175967693328857
1365889916.01369,100.000000,1.1690855026245117
1365889916.212164,100.800003,1.148608684539795
1365889916.4148555,102.400002,1.1547441482543945
1365889916.6187663,102.400002,1.1561558246612549
1365889916.812046,100.800003,1.1980211734771729
1365889917.0126543,100.000000,1.1664693355560303
1365889917.211818,98.400002,1.2108473777770996
1365889917.4176505,103.200005,1.2849061489105225
1365889917.6128156,102.400002,1.2394583225250244
1365889917.8203301,102.400002,1.1611006259918213
1365889918.01296,100.800003,1.1492905616760254
1365889918.214389,98.400002,1.1658246517181396
1365889918.4142587,102.400002,1.1644010543823242
1365889918.6142292,100.800003,1.3165476322174072
1365889918.8241177,100.800003,1.300178050994873
1365889919.0252337,100.800003,1.1706907749176025
1365889919.2205083,104.800003,1.160705327987671
1365889919.4162164,102.400002,1.162621021270752
1365889919.6465456,102.400002,1.176875114440918
1365889919.8806412,107.200005,1.1539011001586914
1365889920.0225246,100.800003,1.1485304832458496
1365889920.2184696,98.400002,1.1565916538238525
1365889920.4150345,103.200005,1.159442663192749
1365889920.616683,103.200005,1.1582322120666504
1365889920.8200886,100.000000,1.1900537014007568
1365889921.024211,100.000000,1.1717820167541504
1365889921.218823,104.800003,1.160386085510254
1365889921.417218,100.800003,1.3549659252166748
1365889921.640851,100.800003,1.1912147998809814
1365889921.8206637,100.800003,1.1610195636749268
1365889922.0196683,100.800003,1.1660070419311523
1365889922.2195263,98.400002,1.165297031402588
1365889922.4196172,100.800003,1.1575171947479248
1365889922.6517608,106.400002,1.4379539489746094
1365889922.8398924,106.400002,1.3767192363739014
1365889923.0397458,108.800003,1.2729756832122803
1365889923.2279422,98.400002,1.2147388458251953
1365889923.4259434,100.800003,1.2745213508605957
1365889923.6199195,96.000000,1.2441604137420654
1365889923.81891,96.800003,1.4212603569030762
1365889924.0290585,106.400002,1.2146549224853516
1365889924.2201173,111.200005,1.1536948680877686
1365889924.419418,102.400002,1.153029203414917
1365889924.619588,98.400002,1.1504454612731934
1365889924.8385665,106.400002,1.1505353450775146
1365889925.019011,103.200005,1.1660535335540771
1365889925.2212722,102.400002,1.1620385646820068
1365889925.420465,106.400002,1.1668543815612793
1365889925.6208074,100.800003,1.1564362049102783
1365889925.8459156,100.000000,1.1565940380096436
1365889926.0208175,103.200005,1.1806941032409668
1365889926.2217224,102.400002,1.1652357578277588
1365889926.419615,103.200005,1.1620962619781494
1365889926.6193638,104.800003,1.1529719829559326
1365889926.8238454,103.200005,1.1522705554962158
1365889927.0198262,100.000000,1.162492275238037
1365889927.2284586,98.400002,1.160437822341919
1365889927.4218588,102.400002,1.1912939548492432
1365889927.6207137,103.200005,1.149566411972046
1365889927.8296547,100.800003,1.2112059593200684
1365889928.0296543,98.400002,1.1707422733306885
1365889928.2226324,98.400002,1.1597144603729248
1365889928.4232228,103.200005,1.163353681564331
1365889928.6267188,103.200005,1.1724755764007568
1365889928.8255498,100.800003,1.1551227569580078
1365889929.02995,98.400002,1.153334617614746
1365889929.2254155,98.400002,1.164902925491333
1365889929.4279823,100.800003,1.1599650382995605
1365889929.625107,100.000000,1.1593670845031738
1365889929.828748,103.200005,1.151723861694336
1365889930.0677106,102.400002,1.1626427173614502
1365889930.2322347,100.000000,1.1770422458648682
1365889930.423862,100.000000,1.166520357131958
1365889930.6289008,431.200012,1.3604254722595215
1365889930.8249364,103.200005,1.1898846626281738
1365889931.034991,100.800003,1.1667091846466064
1365889931.2273633,102.400002,1.208759069442749
1365889931.4251108,100.800003,1.157456398010254
1365889931.6361651,100.000000,1.1665117740631104
1365889931.8261273,102.400002,1.16792893409729
1365889932.0328052,104.800003,1.1606237888336182
1365889932.226695,98.400002,1.1596901416778564
1365889932.4271805,104.800003,1.229863166809082
1365889932.6275017,102.400002,1.2092804908752441
1365889932.8325152,102.400002,1.1548717021942139
1365889933.0273876,100.800003,1.1503090858459473
1365889933.2299473,100.000000,1.2067790031433105
1365889933.4444854,103.200005,1.2120544910430908
1365889933.6291096,102.400002,1.2513582706451416
1365889933.8304188,106.400002,1.1981611251831055
1365889934.0349755,102.400002,1.4420924186706543
1365889934.2382214,100.000000,1.2409846782684326
1365889934.4291894,103.200005,1.1550209522247314
1365889934.6407473,100.000000,1.1545801162719727
1365889934.8292158,103.200005,1.1645455360412598
1365889935.0296323,103.200005,1.1615657806396484
1365889935.2317467,103.200005,1.1542167663574219
1365889935.4339979,103.200005,1.166412353515625
1365889935.647359,103.200005,1.1629376411437988
1365889935.8340564,102.400002,1.1706244945526123
1365889936.0317972,103.200005,1.1534554958343506
1365889936.2418985,100.800003,1.1643483638763428
1365889936.431399,96.800003,1.1629421710968018
1365889936.6392102,100.000000,1.1651136875152588
1365889936.8318787,106.400002,1.1726365089416504
1365889937.0339427,100.800003,1.1665918827056885
1365889937.2326021,98.400002,1.159073829650879
1365889937.4338763,102.400002,1.1653401851654053
1365889937.654596,100.800003,1.1765673160552979
1365889937.8368387,102.400002,1.1523411273956299
1365889938.0346525,100.000000,1.2495360374450684
1365889938.2323582,98.400002,1.1487605571746826
1365889938.4377246,104.800003,1.1686341762542725
1365889938.6358669,100.800003,1.1799893379211426
1365889938.8329203,102.400002,1.232740879058838
1365889939.0383298,103.200005,1.1552152633666992
1365889939.234197,102.400002,1.1661350727081299
1365889939.4339154,100.000000,1.1610031127929688
1365889939.6344025,100.000000,1.1999578475952148
1365889939.837164,102.400002,1.2277116775512695
1365889940.0382345,103.200005,1.1850569248199463
1365889940.234812,102.400002,1.1913940906524658
1365889940.4353673,100.000000,1.1594252586364746
1365889940.6360426,96.800003,1.1682872772216797
1365889940.8424037,103.200005,1.1500704288482666
1365889941.0435216,100.800003,1.1654748916625977
1365889941.2377307,100.800003,1.155182123184204
1365889941.4381256,100.000000,1.1899197101593018
1365889941.6489022,104.800003,1.2054529190063477
1365889941.839276,102.400002,1.1693601608276367
1365889942.038742,104.800003,1.1533620357513428
1365889942.2395048,102.400002,1.1673169136047363
1365889942.4378836,100.000000,1.215191125869751
1365889942.6479695,103.200005,1.1602511405944824
1365889942.8388786,103.200005,1.1673433780670166
1365889943.0534601,98.400002,1.149904727935791
1365889943.2445548,103.200005,1.1487195491790771
1365889943.439749,103.200005,1.160132646560669
1365889943.6402972,102.400002,1.1893348693847656
1365889943.840108,100.800003,1.2189509868621826
1365889944.0592914,102.400002,1.2500624656677246
1365889944.244021,96.800003,1.4050471782684326
1365889944.4421132,100.000000,1.2742962837219238
1365889944.6389556,98.400002,1.1760594844818115
1365889944.847652,102.400002,1.1545329093933105
1365889945.039303,103.200005,1.218623161315918
1365889945.2467384,103.200005,1.3100764751434326
1365889945.4423308,100.000000,1.1892220973968506
1365889945.6491666,102.400002,1.1677916049957275
1365889945.8442345,98.400002,1.1691474914550781
1365889946.133123,102.400002,1.1810269355773926
1365889946.2425475,102.400002,1.165832757949829
1365889946.4451635,103.200005,1.1823794841766357
1365889946.6600225,100.000000,1.4046502113342285
1365889946.8453825,98.400002,1.2241184711456299
1365889947.0391977,102.400002,1.1574831008911133
1365889947.240878,100.000000,1.153026819229126
1365889947.442374,100.800003,1.1608169078826904
1365889947.6401923,102.400002,1.1536946296691895
1365889947.863257,102.400002,1.1590790748596191
1365889948.0442154,100.000000,1.161510705947876
1365889948.2503266,103.200005,1.1617803573608398
1365889948.44141,102.400002,1.172666311264038
1365889948.6451313,102.400002,1.271191120147705
1365889948.842417,100.000000,1.188429355621338
1365889949.0422668,100.800003,1.184373378753662
1365889949.242221,100.000000,1.1521525382995605
1365889949.4446,103.200005,1.203866720199585
1365889949.6422122,102.400002,1.158416986465454
1365889949.8584533,102.400002,1.1540417671203613
1365889950.0424166,103.200005,1.1488115787506104
1365889950.2447119,100.800003,1.1705658435821533
1365889950.4438968,98.400002,1.6057674884796143
1365889950.657057,100.800003,1.7331013679504395
1365889950.8439462,102.400002,1.548980712890625
1365889951.0441282,102.400002,1.3531129360198975
1365889951.245218,100.800003,1.4041941165924072
1365889951.4445565,100.000000,1.2064781188964844
1365889951.6444292,100.800003,1.162142038345337
1365889951.8460894,103.200005,1.157841682434082
1365889952.0454385,98.400002,1.1688904762268066
1365889952.2485518,102.400002,1.1523895263671875
1365889952.4621854,102.400002,1.1523160934448242
1365889952.6466238,102.400002,1.1530745029449463
1365889952.8469234,100.800003,1.1579043865203857
1365889953.0472753,96.800003,1.1655378341674805
1365889953.2474174,103.200005,1.1617169380187988
1365889953.4499683,98.400002,1.1641628742218018
1365889953.6474326,102.400002,1.335266351699829
1365889953.8501499,103.200005,1.2218949794769287
1365889954.0524387,106.400002,1.1609830856323242
1365889954.2481077,100.800003,1.1531579494476318
1365889954.4519198,98.400002,1.1619815826416016
1365889954.6498713,103.200005,1.167156457901001
1365889954.8484755,103.200005,1.1809792518615723
1365889955.0492282,102.400002,1.1678781509399414
1365889955.2483358,100.800003,1.1672353744506836
1365889955.4487154,100.000000,1.1689567565917969
1365889955.655196,102.400002,1.2169396877288818
1365889955.8585618,102.400002,1.1514489650726318
1365889956.0484543,102.400002,1.1504197120666504
1365889956.250054,100.000000,1.1586179733276367
1365889956.4493303,102.400002,1.1578259468078613
1365889956.6511512,104.800003,1.1605479717254639
1365889956.8487043,100.000000,1.1701455116271973
1365889957.0497532,100.000000,1.275233507156372
1365889957.2603223,104.800003,1.1546621322631836
1365889957.4500256,107.200005,1.2151803970336914
1365889957.6504028,96.800003,1.1582839488983154
1365889957.8522584,108.800003,1.3735496997833252
1365889958.051509,100.000000,1.1952602863311768
1365889958.2562737,111.200005,1.160027027130127
1365889958.457515,103.200005,1.148902416229248
1365889958.6544747,100.800003,1.1712684631347656
1365889958.853168,104.800003,1.2137789726257324
1365889959.051792,100.000000,1.16898512840271
1365889959.2527688,103.200005,1.1899795532226562
1365889959.451479,102.400002,1.218207597732544
1365889959.657402,103.200005,1.1825096607208252
1365889959.8526945,102.400002,1.1862950325012207
1365889960.0535674,100.800003,1.1982078552246094
1365889960.2535923,104.800003,1.20564866065979
1365889960.4530363,102.400002,1.4511497020721436
1365889960.654781,92.800003,1.2561640739440918
1365889960.8694382,100.000000,1.1658084392547607
1365889961.054088,98.400002,1.1512141227722168
1365889961.25483,102.400002,1.1592557430267334
1365889961.4546947,98.400002,1.165271282196045
1365889961.6581132,96.800003,1.1709423065185547
1365889961.8586347,104.800003,1.2270848751068115
1365889962.0810707,106.400002,1.1515536308288574
1365889962.2641923,98.400002,1.149484634399414
1365889962.455193,102.400002,1.1623954772949219
1365889962.6777537,100.800003,1.1612215042114258
1365889962.8547843,98.400002,1.241426944732666
1365889963.0573473,100.000000,1.155635118484497
1365889963.254351,102.400002,1.1748833656311035
1365889963.458064,103.200005,1.1537563800811768
1365889963.6541407,103.200005,1.173095464706421
1365889963.8605988,103.200005,1.4367010593414307
1365889964.0583234,102.400002,1.2405681610107422
1365889964.2540681,103.200005,1.1596579551696777
1365889964.4646664,102.400002,1.1505529880523682
1365889964.6598914,102.400002,1.1678810119628906
1365889964.857992,100.000000,1.1576008796691895
1365889965.055341,100.000000,1.216749668121338
1365889965.264262,98.400002,1.1960713863372803
1365889965.4569967,98.400002,1.163085699081421
1365889965.6552484,100.000000,1.1635081768035889
1365889965.8648098,100.800003,1.1591672897338867
1365889966.059526,100.000000,1.1755506992340088
1365889966.2593546,96.800003,1.1659331321716309
1365889966.4542956,96.800003,1.1785712242126465
1365889966.6589663,102.400002,1.1755657196044922
1365889966.8553174,98.400002,1.2533071041107178
1365889967.0625267,100.000000,1.2174944877624512
1365889967.2545583,100.800003,1.1742897033691406
1365889967.4552736,100.000000,1.2203125953674316
1365889967.658062,102.400002,1.176037073135376
1365889967.862726,102.400002,1.1640815734863281
1365889968.0646293,112.800003,1.1687023639678955
1365889968.2578964,111.200005,1.2339282035827637
1365889968.4607503,100.800003,1.1634573936462402
1365889968.6580818,98.400002,1.2342605590820312
1365889968.8595347,104.800003,1.1898493766784668
1365889969.059229,103.200005,1.1468925476074219
1365889969.2645464,103.200005,1.1622166633605957
1365889969.4587784,102.400002,1.1499972343444824
1365889969.6579819,102.400002,1.1529710292816162
1365889969.8628411,100.000000,1.1680512428283691
1365889970.0602407,104.800003,1.147958517074585
1365889970.2896357,103.200005,1.1553852558135986
1365889970.462006,100.800003,1.1496245861053467
1365889970.6699164,100.800003,1.1650128364562988
1365889970.8626966,100.800003,1.163006067276001
1365889971.0598643,100.800003,1.3530540466308594
1365889971.264526,100.800003,1.24562406539917
1365889971.460722,100.800003,1.3888850212097168
1365889971.6589797,103.200005,1.193781852722168
1365889971.861069,103.200005,1.4919445514678955
1365889972.0580814,103.200005,1.29978346824646
1365889972.25882,102.400002,1.172741413116455
1365889972.4973388,100.000000,1.1701183319091797
1365889972.661132,98.400002,1.1597585678100586
1365889972.8577137,96.800003,1.204927921295166
1365889973.080097,104.800003,1.1528067588806152
1365889973.257882,102.400002,1.3571193218231201
1365889973.4601939,102.400002,1.1813907623291016
1365889973.6604862,94.400002,1.2410717010498047
1365889973.860903,103.200005,1.1655259132385254
1365889974.0673509,111.200005,1.164287805557251
1365889974.2589276,100.800003,1.1514203548431396
1365889974.4826221,98.400002,1.1577720642089844
1365889974.6670928,100.800003,1.1515674591064453
1365889974.859346,102.400002,1.162409782409668
1365889975.0938692,100.800003,1.1642699241638184
1365889975.2751691,100.000000,1.1658685207366943
1365889975.4817848,103.200005,1.1569504737854004
1365889975.658838,100.000000,1.174306869506836
1365889975.8638473,102.400002,1.1628680229187012
1365889976.0717385,102.400002,1.181382179260254
1365889976.2773328,102.400002,1.1636438369750977
1365889976.4601164,100.800003,1.177692174911499
1365889976.6592534,100.000000,1.2378339767456055
1365889976.8604887,100.800003,1.165980577468872
1365889977.0595384,104.800003,1.174654245376587
1365889977.2706466,104.800003,1.1645984649658203
1365889977.460848,103.200005,1.1535439491271973
1365889977.6632783,102.400002,1.1503374576568604
1365889977.8663764,100.000000,1.1595866680145264
1365889978.0602655,102.400002,1.1476175785064697
1365889978.2650628,100.000000,1.1696059703826904
1365889978.461161,103.200005,1.1624794006347656
1365889978.6700964,103.200005,1.1619513034820557
1365889978.867472,102.400002,1.2174971103668213
1365889979.0609887,102.400002,1.1552624702453613
1365889979.2628827,100.000000,1.1634025573730469
1365889979.4620316,100.800003,1.1739506721496582
1365889979.6636164,102.400002,1.1560144424438477
1365889979.8691185,103.200005,1.180884599685669
1365889980.062749,100.000000,1.5743403434753418
1365889980.2667508,98.400002,2.6498494148254395
1365889980.4650626,106.400002,2.453428030014038
1365889980.675942,106.400002,2.3331551551818848
1365889980.8656025,100.800003,2.1472160816192627
1365889981.0651443,100.800003,2.022737741470337
1365889981.2650125,96.800003,1.8244426250457764
1365889981.4661107,104.800003,1.6247217655181885
1365889981.7072744,102.400002,1.3847191333770752
1365889981.8655665,102.400002,1.2276036739349365
1365889982.0696177,100.000000,1.1514019966125488
1365889982.2662072,100.000000,1.1598656177520752
1365889982.4800062,100.000000,1.1877217292785645
1365889982.667724,103.200005,1.1627695560455322
1365889982.8806138,103.200005,1.2132558822631836
1365889983.072814,102.400002,1.1588826179504395
1365889983.2675116,100.800003,1.1640138626098633
1365889983.4779396,100.000000,1.1509056091308594
1365889983.6803036,104.800003,1.1650564670562744
1365889983.8681908,104.800003,1.160435438156128
1365889984.1043346,102.400002,1.1523778438568115
1365889984.2665217,103.200005,1.163090705871582
1365889984.4668775,100.000000,1.2010509967803955
1365889984.6671712,100.800003,1.1828892230987549
1365889984.8717377,103.200005,1.1566975116729736
1365889985.0665689,103.200005,1.1506643295288086
1365889985.2675238,102.400002,1.1639270782470703
1365889985.4662554,100.000000,1.1568374633789062
1365889985.6664689,98.400002,1.2038674354553223
1365889985.8686013,102.400002,1.1751770973205566
1365889986.0737004,102.400002,1.1794700622558594
1365889986.2671146,102.400002,1.5818183422088623
1365889986.4678936,102.400002,1.4719626903533936
1365889986.670698,100.000000,1.2728581428527832
1365889986.8690417,100.000000,1.1563396453857422
1365889987.071132,103.200005,1.1593835353851318
1365889987.2700863,100.800003,1.1971790790557861
1365889987.4753573,100.800003,1.1708078384399414
1365889987.6710346,98.400002,1.152029275894165
1365889987.890266,103.200005,1.151196002960205
1365889988.0729814,107.200005,1.1985208988189697
1365889988.2726495,102.400002,1.1656990051269531
1365889988.472806,98.400002,1.1680560111999512
1365889988.6773243,100.000000,1.147148609161377
1365889988.8732812,103.200005,1.2112247943878174
1365889989.1203384,103.200005,1.1596043109893799
1365889989.2750182,100.800003,1.1619117259979248
1365889989.4892654,100.800003,1.175180435180664
1365889989.676646,103.200005,1.1651506423950195
1365889989.8761303,103.200005,1.1525859832763672
1365889990.0760064,102.400002,1.1597862243652344
1365889990.2766175,102.400002,1.155393362045288
1365889990.4772613,102.400002,1.2343478202819824
1365889990.6750984,102.400002,1.180349349975586
1365889990.8756144,100.800003,1.1813242435455322
1365889991.0757692,100.000000,1.1674864292144775
1365889991.2819436,98.400002,1.1545183658599854
1365889991.4765341,100.000000,1.154299259185791
1365889991.6796927,102.400002,1.1562621593475342
1365889991.87791,100.800003,1.1483244895935059
1365889992.0786026,100.000000,1.1543779373168945
1365889992.3020954,98.400002,1.1688506603240967
1365889992.4943295,100.000000,1.1704647541046143
1365889992.6788907,103.200005,1.1654078960418701
1365889992.8799973,100.800003,1.1651880741119385
1365889993.0772445,103.200005,1.1551978588104248
1365889993.2773635,104.800003,1.1543691158294678
1365889993.5150793,103.200005,1.1501233577728271
1365889993.7026048,102.400002,1.1601803302764893
1365889993.8775373,100.800003,1.1682212352752686
1365889994.0774975,100.000000,1.1581284999847412
1365889994.2816277,100.800003,1.1892032623291016
1365889994.478614,102.400002,1.1625456809997559
1365889994.6825147,102.400002,1.2479422092437744
1365889994.8804507,100.000000,1.168816328048706
1365889995.0801795,100.000000,1.2008848190307617
1365889995.2851076,102.400002,1.2275099754333496
1365889995.5135844,103.200005,1.2307279109954834
1365889995.686951,100.800003,1.235790729522705
1365889995.883044,102.400002,1.1658692359924316
1365889996.1012719,102.400002,1.1736793518066406
1365889996.2818668,100.800003,1.151923418045044
1365889996.4853907,100.000000,1.1537926197052002
1365889996.6824167,103.200005,1.1632616519927979
1365889996.893541,100.800003,1.3040924072265625
1365889997.0869956,100.800003,1.2004013061523438
1365889997.2848628,100.800003,1.189028024673462
1365889997.592862,100.000000,1.1850228309631348
1365889997.6872275,104.800003,1.1596715450286865
1365889997.8886306,104.800003,1.1627318859100342
1365889998.0936496,106.400002,1.231318712234497
1365889998.2860982,103.200005,1.167999505996704
1365889998.4856074,102.400002,1.1531000137329102
1365889998.6864195,100.000000,1.1666419506072998
1365889998.888564,103.200005,1.1498346328735352
1365889999.0921626,103.200005,1.1668121814727783
1365889999.2927744,103.200005,1.1662728786468506
1365889999.489144,102.400002,1.16072678565979
1365889999.7009165,100.800003,1.1634244918823242
1365889999.890421,100.000000,1.1744236946105957
1365890000.0871024,103.200005,1.1498644351959229
1365890000.2877064,103.200005,1.1508970260620117
1365890000.4893909,96.800003,1.1830165386199951
1365890000.6914878,102.400002,1.153658390045166
1365890000.8885117,100.800003,1.165247917175293
1365890001.0867743,98.400002,1.1598315238952637
1365890001.2875211,103.200005,1.1643998622894287
1365890001.4871488,106.400002,1.1482007503509521
1365890001.7162452,100.000000,1.1546094417572021
1365890001.8905628,100.000000,1.165393352508545
1365890002.088945,102.400002,1.1505720615386963
1365890002.2908165,103.200005,1.1719088554382324
1365890002.4903991,103.200005,1.186002492904663
1365890002.7029839,103.200005,1.1604351997375488
1365890002.889646,100.000000,1.1914567947387695
1365890003.1166701,98.400002,1.2236862182617188
1365890003.2898889,103.200005,1.2229228019714355
1365890003.4986331,103.200005,1.165271520614624
1365890003.6909368,100.800003,1.1625256538391113
1365890003.9037726,103.200005,1.1648082733154297
1365890004.1076102,100.000000,1.2034378051757812
1365890004.4237545,98.400002,1.5681979656219482
1365890004.5236356,104.800003,1.4702985286712646
1365890004.6945665,104.800003,1.3027777671813965
1365890004.8993251,102.400002,1.2273218631744385
1365890005.1061065,98.400002,1.163649559020996
1365890005.2950635,102.400002,1.1639742851257324
1365890005.4925654,102.400002,1.14732027053833
1365890005.691039,103.200005,1.1701085567474365
1365890005.893018,102.400002,1.1535379886627197
1365890006.090755,103.200005,1.158677577972412
1365890006.2913792,98.400002,1.1530613899230957
1365890006.490675,102.400002,1.1562399864196777
1365890006.6898956,104.800003,1.1511437892913818
1365890006.8916447,100.800003,1.1548798084259033
1365890007.090609,100.000000,1.1520862579345703
1365890007.2907538,100.000000,1.1541650295257568
1365890007.4906235,102.400002,1.1615478992462158
1365890007.6934702,103.200005,1.179368495941162
1365890007.892122,102.400002,1.165630578994751
1365890008.092133,103.200005,1.1734504699707031
1365890008.297954,102.400002,1.1771225929260254
1365890008.4920783,102.400002,1.1583452224731445
1365890008.700455,102.400002,1.2359957695007324
1365890008.8915427,100.000000,1.154958963394165
1365890009.0922947,102.400002,1.1563551425933838
1365890009.2963345,103.200005,1.1619985103607178
1365890009.4919603,103.200005,1.1761431694030762
1365890009.6916883,100.800003,1.1551744937896729
1365890009.8958986,100.800003,1.1476712226867676
1365890010.0928867,100.800003,1.157278299331665
1365890010.299069,318.399994,1.1550695896148682
1365890010.4957466,127.200005,1.3410720825195312
1365890010.6959257,102.400002,1.1916205883026123
1365890010.8926425,100.800003,1.20656156539917
1365890011.0938213,100.800003,1.18048095703125
1365890011.2940614,102.400002,1.1646552085876465
1365890011.4966638,100.800003,1.1628992557525635
1365890011.7134879,96.800003,1.153731346130371
1365890011.8960292,103.200005,1.1597034931182861
1365890012.0961847,103.200005,1.1558234691619873
1365890012.2960186,100.800003,1.1956837177276611
1365890012.4958699,102.400002,1.1829078197479248
1365890012.6962662,103.200005,1.1624372005462646
1365890012.8969505,96.800003,1.1517858505249023
1365890013.097259,100.000000,1.3193154335021973
1365890013.30277,100.000000,1.1563639640808105
1365890013.5031538,102.400002,1.206409215927124
1365890013.6977859,98.400002,1.157346487045288
1365890013.8995612,98.400002,1.2053472995758057
1365890014.100541,98.400002,1.1852397918701172
1365890014.2977505,103.200005,1.1520068645477295
1365890014.4984562,103.200005,1.2453598976135254
1365890014.696966,102.400002,1.1632049083709717
1365890014.9932957,102.400002,1.1673030853271484
1365890015.100438,98.400002,1.1480917930603027
1365890015.3114874,96.000000,1.1861650943756104
1365890015.502454,98.400002,1.1635336875915527
1365890015.6992278,103.200005,1.1631860733032227
1365890015.8988519,106.400002,1.1512081623077393
1365890016.1038764,103.200005,1.1758546829223633
1365890016.3149881,102.400002,1.1523103713989258
1365890016.5015438,100.800003,1.1720812320709229
1365890016.7011154,100.000000,1.2857952117919922
1365890016.8992312,96.800003,1.4122552871704102
1365890017.101085,103.200005,1.3910624980926514
1365890017.3009267,104.800003,1.3173234462738037
1365890017.50093,100.800003,1.2436435222625732
1365890017.7027738,103.200005,1.5691912174224854
1365890017.8996413,103.200005,1.3742518424987793
1365890018.103921,98.400002,1.4026012420654297
1365890018.3033845,98.400002,1.2042746543884277
1365890018.5016117,96.800003,1.1590676307678223
1365890018.7016606,102.400002,1.1760659217834473
1365890018.901826,100.000000,1.1923682689666748
1365890019.1025512,100.000000,1.1603901386260986
1365890019.3030431,104.800003,1.2149078845977783
1365890019.5208619,103.200005,1.265033483505249
1365890019.704149,103.200005,1.1475343704223633
1365890019.9083261,103.200005,1.2448797225952148
1365890020.1045005,102.400002,1.2026286125183105
1365890020.3223786,100.800003,1.1526141166687012
1365890020.5042357,100.000000,1.1549768447875977
1365890020.7046695,96.800003,1.1661748886108398
1365890020.9042118,100.800003,1.158479928970337
1365890021.1049795,102.400002,1.1773145198822021
1365890021.30512,100.800003,1.2197840213775635
1365890021.506699,100.000000,1.1470346450805664
1365890021.7064505,100.000000,1.1540029048919678
1365890021.904862,96.800003,1.1575558185577393
1365890022.106833,103.200005,1.2134146690368652
1365890022.3056185,103.200005,1.163193941116333
1365890022.5041602,98.400002,1.1495821475982666
1365890022.705798,102.400002,1.2122774124145508
1365890022.926238,100.800003,1.197580337524414
1365890023.106905,96.800003,1.153367519378662
1365890023.3108108,98.400002,1.1554858684539795
1365890023.5070648,102.400002,1.161400318145752
1365890023.708285,104.800003,1.1547348499298096
1365890023.9066973,102.400002,1.2437536716461182
1365890024.1072795,98.400002,1.1495378017425537
1365890024.3105865,102.400002,1.1637532711029053
1365890024.5131783,100.000000,1.1620080471038818
1365890024.708772,103.200005,1.147796869277954
1365890024.91142,104.800003,1.149613618850708
1365890025.1091526,103.200005,1.162937879562378
1365890025.3088763,102.400002,1.158491849899292
1365890025.510988,100.000000,1.1633527278900146
1365890025.7083223,100.000000,1.1459412574768066
1365890025.9089744,103.200005,1.1614930629730225
1365890026.1083596,103.200005,1.1463303565979004
1365890026.3098347,100.000000,1.151731252670288
1365890026.5111988,103.200005,1.188493251800537
1365890026.7091517,100.800003,1.2252283096313477
1365890026.9097967,103.200005,1.1705760955810547
1365890027.114461,98.400002,1.1840083599090576
1365890027.3087716,102.400002,1.1702744960784912
1365890027.5094385,102.400002,1.1546497344970703
1365890027.711306,100.800003,1.1780400276184082
1365890027.9092112,102.400002,1.1713523864746094
1365890028.1137257,100.800003,1.1571383476257324
1365890028.3102312,102.400002,1.1598820686340332
1365890028.5118604,100.800003,1.149280309677124
1365890028.7184238,103.200005,1.162282943725586
1365890028.9106605,102.400002,1.149773359298706
1365890029.111547,102.400002,1.152052402496338
1365890029.3129373,100.800003,1.183988332748413
1365890029.514641,100.000000,1.1593866348266602
1365890029.7155266,100.000000,1.2134978771209717
1365890029.9127624,102.400002,1.160698652267456
1365890030.1175826,103.200005,1.1575157642364502
1365890030.3152623,102.400002,1.1810095310211182
1365890030.512439,102.400002,1.154561996459961
1365890030.7220688,100.000000,1.1474523544311523
1365890030.912635,96.800003,1.1477289199829102
1365890031.1428473,112.800003,1.1632318496704102
1365890031.3126135,102.400002,1.3625178337097168
1365890031.513535,102.400002,1.360809087753296
1365890031.7134638,102.400002,1.2242364883422852
1365890031.9139159,103.200005,1.1668567657470703
1365890032.116918,102.400002,1.1638860702514648
1365890032.3132768,103.200005,1.2348315715789795
1365890032.5126078,100.000000,1.2298893928527832
1365890032.726716,96.800003,1.1520700454711914
1365890032.9128788,100.000000,1.1746060848236084
1365890033.1137953,103.200005,1.1705174446105957
1365890033.320187,103.200005,1.146700382232666
1365890033.513732,100.000000,1.153782844543457
1365890033.7134752,100.000000,1.1496000289916992
1365890033.914977,98.400002,1.1608951091766357
1365890034.1151838,102.400002,1.2328801155090332
1365890034.3183632,102.400002,1.1549904346466064
1365890034.513806,102.400002,1.168243646621704
1365890034.7143059,96.800003,1.1495039463043213
1365890034.9136305,100.000000,1.1632468700408936
1365890035.1139858,98.400002,1.2198331356048584
1365890035.3508847,102.400002,1.1555132865905762
1365890035.5148814,103.200005,1.4721670150756836
1365890035.7143831,98.400002,1.274637222290039
1365890035.9162686,98.400002,1.149599552154541
1365890036.114333,102.400002,1.1512227058410645
1365890036.3149107,106.400002,1.1523962020874023
1365890036.518312,100.000000,1.154484510421753
1365890036.7148962,98.400002,1.1605322360992432
1365890036.9169357,102.400002,1.166675090789795
1365890037.1150544,103.200005,1.1453447341918945
1365890037.320056,100.000000,1.1564760208129883
1365890037.516893,103.200005,1.1565110683441162
1365890037.7173119,96.800003,1.164348840713501
1365890037.9248867,102.400002,1.1502771377563477
1365890038.1181502,104.800003,1.1597166061401367
1365890038.3462586,100.800003,1.149749517440796
1365890038.5185866,103.200005,1.1463680267333984
1365890038.7190151,102.400002,1.1756877899169922
1365890038.919355,100.800003,1.161414384841919
1365890039.1190004,100.000000,1.1629259586334229
1365890039.3184144,104.800003,1.170715570449829
1365890039.5209823,102.400002,1.163525104522705
1365890039.7190237,102.400002,1.1940841674804688
1365890039.9193997,103.200005,1.1506845951080322
1365890040.119412,100.800003,1.24214768409729
1365890040.3208332,100.000000,1.1547915935516357
1365890040.5189831,102.400002,1.1551055908203125
1365890040.7224512,107.200005,1.215108871459961
1365890040.9231746,102.400002,1.163665533065796
1365890041.1425126,100.800003,1.1489317417144775
1365890041.3246326,98.400002,1.1523146629333496
1365890041.5211709,96.800003,1.155543327331543
1365890041.7203383,103.200005,1.1552345752716064
1365890041.9218333,100.800003,1.1501331329345703
1365890042.1260118,102.400002,1.1467297077178955
1365890042.3201504,102.400002,1.1485693454742432
1365890042.52618,100.000000,1.2173309326171875
1365890042.7207568,98.400002,1.1658456325531006
1365890042.920589,104.800003,1.2128608226776123
1365890043.1267297,103.200005,1.1549451351165771
1365890043.3212368,100.800003,1.3289148807525635
1365890043.5207243,102.400002,1.932760238647461
1365890043.7217205,100.000000,1.7368245124816895
1365890043.9361687,104.800003,1.5279314517974854
1365890044.1222517,104.800003,1.3464925289154053
1365890044.3231273,102.400002,1.156315565109253
1365890044.5224895,102.400002,1.1543653011322021
1365890044.7238402,103.200005,1.161489725112915
1365890044.9234407,100.000000,1.155062198638916
1365890045.1246321,100.000000,1.1536860466003418
1365890045.326428,98.400002,1.170149803161621
1365890045.524712,96.800003,1.161921739578247
1365890045.7264605,100.000000,1.1528723239898682
1365890045.9263632,428.800018,1.1716439723968506
1365890046.133833,100.000000,1.2081842422485352
1365890046.3263576,98.400002,1.1468453407287598
1365890046.5265086,103.200005,1.150191307067871
1365890046.7336795,98.400002,1.1527938842773438
1365890046.9323032,104.800003,1.1643438339233398
1365890047.1296084,112.800003,1.1654033660888672
1365890047.3274903,100.800003,1.1540546417236328
1365890047.532123,102.400002,1.1525564193725586
1365890047.7283633,100.800003,1.1692109107971191
1365890047.9281185,100.000000,1.163707971572876
1365890048.131709,96.800003,1.1649653911590576
1365890048.3298838,102.400002,1.179797887802124
1365890048.5308685,100.800003,1.1576545238494873
1365890048.7281365,102.400002,1.1606175899505615
1365890048.9296353,100.800003,1.5170924663543701
1365890049.1283464,94.400002,1.3201234340667725
1365890049.3301218,100.000000,1.1583225727081299
1365890049.5312505,102.400002,1.1538631916046143
1365890049.7450464,103.200005,1.1568434238433838
1365890049.929568,103.200005,1.1671020984649658
1365890050.1305206,100.000000,1.1819922924041748
1365890050.3294303,100.800003,1.1832966804504395
1365890050.5313227,103.200005,1.1571764945983887
1365890050.7297246,102.400002,1.1514861583709717
1365890050.934117,102.400002,1.145509958267212
1365890051.1378515,103.200005,1.1492023468017578
1365890051.3294694,100.000000,1.150054931640625
1365890051.529571,98.400002,1.1641829013824463
1365890051.730204,103.200005,1.179107427597046
1365890051.9302707,102.400002,1.1673474311828613
1365890052.129851,102.400002,1.1569242477416992
1365890052.3294356,100.800003,1.1570911407470703
1365890052.5295486,100.000000,1.1892921924591064
1365890052.729,98.400002,1.1544709205627441
1365890052.9311607,103.200005,1.1554820537567139
1365890053.1293452,103.200005,1.1485798358917236
1365890053.3302655,102.400002,1.2592616081237793
1365890053.5303664,100.000000,1.4766416549682617
1365890053.7303076,104.800003,1.330611228942871
1365890053.9322133,102.400002,1.164677619934082
1365890054.131593,102.400002,1.1515283584594727
1365890054.3344705,102.400002,1.257904291152954
1365890054.5315123,100.000000,1.1480152606964111
1365890054.7336595,100.800003,1.4221298694610596
1365890054.9311385,96.800003,1.2260026931762695
1365890055.1319773,103.200005,1.2280519008636475
1365890055.3320973,102.400002,1.1750900745391846
1365890055.5318894,100.000000,1.2260236740112305
1365890055.731905,98.400002,1.154477834701538
1365890055.933207,103.200005,1.161020278930664
1365890056.1492374,103.200005,1.16811203956604
1365890056.337019,102.400002,1.1645524501800537
1365890056.5329628,102.400002,1.160670280456543
1365890056.7310338,100.000000,1.1484503746032715
1365890056.9331818,96.800003,1.1634278297424316
1365890057.131701,103.200005,1.161447525024414
1365890057.3353033,102.400002,1.1779887676239014
1365890057.5319886,100.800003,1.1611967086791992
1365890057.731526,100.800003,1.413268804550171
1365890057.9330308,98.400002,1.213559627532959
1365890058.1317403,103.200005,1.173710584640503
1365890058.3316429,104.800003,1.1648774147033691
1365890058.539451,102.400002,1.2304370403289795
1365890058.731116,100.800003,1.3066587448120117
1365890058.9326403,100.800003,1.1624937057495117
1365890059.133304,98.400002,1.1543822288513184
1365890059.336202,100.800003,1.163818120956421
1365890059.5331025,98.400002,1.2146918773651123
1365890059.7332168,102.400002,1.1771008968353271
1365890059.9338894,103.200005,1.154209852218628
1365890060.1362555,103.200005,1.1642436981201172
1365890060.3339894,100.800003,1.1655347347259521
1365890060.5344148,100.000000,1.1622326374053955
1365890060.7358832,102.400002,1.1627118587493896
1365890060.9364696,103.200005,1.1601428985595703
1365890061.1352067,103.200005,1.1748919486999512
1365890061.3354008,100.800003,1.1652965545654297
