1365889816.3940449,967.0731707317073,39.0,4.300856351852417
1365889816.6485171,868.9024390243902,39.0,4.2888689041137695
1365889816.900438,879.2682926829268,39.0,4.299860239028931
1365889817.1580422,631.0975609756098,37.9,4.294208526611328
1365889817.430571,772.5609756097562,39.0,4.425647497177124
1365889817.6816719,907.3170731707318,38.5,4.273321628570557
1365889817.933611,816.4634146341463,39.0,4.2955238819122314
1365889818.196277,608.5365853658536,38.5,4.294306755065918
1365889818.467968,907.9268292682927,39.0,4.279176950454712
1365889818.719829,887.1951219512196,38.5,4.299014329910278
1365889818.9715571,810.9756097560976,38.5,4.305332660675049
1365889819.241406,780.4878048780488,38.5,4.277261257171631
1365889819.4918761,815.2439024390243,38.5,4.278846502304077
1365889819.742545,946.951219512195,39.0,4.278855085372925
1365889819.996723,740.2439024390244,37.9,4.301926374435425
1365889820.267474,750.0,37.9,4.301697731018066
1365889820.5354722,839.0243902439024,39.0,4.287125110626221
1365889820.7864032,904.8780487804878,38.5,4.278403043746948
1365889821.0369122,827.4390243902438,38.5,4.297778606414795
1365889821.3048298,704.2682926829268,38.5,4.301680088043213
1365889821.5732322,832.9268292682926,39.0,4.4045093059539795
1365889821.823713,834.1463414634146,38.5,4.274172782897949
1365889822.075843,943.2926829268292,38.5,4.293901681900024
1365889822.342303,956.0975609756097,37.9,4.27473258972168
1365889822.592989,840.2439024390244,39.0,4.275781154632568
1365889822.844192,826.2195121951219,39.0,4.286335468292236
1365889823.0966542,739.0243902439024,38.5,4.298474073410034
1365889823.367976,773.1707317073171,38.5,4.275989532470703
1365889823.622684,775.0,38.5,4.275449275970459
1365889823.873133,803.048780487805,38.5,4.274520635604858
1365889824.1251142,740.2439024390244,38.5,4.2972307205200195
1365889824.396197,755.4878048780488,37.9,4.303627967834473
1365889824.676536,956.0975609756097,38.5,4.2862560749053955
1365889824.92702,1481.7073170731708,38.5,4.2789952754974365
1365889825.1790888,856.0975609756098,39.0,4.305205583572388
1365889825.448286,890.2439024390244,38.5,4.287661790847778
1365889825.6995358,954.8780487804878,39.0,4.277740001678467
1365889825.9501922,854.8780487804878,38.5,4.276563405990601
1365889826.204458,607.3170731707316,39.0,4.296041011810303
1365889826.4750772,701.2195121951219,37.9,4.293403148651123
1365889826.744499,794.5121951219512,37.9,4.275410175323486
1365889826.9948008,828.0487804878048,37.9,4.277299880981445
1365889827.247204,890.8536585365854,38.5,4.297738313674927
1365889827.5147169,878.0487804878048,38.5,4.437337160110474
1365889827.765973,937.1951219512194,39.0,4.277578830718994
1365889828.018193,825.0,39.0,4.275481224060059
1365889828.270429,737.1951219512194,38.5,4.29916787147522
1365889828.540975,759.1463414634146,37.9,4.296160697937012
1365889828.8126342,900.0,39.0,4.281546592712402
1365889829.063052,920.1219512195122,39.0,4.27741551399231
1365889829.314214,925.0,39.0,4.274958372116089
1365889829.5650098,624.390243902439,38.5,4.2968668937683105
1365889829.839218,1837.1951219512196,39.0,4.308220386505127
1365889830.090262,850.0,38.5,4.274310827255249
1365889830.342062,949.390243902439,39.0,4.277666807174683
1365889830.592333,758.5365853658536,37.9,4.298688173294067
1365889830.867195,832.9268292682926,39.0,4.278736114501953
1365889831.118017,932.9268292682927,38.5,4.273184299468994
1365889831.370472,937.1951219512194,38.5,4.289262294769287
1365889831.630398,629.2682926829268,38.5,4.3077168464660645
1365889831.903564,954.8780487804878,39.0,4.3404741287231445
1365889832.154012,787.1951219512196,39.0,4.280199766159058
1365889832.4067469,827.4390243902438,39.0,4.29604434967041
1365889832.679264,648.1707317073171,38.5,4.294696807861328
1365889832.951159,904.2682926829268,39.0,4.285673141479492
1365889833.202025,857.3170731707316,39.0,4.275522232055664
1365889833.454218,717.0731707317073,38.5,4.298894166946411
1365889833.724875,896.3414634146342,39.0,4.302494287490845
1365889833.977213,804.2682926829269,39.0,4.2784459590911865
1365889834.22816,902.439024390244,39.0,4.281834363937378
1365889834.488771,708.5365853658536,37.9,4.301760673522949
1365889834.759818,912.1951219512196,39.0,4.275227069854736
1365889835.012317,882.3170731707318,39.0,4.273882150650024
1365889835.262644,867.0731707317074,39.0,4.299451112747192
1365889835.529572,727.4390243902438,38.5,4.296387672424316
1365889835.80062,843.2926829268292,39.0,4.277620315551758
1365889836.052707,943.2926829268292,39.0,4.2743611335754395
1365889836.304252,697.560975609756,38.5,4.296947956085205
1365889836.579048,821.951219512195,39.0,4.282540559768677
1365889836.8294232,817.0731707317073,39.0,4.2750983238220215
1365889837.081567,846.951219512195,38.5,4.28514289855957
1365889837.3395672,748.170731707317,37.9,4.297431468963623
1365889837.614369,931.0975609756098,38.5,4.316669225692749
1365889837.8650272,821.3414634146341,39.0,4.279201507568359
1365889838.1163158,896.3414634146342,38.5,4.2800071239471436
1365889838.3712142,746.3414634146342,38.5,4.300031900405884
1365889838.64959,821.3414634146341,38.5,4.284144401550293
1365889838.901448,835.3658536585366,39.5,4.284832239151001
1365889839.153722,779.2682926829268,39.0,4.273530960083008
1365889839.4056919,622.560975609756,38.5,4.306552886962891
1365889839.686913,792.0731707317074,39.0,4.301741123199463
1365889839.9377332,951.8292682926829,39.0,4.276418685913086
1365889840.190038,885.9756097560976,38.5,4.2850329875946045
1365889840.448351,741.4634146341464,38.5,4.359500408172607
1365889840.722023,882.9268292682926,39.0,4.337808847427368
1365889840.973077,802.439024390244,39.0,4.286235332489014
1365889841.224255,867.0731707317074,38.5,4.299063682556152
1365889841.493907,815.2439024390243,39.0,4.350404262542725
1365889841.747427,960.3658536585366,39.0,4.345579624176025
1365889841.999121,893.2926829268292,39.0,4.278013229370117
1365889842.251977,739.0243902439024,38.5,4.303678512573242
1365889842.5228748,726.219512195122,37.9,4.296768665313721
1365889842.7945778,799.3902439024391,39.0,4.2828075885772705
1365889843.044737,903.048780487805,38.5,4.297389507293701
1365889843.2955499,695.1219512195122,38.5,4.310585021972656
1365889843.566658,893.2926829268292,38.5,4.293983221054077
1365889843.819635,863.4146341463414,39.0,4.274248123168945
1365889844.0703611,768.2926829268292,39.0,4.288165330886841
1365889844.32765,616.4634146341464,37.9,4.295376777648926
1365889844.5987651,885.9756097560976,39.0,4.296314001083374
1365889844.85184,857.9268292682926,39.0,4.276765823364258
1365889845.1022642,874.390243902439,39.0,4.282420635223389
1365889845.360563,733.5365853658536,38.5,4.29639744758606
1365889845.631531,868.9024390243902,39.0,8.194468021392822
1365889845.88351,852.4390243902438,39.0,7.955521583557129
1365889846.134968,852.4390243902438,39.0,7.734079599380493
1365889846.4014668,696.3414634146341,38.5,7.477826356887817
1365889846.674281,788.4146341463415,39.0,7.2221999168396
1365889846.926271,937.1951219512194,38.5,6.98860239982605
1365889847.176805,747.560975609756,38.5,6.753288984298706
1365889847.447625,921.9512195121952,39.0,6.507665157318115
1365889847.6981928,823.170731707317,39.0,6.281660079956055
1365889847.949951,812.1951219512194,39.0,6.047364950180054
1365889848.207544,738.4146341463414,38.5,5.8040430545806885
1365889848.478123,954.2682926829268,39.0,5.546942472457886
1365889848.730379,901.219512195122,39.0,5.3060524463653564
1365889848.980903,948.170731707317,39.0,5.069095611572266
1365889849.238462,706.0975609756097,37.9,4.818275451660156
1365889849.509127,762.1951219512196,39.0,4.556766986846924
1365889849.759839,854.8780487804878,39.0,4.319981336593628
1365889850.01152,935.3658536585366,39.0,4.295536756515503
1365889850.265137,742.0731707317074,39.0,4.298806428909302
1365889850.536789,677.439024390244,37.9,7.845865488052368
1365889850.8098738,890.2439024390244,39.0,7.598680019378662
1365889851.060522,937.1951219512194,39.0,7.363929271697998
1365889851.311213,806.0975609756098,39.0,7.134646654129028
1365889851.578201,945.1219512195122,39.0,6.8841211795806885
1365889851.829476,817.0731707317073,39.0,6.651073455810547
1365889852.080796,764.0243902439024,39.0,6.415613889694214
1365889852.331839,732.3170731707316,39.0,6.179803133010864
1365889852.597877,831.0975609756097,39.0,5.922022819519043
1365889852.849376,856.0975609756098,39.0,5.6873414516448975
1365889853.101045,631.0975609756098,39.0,5.444189548492432
1365889853.372494,777.439024390244,39.0,5.1763694286346436
1365889853.623053,845.1219512195122,39.5,4.933104991912842
1365889853.8745952,775.0,39.0,4.690901756286621
1365889854.140338,624.390243902439,38.5,4.451140403747559
1365889854.411724,767.0731707317074,39.0,4.283864498138428
1365889854.6655629,838.4146341463414,39.5,4.2745184898376465
1365889854.917622,907.9268292682927,39.0,4.339012384414673
1365889855.18718,935.3658536585366,39.0,4.275893211364746
1365889855.439163,788.4146341463415,39.0,7.837861776351929
1365889855.696725,1373.780487804878,39.0,7.602730751037598
1365889855.953158,763.4146341463414,38.5,7.364742279052734
1365889856.2270038,821.3414634146341,39.0,7.108940601348877
1365889856.478148,807.9268292682927,39.0,6.877785682678223
1365889856.729482,1745.121951219512,39.5,6.647585868835449
1365889856.984372,719.5121951219512,39.0,6.401657342910767
1365889857.258055,1620.7317073170732,37.9,6.160385847091675
1365889857.530783,904.8780487804878,39.0,5.893541097640991
1365889857.7816262,871.3414634146342,39.5,5.646078824996948
1365889858.033793,993.9024390243902,40.1,5.403190612792969
1365889858.286651,1625.6097560975609,39.0,5.176944255828857
1365889858.5604339,949.390243902439,39.0,4.91318678855896
1365889858.8111339,860.3658536585366,39.0,4.668376445770264
1365889859.061814,778.048780487805,39.5,4.445384979248047
1365889859.3210618,676.219512195122,39.0,4.303299188613892
1365889859.591809,832.3170731707316,39.5,4.275830984115601
1365889859.8420339,781.0975609756098,39.5,4.2778706550598145
1365889860.094671,843.2926829268292,38.5,4.299359321594238
1365889860.359336,623.170731707317,39.0,4.293115615844727
1365889860.629131,949.390243902439,39.0,4.275397777557373
1365889860.8798678,849.390243902439,39.5,4.3190813064575195
1365889861.1321752,943.9024390243902,39.0,4.297130346298218
1365889861.404377,792.0731707317074,39.0,4.284602165222168
1365889861.656887,817.0731707317073,39.0,4.300229072570801
1365889861.9076438,806.0975609756098,39.0,4.2816221714019775
1365889862.1658502,624.390243902439,39.0,4.297996997833252
1365889862.438708,890.2439024390244,39.0,4.273239612579346
1365889862.692304,875.0,39.5,4.274683952331543
1365889862.942715,904.8780487804878,39.0,4.2846550941467285
1365889863.201552,690.2439024390243,39.0,4.293964385986328
1365889863.4737751,950.0,39.0,4.319098234176636
1365889863.724502,815.2439024390243,39.0,4.276911020278931
1365889863.974748,794.5121951219512,39.0,4.277980327606201
1365889864.228279,736.5853658536586,38.5,4.304581880569458
1365889864.500757,824.390243902439,39.0,4.271639347076416
1365889864.752199,801.219512195122,39.5,4.283818244934082
1365889865.002882,949.390243902439,39.0,4.276183366775513
1365889865.259068,725.0,39.0,4.294637441635132
1365889865.5313869,831.0975609756097,39.0,4.275482892990112
1365889865.783075,954.8780487804878,39.5,4.277467250823975
1365889866.033232,852.4390243902438,39.0,4.274242639541626
1365889866.284013,744.5121951219512,39.0,4.297654151916504
1365889866.5550988,832.9268292682926,39.5,4.273697137832642
1365889866.807669,814.0243902439024,39.0,4.2860107421875
1365889867.0582469,785.3658536585366,40.1,4.300812244415283
1365889867.315061,731.0975609756098,39.0,4.298672914505005
1365889867.585946,800.0,39.0,4.277652263641357
1365889867.836792,943.2926829268292,39.0,4.276227235794067
1365889868.0873861,879.8780487804878,39.0,4.284773111343384
1365889868.344654,659.1463414634146,38.5,4.29657506942749
1365889868.6154602,799.3902439024391,39.0,4.280636548995972
1365889868.86603,859.1463414634146,39.5,4.284112930297852
1365889869.116562,951.2195121951219,39.5,4.272864103317261
1365889869.369708,727.4390243902438,39.0,4.293633460998535
1365889869.64033,932.9268292682927,39.5,4.286064624786377
1365889869.8921459,809.1463414634147,39.5,4.274295330047607
1365889870.1424,782.3170731707318,39.0,4.284082889556885
1365889870.3985689,621.3414634146342,39.0,4.298388719558716
1365889870.672831,945.1219512195122,39.0,4.273252010345459
1365889870.925718,788.4146341463415,39.0,4.280830144882202
1365889871.1763651,821.951219512195,39.5,4.285389423370361
1365889871.435634,639.6341463414634,39.0,4.300766706466675
1365889871.711393,774.390243902439,39.0,4.3038952350616455
1365889871.9627788,782.3170731707318,39.0,4.276408433914185
1365889872.2132921,794.5121951219512,39.5,4.282436370849609
1365889872.4765298,751.219512195122,39.5,4.36165189743042
1365889872.748493,764.0243902439024,39.5,4.291746377944946
1365889873.000184,842.0731707317073,39.5,4.276458978652954
1365889873.2503839,785.3658536585366,39.0,4.290913105010986
1365889873.5058901,748.170731707317,39.0,4.331365585327148
1365889873.777506,949.390243902439,39.0,4.273806095123291
1365889874.029052,863.4146341463414,39.0,4.277254104614258
1365889874.281773,825.0,39.0,4.277226209640503
1365889874.538621,734.1463414634146,39.0,4.335700988769531
1365889874.810705,783.5365853658537,39.0,4.2799437046051025
1365889875.0631502,795.1219512195122,39.0,4.278266191482544
1365889875.3136199,775.0,39.5,4.27587628364563
1365889875.5666041,615.2439024390244,39.0,4.372493505477905
1365889875.837578,945.1219512195122,39.5,4.272694110870361
1365889876.0898361,890.8536585365854,39.5,4.280771255493164
1365889876.3404229,942.0731707317073,39.0,4.279841661453247
1365889876.5927098,658.5365853658537,38.5,4.295473575592041
1365889876.865089,889.0243902439024,39.0,4.275602579116821
1365889877.118002,789.0243902439024,39.0,4.277174472808838
1365889877.368612,892.0731707317074,39.0,4.2748496532440186
1365889877.6202838,768.2926829268292,39.0,4.350053071975708
1365889877.891435,739.0243902439024,38.5,4.298854351043701
1365889878.16724,910.3658536585366,39.0,4.284147500991821
1365889878.4180129,866.4634146341464,39.0,4.275415420532227
1365889878.6696541,774.390243902439,39.5,4.31499171257019
1365889878.938157,853.0487804878048,39.0,4.273234844207764
1365889879.191238,854.2682926829268,39.5,4.275848388671875
1365889879.4429429,940.8536585365853,39.0,4.281957387924194
1365889879.70244,742.0731707317074,39.0,4.299147605895996
1365889879.974825,940.2439024390243,39.0,4.277879953384399
1365889880.227455,943.2926829268292,39.5,4.274526357650757
1365889880.478036,896.3414634146342,39.0,4.290645599365234
1365889880.740431,729.2682926829268,39.0,4.310229778289795
1365889881.011248,838.4146341463414,39.0,4.272996664047241
1365889881.2634299,943.2926829268292,39.0,4.277109861373901
1365889881.513788,954.2682926829268,39.5,4.291149377822876
1365889881.76464,723.170731707317,39.0,4.295285224914551
1365889882.035805,852.4390243902438,39.0,4.27251672744751
1365889882.288435,893.9024390243902,39.5,4.289764642715454
1365889882.5402,912.1951219512196,39.0,4.282512426376343
1365889882.7979672,613.4146341463414,39.0,4.297356128692627
1365889883.069126,754.2682926829268,39.0,4.299757480621338
1365889883.34383,874.390243902439,39.5,4.29062819480896
1365889883.5941582,921.3414634146342,39.0,4.276444911956787
1365889883.845008,868.2926829268292,39.5,4.284885406494141
1365889884.099763,751.219512195122,39.0,4.296719074249268
1365889884.3730261,772.5609756097562,39.0,4.275418519973755
1365889884.6234958,840.2439024390244,39.5,4.282024145126343
1365889884.874534,832.9268292682926,40.1,4.281292200088501
1365889885.129228,733.5365853658536,39.0,4.2955615520477295
1365889885.401862,738.4146341463414,39.0,4.294985771179199
1365889885.672519,859.1463414634146,39.5,4.273717641830444
1365889885.923275,950.0,39.0,4.275604009628296
1365889886.174592,957.9268292682926,39.0,4.287677764892578
1365889886.42941,735.3658536585366,39.0,4.304094076156616
1365889886.7032902,950.0,39.0,4.273313999176025
1365889886.9538372,962.8048780487804,39.0,4.275541305541992
1365889887.204187,918.2926829268293,39.0,4.282855987548828
1365889887.4648352,671.3414634146342,39.0,4.309019327163696
1365889887.740992,770.1219512195122,39.5,4.274434804916382
1365889887.991297,783.5365853658537,39.5,4.273295879364014
1365889888.2417479,935.3658536585366,39.5,4.282174348831177
1365889888.496644,697.560975609756,39.0,4.306107044219971
1365889888.768812,946.3414634146341,39.0,4.2836754322052
1365889889.020533,903.048780487805,40.1,4.278559684753418
1365889889.27133,814.0243902439024,39.5,4.277205467224121
1365889889.526593,744.5121951219512,39.0,4.295411586761475
1365889889.798618,884.1463414634146,39.0,4.278198719024658
1365889890.050436,979.8780487804878,39.5,4.274847984313965
1365889890.302181,881.0975609756098,39.5,4.512458801269531
1365889890.561694,751.219512195122,38.5,4.430361270904541
1365889890.834455,913.4146341463415,39.0,4.281346559524536
1365889891.086486,790.2439024390244,39.5,4.2720887660980225
1365889891.338506,910.9756097560976,39.0,4.4900922775268555
1365889891.5973592,729.2682926829268,39.0,4.295304536819458
1365889891.868282,932.9268292682927,40.1,4.275605201721191
1365889892.118825,870.1219512195122,40.1,4.270760536193848
1365889892.370827,852.4390243902438,39.5,4.277755260467529
1365889892.629917,670.1219512195122,39.5,4.304747581481934
1365889892.901153,878.0487804878048,39.0,4.28332257270813
1365889893.152448,954.2682926829268,39.5,4.273695945739746
1365889893.404292,760.9756097560976,39.0,4.288729429244995
1365889893.672262,860.9756097560976,39.5,4.275737524032593
1365889893.923261,824.390243902439,39.5,4.274213075637817
1365889894.175173,882.3170731707318,40.1,4.271150588989258
1365889894.42747,722.560975609756,39.0,4.295036315917969
1365889894.7039528,893.2926829268292,39.5,4.282709360122681
1365889894.954612,909.1463414634146,40.1,4.271437168121338
1365889895.2060921,939.0243902439024,40.1,4.284186124801636
1365889895.4650629,731.0975609756098,39.0,4.299037218093872
1365889895.742359,948.170731707317,39.5,4.276970624923706
1365889895.9928992,871.9512195121952,39.0,4.2766499519348145
1365889896.243745,820.1219512195122,39.5,4.300131559371948
1365889896.500695,747.560975609756,39.0,4.299131870269775
1365889896.7778292,799.3902439024391,39.5,4.274712800979614
1365889897.0288708,879.8780487804878,40.1,4.27250862121582
1365889897.280836,850.0,39.0,4.2841432094573975
1365889897.541218,614.6341463414634,39.0,4.2950568199157715
1365889897.8147762,1809.1463414634145,39.0,4.2789623737335205
1365889898.066677,934.1463414634147,39.5,4.270701885223389
1365889898.317847,828.0487804878048,39.0,4.289793252944946
1365889898.584358,675.609756097561,39.0,4.295953035354614
1365889898.857836,950.0,39.5,4.27572226524353
1365889899.108313,889.0243902439024,39.5,4.285353660583496
1365889899.359149,779.2682926829268,39.5,4.293130159378052
1365889899.631229,852.4390243902438,39.5,4.282337188720703
1365889899.8827908,913.4146341463415,39.0,4.2767767906188965
1365889900.133298,945.1219512195122,40.1,4.283225774765015
1365889900.3877518,669.5121951219512,39.0,4.293890476226807
1365889900.661223,1789.0243902439024,39.0,4.3461456298828125
1365889900.912653,896.9512195121952,39.5,4.391868352890015
1365889901.164117,884.1463414634146,39.5,4.2759082317352295
1365889901.4145548,722.560975609756,39.0,4.295691967010498
1365889901.6874309,736.5853658536586,39.0,4.295690536499023
1365889901.959348,925.0,40.1,4.278351545333862
1365889902.210905,863.4146341463414,40.1,4.279584169387817
1365889902.46148,778.048780487805,39.5,4.301488399505615
1365889902.737751,770.1219512195122,39.5,4.272426605224609
1365889902.989367,807.3170731707318,40.1,4.271798133850098
1365889903.2411442,943.2926829268292,39.5,4.281433820724487
1365889903.498214,738.4146341463414,39.0,4.3052568435668945
1365889903.7805882,877.439024390244,39.0,4.2707061767578125
1365889904.0320919,900.0,39.0,4.283772706985474
1365889904.282275,814.0243902439024,39.0,4.297143459320068
1365889904.5532029,882.9268292682926,39.5,4.277009963989258
1365889904.806679,821.3414634146341,39.0,4.2724385261535645
1365889905.0586848,890.8536585365854,39.0,4.280906915664673
1365889905.311827,679.2682926829269,39.0,4.293625354766846
1365889905.582547,794.5121951219512,39.5,4.279635190963745
1365889905.834854,755.4878048780488,40.1,4.338775873184204
1365889906.0867279,909.1463414634146,40.1,4.300415515899658
1365889906.338602,730.4878048780488,39.0,4.303562164306641
1365889906.609944,698.170731707317,39.0,4.296789884567261
1365889906.8833978,937.1951219512194,40.1,4.270298480987549
1365889907.135416,779.2682926829268,40.1,4.2773120403289795
1365889907.3901162,806.0975609756098,39.0,4.295261859893799
1365889907.658894,846.3414634146342,40.1,4.293536186218262
1365889907.9106948,948.170731707317,40.1,4.276684045791626
1365889908.162551,796.3414634146342,40.1,4.274410724639893
1365889908.418558,699.390243902439,39.0,4.297074556350708
1365889908.689806,935.9756097560976,39.0,4.275518894195557
1365889908.940438,854.8780487804878,40.1,4.277446031570435
1365889909.1912162,830.4878048780488,40.1,4.275956153869629
1365889909.44473,702.4390243902438,39.0,4.331760883331299
1365889909.7159061,937.1951219512194,39.5,4.276118278503418
1365889909.96652,784.1463414634146,39.0,4.277328729629517
1365889910.220874,879.2682926829268,40.1,4.293431997299194
1365889910.491659,863.4146341463414,40.1,4.280265808105469
1365889910.746148,792.0731707317074,40.1,4.27459454536438
1365889910.9968388,915.2439024390244,39.5,4.277700424194336
1365889911.248914,753.0487804878048,39.0,4.293338775634766
1365889911.522599,937.8048780487804,39.5,4.281202077865601
1365889911.773833,904.8780487804878,39.5,4.271366357803345
1365889912.025623,882.9268292682926,39.5,4.282459020614624
1365889912.276093,745.1219512195122,39.0,4.295371770858765
1365889912.54725,815.2439024390243,40.1,4.287054061889648
1365889912.798826,854.2682926829268,40.1,4.27398681640625
1365889913.049859,1718.2926829268292,39.0,4.303988456726074
1365889913.319308,960.3658536585366,40.1,4.285363674163818
1365889913.570147,782.3170731707318,39.5,4.2736430168151855
1365889913.8213062,877.439024390244,39.5,4.275831699371338
1365889914.077089,744.5121951219512,39.0,4.300260305404663
1365889914.348186,774.390243902439,39.0,4.279163599014282
1365889914.6003468,909.1463414634146,39.5,4.273714065551758
1365889914.85093,843.9024390243902,39.5,4.2755091190338135
1365889915.104876,668.2926829268293,39.0,4.293990612030029
1365889915.376758,785.9756097560976,39.5,4.272200345993042
1365889915.6286988,939.0243902439024,40.1,4.311330795288086
1365889915.8795571,774.390243902439,39.5,5.200997829437256
1365889916.133929,1406.7073170731708,39.0,4.967178583145142
1365889916.4047098,868.2926829268292,39.5,4.717844009399414
1365889916.657376,830.4878048780488,39.0,4.47862434387207
1365889916.909647,925.0,39.5,4.2770490646362305
1365889917.164242,739.0243902439024,39.5,4.301608324050903
1365889917.435353,803.048780487805,39.0,4.278377056121826
1365889917.68811,771.3414634146342,40.1,4.277343988418579
1365889917.9388218,881.0975609756098,40.1,4.2883758544921875
1365889918.1932092,733.5365853658536,39.5,4.306738615036011
1365889918.463906,802.439024390244,39.5,4.289770126342773
1365889918.717435,835.3658536585366,40.1,4.279779434204102
1365889918.968253,852.4390243902438,40.1,4.2922704219818115
1365889919.22138,744.5121951219512,39.0,4.296264886856079
1365889919.492327,734.1463414634146,38.5,4.291062355041504
1365889919.765008,949.390243902439,39.0,4.273634195327759
1365889920.015641,838.4146341463414,40.1,4.278369903564453
1365889920.2674088,719.5121951219512,39.0,4.294093608856201
1365889920.5389361,879.2682926829268,40.1,4.28068208694458
1365889920.793389,951.8292682926829,40.1,4.439903497695923
1365889921.043947,890.8536585365854,39.5,4.277438402175903
1365889921.298401,616.4634146341464,39.0,4.300794839859009
1365889921.569173,946.951219512195,40.1,4.2753143310546875
1365889921.8230982,885.9756097560976,40.1,4.2843403816223145
1365889922.074635,793.2926829268293,39.0,4.290017604827881
1365889922.338389,683.5365853658537,39.0,4.301300764083862
1365889922.608892,800.0,40.1,4.274989604949951
1365889922.8619862,945.1219512195122,39.5,4.362579822540283
1365889923.112365,945.1219512195122,39.0,4.299297332763672
1365889923.3836129,840.2439024390244,40.1,4.275208950042725
1365889923.634874,898.1707317073171,39.0,4.2721545696258545
1365889923.886963,843.2926829268292,40.1,4.277284860610962
1365889924.143191,751.219512195122,39.5,4.2922961711883545
1365889924.414091,882.9268292682926,39.0,4.275959253311157
1365889924.664323,890.8536585365854,40.1,4.272277593612671
1365889924.9167428,943.2926829268292,39.5,4.289590120315552
1365889925.1843379,924.3902439024391,40.1,4.2743518352508545
1365889925.435355,781.0975609756098,40.1,4.280344009399414
1365889925.6858408,829.2682926829268,40.1,4.286640882492065
1365889925.9388201,737.1951219512194,39.5,4.319025754928589
1365889926.209944,816.4634146341463,39.5,4.277282953262329
1365889926.4608152,900.0,40.1,4.2865073680877686
1365889926.711574,879.8780487804878,40.1,4.294564962387085
1365889926.962812,746.3414634146342,39.0,4.300753593444824
1365889927.2346408,725.0,39.0,4.309169769287109
1365889927.507444,852.4390243902438,40.1,4.281782388687134
1365889927.76059,843.2926829268292,39.5,4.275731563568115
1365889928.0118358,918.9024390243903,39.5,4.2848522663116455
1365889928.269887,729.2682926829268,39.0,4.293976783752441
1365889928.5418189,879.2682926829268,40.1,4.282270669937134
1365889928.79387,893.2926829268292,39.5,4.282154083251953
1365889929.0450869,796.3414634146342,40.1,4.277860164642334
1365889929.300139,625.609756097561,39.0,4.309702157974243
1365889929.570752,691.4634146341463,39.0,4.295893907546997
1365889929.846303,957.3170731707316,39.5,4.373894214630127
1365889930.096746,910.3658536585366,39.0,4.333728551864624
1365889930.347708,842.0731707317073,39.5,4.3043506145477295
1365889930.615603,956.0975609756097,40.1,4.279642343521118
1365889930.866433,815.2439024390243,39.5,4.291625261306763
1365889931.117812,834.1463414634146,40.1,4.293812274932861
1365889931.3705778,724.390243902439,39.5,4.310270547866821
1365889931.642592,809.1463414634147,39.5,4.276025295257568
1365889931.89451,893.9024390243902,39.5,4.277852773666382
1365889932.1460521,896.3414634146342,40.1,4.291206121444702
1365889932.402772,747.560975609756,39.0,4.31075119972229
1365889932.673281,876.219512195122,39.5,4.270603656768799
1365889932.924407,807.3170731707318,40.1,4.27093243598938
1365889933.176072,817.0731707317073,39.5,4.275275230407715
1365889933.429114,737.1951219512194,39.0,4.304189920425415
1365889933.701719,679.2682926829269,39.0,4.29814600944519
1365889933.9742222,829.2682926829268,40.1,4.275906562805176
1365889934.225587,881.0975609756098,39.5,4.277943849563599
1365889934.47737,750.0,39.0,4.289259195327759
1365889934.746254,838.4146341463414,40.1,4.3269147872924805
1365889934.99685,953.0487804878048,40.1,4.27165150642395
1365889935.249069,828.0487804878048,40.1,4.278970241546631
1365889935.5032132,742.0731707317074,39.0,4.2903571128845215
1365889935.775381,819.5121951219512,40.1,4.288409471511841
1365889936.02663,885.9756097560976,40.1,4.278868675231934
1365889936.278592,700.6097560975609,39.5,5.509241342544556
1365889936.551448,785.3658536585366,40.1,5.259235620498657
1365889936.8034618,946.951219512195,40.1,5.036780595779419
1365889937.056562,792.0731707317074,40.1,4.830755233764648
1365889937.31356,1200.609756097561,39.5,4.592341661453247
1365889937.584648,954.2682926829268,40.1,4.331376075744629
1365889937.835374,843.2926829268292,40.1,4.273957014083862
1365889938.087117,783.5365853658537,40.1,4.27547025680542
1365889938.344528,741.4634146341464,39.0,4.295191764831543
1365889938.6179001,775.0,39.5,4.271184206008911
1365889938.869327,784.1463414634146,40.1,4.272010564804077
1365889939.1223822,937.8048780487804,39.5,4.277289867401123
1365889939.3817239,727.4390243902438,39.0,4.298388957977295
1365889939.6550632,773.1707317073171,39.5,4.27485728263855
1365889939.905359,765.2439024390244,40.1,4.277324914932251
1365889940.1580238,804.2682926829269,40.1,4.286026954650879
1365889940.415479,740.2439024390244,39.0,4.300232172012329
1365889940.691801,845.1219512195122,40.1,4.275017976760864
1365889940.9424598,775.0,39.5,4.269872665405273
1365889941.194747,815.2439024390243,40.1,4.275728464126587
1365889941.446611,683.5365853658537,39.0,4.319180965423584
1365889941.718888,928.048780487805,39.5,4.274203777313232
1365889941.9697049,772.5609756097562,40.1,4.277295112609863
1365889942.2222521,772.5609756097562,40.1,4.277408838272095
1365889942.476646,736.5853658536586,39.0,4.293730020523071
1365889942.749347,951.8292682926829,40.1,4.286437273025513
1365889943.000077,950.0,40.1,4.281856298446655
1365889943.2509649,857.9268292682926,40.1,4.282413482666016
1365889943.501479,665.2439024390244,39.0,4.302603244781494
1365889943.7778199,946.3414634146341,40.1,4.289334774017334
1365889944.028526,853.0487804878048,40.1,4.278738021850586
1365889944.279519,921.3414634146342,40.1,4.28098201751709
1365889944.536096,711.5853658536585,39.0,4.295994281768799
1365889944.8134809,839.0243902439024,40.1,4.273391008377075
1365889945.0640142,918.2926829268293,40.1,4.272427797317505
1365889945.314721,875.0,39.5,4.284686088562012
1365889945.5780349,754.2682926829268,39.0,4.295184850692749
1365889945.8508549,943.9024390243902,40.1,4.272742509841919
1365889946.10131,951.2195121951219,40.1,4.282622337341309
1365889946.352059,780.4878048780488,39.0,4.2908935546875
1365889946.621577,899.390243902439,40.1,4.273819923400879
1365889946.873369,764.0243902439024,39.5,4.272980451583862
1365889947.123345,904.8780487804878,40.1,4.2719950675964355
1365889947.374229,640.2439024390244,39.0,4.315058469772339
1365889947.6452339,1559.7560975609756,40.1,4.273806571960449
1365889947.895852,942.0731707317073,40.1,4.273323059082031
1365889948.146264,951.8292682926829,40.1,4.280070066452026
1365889948.4039779,735.3658536585366,39.0,4.296136379241943
1365889948.674248,915.8536585365854,40.1,4.275563716888428
1365889948.926584,892.0731707317074,40.1,4.272478103637695
1365889949.1770701,862.1951219512194,40.1,4.276483774185181
1365889949.435194,735.3658536585366,39.5,4.293968677520752
1365889949.7060428,765.2439024390244,40.1,4.281819581985474
1365889949.95816,926.829268292683,40.1,4.274091720581055
1365889950.208755,830.4878048780488,40.1,4.279715538024902
1365889950.461542,733.5365853658536,39.0,4.293662786483765
1365889950.732138,781.0975609756098,40.1,4.273978233337402
1365889950.9841962,959.1463414634146,40.1,4.278223514556885
1365889951.234966,954.2682926829268,40.1,4.2718870639801025
1365889951.487359,732.3170731707316,39.5,4.299011707305908
1365889951.758014,965.8536585365854,40.1,4.276865243911743
1365889952.0101602,812.1951219512194,40.1,4.294137716293335
1365889952.260918,948.170731707317,40.1,4.27843713760376
1365889952.5167649,729.2682926829268,39.0,4.296735048294067
1365889952.792938,950.0,40.1,4.283677339553833
1365889953.047588,957.9268292682926,39.5,4.273483514785767
1365889953.298356,817.0731707317073,40.1,4.336736679077148
1365889953.551827,732.3170731707316,39.5,4.301570653915405
1365889953.826367,818.2926829268292,39.5,4.279015064239502
1365889954.08075,814.0243902439024,40.1,4.338343143463135
1365889954.332248,801.219512195122,40.1,4.276927471160889
1365889954.588226,716.4634146341463,39.5,4.295469522476196
1365889954.860279,852.4390243902438,39.5,4.293650150299072
1365889955.114314,874.390243902439,39.5,4.279344797134399
1365889955.365765,918.9024390243903,40.1,4.273302793502808
1365889955.617283,749.390243902439,39.0,4.2922327518463135
1365889955.888136,741.4634146341464,39.0,4.2962048053741455
1365889956.158228,762.1951219512196,39.5,4.281022310256958
1365889956.408718,805.4878048780488,40.1,4.273650407791138
1365889956.660306,857.9268292682926,40.1,4.294945240020752
1365889956.9324281,932.9268292682927,40.1,4.272272109985352
1365889957.1851368,948.170731707317,40.1,4.276674747467041
1365889957.4353821,953.0487804878048,40.1,4.284316062927246
1365889957.6866539,655.4878048780488,39.0,4.295280933380127
1365889957.957448,867.0731707317074,40.1,4.272096633911133
1365889958.209772,792.0731707317074,40.1,4.279655933380127
1365889958.46036,896.3414634146342,39.5,4.285745620727539
1365889958.7140238,749.390243902439,39.0,4.310356855392456
1365889958.9854789,803.048780487805,40.1,4.270396947860718
1365889959.237528,945.1219512195122,39.5,4.2752604484558105
1365889959.488066,904.8780487804878,40.1,4.278778791427612
1365889959.740483,735.3658536585366,40.1,4.291510820388794
1365889960.011174,937.1951219512194,40.1,4.272169351577759
1365889960.262335,807.3170731707318,40.1,4.272937297821045
1365889960.512819,854.2682926829268,40.1,4.285989761352539
1365889960.763295,654.2682926829268,39.5,4.315878391265869
1365889961.033868,890.8536585365854,40.1,4.279629945755005
1365889961.2850869,810.9756097560976,40.1,4.2713117599487305
1365889961.535611,765.2439024390244,39.5,4.29054594039917
1365889961.8076,785.3658536585366,39.0,4.2750091552734375
1365889962.058316,926.219512195122,40.1,4.273226976394653
1365889962.310229,829.2682926829268,40.1,4.275237798690796
1365889962.561365,733.5365853658536,39.5,4.33289361000061
1365889962.833664,832.9268292682926,40.1,4.281607389450073
1365889963.084527,951.8292682926829,40.1,4.274267911911011
1365889963.336359,751.219512195122,40.1,4.2979371547698975
1365889963.607837,873.170731707317,40.1,4.274346113204956
1365889963.859612,943.9024390243902,40.1,4.269718408584595
1365889964.110975,940.8536585365853,40.1,4.285915851593018
1365889964.375447,733.5365853658536,39.0,4.307756185531616
1365889964.6471128,917.0731707317074,39.5,4.273486852645874
1365889964.898052,801.219512195122,40.1,4.274855375289917
1365889965.150708,767.0731707317074,40.1,4.280988454818726
1365889965.410923,717.0731707317073,39.5,4.313597202301025
1365889965.682074,950.0,39.5,4.3122429847717285
1365889965.9327612,771.3414634146342,40.1,4.361078262329102
1365889966.185979,912.1951219512196,40.1,4.298457860946655
1365889966.4431648,738.4146341463414,39.0,4.302272081375122
1365889966.714449,821.951219512195,40.1,4.2745959758758545
1365889966.9671412,859.1463414634146,40.1,4.274524927139282
1365889967.219938,943.9024390243902,40.1,4.285447359085083
1365889967.482993,683.5365853658537,39.0,4.322227239608765
1365889967.754656,791.4634146341464,40.1,4.271667957305908
1365889968.00528,1724.390243902439,40.1,4.278769016265869
1365889968.2581928,914.0243902439024,39.5,4.297073602676392
1365889968.5277178,932.3170731707318,39.5,4.270798921585083
1365889968.778359,896.9512195121952,39.5,4.27553129196167
1365889969.028974,798.1707317073171,40.1,4.276356220245361
1365889969.283482,745.1219512195122,39.5,4.291034698486328
1365889969.555439,874.390243902439,40.1,4.273583650588989
1365889969.810863,949.390243902439,40.1,4.2757251262664795
1365889970.061219,943.9024390243902,40.1,4.281453847885132
1365889970.321568,743.2926829268292,39.0,4.2908477783203125
1365889970.593558,898.1707317073171,40.1,4.277887344360352
1365889970.8468978,943.2926829268292,40.1,4.275243282318115
1365889971.0974112,903.048780487805,40.1,4.287737846374512
1365889971.3603148,663.4146341463415,39.5,4.29157567024231
1365889971.6329658,790.2439024390244,40.1,4.2729082107543945
1365889971.8842392,821.3414634146341,40.1,4.274006605148315
1365889972.13438,915.2439024390244,39.5,4.274014711380005
1365889972.386956,733.5365853658536,40.1,4.292635440826416
1365889972.6595001,821.951219512195,40.1,4.2775468826293945
1365889972.911786,767.0731707317074,40.1,4.27342414855957
1365889973.162601,924.3902439024391,39.0,4.274242877960205
1365889973.418422,616.4634146341464,39.0,4.294022083282471
1365889973.693851,904.8780487804878,39.5,4.28126859664917
1365889973.945693,771.3414634146342,40.1,4.277214288711548
1365889974.195942,789.0243902439024,40.1,4.2776198387146
1365889974.4482539,740.2439024390244,39.5,4.290700435638428
1365889974.720472,753.0487804878048,39.5,4.272547245025635
1365889974.971839,783.5365853658537,40.1,4.2734129428863525
1365889975.222667,923.1707317073171,39.5,4.275184154510498
1365889975.473172,735.3658536585366,40.1,4.295439720153809
1365889975.743847,910.9756097560976,40.1,4.280918836593628
1365889975.9946408,762.1951219512196,40.1,4.284644603729248
1365889976.245486,845.1219512195122,40.1,4.320523023605347
1365889976.502754,732.3170731707316,39.0,4.349045991897583
1365889976.773967,794.5121951219512,40.1,4.275777578353882
1365889977.0246668,863.4146341463414,40.1,4.281681776046753
1365889977.275468,926.829268292683,40.1,4.357331275939941
1365889977.528269,757.3170731707318,39.5,4.298154592514038
1365889977.803475,795.1219512195122,40.1,4.271037817001343
1365889978.054234,893.9024390243902,39.5,4.273874998092651
1365889978.3047261,950.0,40.1,4.30492639541626
1365889978.561662,611.5853658536586,39.0,4.328435897827148
1365889978.8364532,816.4634146341463,40.1,4.273203372955322
1365889979.088278,948.170731707317,40.1,4.302662372589111
1365889979.339068,815.2439024390243,40.1,4.27586030960083
1365889979.597321,705.4878048780488,39.5,4.2971038818359375
1365889979.872688,915.8536585365854,40.1,4.272773742675781
1365889980.123895,810.3658536585366,40.1,4.273200750350952
1365889980.374423,890.2439024390244,39.5,4.28635048866272
1365889980.640003,631.0975609756098,39.5,4.296886920928955
1365889980.9101372,884.1463414634146,40.1,4.269891738891602
1365889981.161922,764.0243902439024,40.1,4.273213624954224
1365889981.4124281,821.951219512195,40.1,4.297442197799683
1365889981.685747,953.0487804878048,40.1,4.28037691116333
1365889981.93611,956.0975609756097,40.1,4.2698211669921875
1365889982.188548,976.219512195122,40.1,4.284265518188477
1365889982.446311,676.219512195122,39.5,4.29298734664917
1365889982.7204401,661.5853658536586,39.0,4.493205308914185
1365889982.991255,1542.6829268292684,39.5,4.288729429244995
1365889983.244101,929.2682926829269,40.1,4.284576177597046
1365889983.495415,868.2926829268292,40.1,4.285855054855347
1365889983.759935,601.219512195122,39.0,4.291178464889526
1365889984.030786,951.8292682926829,40.1,4.276093006134033
1365889984.281646,768.2926829268292,40.1,4.278667211532593
1365889984.532396,902.439024390244,40.1,4.283778190612793
1365889984.789134,679.2682926829269,39.5,4.297212362289429
1365889985.0601459,937.1951219512194,39.5,4.273492813110352
1365889985.313175,807.3170731707318,40.1,4.274319887161255
1365889985.5636852,757.3170731707318,40.1,4.288283348083496
1365889985.828643,610.3658536585366,40.1,4.294523477554321
1365889986.100032,772.5609756097562,40.1,4.271911382675171
1365889986.351352,787.1951219512196,39.5,4.276124000549316
1365889986.60188,785.9756097560976,40.1,4.302847623825073
1365889986.867863,737.1951219512194,40.1,4.3251988887786865
1365889987.139467,860.3658536585366,40.1,4.352278232574463
1365889987.391537,843.2926829268292,40.1,4.274735450744629
1365889987.6416798,924.3902439024391,40.1,4.285778045654297
1365889987.9075499,754.2682926829268,39.0,4.293835401535034
1365889988.178794,910.9756097560976,39.5,4.273065567016602
1365889988.429632,853.0487804878048,40.1,4.275188207626343
1365889988.680394,825.0,40.1,4.288269758224487
1365889988.941,747.560975609756,40.1,4.304161071777344
1365889989.211806,932.9268292682927,40.1,4.27003288269043
1365889989.464268,915.2439024390244,40.1,4.283332586288452
1365889989.714957,805.4878048780488,40.1,4.300575494766235
1365889989.981958,670.1219512195122,39.5,4.319497346878052
1365889990.251171,868.2926829268292,40.1,4.272566556930542
1365889990.502862,776.219512195122,40.1,4.271815776824951
1365889990.753222,748.170731707317,40.1,4.317161321640015
1365889991.02545,860.9756097560976,40.1,4.274419784545898
1365889991.276376,860.3658536585366,39.5,4.323111534118652
1365889991.528814,888.4146341463414,39.0,4.27362847328186
1365889991.781599,739.0243902439024,40.1,4.297375679016113
1365889992.0559292,814.0243902439024,40.1,4.2845618724823
1365889992.3067641,929.8780487804878,40.1,4.273813009262085
1365889992.56076,768.2926829268292,40.1,4.279791593551636
1365889992.822103,708.5365853658536,40.1,4.29864501953125
1365889993.094987,744.5121951219512,40.1,4.307230710983276
1365889993.3660889,871.3414634146342,39.5,4.271162986755371
1365889993.620548,774.390243902439,40.1,4.280847787857056
1365889993.872001,757.3170731707318,40.1,4.296659231185913
1365889994.1449559,760.9756097560976,40.1,4.286935567855835
1365889994.3959732,793.2926829268293,40.1,4.2703258991241455
1365889994.64857,901.219512195122,40.1,4.289938688278198
1365889994.907587,742.0731707317074,40.1,4.292215347290039
1365889995.1817741,737.1951219512194,39.0,4.292107105255127
1365889995.4524858,923.1707317073171,40.1,4.270220994949341
1365889995.703775,943.2926829268292,40.1,4.279912948608398
1365889995.954404,835.9756097560976,39.5,4.273883581161499
1365889996.207335,716.4634146341463,39.0,4.296764850616455
1365889996.478205,723.170731707317,39.5,4.296265602111816
1365889996.7506418,924.3902439024391,39.5,4.272109270095825
1365889997.0013702,780.4878048780488,40.1,4.275127410888672
1365889997.253535,998.170731707317,39.5,4.305530786514282
1365889997.525152,876.219512195122,40.1,4.269222259521484
1365889997.776858,932.3170731707318,40.1,4.282426595687866
1365889998.0276291,783.5365853658537,41.2,4.272555351257324
1365889998.28108,734.1463414634146,39.5,4.292043924331665
1365889998.551751,917.0731707317074,40.1,4.277528524398804
1365889998.8056588,785.9756097560976,40.1,4.2789061069488525
1365889999.057211,772.5609756097562,39.5,4.315349578857422
1365889999.311219,633.5365853658536,39.5,4.291714191436768
1365889999.5832949,945.1219512195122,40.1,4.293293237686157
1365889999.837822,932.3170731707318,39.5,4.277116775512695
1365890000.0886998,810.9756097560976,40.6,4.2781054973602295
1365890000.342159,726.219512195122,39.5,4.2979896068573
1365890000.612823,940.2439024390243,40.1,4.280213356018066
1365890000.869579,943.2926829268292,40.1,4.2799272537231445
1365890001.1199858,954.8780487804878,40.1,4.287246942520142
1365890001.377805,610.3658536585366,40.1,4.3023693561553955
1365890001.649015,863.4146341463414,40.1,4.271743059158325
1365890001.903049,831.0975609756097,40.1,4.274047374725342
1365890002.154759,945.1219512195122,40.1,4.295150279998779
1365890002.41753,740.2439024390244,39.5,4.291400671005249
1365890002.6888,890.8536585365854,40.1,4.270593881607056
1365890002.940904,795.1219512195122,40.1,4.281589984893799
1365890003.191751,907.9268292682927,40.1,4.287515640258789
1365890003.4622889,787.1951219512196,40.1,4.2756264209747314
1365890003.7126348,785.3658536585366,40.1,4.310693264007568
1365890003.962695,860.9756097560976,40.1,4.280123233795166
1365890004.21645,746.3414634146342,39.5,4.304189443588257
1365890004.4878569,943.2926829268292,40.1,4.2726593017578125
1365890004.739286,959.1463414634146,40.1,4.273900032043457
1365890004.9900448,846.951219512195,40.6,4.276159763336182
1365890005.242841,747.560975609756,39.0,4.294759750366211
1365890005.514969,669.5121951219512,39.5,4.2919602394104
1365890005.785872,860.9756097560976,40.1,4.275479078292847
1365890006.037034,773.1707317073171,40.1,4.2737743854522705
1365890006.287472,780.4878048780488,40.1,4.290787696838379
1365890006.552472,762.1951219512196,39.0,4.370598793029785
1365890006.8239071,971.951219512195,40.1,4.271831035614014
1365890007.07825,817.0731707317073,40.1,4.271440029144287
1365890007.329705,823.170731707317,40.1,4.297165632247925
1365890007.598784,840.2439024390244,40.1,4.28351092338562
1365890007.851902,864.0243902439024,40.1,4.275872707366943
1365890008.102509,771.3414634146342,39.5,4.274111270904541
1365890008.356013,739.0243902439024,39.0,4.292604207992554
1365890008.628191,719.5121951219512,40.1,4.305655002593994
1365890008.902115,770.1219512195122,40.1,4.273018836975098
1365890009.152745,821.951219512195,40.1,4.271831274032593
1365890009.4032938,703.0487804878048,40.1,4.292794227600098
1365890009.674325,907.3170731707318,40.1,4.271534442901611
1365890009.925187,762.1951219512196,40.1,4.275080919265747
1365890010.176894,853.0487804878048,40.1,4.288431644439697
1365890010.440703,750.0,39.5,4.307638168334961
1365890010.7129128,774.390243902439,40.1,4.274338245391846
1365890010.963155,838.4146341463414,40.1,4.275568246841431
1365890011.214328,909.1463414634146,40.1,4.2801194190979
1365890011.4745998,741.4634146341464,40.1,4.291348695755005
1365890011.745109,964.0243902439024,40.1,4.273952960968018
1365890011.9957209,888.4146341463414,40.1,4.267933368682861
1365890012.247665,834.1463414634146,40.1,4.279985189437866
1365890012.504139,737.1951219512194,39.5,4.297938585281372
1365890012.775894,739.0243902439024,39.5,4.292402029037476
1365890013.047638,954.8780487804878,40.1,4.275266647338867
1365890013.298742,813.4146341463414,40.1,4.288415193557739
1365890013.5495691,943.2926829268292,40.1,4.292190313339233
1365890013.818997,874.390243902439,40.1,4.2707908153533936
1365890014.069567,954.2682926829268,40.1,4.277399778366089
1365890014.320944,926.219512195122,40.1,4.280518054962158
1365890014.578898,634.1463414634146,40.1,4.291903734207153
1365890014.853132,744.5121951219512,39.5,4.294422149658203
1365890015.124567,804.2682926829269,40.1,4.2718377113342285
1365890015.375437,937.1951219512194,40.1,4.2714784145355225
1365890015.626059,842.0731707317073,40.1,4.30833888053894
1365890015.8976169,954.2682926829268,40.1,4.27690577507019
1365890016.1483068,879.8780487804878,40.1,4.272342681884766
1365890016.39991,823.170731707317,40.1,4.4110801219940186
1365890016.6542132,803.048780487805,39.5,4.378034830093384
1365890016.927223,607.3170731707316,39.0,4.325995445251465
1365890017.200533,843.2926829268292,40.1,4.272727966308594
1365890017.451752,931.0975609756098,40.1,4.312769889831543
1365890017.702606,785.9756097560976,40.1,4.3079750537872314
1365890017.972432,798.1707317073171,40.1,4.280274152755737
1365890018.223028,893.2926829268292,40.1,4.272672891616821
1365890018.4736772,950.0,40.1,4.282601356506348
1365890018.724279,731.0975609756098,39.5,4.299313306808472
1365890018.9954062,765.2439024390244,40.1,4.274112701416016
1365890019.245903,815.2439024390243,40.1,4.272610425949097
1365890019.49755,904.8780487804878,40.1,4.284948825836182
1365890019.753645,742.0731707317074,40.1,4.292600631713867
1365890020.024488,877.439024390244,40.1,4.274406909942627
1365890020.275656,939.0243902439024,40.1,4.270000696182251
1365890020.527426,890.2439024390244,40.1,4.286437273025513
1365890020.783494,746.3414634146342,40.1,4.301204442977905
1365890021.054432,807.9268292682927,40.1,4.270914316177368
1365890021.307492,935.3658536585366,40.1,4.275582551956177
1365890021.559783,924.3902439024391,40.1,4.289024353027344
1365890021.8181498,736.5853658536586,40.1,4.301389455795288
1365890022.089306,785.9756097560976,40.1,4.275676250457764
1365890022.342456,909.1463414634146,40.1,4.270026922225952
1365890022.5942452,774.390243902439,40.1,4.277464151382446
1365890022.846006,668.2926829268293,40.1,4.296158075332642
1365890023.1167018,782.3170731707318,40.1,4.27250862121582
1365890023.3684092,895.1219512195122,40.1,4.269165754318237
1365890023.620435,798.1707317073171,40.1,4.329125881195068
1365890023.893944,913.4146341463415,40.6,4.27049708366394
1365890024.144232,907.3170731707318,40.1,4.274158954620361
1365890024.398484,795.1219512195122,40.1,4.274776458740234
1365890024.6565409,736.5853658536586,40.1,4.297081470489502
1365890024.933509,889.0243902439024,40.1,4.273239374160767
1365890025.184139,755.4878048780488,40.1,4.269330739974976
1365890025.436469,856.0975609756098,40.1,4.27497673034668
1365890025.692642,1620.7317073170732,40.1,4.4173362255096436
1365890025.965603,792.0731707317074,40.1,4.273601055145264
1365890026.2161531,865.2439024390244,40.1,4.273820638656616
1365890026.468174,841.4634146341463,40.1,4.274951696395874
1365890026.725397,710.3658536585366,39.5,4.357952356338501
1365890026.998919,733.5365853658536,39.5,4.295661211013794
1365890027.2700422,798.1707317073171,40.1,4.270911931991577
1365890027.521759,785.9756097560976,40.1,4.271686315536499
1365890027.773403,882.9268292682926,40.1,4.273015737533569
1365890028.030186,667.0731707317074,39.5,4.29113507270813
1365890028.300879,803.048780487805,40.1,4.274323225021362
1365890028.553474,824.390243902439,40.1,4.26875638961792
1365890028.805708,775.0,40.1,4.274060487747192
1365890029.062756,720.1219512195122,39.5,4.2933149337768555
1365890029.334033,957.3170731707316,40.1,4.267850637435913
1365890029.585632,913.4146341463415,40.1,4.279932022094727
1365890029.83652,815.2439024390243,40.1,4.312850713729858
1365890030.094783,738.4146341463414,40.1,4.293968200683594
1365890030.366314,783.5365853658537,40.1,4.371361255645752
1365890030.6173701,875.0,40.1,4.2754950523376465
1365890030.867918,807.3170731707318,40.1,4.2810959815979
1365890031.1200798,745.1219512195122,40.1,4.29817008972168
1365890031.391176,849.390243902439,39.5,4.278930187225342
1365890031.641991,832.9268292682926,40.6,4.476246118545532
1365890031.8950348,900.0,40.1,4.281876802444458
1365890032.160662,742.0731707317074,39.5,4.292734861373901
1365890032.431409,879.2682926829268,40.1,4.276921510696411
1365890032.68223,1712.1951219512196,40.1,4.267994403839111
1365890032.933449,787.1951219512196,40.1,4.3120057582855225
1365890033.184432,770.1219512195122,40.1,4.2954301834106445
1365890033.455502,888.4146341463414,40.1,4.2767369747161865
1365890033.706045,803.048780487805,40.1,4.270392417907715
1365890033.957004,957.9268292682926,40.1,4.276560544967651
1365890034.2135448,704.2682926829268,39.0,4.296173334121704
1365890034.485585,870.1219512195122,40.1,4.274143695831299
1365890034.737409,915.8536585365854,40.1,4.34482216835022
1365890034.9879198,873.170731707317,40.1,4.270753860473633
1365890035.239414,739.0243902439024,40.1,4.299201011657715
1365890035.510547,783.5365853658537,40.1,4.272261619567871
1365890035.762343,909.1463414634146,40.1,4.42157769203186
1365890036.0122292,945.1219512195122,40.1,4.290451288223267
1365890036.2695282,651.219512195122,39.0,4.305965423583984
1365890036.541866,871.3414634146342,40.1,4.324114084243774
1365890036.793464,798.1707317073171,40.1,4.2739503383636475
1365890037.044052,850.0,40.1,4.277159214019775
1365890037.3015628,749.390243902439,39.5,4.2892396450042725
1365890037.572213,945.1219512195122,40.1,4.275395631790161
1365890037.826112,832.9268292682926,40.1,4.26979923248291
1365890038.0766249,768.2926829268292,40.1,4.2770280838012695
1365890038.335354,1628.658536585366,40.1,4.342121601104736
1365890038.609334,926.829268292683,40.1,4.278061151504517
1365890038.86238,967.0731707317073,40.1,4.281736612319946
1365890039.1135218,846.3414634146342,40.1,4.283935546875
1365890039.380671,639.6341463414634,40.1,4.291206121444702
1365890039.651773,928.048780487805,40.1,4.304555177688599
1365890039.9092,817.0731707317073,40.1,4.282468318939209
1365890040.159916,951.8292682926829,40.1,4.27670955657959
1365890040.4190779,737.1951219512194,40.1,4.297521114349365
1365890040.6897438,960.3658536585366,40.1,4.562811613082886
1365890040.9434261,942.0731707317073,40.1,4.33029317855835
1365890041.194421,832.3170731707316,40.1,4.280639171600342
1365890041.4541912,749.390243902439,39.5,4.290947437286377
1365890041.725655,937.1951219512194,40.1,4.26848292350769
1365890041.978522,888.4146341463414,40.6,4.273013591766357
1365890042.229598,923.1707317073171,40.1,4.288940191268921
1365890042.500119,790.2439024390244,40.1,4.269837856292725
1365890042.750829,931.0975609756098,40.1,4.398848533630371
1365890043.003,773.1707317073171,40.1,4.270730495452881
1365890043.253512,688.4146341463414,40.1,4.292963266372681
1365890043.5283551,810.3658536585366,40.1,4.296735763549805
1365890043.77947,925.0,40.1,4.2736546993255615
1365890044.0309591,910.9756097560976,40.1,4.270934820175171
1365890044.281427,735.3658536585366,40.1,4.298890590667725
1365890044.5546272,738.4146341463414,40.1,4.2941670417785645
1365890044.826136,940.2439024390243,40.1,4.2760210037231445
1365890045.078965,843.2926829268292,40.1,4.276606321334839
1365890045.330595,767.0731707317074,40.1,4.292344570159912
1365890045.60165,832.3170731707316,40.1,4.273516416549683
1365890045.852791,804.2682926829269,40.1,4.29213285446167
1365890046.103591,875.0,40.6,4.298624753952026
1365890046.3542678,736.5853658536586,39.5,4.29915452003479
1365890046.629269,628.6585365853658,39.0,4.3278584480285645
1365890046.903048,812.1951219512194,40.1,4.270087242126465
1365890047.154964,946.951219512195,40.1,4.274483680725098
1365890047.406873,750.0,40.1,4.288315057754517
1365890047.677998,854.2682926829268,40.1,4.28031849861145
1365890047.934456,801.219512195122,40.1,4.270685434341431
1365890048.18685,863.4146341463414,40.6,4.270795822143555
1365890048.440371,728.0487804878048,40.1,4.300073862075806
1365890048.714505,857.3170731707316,40.1,4.271505355834961
1365890048.9667242,960.3658536585366,40.1,4.281399250030518
1365890049.217679,769.5121951219512,40.1,4.278434753417969
1365890049.471624,668.2926829268293,39.5,4.343376874923706
1365890049.746342,737.1951219512194,40.1,4.290246486663818
1365890050.0171788,812.1951219512194,40.6,4.277103900909424
1365890050.269305,948.170731707317,40.1,4.27268648147583
1365890050.5198112,920.1219512195122,40.1,4.30407190322876
1365890050.791479,956.0975609756097,40.1,4.288804769515991
1365890051.04339,839.0243902439024,40.1,4.279836177825928
1365890051.294008,874.390243902439,40.1,4.292484760284424
1365890051.5480928,622.560975609756,40.1,4.291584253311157
1365890051.823155,636.5853658536586,39.0,4.293461084365845
1365890052.095458,870.1219512195122,40.1,4.2704081535339355
1365890052.3473659,806.0975609756098,40.1,4.271156549453735
1365890052.59893,857.9268292682926,40.1,4.290611267089844
1365890052.8702888,853.0487804878048,40.1,4.272432088851929
1365890053.122355,895.1219512195122,40.6,4.277641534805298
1365890053.37266,884.1463414634146,40.1,4.272994756698608
1365890053.628034,750.0,40.1,4.345553159713745
1365890053.90557,718.2926829268292,39.5,4.293073892593384
1365890054.176576,850.0,39.5,4.430490255355835
1365890054.42891,774.390243902439,40.1,4.268786191940308
1365890054.681185,828.0487804878048,40.1,4.365137577056885
1365890054.954962,943.2926829268292,40.1,4.2753424644470215
1365890055.205137,907.9268292682927,40.1,4.273271322250366
1365890055.455505,915.2439024390244,40.1,4.27687406539917
1365890055.7103848,742.0731707317074,40.1,4.292994976043701
1365890055.985823,737.1951219512194,40.1,4.301511764526367
1365890056.2578921,790.2439024390244,39.0,4.28133749961853
1365890056.509593,817.0731707317073,40.1,4.2948081493377686
1365890056.76117,871.9512195121952,40.1,4.288279294967651
1365890057.033941,939.0243902439024,40.1,4.280433654785156
1365890057.285677,875.0,40.1,4.27299690246582
1365890057.536086,890.2439024390244,40.1,4.277813673019409
1365890057.788977,750.0,40.1,4.292166233062744
1365890058.063738,656.0975609756098,39.0,4.292707443237305
1365890058.334857,921.9512195121952,40.1,4.318022012710571
1365890058.587059,853.0487804878048,40.1,4.276893854141235
1365890058.8377569,948.170731707317,40.1,4.291320323944092
1365890059.108298,876.219512195122,40.1,4.270579814910889
1365890059.360012,951.2195121951219,40.1,4.272760629653931
1365890059.611864,788.4146341463415,40.6,4.267600059509277
1365890059.8633769,737.1951219512194,40.1,4.291882753372192
1365890060.137745,835.3658536585366,40.1,4.270815372467041
1365890060.388221,896.3414634146342,40.1,4.280785799026489
1365890060.63902,867.0731707317074,40.1,4.281259298324585
1365890060.8916428,749.390243902439,40.1,4.290414333343506
1365890061.165395,734.1463414634146,39.0,4.298347473144531
1365890061.436119,942.0731707317073,39.5,4.289400100708008
1365890061.686825,882.9268292682926,40.1,4.272534370422363
1365890061.940833,1647.560975609756,40.1,4.290629863739014
1365890062.211898,885.3658536585366,40.1,4.280627012252808
1365890062.462345,928.048780487805,40.1,4.272572994232178
1365890062.7129788,921.3414634146342,40.1,4.268160104751587
1365890062.964297,738.4146341463414,40.1,4.289088249206543
1365890063.2327402,860.9756097560976,40.1,4.269219160079956
1365890063.4830341,841.4634146341463,40.1,4.269804000854492
1365890063.733644,628.6585365853658,40.1,4.29566216468811
1365890064.004744,887.1951219512196,40.1,4.27092719078064
1365890064.255463,771.3414634146342,40.6,4.271902561187744
1365890064.506261,932.9268292682927,40.1,4.273552179336548
1365890064.764745,742.0731707317074,40.1,4.28984522819519
1365890065.036368,918.9024390243903,40.6,4.282220125198364
1365890065.288029,819.5121951219512,40.1,4.270902395248413
1365890065.538723,824.390243902439,40.1,4.2765052318573
1365890065.7957819,650.609756097561,40.1,4.295595645904541
1365890066.067256,791.4634146341464,40.1,4.273487091064453
1365890066.31871,779.2682926829268,40.1,4.287786960601807
1365890066.5695438,924.3902439024391,40.1,4.2844531536102295
1365890066.830249,753.0487804878048,39.0,4.291364431381226
1365890067.101141,780.4878048780488,40.1,4.2680699825286865
1365890067.352895,962.8048780487804,40.1,4.274178504943848
1365890067.604177,848.170731707317,40.1,4.312378883361816
1365890067.8671732,750.0,40.1,4.290445327758789
1365890068.138304,809.1463414634147,40.1,4.273024320602417
1365890068.3906188,790.2439024390244,40.1,4.272295951843262
1365890068.6415029,940.2439024390243,40.1,4.279697895050049
1365890068.899439,633.5365853658536,40.1,4.290358304977417
1365890069.170671,865.2439024390244,40.1,4.269360780715942
1365890069.422521,831.0975609756097,40.1,4.268992900848389
1365890069.673056,896.3414634146342,40.1,4.285516738891602
1365890069.934005,753.0487804878048,40.1,4.301055192947388
1365890070.207581,920.1219512195122,40.1,4.270276784896851
1365890070.45941,782.3170731707318,40.1,4.2726263999938965
1365890070.710146,918.9024390243903,40.1,4.284135341644287
1365890070.972998,1196.9512195121952,40.1,4.300165176391602
1365890071.244797,818.2926829268292,40.1,4.277792692184448
1365890071.4965389,796.9512195121952,40.1,4.329932689666748
1365890071.7472808,957.3170731707316,40.1,4.452855348587036
1365890072.003063,749.390243902439,40.1,4.300572156906128
1365890072.274657,835.9756097560976,40.1,4.27519416809082
1365890072.527172,816.4634146341463,40.1,4.279056787490845
1365890072.777757,910.3658536585366,40.1,4.272113084793091
1365890073.030845,724.390243902439,40.1,4.301747560501099
1365890073.3056939,935.3658536585366,40.1,4.276261568069458
1365890073.557673,821.3414634146341,40.1,4.273536920547485
1365890073.810657,946.951219512195,40.1,4.274862766265869
1365890074.063733,736.5853658536586,40.1,4.293145179748535
1365890074.338113,670.1219512195122,40.1,4.291282415390015
1365890074.6119459,779.2682926829268,40.1,4.28174901008606
1365890074.862966,951.2195121951219,40.1,4.2671003341674805
1365890075.114491,846.3414634146342,40.6,4.274179220199585
1365890075.370409,733.5365853658536,39.5,4.296036720275879
1365890075.6437309,828.0487804878048,40.1,4.364617109298706
1365890075.895304,885.3658536585366,40.1,4.281797170639038
1365890076.1467829,885.3658536585366,40.6,4.275488376617432
1365890076.406374,738.4146341463414,39.5,4.30300235748291
1365890076.6790028,954.8780487804878,40.1,4.299789667129517
1365890076.932034,774.390243902439,40.6,4.273010015487671
1365890077.182482,774.390243902439,40.1,4.290421724319458
1365890077.454443,785.9756097560976,40.1,4.270024299621582
1365890077.7064488,937.8048780487804,40.1,4.338890314102173
1365890077.960781,882.9268292682926,40.1,4.304561614990234
1365890078.2137651,747.560975609756,40.1,4.291695594787598
1365890078.486707,904.2682926829268,40.1,4.267889976501465
1365890078.7383292,832.3170731707316,40.6,4.270016670227051
1365890078.990952,788.4146341463415,40.6,4.287146091461182
1365890079.2485352,738.4146341463414,39.0,4.352656841278076
1365890079.5217621,732.3170731707316,40.1,4.337388277053833
1365890079.794564,907.9268292682927,40.1,4.34101128578186
1365890080.046389,777.439024390244,40.1,4.274785995483398
1365890080.296674,807.9268292682927,40.6,4.276485919952393
1365890080.5548391,695.1219512195122,40.1,4.298887252807617
1365890080.825021,945.1219512195122,40.6,4.380379915237427
1365890081.077856,864.0243902439024,40.1,4.275952577590942
1365890081.328406,779.2682926829268,40.1,4.288593769073486
1365890081.598707,940.2439024390243,40.1,4.268617153167725
1365890081.850859,793.2926829268293,40.1,4.390462875366211
1365890082.1022341,777.439024390244,40.1,4.2774858474731445
1365890082.360311,704.2682926829268,40.1,4.292345285415649
1365890082.632433,907.3170731707318,40.6,4.289147138595581
1365890082.88412,898.1707317073171,40.6,4.269967317581177
1365890083.13663,943.9024390243902,40.1,4.288400411605835
1365890083.400699,682.3170731707318,40.1,4.303232192993164
1365890083.672211,810.9756097560976,40.1,4.2822792530059814
1365890083.923622,854.8780487804878,40.1,4.269571304321289
1365890084.1758678,935.9756097560976,40.1,4.289458990097046
1365890084.443029,704.2682926829268,40.1,4.288836479187012
1365890084.7140448,867.0731707317074,40.1,4.27919340133667
1365890084.968601,834.1463414634146,39.5,4.274394273757935
1365890085.221549,939.0243902439024,40.1,4.30216383934021
1365890085.4912682,943.2926829268292,40.1,4.268657684326172
1365890085.744664,935.9756097560976,40.1,4.2859416007995605
1365890085.9970188,818.2926829268292,40.1,4.303018093109131
1365890086.250693,678.048780487805,40.1,4.293478727340698
1365890086.521538,688.4146341463414,39.5,4.290426969528198
1365890086.7933471,814.0243902439024,40.1,4.275902986526489
1365890087.044986,877.439024390244,40.1,4.270422458648682
1365890087.2970629,783.5365853658537,40.1,4.291287899017334
1365890087.56497,812.1951219512194,40.1,4.318357229232788
1365890087.815775,934.1463414634147,40.1,4.294563293457031
1365890088.066184,926.829268292683,40.1,4.272398948669434
1365890088.3187861,738.4146341463414,40.1,4.292043209075928
1365890088.589976,749.390243902439,40.1,4.289133548736572
1365890088.8615801,892.0731707317074,40.1,4.291630744934082
1365890089.111917,914.0243902439024,40.1,4.2683656215667725
1365890089.364545,734.1463414634146,40.1,4.2947916984558105
1365890089.635864,825.0,40.1,4.301334619522095
1365890089.886237,832.9268292682926,40.1,4.326636075973511
1365890090.136812,929.2682926829269,40.1,4.28057599067688
1365890090.392672,737.1951219512194,40.1,4.291461229324341
1365890090.6636958,951.8292682926829,40.1,4.2705934047698975
1365890090.914221,768.2926829268292,40.1,4.26933217048645
1365890091.164695,1300.6097560975609,40.1,4.286146640777588
1365890091.424523,740.2439024390244,40.1,4.3185083866119385
1365890091.696154,934.1463414634147,40.1,4.319756507873535
1365890091.949326,775.0,40.1,4.292199373245239
1365890092.1998332,826.2195121951219,40.1,4.271314382553101
1365890092.453262,725.0,39.0,4.457700252532959
1365890092.723845,884.1463414634146,40.1,4.323373079299927
1365890092.9787781,773.1707317073171,40.1,4.280513763427734
1365890093.229572,923.1707317073171,40.1,4.37015962600708
1365890093.483156,695.1219512195122,40.1,4.293812990188599
1365890093.753824,1355.4878048780488,40.1,4.3223981857299805
1365890094.005126,768.2926829268292,40.1,4.5244364738464355
1365890094.2562711,857.3170731707316,40.1,4.3470916748046875
1365890094.5091991,698.170731707317,40.1,4.289815664291382
1365890094.780614,906.0975609756098,40.1,4.277839183807373
1365890095.032585,831.0975609756097,40.1,4.268199920654297
1365890095.283106,903.048780487805,40.1,4.281049966812134
1365890095.543189,717.0731707317073,40.1,4.294926166534424
1365890095.814348,885.3658536585366,40.1,4.2753705978393555
1365890096.066967,898.1707317073171,40.1,4.289694547653198
1365890096.3184729,875.0,40.1,4.281269788742065
1365890096.578283,737.1951219512194,40.1,4.300282716751099
1365890096.849646,769.5121951219512,40.1,4.271043300628662
1365890097.102667,964.0243902439024,40.1,4.306634902954102
1365890097.354512,967.0731707317073,40.1,4.28307580947876
1365890097.61041,744.5121951219512,40.1,4.2912328243255615
1365890097.88115,812.1951219512194,40.1,4.269761800765991
1365890098.134336,954.8780487804878,40.1,4.2754740715026855
1365890098.385706,928.048780487805,40.6,4.274004697799683
1365890098.6444218,661.5853658536586,40.1,4.301362752914429
1365890098.915463,893.2926829268292,40.1,4.267643928527832
1365890099.1678138,912.1951219512196,40.1,4.272686004638672
1365890099.418265,887.1951219512196,40.1,4.281832933425903
1365890099.6785622,622.560975609756,40.1,4.295159578323364
1365890099.9492328,876.219512195122,40.6,4.267313480377197
1365890100.2012448,843.2926829268292,40.1,4.271536827087402
1365890100.4516869,807.3170731707318,40.1,4.275145053863525
1365890100.7089448,672.5609756097562,39.5,4.291358709335327
1365890100.984352,943.9024390243902,40.1,4.2667436599731445
1365890101.236099,854.8780487804878,40.1,4.268179893493652
1365890101.48661,798.1707317073171,40.1,4.286847829818726
1365890101.7462962,603.6585365853658,40.1,4.303884506225586
1365890102.0265548,867.0731707317074,40.1,4.28577446937561
1365890102.279888,756.0975609756098,40.1,4.268416404724121
1365890102.5305831,860.9756097560976,40.1,4.276803970336914
1365890102.791681,685.3658536585366,40.1,4.332375526428223
1365890103.0638452,945.1219512195122,40.1,4.272879123687744
1365890103.3151722,901.219512195122,40.1,4.270184755325317
1365890103.56585,896.9512195121952,40.1,4.281633138656616
1365890103.831446,727.4390243902438,40.1,4.295113563537598
1365890104.1033258,876.219512195122,40.1,4.266911029815674
1365890104.354923,812.1951219512194,40.1,4.273962736129761
1365890104.6051068,882.9268292682926,40.1,4.29699182510376
1365890104.875833,968.9024390243902,40.1,4.274648189544678
1365890105.12746,863.4146341463414,40.6,4.271708726882935
1365890105.378251,821.951219512195,40.1,4.275780439376831
1365890105.6308658,683.5365853658537,40.1,4.291680335998535
1365890105.905671,741.4634146341464,40.1,4.28905463218689
1365890106.176445,832.9268292682926,40.1,4.272122621536255
1365890106.43002,849.390243902439,40.1,4.271814584732056
1365890106.681705,777.439024390244,40.1,4.287605285644531
1365890106.954603,770.1219512195122,40.1,4.271507978439331
1365890107.205154,792.0731707317074,40.1,4.270167350769043
1365890107.45557,804.2682926829269,40.1,4.270701169967651
1365890107.70666,750.0,39.5,4.349137783050537
1365890107.984402,663.4146341463415,40.1,4.297073841094971
1365890108.255019,770.1219512195122,40.1,4.276780128479004
1365890108.5070028,946.951219512195,40.1,4.2765138149261475
1365890108.757975,778.048780487805,40.1,4.312839508056641
1365890109.033762,943.9024390243902,40.6,4.276793956756592
1365890109.284954,918.2926829268293,40.1,4.270935535430908
1365890109.535658,879.8780487804878,40.1,4.291243553161621
1365890109.791422,758.5365853658536,40.1,4.293761253356934
1365890110.065247,632.3170731707318,40.1,4.29311990737915
1365890110.337155,921.3414634146342,40.1,4.287781238555908
1365890110.588911,885.9756097560976,40.6,4.272092819213867
1365890110.8395898,757.3170731707318,40.1,4.285451173782349
1365890111.110163,877.439024390244,40.1,4.404264450073242
1365890111.361846,782.3170731707318,40.1,4.2780396938323975
1365890111.6124601,831.0975609756097,40.6,4.269103527069092
1365890111.862911,756.0975609756098,40.1,4.290932893753052
1365890112.13787,784.1463414634146,40.1,4.273507356643677
1365890112.3884318,862.1951219512194,40.6,4.278155326843262
1365890112.639124,946.951219512195,40.1,4.271101713180542
1365890112.89166,745.1219512195122,40.1,4.301233530044556
1365890113.165579,926.219512195122,40.1,4.267010688781738
1365890113.417218,951.8292682926829,40.1,4.277957439422607
1365890113.6678169,850.0,40.6,4.279466867446899
1365890113.9244852,735.3658536585366,40.1,4.292742967605591
1365890114.1951602,946.3414634146341,40.6,4.275269985198975
1365890114.4454558,940.8536585365853,40.1,4.294283866882324
1365890114.6957939,920.1219512195122,40.1,4.286267042160034
1365890114.9591548,616.4634146341464,39.0,4.289944648742676
1365890115.23025,900.0,40.6,4.278869867324829
1365890115.481153,827.4390243902438,40.6,4.28075909614563
1365890115.7318232,775.0,40.1,4.292778491973877
1365890116.007343,864.0243902439024,40.1,4.299954414367676
1365890116.258514,932.9268292682927,40.6,4.281493663787842
