1365889816.7174,932.9268292682927,37.9,4.125628232955933
1365889816.9746659,871.9512195121952,37.9,4.094080686569214
1365889817.2279098,923.1707317073171,37.9,4.1098504066467285
1365889817.4941819,689.6341463414634,36.9,4.2139387130737305
1365889817.7651598,946.3414634146341,37.9,4.1131086349487305
1365889818.020312,823.170731707317,37.9,4.107543706893921
1365889818.271242,834.1463414634146,37.9,4.114682674407959
1365889818.5417259,920.1219512195122,37.9,4.0978662967681885
1365889818.795821,918.2926829268293,38.5,4.097644090652466
1365889819.05216,893.2926829268292,38.5,4.11500883102417
1365889819.312865,700.6097560975609,37.4,4.11314845085144
1365889819.587936,809.1463414634147,37.9,4.094038963317871
1365889819.842081,738.4146341463414,37.9,4.095316410064697
1365889820.098507,739.0243902439024,37.9,4.108839750289917
1365889820.3691561,871.9512195121952,37.9,4.097349643707275
1365889820.62172,772.5609756097562,37.9,4.092738628387451
1365889820.872938,776.219512195122,37.9,4.094631671905518
1365889821.127829,712.1951219512194,37.9,4.122792482376099
1365889821.401033,1327.439024390244,37.9,4.098079681396484
1365889821.6543128,830.4878048780488,37.9,4.090363502502441
1365889821.904895,890.8536585365854,37.9,4.109600305557251
1365889822.165544,701.2195121951219,36.9,4.1142966747283936
1365889822.441302,912.1951219512196,36.9,4.0909106731414795
1365889822.69412,993.9024390243902,37.9,4.097137451171875
1365889822.952378,754.2682926829268,37.4,4.111692428588867
1365889823.223548,693.2926829268292,37.4,4.1178131103515625
1365889823.4953432,809.1463414634147,37.9,4.090745687484741
1365889823.748499,859.1463414634146,37.9,4.091844797134399
1365889824.002507,790.2439024390244,37.4,4.119852781295776
1365889824.279148,752.439024390244,37.4,4.0952982902526855
1365889824.530072,738.4146341463414,37.9,4.095038414001465
1365889824.783854,845.1219512195122,37.9,4.113414764404297
1365889825.044748,702.4390243902438,37.4,4.121692419052124
1365889825.320703,819.5121951219512,37.9,4.093713283538818
1365889825.572171,846.951219512195,37.9,4.094336748123169
1365889825.8275578,719.5121951219512,37.9,4.117955923080444
1365889826.0987,700.6097560975609,37.4,4.112188339233398
1365889826.373939,798.1707317073171,37.9,4.092512130737305
1365889826.6266,798.1707317073171,37.9,4.098163366317749
1365889826.879804,698.170731707317,37.9,4.126092195510864
1365889827.153036,876.219512195122,37.9,4.097155570983887
1365889827.407595,805.4878048780488,37.9,4.091486692428589
1365889827.661249,904.2682926829268,37.9,4.287827253341675
1365889827.9196641,698.170731707317,37.4,4.113890647888184
1365889828.195449,928.048780487805,37.9,4.090125799179077
1365889828.448562,1679.2682926829268,37.9,4.100713014602661
1365889828.700362,917.0731707317074,37.9,4.104491949081421
1365889828.968562,624.390243902439,37.4,4.1233720779418945
1365889829.241038,914.0243902439024,37.9,4.095436096191406
1365889829.495179,921.3414634146342,37.9,4.08812141418457
1365889829.747262,857.3170731707316,37.4,4.122081756591797
1365889830.026937,859.1463414634146,37.9,4.138464689254761
1365889830.279477,820.1219512195122,37.9,4.093379497528076
1365889830.533689,810.9756097560976,37.9,4.109297752380371
1365889830.796913,722.560975609756,37.9,4.122341871261597
1365889831.070512,849.390243902439,37.9,4.08941912651062
1365889831.323371,765.2439024390244,37.9,4.098471403121948
1365889831.5759308,898.1707317073171,38.5,4.118412494659424
1365889831.8496692,796.3414634146342,37.9,4.2008562088012695
1365889832.103692,868.2926829268292,37.9,4.161762714385986
1365889832.357051,796.9512195121952,37.9,4.104195833206177
1365889832.623274,673.1707317073171,37.9,4.120718240737915
1365889832.895696,775.0,38.5,4.094176530838013
1365889833.149751,724.390243902439,37.9,4.090487241744995
1365889833.4007812,744.5121951219512,37.9,4.1215550899505615
1365889833.676336,739.0243902439024,37.9,4.094177722930908
1365889833.9320471,907.9268292682927,37.9,4.097436428070068
1365889834.184766,745.1219512195122,37.9,4.097768783569336
1365889834.442668,695.1219512195122,37.9,4.1171605587005615
1365889834.718225,899.390243902439,37.9,4.0978333950042725
1365889834.974402,862.1951219512194,37.9,4.104818344116211
1365889835.229991,871.9512195121952,37.9,4.12694239616394
1365889835.50162,769.5121951219512,37.9,4.090696811676025
1365889835.7546282,807.9268292682927,38.5,4.092044115066528
1365889836.0076318,805.4878048780488,38.5,4.097250461578369
1365889836.268682,660.3658536585366,37.9,4.1142120361328125
1365889836.5432389,766.4634146341464,37.9,4.092698574066162
1365889836.7955,868.9024390243902,38.5,4.100264072418213
1365889837.0492392,762.1951219512196,37.9,4.100600004196167
1365889837.3136299,920.1219512195122,37.9,4.090187311172485
1365889837.566858,920.1219512195122,37.9,4.094541072845459
1365889837.819644,864.0243902439024,38.5,4.182611703872681
1365889838.073371,695.1219512195122,37.9,4.114347457885742
1365889838.3491478,742.0731707317074,37.9,4.091391563415527
1365889838.603793,921.3414634146342,38.5,4.093265771865845
1365889838.85724,846.3414634146342,38.5,4.102746486663818
1365889839.116058,714.0243902439024,37.9,4.11697793006897
1365889839.390839,828.0487804878048,37.9,4.095136880874634
1365889839.641577,744.5121951219512,37.9,4.103316068649292
1365889839.895135,918.2926829268293,38.5,4.1042256355285645
1365889840.159803,625.609756097561,37.9,4.119809150695801
1365889840.43648,820.1219512195122,37.9,4.09862208366394
1365889840.686969,741.4634146341464,38.5,4.126145362854004
1365889840.939453,853.0487804878048,37.9,4.132908344268799
1365889841.203937,783.5365853658537,37.9,4.116644382476807
1365889841.480085,846.951219512195,38.5,4.092043876647949
1365889841.7335029,898.1707317073171,37.9,4.335163831710815
1365889841.989676,767.0731707317074,37.9,4.119043827056885
1365889842.2614799,792.0731707317074,37.9,4.097463130950928
1365889842.513432,793.2926829268293,38.5,4.091381788253784
1365889842.766101,1043.2926829268292,37.9,4.092191934585571
1365889843.021921,688.4146341463414,37.9,4.1346213817596436
1365889843.295319,789.0243902439024,37.9,4.101654529571533
1365889843.548521,728.0487804878048,37.9,4.099919319152832
1365889843.8010051,1342.6829268292684,37.9,4.102596282958984
1365889844.064199,689.6341463414634,37.9,4.119612455368042
1365889844.33979,850.0,37.9,4.091897249221802
1365889844.5929012,840.2439024390244,37.9,4.096761226654053
1365889844.84624,790.2439024390244,37.9,4.11406135559082
1365889845.123335,1070.7317073170732,38.5,4.101048946380615
1365889845.37457,921.3414634146342,38.5,4.0940186977386475
1365889845.6284359,832.9268292682926,37.9,4.099381923675537
1365889845.885201,711.5853658536585,37.9,7.946237564086914
1365889846.159509,996.9512195121952,37.9,7.696353435516357
1365889846.4132538,729.2682926829268,38.5,7.457713603973389
1365889846.665348,758.5365853658536,38.5,7.217479467391968
1365889846.931526,616.4634146341464,37.9,6.978655576705933
1365889847.204581,790.2439024390244,37.9,6.713650465011597
1365889847.455322,860.3658536585366,38.5,6.481009006500244
1365889847.7062342,701.2195121951219,37.9,6.269718885421753
1365889847.985003,915.2439024390244,37.9,5.999972105026245
1365889848.2400482,887.1951219512196,38.5,5.762708425521851
1365889848.493175,896.3414634146342,38.5,5.521934509277344
1365889848.755944,709.1463414634146,37.9,5.274016380310059
1365889849.032359,738.4146341463414,38.5,5.006123304367065
1365889849.2847092,889.0243902439024,37.9,4.76753830909729
1365889849.537964,697.560975609756,37.9,4.520819664001465
1365889849.813361,851.219512195122,37.9,4.258349418640137
1365889850.0664399,913.4146341463415,38.5,4.094655752182007
1365889850.323065,914.0243902439024,37.9,4.110803842544556
1365889850.580425,694.5121951219512,37.9,4.114254474639893
1365889850.854008,895.1219512195122,38.5,7.53276801109314
1365889851.104866,915.2439024390244,38.5,7.31125020980835
1365889851.360407,810.9756097560976,37.9,7.071521520614624
1365889851.6306748,973.780487804878,37.9,6.8236565589904785
1365889851.882995,755.4878048780488,37.9,6.586189031600952
1365889852.133781,744.5121951219512,37.9,6.355567693710327
1365889852.3888881,698.170731707317,37.9,6.114660739898682
1365889852.660197,828.0487804878048,38.5,5.8549110889434814
1365889852.912972,909.1463414634146,38.5,5.615524053573608
1365889853.169748,759.1463414634146,38.5,5.360311985015869
1365889853.4259388,699.390243902439,38.5,5.114438056945801
1365889853.697258,805.4878048780488,37.9,4.849148988723755
1365889853.950308,838.4146341463414,38.5,4.602646589279175
1365889854.202325,843.9024390243902,39.0,4.355924129486084
1365889854.462388,643.2926829268292,37.9,4.1370227336883545
1365889854.735357,856.0975609756098,38.5,4.108533620834351
1365889854.99166,854.8780487804878,39.0,4.09019660949707
1365889855.2450361,742.0731707317074,38.5,4.123995065689087
1365889855.521284,924.3902439024391,37.9,4.101069211959839
1365889855.772935,780.4878048780488,39.0,7.513571262359619
1365889856.024884,748.170731707317,39.0,7.286352872848511
1365889856.283796,704.2682926829268,37.9,7.040188789367676
1365889856.559065,1004.2682926829267,37.9,6.791664361953735
1365889856.810772,843.9024390243902,38.5,6.556660175323486
1365889857.0635788,887.1951219512196,37.9,6.319512128829956
1365889857.322151,704.2682926829268,37.9,6.0887291431427
1365889857.599655,879.2682926829268,37.9,5.82301926612854
1365889857.850316,779.2682926829268,37.9,5.576262712478638
1365889858.10109,746.3414634146342,38.5,5.331072568893433
1365889858.362407,697.560975609756,37.9,5.078137397766113
1365889858.6355891,852.4390243902438,37.9,4.833191394805908
1365889858.887499,860.9756097560976,37.9,4.590996980667114
1365889859.137742,906.0975609756098,38.5,4.359576463699341
1365889859.406358,940.2439024390243,37.9,4.107574939727783
1365889859.66031,788.4146341463415,37.9,4.093562126159668
1365889859.912874,865.2439024390244,38.5,4.121293783187866
1365889860.1750789,690.2439024390243,37.9,4.110517740249634
1365889860.447306,939.0243902439024,38.5,4.093559265136719
1365889860.6998541,1006.0975609756098,38.5,4.095846652984619
1365889860.953117,846.3414634146342,37.9,4.1871912479400635
1365889861.208344,620.1219512195122,37.9,4.128166913986206
1365889861.483731,746.3414634146342,38.5,4.092259407043457
1365889861.7400231,745.1219512195122,37.9,4.1012678146362305
1365889861.994863,871.3414634146342,38.5,4.103355884552002
1365889862.254988,645.1219512195122,37.9,4.113145112991333
1365889862.530585,740.2439024390244,38.5,4.1019628047943115
1365889862.782721,817.0731707317073,38.5,4.100489377975464
1365889863.0374458,1073.1707317073171,38.5,4.126088619232178
1365889863.3112051,918.2926829268293,38.5,4.099503993988037
1365889863.5651252,884.1463414634146,38.5,4.12147331237793
1365889863.822171,915.8536585365854,38.5,4.1096436977386475
1365889864.0817301,585.3658536585366,37.9,4.112823486328125
1365889864.3566039,874.390243902439,38.5,4.0936479568481445
1365889864.609043,755.4878048780488,37.9,4.0945515632629395
1365889864.8653598,744.5121951219512,38.5,4.111717700958252
1365889865.128963,700.6097560975609,37.9,4.120567798614502
1365889865.404887,757.3170731707318,38.5,4.089718818664551
1365889865.657119,871.9512195121952,37.9,4.1122260093688965
1365889865.9128802,820.1219512195122,38.5,4.116149663925171
1365889866.180038,785.9756097560976,39.0,4.090279579162598
1365889866.433355,740.2439024390244,38.5,4.101674318313599
1365889866.686192,1017.0731707317074,38.5,4.096248388290405
1365889866.942014,574.390243902439,37.9,4.149620056152344
1365889867.214876,829.2682926829268,38.5,4.101086378097534
1365889867.466669,892.0731707317074,38.5,4.090126037597656
1365889867.7196102,1079.8780487804877,38.5,4.101943254470825
1365889867.9846048,568.2926829268292,37.9,4.124493598937988
1365889868.2594602,842.0731707317073,38.5,4.0988450050354
1365889868.512803,746.3414634146342,38.5,4.088711500167847
1365889868.766114,818.2926829268292,38.5,4.125396728515625
1365889869.037974,1098.1707317073171,39.0,4.11014723777771
1365889869.2893891,760.3658536585366,38.5,4.094747543334961
1365889869.5431108,860.3658536585366,38.5,4.113498210906982
1365889869.799139,595.7317073170732,37.9,4.128377199172974
1365889870.073149,831.0975609756097,38.5,4.090943336486816
1365889870.3242428,747.560975609756,39.0,4.100414752960205
1365889870.577548,854.2682926829268,38.5,4.095764636993408
1365889870.835923,697.560975609756,37.9,4.1122822761535645
1365889871.111373,752.439024390244,39.0,4.097414016723633
1365889871.36379,864.0243902439024,38.5,4.099900007247925
1365889871.621462,904.8780487804878,39.0,4.099590301513672
1365889871.8848588,656.0975609756098,37.9,4.129107713699341
1365889872.157253,798.1707317073171,38.5,4.176852464675903
1365889872.4102411,742.0731707317074,39.0,4.098126173019409
1365889872.6668532,758.5365853658536,37.9,4.143080234527588
1365889872.940128,925.0,38.5,4.107400894165039
1365889873.191914,780.4878048780488,38.5,4.087551593780518
1365889873.443469,917.0731707317074,37.9,4.105667352676392
1365889873.705271,706.0975609756097,37.9,4.1335608959198
1365889873.980032,860.3658536585366,37.9,4.09126353263855
1365889874.2335172,829.2682926829268,39.0,4.089867353439331
1365889874.4873018,706.0975609756097,38.5,4.121170282363892
1365889874.7624168,879.2682926829268,39.0,4.123128175735474
1365889875.018931,888.4146341463414,38.5,4.092624187469482
1365889875.2733362,956.0975609756097,38.5,4.105352878570557
1365889875.534236,699.390243902439,38.5,4.128976583480835
1365889875.810251,839.0243902439024,38.5,4.129878759384155
1365889876.064054,809.1463414634147,38.5,4.092111349105835
1365889876.31956,751.219512195122,38.5,4.107033729553223
1365889876.5888808,785.9756097560976,38.5,4.0921666622161865
1365889876.842768,746.3414634146342,38.5,4.133115768432617
1365889877.094825,741.4634146341464,39.0,4.0985267162323
1365889877.3551161,708.5365853658536,37.9,4.119750022888184
1365889877.6301708,750.0,38.5,4.090731143951416
1365889877.883255,1142.0731707317073,39.0,4.093627214431763
1365889878.1363,744.5121951219512,38.5,4.102592945098877
1365889878.399014,699.390243902439,38.5,4.121518850326538
1365889878.671833,859.1463414634146,38.5,4.094785928726196
1365889878.9262102,978.0487804878048,38.5,4.116177320480347
1365889879.178609,759.1463414634146,38.5,4.113001823425293
1365889879.451216,731.0975609756098,38.5,4.0997254848480225
1365889879.704392,769.5121951219512,38.5,4.091459035873413
1365889879.958101,848.170731707317,39.5,4.096653699874878
1365889880.2162712,714.0243902439024,38.5,4.121067523956299
1365889880.4910269,901.219512195122,39.0,4.091838359832764
1365889880.745264,878.0487804878048,38.5,4.150865793228149
1365889881.002105,782.3170731707318,38.5,4.1354758739471436
1365889881.2721002,790.2439024390244,39.0,4.09044337272644
1365889881.523436,810.3658536585366,38.5,4.093595504760742
1365889881.7774441,791.4634146341464,38.5,4.102004051208496
1365889882.040756,694.5121951219512,37.9,4.113332986831665
1365889882.315038,843.2926829268292,38.5,4.093437910079956
1365889882.5668118,778.048780487805,39.0,4.08953857421875
1365889882.820374,913.4146341463415,38.5,4.137121677398682
1365889883.087541,865.2439024390244,39.0,4.09133768081665
1365889883.3386052,840.2439024390244,39.0,4.091383934020996
1365889883.592077,766.4634146341464,39.0,4.096890449523926
1365889883.8472042,705.4878048780488,38.5,4.119014739990234
1365889884.123302,923.1707317073171,38.5,4.100166082382202
1365889884.3743622,920.1219512195122,38.5,4.08979606628418
1365889884.627866,764.0243902439024,38.5,4.095873117446899
1365889884.8862221,706.0975609756097,37.9,4.112086772918701
1365889885.16111,741.4634146341464,38.5,4.092251300811768
1365889885.411933,752.439024390244,39.0,4.10120964050293
1365889885.6669152,812.1951219512194,39.0,4.100065469741821
1365889885.929129,764.0243902439024,37.9,4.117496490478516
1365889886.2026958,804.2682926829269,39.0,4.329800844192505
1365889886.454346,760.9756097560976,39.0,4.140111446380615
1365889886.70776,813.4146341463414,38.5,4.1068408489227295
1365889886.976209,918.9024390243903,39.0,4.087814092636108
1365889887.228134,895.1219512195122,39.0,4.0899622440338135
1365889887.480911,777.439024390244,39.0,4.119621992111206
1365889887.738795,889.0243902439024,37.9,4.119047403335571
1365889888.016912,733.5365853658536,39.0,4.090590238571167
1365889888.269971,796.3414634146342,39.0,4.088266611099243
1365889888.522329,867.0731707317074,39.0,4.13473105430603
1365889888.7964191,1100.0,38.5,4.091686010360718
1365889889.052424,907.3170731707318,38.5,4.09360671043396
1365889889.306037,764.0243902439024,38.5,4.115034103393555
1365889889.5623748,751.219512195122,37.9,4.114223003387451
1365889889.839185,934.1463414634147,39.0,4.089685916900635
1365889890.0912158,1614.6341463414635,39.0,4.098269462585449
1365889890.348487,772.5609756097562,38.5,4.296529054641724
1365889890.6186829,821.3414634146341,39.0,4.2908854484558105
1365889890.871163,825.0,38.5,4.131699085235596
1365889891.122865,921.9512195121952,39.0,4.179759740829468
1365889891.3773582,576.2195121951219,37.9,4.443461656570435
1365889891.6521542,913.4146341463415,38.5,4.183104753494263
1365889891.906612,857.3170731707316,39.0,4.1071457862854
1365889892.1579819,956.0975609756097,39.5,4.097521781921387
1365889892.417535,635.3658536585366,38.5,4.112887859344482
1365889892.692389,866.4634146341464,38.5,4.104044198989868
1365889892.9492118,785.9756097560976,39.0,4.097605228424072
1365889893.202176,840.2439024390244,38.5,4.099679946899414
1365889893.4632452,713.4146341463414,38.5,4.111320495605469
1365889893.737178,984.1463414634146,39.0,4.10365629196167
1365889893.99182,737.1951219512194,38.5,4.094066143035889
1365889894.2442582,870.1219512195122,38.5,4.117390155792236
1365889894.515797,904.8780487804878,38.5,4.090400457382202
1365889894.7698948,918.9024390243903,38.5,4.100506782531738
1365889895.0270479,871.9512195121952,39.0,4.096925973892212
1365889895.286158,705.4878048780488,38.5,4.118091106414795
1365889895.5619469,748.170731707317,39.0,4.099822282791138
1365889895.813864,928.048780487805,37.9,4.109877109527588
1365889896.067116,993.9024390243902,38.5,4.105523109436035
1365889896.332646,696.3414634146341,38.5,4.11681866645813
1365889896.608629,785.3658536585366,39.0,4.101678848266602
1365889896.85916,929.2682926829269,39.0,4.090306282043457
1365889897.113282,910.3658536585366,39.0,4.122162818908691
1365889897.3833332,793.2926829268293,39.0,4.088932991027832
1365889897.63647,838.4146341463414,39.0,4.099896430969238
1365889897.8872309,851.219512195122,39.0,4.101029634475708
1365889898.151315,617.6829268292682,39.0,4.125433921813965
1365889898.427275,932.3170731707318,38.5,4.100046634674072
1365889898.680005,827.4390243902438,39.0,4.0903356075286865
1365889898.931468,813.4146341463414,39.0,4.108224630355835
1365889899.196874,607.3170731707316,38.5,4.116062641143799
1365889899.4708009,918.2926829268293,38.5,4.090939998626709
1365889899.722838,879.8780487804878,38.5,4.098828077316284
1365889899.979049,696.3414634146341,38.5,4.11788535118103
1365889900.253322,793.2926829268293,39.0,4.090342998504639
1365889900.505625,917.0731707317074,39.0,4.101752996444702
1365889900.757329,843.9024390243902,39.0,4.243579387664795
1365889901.021523,694.5121951219512,37.9,4.29416036605835
1365889901.294029,907.9268292682927,39.0,4.1003100872039795
1365889901.5456278,803.048780487805,39.5,4.117377281188965
1365889901.798597,1000.0,37.9,4.152661323547363
1365889902.071015,729.2682926829268,39.0,4.092482566833496
1365889902.3252668,785.3658536585366,39.5,4.097376108169556
1365889902.577269,828.0487804878048,39.0,4.100291728973389
1365889902.8365781,675.609756097561,37.9,4.112922430038452
1365889903.1133142,767.0731707317074,39.0,4.0910961627960205
1365889903.366153,1168.9024390243903,39.0,4.090722560882568
1365889903.6186109,762.1951219512196,38.5,4.12242317199707
1365889903.88589,856.0975609756098,39.0,4.090810775756836
1365889904.1382022,910.3658536585366,39.0,4.096582889556885
1365889904.392711,769.5121951219512,39.0,4.101573467254639
1365889904.646036,679.2682926829269,38.5,4.112318992614746
1365889904.919599,801.219512195122,39.0,4.096593141555786
1365889905.173314,940.2439024390243,38.5,4.097682952880859
1365889905.427304,843.9024390243902,39.0,4.106362342834473
1365889905.690967,593.2926829268292,38.5,4.115764856338501
1365889905.9647639,873.170731707317,38.5,4.09177303314209
1365889906.2183108,769.5121951219512,39.5,4.095629453659058
1365889906.4732091,801.219512195122,39.0,4.1162614822387695
1365889906.7474391,921.3414634146342,39.0,4.095527410507202
1365889907.0019379,823.170731707317,39.0,4.089853525161743
1365889907.255927,937.8048780487804,39.0,4.11007833480835
1365889907.5164318,685.3658536585366,38.5,4.150068998336792
1365889907.7893791,751.219512195122,39.0,4.117229223251343
1365889908.047839,751.219512195122,39.0,4.0961222648620605
1365889908.298692,776.219512195122,39.0,4.112337112426758
1365889908.5669498,735.3658536585366,39.0,4.090451717376709
1365889908.819933,776.219512195122,39.0,4.124573707580566
1365889909.0752609,739.0243902439024,39.0,4.118507385253906
1365889909.337038,640.2439024390244,37.9,4.118012428283691
1365889909.610948,890.8536585365854,39.0,4.092937231063843
1365889909.861971,907.3170731707318,39.0,4.091845989227295
1365889910.1162949,879.8780487804878,38.5,4.119892120361328
1365889910.383415,1012.8048780487804,39.0,4.090692520141602
1365889910.6384141,971.3414634146342,39.0,4.089083433151245
1365889910.89252,915.2439024390244,39.0,4.099060535430908
1365889911.151411,700.6097560975609,38.5,4.121582984924316
1365889911.423666,951.2195121951219,39.0,4.1091954708099365
1365889911.675692,874.390243902439,39.0,4.094575881958008
1365889911.928631,910.9756097560976,39.0,4.1000816822052
1365889912.1872041,698.170731707317,38.5,4.1335625648498535
1365889912.459906,789.0243902439024,39.0,4.089984178543091
1365889912.713206,726.219512195122,39.0,4.096462965011597
1365889912.9639392,929.2682926829269,39.0,4.10429310798645
1365889913.2304251,610.3658536585366,38.5,4.121814250946045
1365889913.50327,896.9512195121952,39.0,4.09937596321106
1365889913.756317,879.8780487804878,39.0,4.091153621673584
1365889914.0109282,764.0243902439024,39.0,4.1118175983428955
1365889914.2815738,1139.0243902439024,39.0,4.0975213050842285
1365889914.535456,789.0243902439024,39.0,4.093249797821045
1365889914.786925,826.2195121951219,38.5,4.116488695144653
1365889915.047473,689.6341463414634,39.0,4.152395009994507
1365889915.3230422,917.0731707317074,39.0,4.089997053146362
1365889915.575253,867.0731707317074,38.5,4.093506097793579
1365889915.827971,856.0975609756098,39.0,4.140629768371582
1365889916.09636,904.8780487804878,39.5,4.984935998916626
1365889916.3494358,906.0975609756098,39.5,4.749357461929321
1365889916.599919,794.5121951219512,39.0,4.52476167678833
1365889916.8540401,668.2926829268293,38.5,4.284233093261719
1365889917.128394,776.219512195122,39.0,4.091084957122803
1365889917.381879,940.8536585365853,39.0,4.092813014984131
1365889917.63501,989.0243902439024,38.5,4.106170177459717
1365889917.897258,704.2682926829268,38.5,4.111264228820801
1365889918.1696079,846.3414634146342,39.0,4.156182765960693
1365889918.4238029,828.0487804878048,39.0,4.100615501403809
1365889918.675477,924.3902439024391,39.0,4.119992256164551
1365889918.9465332,819.5121951219512,39.0,4.115319490432739
1365889919.20099,910.3658536585366,39.0,4.151168346405029
1365889919.4542441,896.9512195121952,39.0,4.089582443237305
1365889919.705315,694.5121951219512,39.0,4.1109459400177
1365889919.979048,874.390243902439,39.0,4.089745759963989
1365889920.230201,769.5121951219512,39.5,4.118370532989502
1365889920.48507,937.8048780487804,38.5,4.120521545410156
1365889920.7497768,707.3170731707316,38.5,4.143742084503174
1365889921.0246809,773.1707317073171,38.5,4.209575414657593
1365889921.275326,904.8780487804878,39.0,4.090443134307861
1365889921.529356,932.3170731707318,39.0,4.108534812927246
1365889921.794828,748.170731707317,39.0,4.094587326049805
1365889922.051898,843.2926829268292,39.0,4.091090679168701
1365889922.3051882,767.0731707317074,39.0,4.090533971786499
1365889922.557392,655.4878048780488,39.0,4.114543676376343
1365889922.829343,899.390243902439,39.0,4.094250917434692
1365889923.083966,744.5121951219512,39.5,4.1434006690979
1365889923.335156,1009.7560975609756,38.5,4.112256288528442
1365889923.5962791,754.2682926829268,38.5,4.118911027908325
1365889923.87184,890.8536585365854,39.0,4.0958380699157715
1365889924.1267,920.1219512195122,39.0,4.088793754577637
1365889924.379337,771.3414634146342,38.5,4.114483594894409
1365889924.646892,587.1951219512194,38.5,4.114839553833008
1365889924.9179368,736.5853658536586,39.0,4.093215465545654
1365889925.173153,1131.7073170731705,39.0,4.090177059173584
1365889925.4257112,681.0975609756098,39.0,4.119043350219727
1365889925.702949,747.560975609756,39.0,4.098045587539673
1365889925.954659,993.9024390243902,39.0,4.08885383605957
1365889926.208776,866.4634146341464,39.0,4.105347633361816
1365889926.472448,562.1951219512194,38.5,4.116540193557739
1365889926.746402,787.1951219512196,39.0,4.12188720703125
1365889927.000351,863.4146341463414,39.0,4.086264371871948
1365889927.252545,695.1219512195122,38.5,4.121899366378784
1365889927.527565,829.2682926829268,39.0,4.092481851577759
1365889927.781396,754.2682926829268,39.0,4.090878963470459
1365889928.034336,817.0731707317073,39.0,4.1218602657318115
1365889928.304018,807.9268292682927,39.0,4.092299461364746
1365889928.558159,1373.780487804878,39.0,4.099869728088379
1365889928.8099918,943.9024390243902,39.5,4.133441925048828
1365889929.068795,604.2682926829268,38.5,4.120485544204712
1365889929.343149,780.4878048780488,39.0,4.094308376312256
1365889929.596448,926.219512195122,39.0,4.098031520843506
1365889929.8486578,915.8536585365854,38.5,4.120436668395996
1365889930.1193988,701.2195121951219,39.0,4.112917184829712
1365889930.393087,758.5365853658536,39.0,4.090389251708984
1365889930.647598,910.3658536585366,39.0,4.087780237197876
1365889930.900456,770.1219512195122,39.0,4.123066663742065
1365889931.172034,881.0975609756098,39.0,4.0987067222595215
1365889931.426384,913.4146341463415,38.5,4.089048385620117
1365889931.680117,796.3414634146342,38.5,4.102982997894287
1365889931.9487748,879.2682926829268,39.0,4.1238837242126465
1365889932.199306,818.2926829268292,39.0,4.090698480606079
1365889932.453342,796.3414634146342,39.0,4.114551544189453
1365889932.705707,754.2682926829268,39.0,4.170602798461914
1365889932.981705,804.2682926829269,39.0,4.099939584732056
1365889933.2327318,770.1219512195122,39.0,4.08820915222168
1365889933.4868538,791.4634146341464,39.0,4.095435857772827
1365889933.7439559,707.3170731707316,38.5,4.135006666183472
1365889934.0212421,806.0975609756098,39.0,4.105712652206421
1365889934.277073,846.3414634146342,39.0,4.092219829559326
1365889934.531647,733.5365853658536,39.5,4.130393981933594
1365889934.7960901,940.8536585365853,39.5,4.09475302696228
1365889935.049566,748.170731707317,39.5,4.093888521194458
1365889935.3028429,760.3658536585366,39.0,4.089462041854858
1365889935.557564,709.1463414634146,39.0,4.109074354171753
1365889935.831077,996.3414634146342,39.5,4.109627723693848
1365889936.0863302,871.9512195121952,39.0,4.088567495346069
1365889936.33944,871.9512195121952,39.0,5.428428411483765
1365889936.600048,693.2926829268292,39.0,5.203016757965088
1365889936.8739681,738.4146341463414,39.0,4.955323219299316
1365889937.128742,939.0243902439024,39.0,4.751195669174194
1365889937.382853,918.2926829268293,39.0,4.511922597885132
1365889937.6433039,601.219512195122,38.5,4.266985177993774
1365889937.917047,968.9024390243902,39.0,4.103167295455933
1365889938.1724029,860.9756097560976,39.5,4.09663200378418
1365889938.423361,1602.439024390244,39.0,4.107141733169556
1365889938.693115,807.9268292682927,39.0,4.09299111366272
1365889938.945676,835.3658536585366,39.0,4.092939138412476
1365889939.200715,914.0243902439024,39.0,4.1000494956970215
1365889939.4531589,689.6341463414634,39.0,4.11071252822876
1365889939.72904,780.4878048780488,39.0,4.090208292007446
1365889939.983815,843.2926829268292,39.0,4.091052293777466
1365889940.237907,866.4634146341464,39.0,4.114423036575317
1365889940.501878,698.170731707317,39.0,4.115512132644653
1365889940.7800572,764.0243902439024,39.0,4.097216367721558
1365889941.0351648,739.0243902439024,38.5,4.093394994735718
1365889941.290267,714.0243902439024,39.0,4.117330551147461
1365889941.5678,917.0731707317074,39.0,4.0894246101379395
1365889941.822389,741.4634146341464,39.0,4.089582204818726
1365889942.0778491,957.3170731707316,39.0,4.099637985229492
1365889942.337155,689.6341463414634,38.5,4.118966579437256
1365889942.608665,745.1219512195122,39.0,4.089842796325684
1365889942.863051,921.3414634146342,39.0,4.089831352233887
1365889943.117537,1655.4878048780488,39.0,4.120314359664917
1365889943.386462,867.0731707317074,39.5,4.095276117324829
1365889943.6378071,854.2682926829268,39.0,4.09178900718689
1365889943.895285,939.0243902439024,39.0,4.088841676712036
1365889944.1470048,701.2195121951219,39.0,4.11018443107605
1365889944.423171,740.2439024390244,39.0,4.0978734493255615
1365889944.6748319,951.8292682926829,39.0,4.096444368362427
1365889944.929228,984.7560975609756,39.0,4.0953028202056885
1365889945.186987,623.170731707317,38.5,4.13808012008667
1365889945.462958,910.3658536585366,39.0,4.1025755405426025
1365889945.713832,904.2682926829268,39.5,4.097335577011108
1365889945.969263,881.0975609756098,39.0,4.108234405517578
1365889946.237236,1300.0,39.5,4.090186834335327
1365889946.491767,810.3658536585366,39.0,4.093761920928955
1365889946.7431538,992.0731707317074,39.0,4.0980682373046875
1365889947.0041542,699.390243902439,38.5,4.110595703125
1365889947.275181,821.951219512195,39.0,4.091824054718018
1365889947.5280151,742.0731707317074,39.0,4.088170528411865
1365889947.779221,859.1463414634146,39.0,4.104834079742432
1365889948.0468469,804.2682926829269,39.0,4.094701766967773
1365889948.30247,785.9756097560976,39.5,4.09053373336792
1365889948.555507,769.5121951219512,40.1,4.104247331619263
1365889948.808764,627.439024390244,38.5,4.112908840179443
1365889949.088337,767.0731707317074,38.5,4.08849310874939
1365889949.3412192,854.2682926829268,39.0,4.089873313903809
1365889949.594097,925.0,39.0,4.112051963806152
1365889949.858461,693.2926829268292,39.0,4.11731481552124
1365889950.137152,776.219512195122,39.5,4.087784290313721
1365889950.391095,901.219512195122,39.5,4.10057806968689
1365889950.646145,795.1219512195122,39.0,4.111329793930054
1365889950.919944,871.3414634146342,39.0,4.093496799468994
1365889951.174597,814.0243902439024,39.0,4.094454288482666
1365889951.4297779,757.3170731707318,39.0,4.101458311080933
1365889951.696815,635.3658536585366,39.0,4.117462396621704
1365889951.970388,749.390243902439,39.0,4.0938720703125
1365889952.224184,838.4146341463414,39.5,4.092733383178711
1365889952.47567,640.2439024390244,39.5,4.110992670059204
1365889952.751529,913.4146341463415,38.5,4.092365503311157
1365889953.00611,800.0,39.0,4.1028337478637695
1365889953.261058,913.4146341463415,39.0,4.097155809402466
1365889953.5193799,632.3170731707318,38.5,4.117533922195435
1365889953.792565,765.2439024390244,39.0,4.14089298248291
1365889954.046506,809.1463414634147,39.0,4.158900260925293
1365889954.302015,846.951219512195,39.0,4.119991064071655
1365889954.5685508,698.170731707317,38.5,4.118823051452637
1365889954.843332,978.0487804878048,39.5,4.100115776062012
1365889955.098987,863.4146341463414,39.0,4.112980365753174
1365889955.3547552,692.0731707317073,39.0,4.111285448074341
1365889955.629853,794.5121951219512,39.0,4.090414524078369
1365889955.88417,857.9268292682926,39.5,4.102593898773193
1365889956.141429,796.9512195121952,38.5,4.118716239929199
1365889956.415321,946.3414634146341,39.0,4.0910115242004395
1365889956.666005,854.2682926829268,39.5,4.117278337478638
1365889956.918442,860.3658536585366,39.0,4.090928077697754
1365889957.174117,670.1219512195122,39.0,4.110778093338013
1365889957.4485319,752.439024390244,39.5,4.0922629833221436
1365889957.700937,849.390243902439,39.0,4.091149806976318
1365889957.956581,1012.1951219512196,39.0,4.103198051452637
1365889958.221247,654.2682926829268,39.0,4.111235618591309
1365889958.4933782,760.9756097560976,39.5,4.090417385101318
1365889958.745035,937.1951219512194,39.0,4.092568635940552
1365889958.9982688,697.560975609756,39.0,4.116142988204956
1365889959.2705731,810.3658536585366,39.0,4.088221788406372
1365889959.523159,871.9512195121952,40.1,4.091900587081909
1365889959.7772632,864.0243902439024,39.5,4.109822750091553
1365889960.045056,730.4878048780488,39.0,4.0880913734436035
1365889960.297031,868.2926829268292,39.0,4.0858683586120605
1365889960.5490181,740.2439024390244,39.5,4.088771104812622
1365889960.801617,578.6585365853658,38.5,4.156212568283081
1365889961.076247,1705.4878048780488,39.0,4.139304161071777
1365889961.328435,866.4634146341464,39.0,4.091980695724487
1365889961.581745,773.1707317073171,39.0,4.0974955558776855
1365889961.841389,707.3170731707316,39.0,4.114582300186157
1365889962.117942,810.3658536585366,39.0,4.091278314590454
1365889962.369639,913.4146341463415,39.0,4.090022802352905
1365889962.6238458,923.1707317073171,39.0,4.10945200920105
1365889962.891902,574.390243902439,39.0,4.121977090835571
1365889963.170524,815.2439024390243,39.0,4.1057586669921875
1365889963.421601,870.1219512195122,39.5,4.088991641998291
1365889963.675655,646.3414634146342,39.0,4.1124961376190186
1365889963.9476538,1145.7317073170732,39.5,4.087972640991211
1365889964.200597,857.9268292682926,40.1,4.099619388580322
1365889964.452318,907.9268292682927,39.5,4.0971949100494385
1365889964.71404,585.3658536585366,38.5,4.111335515975952
1365889964.984852,970.1219512195122,39.5,4.089021682739258
1365889965.239588,921.3414634146342,39.0,4.0892815589904785
1365889965.490477,913.4146341463415,40.1,4.1091508865356445
1365889965.762194,827.4390243902438,39.0,4.086698532104492
1365889966.0138712,918.9024390243903,39.5,4.273797512054443
1365889966.265085,840.2439024390244,39.0,4.15217137336731
1365889966.528065,878.0487804878048,38.5,4.142864942550659
1365889966.803273,909.1463414634146,39.5,4.0958991050720215
1365889967.056363,921.9512195121952,39.0,4.089184761047363
1365889967.309008,737.1951219512194,39.0,4.107746362686157
1365889967.577253,924.3902439024391,39.5,4.092985391616821
1365889967.8301709,734.1463414634146,39.5,4.109569549560547
1365889968.082186,749.390243902439,40.1,4.098301410675049
1365889968.344383,581.7073170731707,38.5,4.110671520233154
1365889968.61774,854.8780487804878,39.0,4.093536138534546
1365889968.871671,749.390243902439,39.5,4.149496078491211
1365889969.125366,857.9268292682926,39.0,4.120636224746704
1365889969.398554,984.1463414634146,39.5,4.093443870544434
1365889969.651784,926.829268292683,39.5,4.0960681438446045
1365889969.9060931,898.1707317073171,39.5,4.098735332489014
1365889970.168421,678.048780487805,38.5,4.11181116104126
1365889970.442765,736.5853658536586,38.5,4.090330362319946
1365889970.695359,978.0487804878048,39.5,4.095994234085083
1365889970.9506109,914.0243902439024,39.0,4.09951114654541
1365889971.213226,608.5365853658536,38.5,4.1146767139434814
1365889971.486757,893.2926829268292,39.5,4.087831735610962
1365889971.739264,934.1463414634147,40.1,4.088841676712036
1365889971.9940999,914.0243902439024,39.5,4.1205198764801025
1365889972.266619,1594.5121951219512,39.0,4.09101676940918
1365889972.519401,840.2439024390244,39.5,4.087752819061279
1365889972.771462,926.219512195122,39.5,4.115315198898315
1365889973.03052,699.390243902439,39.0,4.111369371414185
1365889973.3047428,913.4146341463415,39.5,4.08916449546814
1365889973.5582788,751.219512195122,39.5,4.088239431381226
1365889973.8106308,845.1219512195122,39.5,4.147195816040039
1365889974.0811079,907.9268292682927,39.0,4.094651937484741
1365889974.335318,918.9024390243903,39.5,4.086275100708008
1365889974.587095,918.2926829268293,39.0,4.092787265777588
1365889974.844785,758.5365853658536,39.0,4.116562604904175
1365889975.120654,846.3414634146342,39.0,4.08927845954895
1365889975.3748732,817.0731707317073,40.1,4.0937018394470215
1365889975.630625,827.4390243902438,39.0,4.111653566360474
1365889975.890591,689.6341463414634,38.5,4.1318323612213135
1365889976.1677902,746.3414634146342,39.0,4.1091468334198
1365889976.420467,863.4146341463414,39.5,4.088636159896851
1365889976.6740549,783.5365853658537,39.5,4.175354480743408
1365889976.940418,578.6585365853658,39.0,4.111543655395508
1365889977.214735,814.0243902439024,39.0,4.092579126358032
1365889977.466078,909.1463414634146,39.0,4.173094749450684
1365889977.7198029,772.5609756097562,39.5,4.135108709335327
1365889977.992427,926.829268292683,39.0,4.090431213378906
1365889978.243783,830.4878048780488,39.5,4.091636896133423
1365889978.497185,775.0,39.5,4.12058687210083
1365889978.7572072,697.560975609756,39.0,4.109168291091919
1365889979.028765,864.0243902439024,39.5,4.087668418884277
1365889979.2802958,792.0731707317074,39.5,4.112555980682373
1365889979.533053,765.2439024390244,39.0,4.10191011428833
1365889979.7974982,680.4878048780488,39.5,4.126434564590454
1365889980.0710442,917.0731707317074,39.0,4.088409423828125
1365889980.3223228,800.0,39.0,4.0880513191223145
1365889980.5753028,845.1219512195122,39.5,4.1106858253479
1365889980.849371,987.1951219512194,39.0,4.09278130531311
1365889981.101537,888.4146341463414,39.5,4.112814426422119
1365889981.353904,843.9024390243902,39.5,4.100455284118652
1365889981.6142879,570.7317073170731,39.0,4.1092917919158936
1365889981.8878489,951.8292682926829,39.5,4.103686809539795
1365889982.142323,806.0975609756098,39.5,4.085351467132568
1365889982.394319,804.2682926829269,39.5,4.104412317276001
1365889982.660038,703.0487804878048,38.5,4.104846000671387
1365889982.931068,816.4634146341463,39.0,4.288026332855225
1365889983.182548,823.170731707317,39.0,4.11186408996582
1365889983.439452,623.170731707317,39.0,4.111600637435913
1365889983.712907,818.2926829268292,39.0,4.086462736129761
1365889983.965564,798.1707317073171,39.0,4.089214324951172
1365889984.216297,876.219512195122,39.0,4.104729175567627
1365889984.484071,834.1463414634146,39.5,4.088924169540405
1365889984.737163,873.170731707317,39.5,4.089797496795654
1365889984.99105,756.0975609756098,40.1,4.100919723510742
1365889985.2437918,697.560975609756,39.0,4.150866746902466
1365889985.5203042,909.1463414634146,39.5,4.088757514953613
1365889985.771115,982.9268292682926,39.5,4.088193893432617
1365889986.024009,832.9268292682926,39.0,4.0979461669921875
1365889986.28377,593.2926829268292,39.5,4.121736764907837
1365889986.56063,912.1951219512196,39.0,4.095580339431763
1365889986.81365,921.3414634146342,39.0,4.0948851108551025
1365889987.0673778,683.5365853658537,39.0,4.122746229171753
1365889987.33949,901.219512195122,39.0,4.154636383056641
1365889987.592621,812.1951219512194,39.5,4.087272644042969
1365889987.845408,943.9024390243902,39.0,4.1478447914123535
1365889988.1058502,621.3414634146342,39.0,4.1095545291900635
1365889988.3781319,807.3170731707318,39.5,4.1037986278533936
1365889988.632128,744.5121951219512,39.5,4.094395875930786
1365889988.884504,934.1463414634147,39.0,4.114696979522705
1365889989.151391,637.1951219512196,39.0,4.110849857330322
1365889989.4224708,877.439024390244,40.1,4.0931665897369385
1365889989.679778,779.2682926829268,39.5,4.09102988243103
1365889989.930801,708.5365853658536,39.0,4.134351968765259
1365889990.206718,773.1707317073171,40.1,4.098135709762573
1365889990.458485,753.0487804878048,39.5,4.088041305541992
1365889990.712908,1015.2439024390243,39.5,4.114788055419922
1365889990.9834392,599.390243902439,39.0,4.123551607131958
1365889991.256185,957.3170731707316,39.5,4.154074430465698
1365889991.509056,915.8536585365854,39.5,4.094394207000732
1365889991.762582,700.6097560975609,39.5,4.119915962219238
1365889992.035038,951.2195121951219,39.5,4.088904619216919
1365889992.286593,1079.8780487804877,39.0,4.125130891799927
1365889992.537845,857.9268292682926,39.0,4.106961250305176
1365889992.806039,698.170731707317,39.0,4.110095739364624
1365889993.077804,918.2926829268293,39.5,4.125364542007446
1365889993.3287208,762.1951219512196,39.5,4.094447374343872
1365889993.581163,970.1219512195122,40.1,4.113870143890381
1365889993.85361,925.0,39.5,4.090413808822632
1365889994.106849,842.0731707317073,39.0,4.087644577026367
1365889994.359642,909.1463414634146,40.1,4.096935510635376
1365889994.6185112,703.0487804878048,39.0,4.1682610511779785
1365889994.893854,918.9024390243903,40.1,4.19826078414917
1365889995.147244,915.2439024390244,39.5,4.097906827926636
1365889995.399478,744.5121951219512,39.5,4.1110923290252686
1365889995.671425,915.2439024390244,39.0,4.102934122085571
1365889995.925187,795.1219512195122,39.5,4.092219352722168
1365889996.17977,909.1463414634146,40.1,4.108720302581787
1365889996.4403021,696.3414634146341,39.0,4.113938570022583
1365889996.713896,913.4146341463415,39.5,4.113340854644775
1365889996.9660969,840.2439024390244,39.5,4.089249610900879
1365889997.216948,802.439024390244,39.0,4.103711843490601
1365889997.4847,705.4878048780488,39.5,4.112481594085693
1365889997.754551,778.048780487805,39.0,4.1451733112335205
1365889998.007144,921.9512195121952,40.1,4.098237752914429
1365889998.2578728,823.170731707317,39.5,4.1184303760528564
1365889998.5294342,888.4146341463414,39.0,4.094810962677002
1365889998.783117,793.2926829268293,40.1,4.089277267456055
1365889999.0354939,864.0243902439024,40.1,4.123526096343994
1365889999.2950559,703.0487804878048,39.0,4.11996603012085
1365889999.573641,748.170731707317,39.5,4.089515924453735
1365889999.827404,945.1219512195122,39.5,4.089026212692261
1365890000.081238,879.2682926829268,39.5,4.104777812957764
1365890000.348598,879.8780487804878,39.5,4.099473714828491
1365890000.601729,868.2926829268292,39.5,4.088676452636719
1365890000.8560581,810.9756097560976,39.5,4.093726396560669
1365890001.113159,687.1951219512194,39.5,4.112299680709839
1365890001.391573,763.4146341463414,39.5,4.087909936904907
1365890001.6449049,870.1219512195122,39.5,4.089107036590576
1365890001.897863,940.2439024390243,39.5,4.1214635372161865
1365890002.161802,620.1219512195122,39.0,4.118255376815796
1365890002.436221,764.0243902439024,40.1,4.091869592666626
1365890002.689895,1156.7073170731708,40.1,4.097615718841553
1365890002.9430091,846.3414634146342,39.0,4.1123716831207275
1365890003.2223492,760.9756097560976,39.0,4.098801612854004
1365890003.4732742,785.9756097560976,39.5,4.086684703826904
1365890003.726881,1791.4634146341464,39.0,4.092395544052124
1365890003.984985,639.6341463414634,39.0,4.203253507614136
1365890004.26267,777.439024390244,39.5,4.087121963500977
1365890004.516254,904.8780487804878,40.1,4.0879881381988525
1365890004.768737,747.560975609756,39.0,4.110087156295776
1365890005.0348318,670.1219512195122,39.0,4.108259916305542
1365890005.30479,794.5121951219512,39.5,4.086642742156982
1365890005.5574641,909.1463414634146,40.1,4.086360931396484
1365890005.809448,593.2926829268292,39.5,4.138027906417847
1365890006.084317,871.9512195121952,39.0,4.090128421783447
1365890006.335284,857.3170731707316,40.1,4.0855302810668945
1365890006.587803,793.2926829268293,39.5,4.136596202850342
1365890006.844759,702.4390243902438,39.0,4.1094255447387695
1365890007.116771,887.1951219512196,39.0,4.102996349334717
1365890007.368696,829.2682926829268,40.1,4.094263315200806
1365890007.621448,737.1951219512194,39.5,4.096352815628052
1365890007.881978,701.2195121951219,39.0,4.108754396438599
1365890008.1563342,1657.3170731707316,39.0,4.095757722854614
1365890008.410421,907.9268292682927,40.1,4.0980143547058105
1365890008.6623821,921.9512195121952,40.1,4.188766956329346
1365890008.928521,871.3414634146342,39.0,4.090939998626709
1365890009.185607,921.9512195121952,39.5,4.093569040298462
1365890009.4402199,800.0,40.1,4.101892471313477
1365890009.697896,1344.5121951219512,39.0,4.107928514480591
1365890009.971894,923.1707317073171,39.0,4.098200798034668
1365890010.224701,917.0731707317074,40.1,4.0890843868255615
1365890010.478512,742.0731707317074,39.0,4.1091148853302
1365890010.743444,853.0487804878048,39.0,4.119768857955933
1365890011.01656,904.8780487804878,39.0,4.0944743156433105
1365890011.2695,923.1707317073171,40.1,4.102055311203003
1365890011.521891,798.1707317073171,40.1,4.113371133804321
1365890011.791939,913.4146341463415,40.1,4.0912206172943115
1365890012.045151,842.0731707317073,40.1,4.233099699020386
1365890012.295889,954.2682926829268,40.1,4.0961010456085205
1365890012.5565171,692.0731707317073,39.0,4.1096742153167725
1365890012.830034,918.2926829268293,39.0,4.087716579437256
1365890013.083308,857.3170731707316,40.1,4.086002826690674
1365890013.336362,928.048780487805,39.5,4.121425151824951
1365890013.60831,801.219512195122,40.1,4.096583127975464
1365890013.8630679,816.4634146341463,39.5,4.099757194519043
1365890014.116686,853.0487804878048,39.5,4.1117775440216064
1365890014.381631,631.0975609756098,39.0,4.119722127914429
1365890014.6545641,846.3414634146342,39.5,4.091354608535767
1365890014.9090729,747.560975609756,39.0,4.086258888244629
1365890015.161845,1128.658536585366,39.0,4.110339403152466
1365890015.432639,798.1707317073171,39.5,4.096776962280273
1365890015.6869,1197.560975609756,39.5,4.096129417419434
1365890015.940264,1314.0243902439024,39.5,4.099498748779297
1365890016.205536,706.0975609756097,39.0,4.112898588180542
1365890016.476722,841.4634146341463,39.5,4.102187871932983
1365890016.728278,848.170731707317,39.5,4.095691204071045
1365890016.9789429,758.5365853658536,40.1,4.152268171310425
1365890017.242466,707.3170731707316,39.0,4.129817724227905
1365890017.515657,921.9512195121952,40.1,4.087406158447266
1365890017.768832,912.1951219512196,39.5,4.088180065155029
1365890018.0203662,764.0243902439024,39.5,4.138974666595459
1365890018.291487,766.4634146341464,39.5,4.08726167678833
1365890018.5438862,921.9512195121952,39.0,4.087851524353027
1365890018.7986119,817.0731707317073,39.5,4.092203140258789
1365890019.050173,906.0975609756098,39.0,4.108043670654297
1365890019.3244429,746.3414634146342,40.1,4.088803291320801
1365890019.57654,924.3902439024391,39.5,4.093623161315918
1365890019.829886,882.3170731707318,39.5,4.095909118652344
1365890020.087314,576.2195121951219,39.0,4.113695859909058
1365890020.364306,882.9268292682926,39.5,4.089407920837402
1365890020.6188989,743.2926829268292,39.5,4.086014986038208
1365890020.8712692,874.390243902439,40.1,4.106556415557861
1365890021.1378508,746.3414634146342,39.5,4.088243246078491
1365890021.391605,909.1463414634146,40.1,4.087701320648193
1365890021.6440399,738.4146341463414,39.5,4.085078477859497
1365890021.896321,644.5121951219512,39.0,4.122742176055908
1365890022.1761012,982.9268292682926,40.1,4.095174789428711
1365890022.428638,1103.658536585366,40.1,4.0979554653167725
1365890022.680845,852.4390243902438,40.1,4.089169979095459
1365890022.935401,672.5609756097562,38.5,4.1509480476379395
1365890023.213471,1518.2926829268292,39.0,4.096606254577637
1365890023.4701471,889.0243902439024,40.1,4.095291376113892
1365890023.721914,902.439024390244,39.0,4.096341848373413
1365890023.981448,593.2926829268292,39.0,4.106802463531494
1365890024.2551098,917.0731707317074,39.5,4.09623646736145
1365890024.509847,726.219512195122,40.1,4.09998345375061
1365890024.760648,745.1219512195122,39.0,4.118042707443237
1365890025.030185,826.2195121951219,39.5,4.095399856567383
1365890025.284349,924.3902439024391,39.0,4.098606586456299
1365890025.540638,818.2926829268292,40.1,4.104322195053101
1365890025.797547,708.5365853658536,39.0,4.27643084526062
1365890026.072147,1043.2926829268292,40.1,4.091189622879028
1365890026.3291788,904.8780487804878,40.1,4.093756675720215
1365890026.5813801,889.0243902439024,39.0,4.10627555847168
1365890026.846276,701.2195121951219,39.0,4.234748125076294
1365890027.122808,839.0243902439024,39.5,4.08931565284729
1365890027.376746,982.9268292682926,39.5,4.090917587280273
1365890027.629447,785.3658536585366,40.1,4.157074689865112
1365890027.898666,928.048780487805,40.1,4.087854623794556
1365890028.150555,841.4634146341463,39.5,4.091233968734741
1365890028.4051788,796.3414634146342,39.5,4.093957424163818
1365890028.660088,728.0487804878048,39.5,4.112292528152466
1365890028.9342,902.439024390244,39.5,4.129892110824585
1365890029.188736,824.390243902439,39.5,4.087924957275391
1365890029.441993,751.219512195122,39.5,4.093394994735718
1365890029.700012,631.0975609756098,39.5,4.122300148010254
1365890029.972796,803.048780487805,40.1,4.094313144683838
1365890030.228199,721.3414634146342,39.5,4.177615404129028
1365890030.4816031,830.4878048780488,39.5,4.1479573249816895
1365890030.746677,739.0243902439024,39.5,4.11944842338562
1365890031.0166452,800.0,39.0,4.091254472732544
1365890031.273228,979.8780487804878,40.1,4.0896687507629395
1365890031.525939,704.2682926829268,39.0,4.111888647079468
1365890031.802826,783.5365853658537,39.5,4.091709136962891
1365890032.054525,782.3170731707318,39.5,4.103853225708008
1365890032.312198,774.390243902439,40.1,4.12296199798584
1365890032.580433,661.5853658536586,39.0,4.111471891403198
1365890032.854182,892.0731707317074,40.1,4.086210012435913
1365890033.1081102,940.2439024390243,40.1,4.127827882766724
1365890033.3617332,700.6097560975609,39.5,4.116734027862549
1365890033.635776,778.048780487805,39.5,4.089502573013306
1365890033.889538,887.1951219512196,39.5,4.093762397766113
1365890034.1418428,773.1707317073171,39.5,4.1010236740112305
1365890034.410366,1150.609756097561,39.5,4.098401069641113
1365890034.662139,818.2926829268292,40.1,4.087855577468872
1365890034.915533,926.829268292683,40.1,4.165564298629761
1365890035.169771,687.1951219512194,39.5,4.112894058227539
1365890035.442764,758.5365853658536,40.1,4.0889201164245605
1365890035.696065,840.2439024390244,40.1,4.118612766265869
1365890035.952161,749.390243902439,39.5,4.332109689712524
1365890036.215283,771.3414634146342,39.0,4.255299806594849
1365890036.489002,903.048780487805,39.5,4.091062068939209
1365890036.741483,750.0,39.5,4.1257004737854
1365890036.994244,1369.5121951219514,39.5,4.109372138977051
1365890037.2647722,756.0975609756098,40.1,4.089515447616577
1365890037.521033,767.0731707317074,40.1,4.0860395431518555
1365890037.773248,739.0243902439024,39.0,4.0936689376831055
1365890038.031384,700.6097560975609,39.0,4.112994909286499
1365890038.305623,904.8780487804878,40.1,4.089393615722656
1365890038.559507,835.3658536585366,39.0,4.121017932891846
1365890038.811873,924.3902439024391,39.0,4.112765550613403
1365890039.0731468,656.0975609756098,39.0,4.107974290847778
1365890039.346539,746.3414634146342,39.5,4.087613105773926
1365890039.5989,971.951219512195,39.0,4.099398374557495
1365890039.851383,813.4146341463414,40.1,4.118099927902222
1365890040.120267,918.2926829268293,39.5,4.087017297744751
1365890040.3726861,787.1951219512196,40.1,4.085695266723633
1365890040.62566,826.2195121951219,40.1,4.0955424308776855
1365890040.877822,1616.4634146341464,39.5,4.378291368484497
1365890041.153314,835.3658536585366,39.5,4.140610694885254
1365890041.405476,913.4146341463415,40.1,4.100647211074829
1365890041.6627252,829.2682926829268,39.5,4.089264869689941
1365890041.918483,1414.6341463414633,39.0,4.114273548126221
1365890042.1928818,766.4634146341464,39.5,4.112712621688843
1365890042.444692,780.4878048780488,40.1,4.091057062149048
1365890042.699834,817.0731707317073,39.0,4.09546685218811
1365890042.958956,595.7317073170732,39.0,4.231839179992676
1365890043.23564,868.2926829268292,39.5,4.090690612792969
1365890043.4889631,915.2439024390244,40.1,4.090429782867432
1365890043.745004,626.219512195122,40.1,4.108466863632202
1365890044.018225,736.5853658536586,39.5,4.08672308921814
1365890044.271507,815.2439024390243,40.1,4.088225603103638
1365890044.525055,893.2926829268292,39.5,4.108942747116089
1365890044.793462,692.0731707317073,39.0,4.108362913131714
1365890045.066726,893.2926829268292,39.0,4.091799736022949
1365890045.3188312,850.0,39.0,4.09043550491333
1365890045.5705411,1150.609756097561,39.5,4.1266398429870605
1365890045.841921,1643.2926829268292,40.1,4.111150503158569
1365890046.093905,914.0243902439024,40.1,4.132933855056763
1365890046.3490298,885.9756097560976,40.1,4.095078468322754
1365890046.6087282,705.4878048780488,39.0,4.121731996536255
1365890046.882818,723.170731707317,39.5,4.092020750045776
1365890047.136666,857.3170731707316,40.1,4.090604782104492
1365890047.388469,906.0975609756098,40.1,4.099179029464722
1365890047.653646,708.5365853658536,40.1,4.11823296546936
1365890047.925429,785.3658536585366,39.5,4.088551044464111
1365890048.1795049,760.3658536585366,40.1,4.09991455078125
1365890048.432977,888.4146341463414,39.5,4.11548638343811
1365890048.7047832,807.9268292682927,39.5,4.093024730682373
1365890048.9601002,778.048780487805,39.0,4.169366121292114
1365890049.21359,851.219512195122,39.5,4.103445529937744
1365890049.474476,725.0,39.0,4.112109184265137
1365890049.7461472,821.951219512195,40.1,4.100197792053223
1365890049.999208,968.2926829268292,40.1,4.103384733200073
1365890050.25476,762.1951219512196,39.5,4.141202449798584
1365890050.5232582,896.3414634146342,40.1,4.085934400558472
1365890050.7757819,765.2439024390244,40.1,4.113370418548584
1365890051.029969,754.2682926829268,40.1,4.104562759399414
1365890051.2822442,653.6585365853658,39.5,4.116923809051514
1365890051.55875,752.439024390244,39.5,4.088503360748291
1365890051.814646,915.2439024390244,40.1,4.106823205947876
1365890052.068684,1089.0243902439024,40.1,4.09968113899231
1365890052.326815,673.1707317073171,39.0,4.120264053344727
1365890052.60202,1727.439024390244,39.5,4.090911149978638
1365890052.856064,915.2439024390244,40.1,4.107593536376953
1365890053.110052,917.0731707317074,40.1,4.103048324584961
1365890053.3768268,611.5853658536586,39.0,4.110605478286743
1365890053.650932,863.4146341463414,40.1,4.110772609710693
1365890053.904934,926.219512195122,39.5,4.09397554397583
1365890054.159907,610.3658536585366,40.1,4.121847629547119
1365890054.434784,918.2926829268293,40.1,4.174800157546997
1365890054.68649,849.390243902439,40.1,4.143150091171265
1365890054.938551,852.4390243902438,39.5,4.1110570430755615
1365890055.205906,903.048780487805,40.1,4.085623741149902
1365890055.458451,1098.7804878048782,40.1,4.0926408767700195
1365890055.7112849,781.0975609756098,39.5,4.088306665420532
1365890055.964652,668.2926829268293,39.5,4.3850178718566895
1365890056.2451289,890.2439024390244,40.1,4.184045314788818
1365890056.497637,784.1463414634146,40.1,4.090614557266235
1365890056.7537549,785.9756097560976,39.5,4.101789236068726
1365890057.0193841,723.170731707317,39.0,4.118350028991699
1365890057.292834,904.2682926829268,40.1,4.098458766937256
1365890057.5438359,914.0243902439024,40.1,4.08840537071228
1365890057.798334,832.3170731707316,39.5,4.130658864974976
1365890058.072304,825.0,39.5,4.0986168384552
1365890058.3244858,898.1707317073171,39.5,4.085531711578369
1365890058.577325,890.8536585365854,39.5,4.105860710144043
1365890058.8400698,717.0731707317073,39.5,4.152174234390259
1365890059.1126301,842.0731707317073,39.5,4.100292682647705
1365890059.36467,845.1219512195122,39.5,4.086153984069824
1365890059.616818,926.219512195122,39.5,4.1101906299591064
1365890059.88545,769.5121951219512,40.1,4.0966477394104
1365890060.1422532,881.0975609756098,40.1,4.092936754226685
1365890060.394633,859.1463414634146,39.5,4.0907509326934814
1365890060.64742,575.6097560975609,39.0,4.112735748291016
1365890060.921042,917.0731707317074,40.1,4.111593008041382
1365890061.175646,751.219512195122,40.1,4.094033479690552
1365890061.427773,727.4390243902438,40.1,4.104711055755615
1365890061.688576,646.3414634146342,39.5,4.115499973297119
1365890061.964755,878.0487804878048,40.1,4.1162145137786865
1365890062.216322,840.2439024390244,40.1,4.103305339813232
1365890062.4684958,920.1219512195122,39.5,4.10744047164917
1365890062.7331572,651.219512195122,40.1,4.1133434772491455
1365890063.0098188,760.3658536585366,40.1,4.101783037185669
1365890063.263551,915.2439024390244,40.1,4.094801664352417
1365890063.5186298,696.3414634146341,40.1,4.112564325332642
1365890063.790327,796.9512195121952,39.5,4.091104745864868
1365890064.044616,738.4146341463414,40.1,4.091688394546509
1365890064.295121,910.9756097560976,39.5,4.102526903152466
1365890064.559187,698.170731707317,39.0,4.111475944519043
1365890064.830373,904.2682926829268,39.5,4.089593887329102
1365890065.085272,854.8780487804878,40.1,4.104727029800415
1365890065.336501,982.9268292682926,39.0,4.107044219970703
1365890065.611199,865.2439024390244,39.5,4.1056883335113525
1365890065.862978,921.9512195121952,40.1,4.0943214893341064
1365890066.1150458,915.2439024390244,40.1,4.099968910217285
1365890066.375844,701.2195121951219,39.0,4.131139755249023
1365890066.650136,877.439024390244,40.1,4.103791952133179
1365890066.9027479,742.0731707317074,39.5,4.086978912353516
1365890067.15545,893.2926829268292,39.0,4.110029458999634
1365890067.428661,926.219512195122,39.5,4.0981104373931885
1365890067.679992,862.1951219512194,40.6,4.117058753967285
1365890067.9307551,929.2682926829269,40.1,4.103731393814087
1365890068.188412,704.2682926829268,39.0,4.108619689941406
1365890068.4627872,887.1951219512196,40.1,4.100933074951172
1365890068.7150211,821.951219512195,40.1,4.086329221725464
1365890068.968269,893.2926829268292,39.5,4.110184192657471
1365890069.2378602,827.4390243902438,40.1,4.093472242355347
1365890069.488503,727.4390243902438,40.1,4.090163230895996
1365890069.7447538,747.560975609756,40.1,4.093827486038208
1365890069.996616,721.3414634146342,39.0,4.197364330291748
1365890070.275234,710.3658536585366,39.0,4.109879970550537
1365890070.5451572,790.2439024390244,39.5,4.107531547546387
1365890070.798443,885.9756097560976,39.5,4.088119745254517
1365890071.05216,701.2195121951219,39.5,4.112660884857178
1365890071.3311648,742.0731707317074,40.1,4.091198444366455
1365890071.584082,1012.8048780487804,40.1,4.0965447425842285
1365890071.837194,739.0243902439024,40.1,4.202631235122681
1365890072.1057332,749.390243902439,39.5,4.0905656814575195
1365890072.359682,766.4634146341464,39.5,4.097790241241455
1365890072.6115189,863.4146341463414,40.1,4.088736057281494
1365890072.867147,573.170731707317,39.0,4.108882904052734
1365890073.1420648,890.2439024390244,40.1,4.098591327667236
1365890073.393236,807.9268292682927,39.5,4.088876962661743
1365890073.646039,909.1463414634146,40.1,4.098974943161011
1365890073.9061818,649.390243902439,39.0,4.130650758743286
1365890074.1838248,737.1951219512194,40.1,4.092007875442505
1365890074.437023,772.5609756097562,39.5,4.088144540786743
1365890074.689337,870.1219512195122,40.1,4.1107683181762695
1365890074.958854,957.9268292682926,39.5,4.111695051193237
1365890075.2148879,901.219512195122,40.1,4.10274338722229
1365890075.466801,875.0,40.1,4.09861421585083
1365890075.729706,597.560975609756,39.5,4.275622844696045
1365890076.004008,767.0731707317074,39.5,4.1557252407073975
1365890076.2614772,850.0,40.1,4.085600852966309
1365890076.514982,896.9512195121952,39.5,4.1158788204193115
1365890076.786164,907.9268292682927,40.1,4.091143369674683
1365890077.043668,924.3902439024391,39.5,4.089771509170532
1365890077.296016,783.5365853658537,40.1,4.094862461090088
1365890077.557934,684.1463414634147,39.0,4.112099885940552
1365890077.829796,1755.4878048780486,40.1,4.092853784561157
1365890078.085532,742.0731707317074,39.5,4.112140655517578
1365890078.340297,1132.9268292682925,40.1,4.114480257034302
1365890078.6084821,1583.5365853658536,39.0,4.1085755825042725
1365890078.8810549,865.2439024390244,40.1,4.099852561950684
1365890079.13343,741.4634146341464,39.5,4.085572004318237
1365890079.386136,1655.4878048780488,39.5,4.1449127197265625
1365890079.657332,914.0243902439024,40.1,4.179609298706055
1365890079.910238,928.048780487805,40.1,4.224214553833008
1365890080.1625469,868.9024390243902,40.1,4.102171421051025
1365890080.417929,699.390243902439,40.1,4.123274564743042
1365890080.6924129,889.0243902439024,40.1,4.13330078125
1365890080.944725,758.5365853658536,40.1,4.090872287750244
1365890081.1978722,732.3170731707316,40.1,4.094619274139404
1365890081.458765,638.4146341463414,39.5,4.113965749740601
1365890081.732727,879.8780487804878,40.1,4.086236476898193
1365890081.983815,926.219512195122,40.1,4.085174798965454
1365890082.2362392,924.3902439024391,39.5,4.109302997589111
1365890082.510119,896.3414634146342,40.1,4.087615489959717
1365890082.76404,853.0487804878048,40.1,4.085034132003784
1365890083.017035,928.048780487805,39.5,4.103017330169678
1365890083.28147,689.6341463414634,39.5,4.126133680343628
1365890083.5538921,838.4146341463414,40.1,4.085058927536011
1365890083.806457,835.9756097560976,40.1,4.098207950592041
1365890084.058109,932.9268292682927,40.1,4.106273174285889
1365890084.3304262,812.1951219512194,40.1,4.093316316604614
1365890084.585463,939.0243902439024,39.5,4.086691856384277
1365890084.839742,832.9268292682926,40.1,4.093104124069214
1365890085.0923882,608.5365853658536,39.5,4.133336544036865
1365890085.3709598,731.0975609756098,39.0,4.086353063583374
1365890085.624238,805.4878048780488,40.1,4.089126110076904
1365890085.876,748.170731707317,39.5,4.1307008266448975
1365890086.141183,702.4390243902438,39.5,4.140944004058838
1365890086.421234,839.0243902439024,40.1,4.099297523498535
1365890086.6734679,920.1219512195122,40.1,4.095937013626099
1365890086.924673,832.3170731707316,39.5,4.111072540283203
1365890087.201565,774.390243902439,40.1,4.0929296016693115
1365890087.455513,864.0243902439024,40.1,4.089142799377441
1365890087.708021,1606.7073170731708,40.1,4.110222578048706
1365890087.971502,694.5121951219512,39.5,4.47444486618042
1365890088.247398,773.1707317073171,40.1,4.237826824188232
1365890088.499448,747.560975609756,40.1,4.106772184371948
1365890088.750386,931.0975609756098,40.1,4.10543966293335
1365890089.021547,778.048780487805,40.1,4.088050127029419
1365890089.2765272,895.1219512195122,40.1,4.089109420776367
1365890089.531571,926.829268292683,40.1,4.099775314331055
1365890089.790189,681.0975609756098,39.5,4.14567494392395
1365890090.065168,757.3170731707318,40.1,4.09724760055542
1365890090.31789,904.8780487804878,40.1,4.089818716049194
1365890090.570399,754.2682926829268,39.0,4.103976726531982
1365890090.834475,703.0487804878048,39.0,4.109090566635132
1365890091.110858,760.3658536585366,40.1,4.0892932415008545
1365890091.365659,915.2439024390244,40.1,4.139640808105469
1365890091.617951,689.6341463414634,39.5,4.128443002700806
1365890091.893072,828.0487804878048,39.5,4.121009111404419
1365890092.144385,862.1951219512194,39.5,4.208868026733398
1365890092.394751,760.9756097560976,40.1,4.102005481719971
1365890092.6610959,579.2682926829268,39.5,4.251276016235352
1365890092.933432,867.0731707317074,39.5,4.118446350097656
1365890093.186811,879.2682926829268,40.1,4.127702236175537
1365890093.4414442,744.5121951219512,40.1,4.16513466835022
1365890093.711919,796.3414634146342,40.1,4.09513783454895
1365890093.964895,768.2926829268292,40.1,4.1079607009887695
1365890094.21651,946.3414634146341,40.1,4.408265829086304
1365890094.467525,684.1463414634147,39.0,4.160862922668457
1365890094.7457778,807.9268292682927,40.1,4.088677644729614
1365890094.99746,729.2682926829268,40.1,4.088730812072754
1365890095.250964,876.219512195122,40.1,4.099612474441528
1365890095.518522,697.560975609756,39.0,4.110984802246094
1365890095.793195,787.1951219512196,40.1,4.0839598178863525
1365890096.04529,757.3170731707318,40.1,4.133017539978027
1365890096.300503,708.5365853658536,39.5,4.188459634780884
1365890096.573079,746.3414634146342,40.1,4.094160318374634
1365890096.8295832,806.0975609756098,40.1,4.087595701217651
1365890097.0839381,893.2926829268292,39.5,4.10233211517334
1365890097.3499498,615.2439024390244,39.0,4.111008644104004
1365890097.625204,748.170731707317,40.1,4.090255498886108
1365890097.882539,751.219512195122,40.1,4.0899412631988525
1365890098.13572,692.0731707317073,40.1,4.115715742111206
1365890098.4132102,992.0731707317074,39.5,4.085859298706055
1365890098.66544,762.1951219512196,40.1,4.1565210819244385
1365890098.918656,727.4390243902438,39.0,4.100843906402588
1365890099.186265,918.2926829268293,39.5,4.099576234817505
1365890099.4403641,1148.1707317073171,40.1,4.085981369018555
1365890099.694108,776.219512195122,40.1,4.094158887863159
1365890099.950378,705.4878048780488,40.1,4.109424591064453
1365890100.225646,857.3170731707316,40.1,4.089104413986206
1365890100.476717,810.9756097560976,40.1,4.087490558624268
1365890100.728678,821.3414634146341,40.1,4.09447979927063
1365890100.987922,744.5121951219512,40.1,4.1104583740234375
1365890101.261674,842.0731707317073,40.1,4.101374626159668
1365890101.515705,893.2926829268292,40.1,4.086424350738525
1365890101.766613,907.3170731707318,40.1,4.099368095397949
1365890102.034132,687.1951219512194,39.0,4.107669353485107
1365890102.308811,762.1951219512196,40.1,4.090726613998413
1365890102.5649972,749.390243902439,40.1,4.086919784545898
1365890102.817494,756.0975609756098,39.5,4.105539083480835
1365890103.091275,885.3658536585366,40.1,4.126924753189087
1365890103.342088,915.8536585365854,40.1,4.0860595703125
1365890103.594434,773.1707317073171,40.1,4.098400354385376
1365890103.8547819,698.170731707317,39.5,4.112421274185181
1365890104.129258,915.8536585365854,40.1,4.086792707443237
1365890104.382294,923.1707317073171,40.1,4.1711132526397705
1365890104.63378,744.5121951219512,39.0,4.109114646911621
1365890104.906643,865.2439024390244,40.1,4.0879693031311035
1365890105.160955,906.0975609756098,40.1,4.084900140762329
1365890105.4134889,747.560975609756,40.1,4.093736171722412
1365890105.675204,704.2682926829268,39.5,4.1134538650512695
1365890105.9509618,1643.2926829268292,40.1,4.100177049636841
1365890106.2081048,777.439024390244,39.0,4.095880746841431
1365890106.4593458,821.951219512195,40.1,4.125970363616943
1365890106.7221482,648.1707317073171,39.0,4.109326362609863
1365890106.994485,753.0487804878048,39.5,4.089158773422241
1365890107.250132,921.3414634146342,40.1,4.0863120555877686
1365890107.503366,904.2682926829268,40.1,4.110334396362305
1365890107.7721548,793.2926829268293,40.1,4.086460590362549
1365890108.0226,890.2439024390244,40.1,4.088143348693848
1365890108.276596,893.2926829268292,40.1,4.086487531661987
1365890108.530627,706.0975609756097,39.5,4.111055135726929
1365890108.810358,805.4878048780488,40.1,4.087176561355591
1365890109.062197,762.1951219512196,40.1,4.126902103424072
1365890109.3174841,805.4878048780488,40.1,4.090275526046753
1365890109.5740852,598.170731707317,39.0,4.112084150314331
1365890109.854555,794.5121951219512,39.5,4.0903284549713135
1365890110.107469,832.3170731707316,39.5,4.098783493041992
1365890110.361721,807.9268292682927,39.0,4.109446287155151
1365890110.626873,660.3658536585366,39.5,4.107790470123291
1365890110.899561,995.1219512195122,40.1,4.09564471244812
1365890111.153058,896.9512195121952,40.1,4.083798885345459
1365890111.404448,736.5853658536586,39.5,4.119257926940918
1365890111.6740491,890.8536585365854,40.1,4.089478969573975
1365890111.925952,942.0731707317073,40.1,4.171272039413452
1365890112.178369,851.219512195122,40.1,4.0941314697265625
1365890112.436245,679.2682926829269,39.5,4.130302429199219
1365890112.710421,846.3414634146342,40.1,4.089503288269043
1365890112.963841,729.2682926829268,40.1,4.086998224258423
1365890113.217014,848.170731707317,40.1,4.102409601211548
1365890113.483391,706.0975609756097,39.0,4.116855144500732
1365890113.758653,762.1951219512196,40.1,4.087437152862549
1365890114.014658,805.4878048780488,40.1,4.083994388580322
1365890114.267467,809.1463414634147,39.5,4.105287551879883
1365890114.539299,726.219512195122,40.1,4.105066299438477
1365890114.792278,769.5121951219512,40.1,4.098210334777832
1365890115.044713,852.4390243902438,40.1,4.129568338394165
1365890115.298978,593.2926829268292,39.0,4.107401371002197
1365890115.57445,805.4878048780488,40.1,4.085227727890015
1365890115.828287,772.5609756097562,40.1,4.088416814804077
1365890116.080894,926.829268292683,40.1,4.110533952713013
1365890116.3488379,609.1463414634146,39.5,4.109829664230347
1365890116.625875,920.1219512195122,40.1,4.0867016315460205
