1365889757.452371,945.1219512195122,41.2,3.491950035095215
1365889757.706988,918.2926829268293,41.2,3.474665880203247
1365889757.9653141,713.4146341463414,40.6,3.487558364868164
1365889758.2418182,935.3658536585366,41.2,3.507176399230957
1365889758.497517,814.0243902439024,40.6,3.494576930999756
1365889758.752488,939.0243902439024,40.6,3.509636402130127
1365889759.01964,692.0731707317073,40.6,3.488588571548462
1365889759.3003001,1059.1463414634145,40.6,3.6691150665283203
1365889759.554604,893.9024390243902,40.6,3.5950846672058105
1365889759.810359,720.1219512195122,41.2,3.500627040863037
1365889760.095291,828.0487804878048,40.6,3.478410243988037
1365889760.348816,942.0731707317073,40.1,3.46040415763855
1365889760.604973,828.0487804878048,40.1,3.475773811340332
1365889760.8755388,830.4878048780488,41.2,3.458678960800171
1365889761.132187,902.439024390244,40.6,3.4607369899749756
1365889761.3889961,871.3414634146342,40.6,3.4800076484680176
1365889761.6547241,686.5853658536586,40.1,3.488016128540039
1365889761.935036,820.1219512195122,40.1,3.571446657180786
1365889762.192097,1721.3414634146343,40.1,3.5100834369659424
1365889762.445348,935.3658536585366,40.1,3.504570960998535
1365889762.729524,875.0,40.6,3.464872121810913
1365889762.984968,1678.658536585366,40.6,3.4915168285369873
1365889763.2420669,959.1463414634146,40.6,3.477663993835449
1365889763.515917,976.219512195122,41.2,3.4576008319854736
1365889763.7711282,804.2682926829269,40.6,3.5375816822052
1365889764.0270379,871.3414634146342,40.6,3.4644298553466797
1365889764.28508,742.0731707317074,40.1,3.5080370903015137
1365889764.563521,770.1219512195122,40.6,3.4698257446289062
1365889764.8177652,772.5609756097562,40.6,3.462069034576416
1365889765.0736141,928.048780487805,41.2,3.4678804874420166
1365889765.3354769,636.5853658536586,40.1,3.485814332962036
1365889765.6148522,932.9268292682927,41.2,3.4626998901367188
1365889765.868414,832.9268292682926,41.2,3.4678940773010254
1365889766.12346,935.3658536585366,40.6,3.4780824184417725
1365889766.400213,893.9024390243902,41.2,3.4657740592956543
1365889766.6539478,882.3170731707318,40.6,3.4628090858459473
1365889766.910885,1649.3902439024391,41.2,3.472219944000244
1365889767.1707368,741.4634146341464,40.1,3.4835050106048584
1365889767.44996,843.2926829268292,40.6,3.4730968475341797
1365889767.708202,816.4634146341463,40.6,3.456822633743286
1365889767.963341,900.0,40.6,3.4769880771636963
1365889768.233078,734.1463414634146,40.6,3.490401268005371
1365889768.511539,805.4878048780488,41.2,3.4588520526885986
1365889768.7687309,845.1219512195122,41.2,3.4615840911865234
1365889769.0270562,754.2682926829268,40.1,3.497849464416504
1365889769.3081229,810.9756097560976,40.6,3.476411819458008
1365889769.5636759,885.3658536585366,41.2,3.4593589305877686
1365889769.8208032,740.2439024390244,40.6,3.4898579120635986
1365889770.102808,940.8536585365853,40.6,3.4665684700012207
1365889770.357907,832.9268292682926,41.2,3.459821939468384
1365889770.613986,825.0,41.2,3.478780746459961
1365889770.884743,731.0975609756098,40.6,3.4986839294433594
1365889771.161067,907.3170731707318,40.6,3.4601259231567383
1365889771.4188108,1065.2439024390244,41.2,3.4618406295776367
1365889771.674979,681.0975609756098,40.6,3.531815767288208
1365889771.953789,1799.390243902439,40.6,3.4697399139404297
1365889772.209035,979.8780487804878,41.2,3.462297201156616
1365889772.465926,757.3170731707318,40.6,3.4973020553588867
1365889772.7544398,932.3170731707318,41.2,3.4584474563598633
1365889773.011179,807.9268292682927,41.2,3.458559036254883
1365889773.268065,846.3414634146342,40.1,3.4786481857299805
1365889773.5408661,931.0975609756098,40.6,3.4733524322509766
1365889773.7994292,830.4878048780488,40.6,3.45843768119812
1365889774.056591,834.1463414634146,40.6,3.4701197147369385
1365889774.32463,611.5853658536586,40.1,3.4836926460266113
1365889774.606653,772.5609756097562,40.6,3.4630534648895264
1365889774.860987,812.1951219512194,40.6,3.460413694381714
1365889775.116908,736.5853658536586,40.6,3.4889392852783203
1365889775.3958,843.9024390243902,41.2,3.486544132232666
1365889775.6529331,835.9756097560976,40.6,3.4610588550567627
1365889775.912255,946.951219512195,40.6,3.496828556060791
1365889776.1851,935.9756097560976,40.6,3.49969220161438
1365889776.4406772,830.4878048780488,41.2,3.465629816055298
1365889776.701906,948.170731707317,41.7,3.4683704376220703
1365889776.968639,788.4146341463415,40.6,3.490556240081787
1365889777.2460501,805.4878048780488,40.6,3.480053663253784
1365889777.5022879,909.1463414634146,41.2,3.4733870029449463
1365889777.758927,796.3414634146342,40.6,3.4994726181030273
1365889778.03693,899.390243902439,40.1,3.457874298095703
1365889778.293508,870.1219512195122,40.6,3.4661166667938232
1365889778.548057,774.390243902439,40.6,3.4866981506347656
1365889778.8241868,970.1219512195122,40.6,3.463834047317505
1365889779.0799649,948.170731707317,41.2,3.4591047763824463
1365889779.3373492,892.0731707317074,40.6,3.473745584487915
1365889779.607624,717.0731707317073,40.6,3.482823133468628
1365889779.886761,784.1463414634146,40.6,3.4747421741485596
1365889780.1407511,878.0487804878048,40.6,3.457385540008545
1365889780.3959801,827.4390243902438,40.6,3.483550548553467
1365889780.6784,973.170731707317,40.6,3.4571950435638428
1365889780.933562,831.0975609756097,41.2,3.4582958221435547
1365889781.189018,882.9268292682926,41.2,3.480632781982422
1365889781.4624178,854.8780487804878,41.2,3.463900327682495
1365889781.721055,935.9756097560976,41.2,3.4646289348602295
1365889781.974668,853.0487804878048,40.6,3.484708070755005
1365889782.2386959,686.5853658536586,40.6,3.4789953231811523
1365889782.516244,950.0,41.2,3.4656684398651123
1365889782.770219,907.3170731707318,40.6,3.4608960151672363
1365889783.026655,954.2682926829268,40.6,3.479757785797119
1365889783.293637,736.5853658536586,40.1,3.4831135272979736
1365889783.566858,934.1463414634147,40.6,3.4604275226593018
1365889783.824137,1178.0487804878048,40.6,3.4760231971740723
1365889784.077857,732.3170731707316,40.1,3.484116315841675
1365889784.3576682,825.0,40.6,3.462475299835205
1365889784.6126819,828.0487804878048,41.2,3.4750730991363525
1365889784.867667,946.3414634146341,41.2,3.5570504665374756
1365889785.13487,641.4634146341464,40.1,3.4857821464538574
1365889785.408712,914.0243902439024,41.2,3.46640682220459
1365889785.6639621,864.0243902439024,41.2,3.4598872661590576
1365889785.921859,749.390243902439,41.2,3.486342191696167
1365889786.204677,818.2926829268292,40.6,3.465620517730713
1365889786.4589992,803.048780487805,41.2,3.4710378646850586
1365889786.717503,856.0975609756098,41.2,3.5113258361816406
1365889786.998807,910.3658536585366,41.2,3.465088367462158
1365889787.252002,910.9756097560976,40.6,3.4581987857818604
1365889787.508812,785.9756097560976,41.2,3.4753129482269287
1365889787.772923,738.4146341463414,41.2,3.489071846008301
1365889788.058781,768.2926829268292,41.2,3.4559504985809326
1365889788.3135302,943.9024390243902,40.6,3.464585065841675
1365889788.567756,907.3170731707318,40.6,3.4836671352386475
1365889788.850094,843.2926829268292,41.2,3.4635212421417236
1365889789.1081228,907.3170731707318,41.2,3.4663498401641846
1365889789.362497,860.9756097560976,41.2,3.4761312007904053
1365889789.634324,743.2926829268292,40.6,3.4855363368988037
1365889789.910613,940.2439024390243,41.2,3.4736216068267822
1365889790.166114,951.2195121951219,41.2,3.4738173484802246
1365889790.423848,623.170731707317,40.6,3.4874989986419678
1365889790.705118,843.9024390243902,40.6,3.524343967437744
1365889790.9593549,878.0487804878048,41.2,3.470111131668091
1365889791.217202,729.2682926829268,41.2,3.487818717956543
1365889791.499514,960.3658536585366,41.2,3.474369764328003
1365889791.758674,843.9024390243902,41.2,3.4676647186279297
1365889792.017492,769.5121951219512,41.2,3.4802370071411133
1365889792.2965581,979.2682926829268,41.2,3.4596662521362305
1365889792.55201,827.4390243902438,40.6,3.459817409515381
1365889792.8098078,1029.8780487804877,41.2,3.466695547103882
1365889793.07416,638.4146341463414,40.6,3.4926211833953857
1365889793.355478,957.3170731707316,41.2,3.463266134262085
1365889793.6140869,830.4878048780488,40.6,3.4727442264556885
1365889793.869775,757.3170731707318,41.2,3.49240779876709
1365889794.1484952,846.951219512195,41.2,3.4815890789031982
1365889794.407365,807.3170731707318,41.2,3.462693452835083
1365889794.665359,1023.1707317073171,41.2,3.485018014907837
1365889794.9486122,864.0243902439024,41.2,3.4639029502868652
1365889795.2076,929.8780487804878,41.7,3.4658188819885254
1365889795.464567,774.390243902439,41.2,3.4809746742248535
1365889795.7425768,810.9756097560976,41.2,3.470217704772949
1365889796.000641,953.0487804878048,41.2,3.4637603759765625
1365889796.256064,920.1219512195122,41.2,3.4657857418060303
1365889796.521177,728.0487804878048,40.6,3.5138063430786133
1365889796.7972622,937.8048780487804,41.2,3.463106870651245
1365889797.05503,914.0243902439024,41.2,3.462724447250366
1365889797.313511,940.2439024390243,40.6,3.472257137298584
1365889797.581996,737.1951219512194,40.6,3.4809024333953857
1365889797.860565,752.439024390244,41.2,3.4600939750671387
1365889798.118686,943.2926829268292,41.2,3.4579453468322754
1365889798.375514,734.1463414634146,40.6,3.488126039505005
1365889798.6553102,929.2682926829269,41.2,3.460477590560913
1365889798.911734,827.4390243902438,41.2,3.4596760272979736
1365889799.16675,832.9268292682926,41.2,3.55714750289917
1365889799.442851,770.1219512195122,41.2,3.4633219242095947
1365889799.702244,899.390243902439,41.2,3.4601047039031982
1365889799.957029,813.4146341463414,41.2,3.462724447250366
1365889800.218615,737.1951219512194,40.6,3.4859936237335205
1365889800.49725,846.3414634146342,41.2,3.463724374771118
1365889800.75893,784.1463414634146,41.2,3.4595093727111816
1365889801.01726,741.4634146341464,41.2,3.484076738357544
1365889801.300171,943.2926829268292,40.6,3.459772825241089
1365889801.555788,900.0,41.2,3.4571220874786377
1365889801.810433,743.2926829268292,41.2,3.5161383152008057
1365889802.094763,892.0731707317074,41.2,3.4601075649261475
1365889802.3514922,960.3658536585366,41.2,3.4617624282836914
1365889802.607536,829.2682926829268,41.2,3.483867645263672
1365889802.883347,758.5365853658536,41.2,3.4616763591766357
1365889803.1408598,818.2926829268292,41.2,3.469848394393921
1365889803.394542,925.0,41.2,3.682082176208496
1365889803.660049,741.4634146341464,40.6,3.4967215061187744
1365889803.941698,784.1463414634146,41.2,3.460334300994873
1365889804.200486,864.0243902439024,41.2,3.4623165130615234
1365889804.4564102,937.8048780487804,41.2,3.5918242931365967
1365889804.7366688,926.829268292683,40.6,3.476705551147461
1365889804.9943318,1796.3414634146343,41.2,3.459301710128784
1365889805.251762,925.0,41.2,3.468836545944214
1365889805.512927,734.1463414634146,40.6,3.4966156482696533
1365889805.7992342,1048.780487804878,40.6,3.4646828174591064
1365889806.05813,928.048780487805,41.2,4.600573539733887
1365889806.315318,832.9268292682926,41.2,4.35616660118103
1365889806.596459,803.048780487805,41.2,4.086617469787598
1365889806.8528562,975.0,41.7,3.8350322246551514
1365889807.1101089,780.4878048780488,41.2,3.5847206115722656
1365889807.390479,893.2926829268292,41.2,3.4590506553649902
1365889807.647968,943.2926829268292,41.2,3.4620707035064697
1365889807.903796,788.4146341463415,40.6,3.4723289012908936
1365889808.1714702,671.3414634146342,40.6,3.6544907093048096
1365889808.4494479,790.2439024390244,41.2,3.463222026824951
1365889808.7038589,1699.3902439024391,41.2,3.471097707748413
1365889808.960094,748.170731707317,40.6,3.488513231277466
1365889809.244813,764.0243902439024,41.2,3.4662771224975586
1365889809.5017128,942.0731707317073,41.7,3.468715190887451
1365889809.758961,804.2682926829269,41.2,3.5504345893859863
1365889810.034716,801.219512195122,41.2,3.461163282394409
1365889810.290219,964.0243902439024,41.2,3.466113567352295
1365889810.545505,784.1463414634146,41.2,3.4692037105560303
1365889810.80753,720.1219512195122,40.6,3.505176067352295
1365889811.094296,772.5609756097562,41.2,3.470578670501709
1365889811.34908,921.9512195121952,41.2,3.4608891010284424
1365889811.6022289,907.3170731707318,40.6,3.5056869983673096
1365889811.8769338,799.3902439024391,41.7,3.4713006019592285
1365889812.1317272,914.0243902439024,41.2,3.461480140686035
1365889812.385987,923.1707317073171,41.7,3.4686801433563232
1365889812.645248,703.0487804878048,41.2,3.4902567863464355
1365889812.926544,758.5365853658536,41.2,3.4656286239624023
1365889813.1819289,777.439024390244,41.2,3.4668030738830566
1365889813.440468,790.2439024390244,41.2,3.4775710105895996
1365889813.715143,964.0243902439024,41.2,3.456210136413574
1365889813.970999,956.0975609756097,41.2,3.4595627784729004
1365889814.2259772,895.1219512195122,41.2,3.4761862754821777
1365889814.490722,784.1463414634146,41.2,3.483703374862671
1365889814.770707,826.2195121951219,41.2,3.4566287994384766
1365889815.0263958,914.0243902439024,41.2,3.461167812347412
1365889815.2826529,835.3658536585366,41.2,3.484463930130005
1365889815.5567338,929.2682926829269,40.6,3.4638290405273438
1365889815.809957,1070.121951219512,41.2,3.486768960952759
1365889816.068373,850.0,41.7,3.470496654510498
1365889816.335087,730.4878048780488,40.6,3.4950551986694336
1365889816.6128268,841.4634146341463,41.2,3.5919277667999268
1365889816.868326,948.170731707317,41.7,3.4613895416259766
1365889817.127736,785.3658536585366,41.2,3.486248016357422
1365889817.404095,918.9024390243903,40.6,3.4562230110168457
1365889817.659474,924.3902439024391,41.2,3.456275224685669
1365889817.914808,1106.7073170731708,41.2,3.4856953620910645
1365889818.186962,834.1463414634146,41.2,3.458451271057129
1365889818.4418318,921.3414634146342,41.2,3.464040517807007
1365889818.695277,924.3902439024391,41.7,3.477851629257202
1365889818.952401,688.4146341463414,41.2,3.4809911251068115
1365889819.229144,815.2439024390243,41.2,3.4660089015960693
1365889819.483427,801.219512195122,41.2,3.4882595539093018
1365889819.73906,792.0731707317074,41.2,3.4837985038757324
1365889820.009289,850.0,41.2,3.4660634994506836
1365889820.263029,868.2926829268292,41.2,3.4658758640289307
1365889820.51725,828.0487804878048,41.7,3.4612812995910645
1365889820.775126,730.4878048780488,41.2,3.478919267654419
1365889821.053519,945.1219512195122,41.2,3.462366819381714
1365889821.310438,904.8780487804878,41.2,3.4637434482574463
1365889821.563793,863.4146341463414,41.2,3.470309019088745
1365889821.832771,989.0243902439024,41.2,3.477099895477295
1365889822.108552,959.1463414634146,41.2,3.4651947021484375
1365889822.363936,932.9268292682927,41.2,3.4641623497009277
1365889822.617449,728.0487804878048,41.2,3.4827115535736084
1365889822.8964338,981.0975609756098,41.2,3.458225727081299
1365889823.1517959,971.951219512195,41.2,3.472832679748535
1365889823.40748,798.1707317073171,41.2,3.4825797080993652
1365889823.6854599,857.3170731707316,41.2,3.4566500186920166
1365889823.941757,935.3658536585366,41.2,3.4630231857299805
1365889824.198117,950.0,40.6,3.4804086685180664
1365889824.4728389,843.9024390243902,41.2,3.458038568496704
1365889824.7265,893.2926829268292,41.2,3.460428237915039
1365889824.9849641,940.8536585365853,41.2,3.4636855125427246
1365889825.247071,742.0731707317074,40.6,3.499053716659546
1365889825.525491,776.219512195122,41.2,3.462352752685547
1365889825.782331,874.390243902439,41.2,3.459130048751831
1365889826.040661,743.2926829268292,41.7,4.044139623641968
1365889826.322637,931.0975609756098,41.2,3.767244577407837
1365889826.576729,903.048780487805,41.7,3.529432773590088
1365889826.832791,765.2439024390244,41.2,3.474457263946533
1365889827.104149,722.560975609756,41.2,3.484287738800049
1365889827.3805819,1680.4878048780488,41.2,3.4569671154022217
1365889827.637153,830.4878048780488,41.7,3.458307981491089
1365889827.89484,659.1463414634146,41.2,3.4809014797210693
1365889828.175255,875.0,41.7,3.463343381881714
1365889828.428731,973.780487804878,41.7,3.4622244834899902
1365889828.687467,877.439024390244,41.2,3.482179641723633
1365889828.965183,851.219512195122,41.7,3.459106206893921
1365889829.220051,828.0487804878048,42.2,3.455761194229126
1365889829.475154,943.2926829268292,41.2,3.4797444343566895
1365889829.748103,734.1463414634146,41.2,3.477670669555664
1365889830.023593,852.4390243902438,41.2,3.469702959060669
1365889830.2767491,820.1219512195122,41.2,3.4609596729278564
1365889830.533588,731.0975609756098,41.2,3.488349437713623
1365889830.820823,762.1951219512196,41.7,3.4879562854766846
1365889831.080537,771.3414634146342,41.7,3.460860013961792
1365889831.335438,627.439024390244,41.2,3.4885730743408203
1365889831.616101,871.3414634146342,41.2,3.5114057064056396
1365889831.870858,868.2926829268292,41.2,3.4756932258605957
1365889832.128166,784.1463414634146,41.2,3.531886577606201
1365889832.406461,788.4146341463415,40.6,3.4602179527282715
1365889832.666208,781.0975609756098,42.2,3.4605841636657715
1365889832.923102,935.3658536585366,41.7,3.4831104278564453
1365889833.198681,760.3658536585366,41.7,3.4567158222198486
1365889833.454505,957.3170731707316,41.2,3.4659881591796875
1365889833.7127512,790.2439024390244,41.7,3.4645605087280273
1365889833.977066,632.3170731707318,41.2,3.480647325515747
1365889834.2567549,1735.3658536585365,41.2,3.477829933166504
1365889834.512772,1125.0,41.7,3.459113597869873
1365889834.770921,741.4634146341464,41.2,3.4838411808013916
1365889835.053557,765.2439024390244,41.2,3.464829206466675
1365889835.307978,907.3170731707318,41.2,3.4595508575439453
1365889835.565732,803.048780487805,40.6,3.478879690170288
1365889835.8429482,926.219512195122,41.2,3.4853110313415527
1365889836.10051,959.1463414634146,41.2,3.542043924331665
1365889836.354553,827.4390243902438,41.7,3.4952309131622314
1365889836.616478,683.5365853658537,40.6,3.482731819152832
1365889836.898331,1161.5853658536585,41.2,3.46181321144104
1365889837.1585238,769.5121951219512,41.7,3.4623868465423584
1365889837.41438,1197.560975609756,41.2,3.535754442214966
1365889837.690475,888.4146341463414,41.2,3.457200050354004
1365889837.9468732,940.2439024390243,41.7,3.4559504985809326
1365889838.2013829,890.8536585365854,41.2,3.467384099960327
1365889838.465476,790.2439024390244,41.2,3.4836268424987793
1365889838.7478132,945.1219512195122,41.2,3.4582743644714355
1365889839.00462,806.0975609756098,41.2,3.4570064544677734
1365889839.260478,710.3658536585366,41.2,3.4885427951812744
1365889839.5407438,1010.9756097560976,41.2,3.4745705127716064
1365889839.7993212,993.2926829268292,41.7,3.477173089981079
1365889840.059377,950.0,42.2,3.471104145050049
1365889840.3301382,739.0243902439024,41.2,3.480299711227417
1365889840.6061928,901.219512195122,41.2,3.4662578105926514
1365889840.8631492,825.0,41.7,3.46486759185791
1365889841.1193118,741.4634146341464,41.7,3.4867959022521973
1365889841.3998,774.390243902439,41.7,3.4603755474090576
1365889841.6545868,960.3658536585366,41.2,3.4587392807006836
1365889841.910805,652.439024390244,40.6,3.4836807250976562
1365889842.1907892,758.5365853658536,41.7,3.4584007263183594
1365889842.446132,803.048780487805,41.7,3.462831974029541
1365889842.702016,921.9512195121952,41.2,3.484611749649048
1365889842.979131,913.4146341463415,41.2,3.4588582515716553
1365889843.233644,943.9024390243902,41.7,3.4651060104370117
1365889843.4889212,1009.7560975609756,41.2,3.502406597137451
1365889843.755142,596.3414634146342,41.2,3.5482590198516846
1365889844.0325198,873.170731707317,41.2,3.4703269004821777
1365889844.289981,901.219512195122,41.2,3.458056688308716
1365889844.547029,828.0487804878048,41.2,3.4898645877838135
1365889844.833248,926.219512195122,41.2,3.491456985473633
1365889845.090318,852.4390243902438,42.2,3.459041118621826
1365889845.347745,939.0243902439024,41.2,3.4748737812042236
1365889845.6205819,817.0731707317073,41.7,3.4581525325775146
1365889845.875844,760.9756097560976,41.2,3.475847005844116
1365889846.1324558,801.219512195122,41.7,3.467108964920044
1365889846.399884,678.048780487805,40.6,3.478372812271118
1365889846.678154,862.1951219512194,41.7,3.483971118927002
1365889846.9342542,773.1707317073171,41.7,3.4575672149658203
1365889847.1892428,907.3170731707318,41.2,3.5100252628326416
1365889847.4679859,1775.0,42.2,3.456883430480957
1365889847.7242508,767.0731707317074,42.2,3.4625015258789062
1365889847.978509,893.9024390243902,41.2,3.484755516052246
1365889848.25148,710.3658536585366,41.2,3.479501724243164
1365889848.531112,979.2682926829268,41.2,3.4713568687438965
1365889848.791104,843.9024390243902,41.2,3.463344097137451
1365889849.050261,628.6585365853658,41.2,3.481412649154663
1365889849.332033,934.1463414634147,41.2,3.4613139629364014
1365889849.586907,769.5121951219512,41.2,3.456979513168335
1365889849.842595,890.8536585365854,41.2,3.4930996894836426
1365889850.123725,773.1707317073171,42.2,3.4675872325897217
1365889850.3788538,826.2195121951219,41.2,3.4625868797302246
1365889850.633354,760.9756097560976,41.2,3.471029281616211
1365889850.904483,785.3658536585366,41.2,3.4850759506225586
1365889851.17958,887.1951219512196,41.2,3.462428569793701
1365889851.434533,876.219512195122,42.2,3.456251382827759
1365889851.6917188,917.0731707317074,41.2,3.4856677055358887
1365889851.972351,825.0,41.7,3.4592058658599854
1365889852.227811,904.8780487804878,41.7,3.4617390632629395
1365889852.486599,946.3414634146341,41.2,3.4885196685791016
1365889852.7654269,767.0731707317074,41.7,3.4553797245025635
1365889853.020276,937.8048780487804,41.7,3.4579291343688965
1365889853.2769432,868.9024390243902,41.2,3.470156192779541
1365889853.54744,907.3170731707318,41.7,3.4900426864624023
1365889853.805771,907.3170731707318,42.2,3.4623146057128906
1365889854.061146,935.9756097560976,41.2,3.4691386222839355
1365889854.3178308,734.1463414634146,41.2,3.481548309326172
1365889854.595553,812.1951219512194,42.2,3.45959734916687
1365889854.848862,942.0731707317073,41.2,3.4588799476623535
1365889855.107231,769.5121951219512,41.7,3.482891321182251
1365889855.373632,712.1951219512194,41.2,3.494464635848999
1365889855.6543858,929.8780487804878,41.2,3.4587652683258057
1365889855.909489,1164.0243902439024,41.7,3.469189167022705
1365889856.165919,676.219512195122,41.2,3.484027862548828
1365889856.440738,909.1463414634146,41.2,3.4600954055786133
1365889856.699975,885.9756097560976,41.7,3.457651376724243
1365889856.955628,768.2926829268292,42.2,3.477834463119507
1365889857.2261279,975.0,41.2,3.458211660385132
1365889857.482704,770.1219512195122,42.2,3.4638822078704834
1365889857.738196,1040.8536585365853,41.7,3.4680464267730713
1365889857.9963362,725.0,41.2,3.4779183864593506
1365889858.274577,884.1463414634146,41.2,3.5496506690979004
1365889858.529702,945.1219512195122,41.7,3.4610207080841064
1365889858.786974,1046.9512195121952,41.2,3.475541591644287
1365889859.0617971,962.8048780487804,42.2,3.500602960586548
1365889859.319476,873.170731707317,41.2,3.4836678504943848
1365889859.574934,868.2926829268292,41.2,3.468329429626465
1365889859.838496,723.170731707317,41.2,3.4817519187927246
1365889860.117506,912.1951219512196,41.2,3.46675181388855
1365889860.373433,792.0731707317074,41.2,3.459916114807129
1365889860.6272361,893.9024390243902,41.2,3.4705162048339844
1365889860.896529,769.5121951219512,41.2,3.4917991161346436
1365889861.175735,914.0243902439024,41.7,3.4569032192230225
1365889861.429996,934.1463414634147,41.2,3.462232828140259
1365889861.68681,798.1707317073171,41.7,3.521636486053467
1365889861.965684,904.2682926829268,42.2,3.464421033859253
1365889862.218793,915.8536585365854,41.7,3.4600963592529297
1365889862.479054,851.219512195122,41.2,3.482646942138672
1365889862.751387,921.3414634146342,41.2,3.4580485820770264
1365889863.005575,888.4146341463414,41.2,3.462880849838257
1365889863.259028,932.3170731707318,41.7,3.4676623344421387
1365889863.522393,739.0243902439024,41.2,3.481135606765747
1365889863.8037891,1015.2439024390243,41.2,3.479745864868164
1365889864.0595012,805.4878048780488,41.2,3.4641191959381104
1365889864.315895,807.3170731707318,41.2,3.4866855144500732
1365889864.5887418,821.951219512195,41.2,3.5143847465515137
1365889864.843606,870.1219512195122,41.2,3.4657201766967773
1365889865.1001,912.1951219512196,41.7,3.5358753204345703
1365889865.360936,730.4878048780488,41.7,3.4810705184936523
1365889865.6381178,820.1219512195122,41.2,3.468047857284546
1365889865.8945239,827.4390243902438,41.2,3.461895227432251
1365889866.1558511,860.9756097560976,41.2,3.4750118255615234
1365889866.430488,742.0731707317074,41.2,3.465606451034546
1365889866.6839979,876.219512195122,41.2,3.459604263305664
1365889866.9394581,946.951219512195,41.7,3.4734864234924316
1365889867.2075431,701.2195121951219,41.2,3.474879026412964
1365889867.4809332,1148.1707317073171,42.2,3.5802223682403564
1365889867.7365272,796.9512195121952,42.2,3.463242769241333
1365889867.9944901,671.3414634146342,41.2,3.4921579360961914
1365889868.272187,832.9268292682926,42.2,3.5063774585723877
1365889868.526551,804.2682926829269,42.2,3.4569895267486572
1365889868.7833018,782.3170731707318,41.7,3.4937214851379395
1365889869.06,868.2926829268292,42.2,3.458091974258423
1365889869.315594,745.1219512195122,41.7,3.469046115875244
1365889869.57321,764.0243902439024,41.2,3.4728291034698486
1365889869.846132,694.5121951219512,41.2,3.4847493171691895
1365889870.1306088,796.9512195121952,41.7,3.458381414413452
1365889870.3878279,896.3414634146342,41.7,3.45904541015625
1365889870.643508,734.1463414634146,41.7,3.486586332321167
1365889870.922789,778.048780487805,41.2,3.9456937313079834
1365889871.176679,1552.439024390244,41.2,3.7291367053985596
1365889871.429933,962.1951219512194,41.7,3.537280321121216
1365889871.705615,893.9024390243902,42.2,3.4568169116973877
1365889871.962315,937.8048780487804,42.2,3.467477321624756
1365889872.2207942,934.1463414634147,41.2,3.4652328491210938
1365889872.486154,721.3414634146342,41.2,3.5006062984466553
1365889872.763763,788.4146341463415,41.2,3.458625555038452
1365889873.02261,852.4390243902438,41.7,3.4586637020111084
1365889873.281048,744.5121951219512,41.2,3.4867401123046875
1365889873.560769,1006.0975609756098,42.2,3.479145050048828
1365889873.8167171,827.4390243902438,41.7,3.4729721546173096
1365889874.074912,996.3414634146342,41.7,3.470454692840576
1365889874.3429701,879.2682926829268,41.2,3.484585762023926
1365889874.618544,954.8780487804878,41.7,3.45801043510437
1365889874.874825,1032.9268292682927,41.2,3.457111358642578
1365889875.1311538,749.390243902439,41.2,3.4933841228485107
1365889875.414732,942.0731707317073,41.7,3.4630894660949707
1365889875.673028,825.0,41.2,3.4679102897644043
1365889875.9290361,846.951219512195,41.2,3.473576784133911
1365889876.202524,948.170731707317,42.2,3.457791805267334
1365889876.45903,968.9024390243902,42.2,3.466705083847046
1365889876.716244,830.4878048780488,41.2,3.4607787132263184
1365889876.977043,760.3658536585366,41.2,3.491699695587158
1365889877.253867,772.5609756097562,41.7,3.4593825340270996
1365889877.512015,940.8536585365853,42.2,3.468412399291992
1365889877.770464,934.1463414634147,41.7,3.4783685207366943
1365889878.046785,921.9512195121952,42.2,3.4546477794647217
1365889878.301887,904.8780487804878,41.7,3.465043067932129
1365889878.562474,818.2926829268292,41.7,3.464686632156372
1365889878.8275871,771.3414634146342,42.2,3.4849560260772705
1365889879.112105,773.1707317073171,42.2,3.4580957889556885
1365889879.3693829,877.439024390244,41.2,3.643045425415039
1365889879.62558,616.4634146341464,41.2,3.493297815322876
1365889879.913972,989.0243902439024,41.7,3.5030550956726074
1365889880.170547,765.2439024390244,41.2,3.4719669818878174
1365889880.424427,935.9756097560976,41.2,3.474785327911377
1365889880.6974452,829.2682926829268,41.7,3.4671943187713623
1365889880.952685,893.9024390243902,41.7,3.4587855339050293
1365889881.207723,921.3414634146342,41.2,3.462845802307129
1365889881.4631522,637.1951219512196,41.2,3.488842010498047
1365889881.746115,819.5121951219512,42.2,3.4655637741088867
1365889882.000118,945.1219512195122,42.2,3.548138380050659
1365889882.255386,945.1219512195122,42.2,3.4678761959075928
1365889882.521442,696.3414634146341,41.2,3.501103162765503
1365889882.803783,1651.2195121951218,42.2,3.4662282466888428
1365889883.063159,839.0243902439024,41.7,3.459885597229004
1365889883.317922,843.9024390243902,41.2,3.4789459705352783
1365889883.5976021,915.8536585365854,41.2,3.4668614864349365
1365889883.85812,890.2439024390244,41.2,3.4548239707946777
1365889884.113139,765.2439024390244,41.2,3.474738836288452
1365889884.3873081,898.1707317073171,42.2,3.4556803703308105
1365889884.643148,865.2439024390244,42.2,3.458423614501953
1365889884.8980842,951.2195121951219,41.7,3.4614920616149902
1365889885.160583,737.1951219512194,41.2,3.477923631668091
1365889885.4379241,982.3170731707316,41.2,3.4709737300872803
1365889885.695523,819.5121951219512,41.2,3.4903149604797363
1365889885.9518669,981.0975609756098,42.2,3.4775314331054688
1365889886.228641,845.1219512195122,41.7,3.4631378650665283
1365889886.483608,904.8780487804878,42.2,3.4620072841644287
1365889886.738731,823.170731707317,42.2,3.46514892578125
1365889887.0014348,735.3658536585366,41.2,3.4845399856567383
1365889887.2851892,760.9756097560976,42.2,3.4553940296173096
1365889887.541142,914.0243902439024,42.2,3.4582953453063965
1365889887.799423,984.1463414634146,41.7,3.489384174346924
1365889888.085025,764.0243902439024,41.7,3.4638683795928955
1365889888.340139,834.1463414634146,42.2,3.458418607711792
1365889888.596149,943.9024390243902,41.2,3.5018832683563232
1365889888.877422,868.2926829268292,42.2,3.457056999206543
1365889889.1351712,926.829268292683,42.2,3.458014965057373
1365889889.393688,896.3414634146342,42.2,3.4850192070007324
1365889889.6663811,683.5365853658537,41.2,3.48527193069458
1365889889.946597,954.2682926829268,41.2,3.4584238529205322
1365889890.204187,807.3170731707318,41.2,3.464823007583618
1365889890.457742,739.0243902439024,41.7,3.481954574584961
1365889890.7352839,793.2926829268293,42.2,3.4595370292663574
1365889890.991502,1206.0975609756097,42.2,3.520324945449829
1365889891.247647,932.9268292682927,41.2,3.474623441696167
1365889891.5164878,737.1951219512194,41.2,3.5383849143981934
1365889891.791496,814.0243902439024,42.2,3.4880173206329346
1365889892.050018,1289.6341463414633,42.2,3.5183773040771484
1365889892.303915,627.439024390244,41.2,3.4772837162017822
1365889892.5819578,867.0731707317074,42.2,3.4609928131103516
1365889892.839134,787.1951219512196,41.7,3.4578304290771484
1365889893.097381,935.9756097560976,42.2,3.4759528636932373
1365889893.374063,816.4634146341463,41.7,3.4600722789764404
1365889893.629111,799.3902439024391,42.2,3.4576473236083984
1365889893.882696,1021.9512195121952,42.2,3.487445116043091
1365889894.156085,722.560975609756,42.2,3.4770596027374268
1365889894.4302561,795.1219512195122,41.2,3.456146717071533
1365889894.685972,948.170731707317,41.7,3.4633748531341553
1365889894.940415,752.439024390244,41.2,3.483058452606201
1365889895.222844,929.2682926829269,41.2,3.4581944942474365
1365889895.476707,791.4634146341464,42.2,3.536431312561035
1365889895.7322161,942.0731707317073,41.2,3.482569456100464
1365889896.010954,971.951219512195,41.7,3.462567090988159
1365889896.2661839,890.2439024390244,41.7,3.471181631088257
1365889896.53222,946.951219512195,41.2,3.4867520332336426
1365889896.7997599,940.2439024390243,41.2,3.4603052139282227
1365889897.055327,840.2439024390244,42.2,3.4572579860687256
1365889897.3131561,776.219512195122,41.2,3.4692485332489014
1365889897.569471,739.0243902439024,40.6,3.4850971698760986
1365889897.851388,907.9268292682927,42.2,3.4699487686157227
1365889898.1098108,818.2926829268292,41.2,3.460686206817627
1365889898.364765,921.3414634146342,42.2,3.4866485595703125
1365889898.638473,1056.7073170731708,42.2,3.459949254989624
1365889898.892771,896.9512195121952,42.2,3.4648749828338623
1365889899.1486819,818.2926829268292,42.2,3.4653286933898926
1365889899.414658,730.4878048780488,41.2,3.4933347702026367
1365889899.6920419,842.0731707317073,42.2,3.464179277420044
1365889899.945927,821.951219512195,41.7,3.4635934829711914
1365889900.200734,909.1463414634146,41.7,3.4753546714782715
1365889900.476117,885.3658536585366,42.2,3.467266321182251
1365889900.7293398,870.1219512195122,41.7,3.542689085006714
1365889900.982742,967.0731707317073,41.7,3.4701037406921387
1365889901.2437801,809.1463414634147,41.2,3.502856969833374
1365889901.522947,777.439024390244,42.2,3.5333006381988525
1365889901.776513,912.1951219512196,41.7,3.4623897075653076
1365889902.030145,859.1463414634146,41.2,3.5256011486053467
1365889902.303356,825.0,41.2,3.473280191421509
1365889902.559167,1439.6341463414635,41.7,3.4630138874053955
1365889902.8133981,950.0,42.2,3.4600470066070557
1365889903.072212,744.5121951219512,41.2,3.492664098739624
1365889903.356111,742.0731707317074,41.7,3.4847559928894043
1365889903.631739,928.048780487805,41.2,3.4673798084259033
1365889903.8869061,937.1951219512194,41.7,3.4779510498046875
1365889904.145024,738.4146341463414,42.2,3.492323637008667
1365889904.423639,885.9756097560976,42.2,3.472456932067871
1365889904.6783628,862.1951219512194,42.2,3.460078716278076
1365889904.9337442,849.390243902439,41.7,3.4793150424957275
1365889905.208375,729.2682926829268,41.2,3.479891300201416
1365889905.483788,785.9756097560976,41.2,3.4572548866271973
1365889905.739829,931.0975609756098,41.7,3.456401824951172
1365889905.9969559,702.4390243902438,41.2,3.478135585784912
1365889906.274849,1186.5853658536585,42.2,3.45625638961792
1365889906.5294762,876.219512195122,42.2,3.4589622020721436
1365889906.7884312,932.9268292682927,42.2,3.4812064170837402
1365889907.063499,960.3658536585366,41.7,3.458099603652954
1365889907.320947,914.0243902439024,41.7,3.4626970291137695
1365889907.57485,1751.219512195122,42.2,3.5087268352508545
1365889907.84428,707.3170731707316,41.2,3.4932150840759277
1365889908.124636,795.1219512195122,42.2,3.471034526824951
1365889908.379931,782.3170731707318,41.2,3.4590957164764404
1365889908.637644,818.2926829268292,42.2,3.4971914291381836
1365889908.9171798,935.3658536585366,41.2,3.4845478534698486
1365889909.175555,851.219512195122,42.2,3.459577798843384
1365889909.4289222,903.048780487805,41.7,3.470418930053711
1365889909.69882,730.4878048780488,41.2,3.4797232151031494
1365889909.978302,976.219512195122,41.2,3.4642584323883057
1365889910.237779,859.1463414634146,42.2,3.458621025085449
1365889910.496557,736.5853658536586,42.2,3.4833807945251465
1365889910.7781591,962.8048780487804,42.2,3.482595205307007
1365889911.03223,854.2682926829268,41.2,3.4613163471221924
1365889911.285814,795.1219512195122,41.2,3.4937398433685303
1365889911.5624719,931.0975609756098,41.2,3.457087516784668
1365889911.820449,904.2682926829268,42.2,3.470041036605835
1365889912.077375,1067.6829268292684,42.2,3.4777579307556152
1365889912.34835,900.0,42.2,3.462390422821045
1365889912.60427,946.3414634146341,41.2,3.463070869445801
1365889912.8646421,773.1707317073171,41.7,3.4636969566345215
1365889913.129437,739.0243902439024,41.2,3.5109219551086426
1365889913.408263,870.1219512195122,41.7,3.467999219894409
1365889913.663498,820.1219512195122,42.2,3.495166778564453
1365889913.919025,878.0487804878048,42.2,3.511871814727783
1365889914.200584,948.170731707317,42.2,3.4634671211242676
1365889914.4554071,796.9512195121952,42.2,3.460484743118286
1365889914.709884,940.8536585365853,42.2,3.4738001823425293
1365889914.981438,743.2926829268292,41.2,3.4846131801605225
1365889915.258515,780.4878048780488,41.7,3.4552130699157715
1365889915.514841,837.1951219512194,41.2,3.4627764225006104
1365889915.768348,727.4390243902438,42.2,3.5156564712524414
1365889916.049802,792.0731707317074,41.7,3.4586055278778076
1365889916.3066812,942.0731707317073,42.2,3.4653067588806152
1365889916.560694,909.1463414634146,42.2,3.4748823642730713
1365889916.8306172,720.1219512195122,41.7,3.480829954147339
1365889917.112441,766.4634146341464,42.2,3.4585535526275635
1365889917.366797,776.219512195122,41.7,3.4628827571868896
1365889917.622637,616.4634146341464,41.2,3.580335855484009
1365889917.9036858,960.3658536585366,41.7,3.4700496196746826
1365889918.16429,772.5609756097562,42.2,3.458059549331665
1365889918.423123,712.1951219512194,41.7,3.5944247245788574
1365889918.705437,804.2682926829269,41.7,3.4626128673553467
1365889918.9613829,1592.6829268292684,42.2,3.472813367843628
1365889919.2219799,846.3414634146342,41.7,3.4788074493408203
1365889919.4961941,939.0243902439024,42.2,3.4660263061523438
1365889919.751157,896.9512195121952,42.2,3.468675136566162
1365889920.009967,902.439024390244,42.2,3.4659507274627686
1365889920.2689412,739.0243902439024,41.2,3.4786198139190674
1365889920.548905,885.9756097560976,42.2,3.4547672271728516
1365889920.8046021,924.3902439024391,42.2,3.462733268737793
1365889921.060361,794.5121951219512,41.7,3.474600076675415
1365889921.324768,890.8536585365854,41.2,3.4856574535369873
1365889921.605392,742.0731707317074,41.2,3.48591685295105
1365889921.8876212,857.3170731707316,41.7,3.4578797817230225
1365889922.145638,904.2682926829268,41.7,3.4611382484436035
1365889922.40169,1123.1707317073171,41.2,3.4831702709198
1365889922.673515,951.2195121951219,41.7,3.4546725749969482
1365889922.9282718,976.8292682926829,42.2,3.462520122528076
1365889923.181866,943.9024390243902,42.2,3.47200345993042
1365889923.452995,723.170731707317,42.2,3.4737558364868164
1365889923.72643,918.2926829268293,42.2,3.4562265872955322
1365889923.980101,835.9756097560976,42.2,3.4584059715270996
1365889924.238986,737.1951219512194,41.7,3.484421491622925
1365889924.5153909,926.219512195122,41.2,3.4978246688842773
1365889924.768938,871.9512195121952,42.2,3.453843832015991
1365889925.023736,821.3414634146341,41.7,3.4865331649780273
1365889925.3010838,940.2439024390243,42.2,3.4668374061584473
1365889925.555789,821.3414634146341,42.2,3.454307794570923
1365889925.811062,849.390243902439,42.2,3.4778783321380615
1365889926.069956,743.2926829268292,42.2,3.5723679065704346
1365889926.344624,860.3658536585366,42.2,3.454493284225464
1365889926.6003861,992.0731707317074,42.2,3.465099573135376
1365889926.855259,907.3170731707318,42.2,3.469576835632324
1365889927.1210308,666.4634146341464,41.2,3.4774680137634277
1365889927.3991628,819.5121951219512,42.2,3.462129831314087
1365889927.652686,934.1463414634147,42.2,3.4659535884857178
1365889927.914698,804.2682926829269,41.2,3.4824297428131104
1365889928.193836,917.0731707317074,42.2,3.461864709854126
1365889928.449766,776.219512195122,42.2,3.459419012069702
1365889928.704279,816.4634146341463,42.2,3.476055145263672
1365889928.9697568,733.5365853658536,41.7,3.492526054382324
1365889929.247552,792.0731707317074,42.2,3.4564895629882812
1365889929.5049012,791.4634146341464,41.7,3.4633805751800537
1365889929.75924,753.0487804878048,42.2,3.5001606941223145
1365889930.037766,871.3414634146342,41.7,3.4703569412231445
1365889930.293893,759.1463414634146,42.2,3.4626495838165283
1365889930.549074,839.0243902439024,42.2,3.4717657566070557
1365889930.818887,1167.6829268292684,41.2,3.5248019695281982
1365889931.098339,863.4146341463414,41.7,3.596658706665039
1365889931.3542778,851.219512195122,42.2,3.525763511657715
1365889931.610097,780.4878048780488,41.2,3.4819681644439697
1365889931.891104,821.951219512195,42.2,3.475576400756836
1365889932.150818,806.0975609756098,42.2,3.4576339721679688
1365889932.407451,792.0731707317074,42.2,3.4815921783447266
1365889932.6826801,937.8048780487804,41.7,3.4554295539855957
1365889932.93854,903.048780487805,42.2,3.4660706520080566
1365889933.194415,801.219512195122,41.7,3.5782361030578613
1365889933.456146,749.390243902439,41.2,3.4870529174804688
1365889933.7425122,943.9024390243902,42.2,3.4647834300994873
1365889933.996178,793.2926829268293,42.2,3.461897373199463
1365889934.2507122,835.9756097560976,42.2,3.5692076683044434
1365889934.519093,713.4146341463414,41.2,3.5063140392303467
1365889934.7994518,784.1463414634146,41.7,3.4704320430755615
1365889935.054435,863.4146341463414,41.2,3.4652397632598877
1365889935.3081942,684.1463414634147,41.7,3.4848756790161133
1365889935.583972,852.4390243902438,42.2,3.4570822715759277
1365889935.837641,943.9024390243902,42.2,3.4555299282073975
1365889936.0933812,1071.9512195121952,41.2,3.4801478385925293
1365889936.3645399,901.219512195122,42.2,3.460954427719116
1365889936.619931,910.9756097560976,42.2,3.5525753498077393
1365889936.8762681,852.4390243902438,42.8,3.4672751426696777
1365889937.137176,643.2926829268292,41.2,3.476810932159424
1365889937.414606,902.439024390244,42.2,3.45904541015625
1365889937.671133,846.951219512195,42.2,3.5588014125823975
1365889937.927834,1645.121951219512,41.7,3.4843838214874268
1365889938.204066,796.9512195121952,41.7,3.47249174118042
1365889938.4575438,923.1707317073171,41.7,3.4627184867858887
1365889938.710803,954.8780487804878,42.2,3.4856510162353516
1365889938.971443,666.4634146341464,41.2,3.495173931121826
1365889939.252548,769.5121951219512,41.7,3.463226318359375
1365889939.5055099,866.4634146341464,42.2,3.5003786087036133
1365889939.7597592,904.2682926829268,41.7,3.4816322326660156
1365889940.035946,800.0,42.2,3.4565036296844482
1365889940.290252,781.0975609756098,42.2,3.4704277515411377
1365889940.545558,821.3414634146341,41.7,3.4679579734802246
1365889940.81426,712.1951219512194,41.2,3.4817581176757812
1365889941.089022,757.3170731707318,41.2,3.4546642303466797
1365889941.344717,843.2926829268292,42.2,3.45447039604187
1365889941.599761,742.0731707317074,41.2,3.485236167907715
1365889941.875574,846.3414634146342,42.2,3.457690954208374
1365889942.133761,907.3170731707318,42.2,3.4664924144744873
1365889942.3893068,1001.219512195122,41.7,3.5089943408966064
1365889942.664381,896.3414634146342,42.2,3.4584848880767822
1365889942.9233549,769.5121951219512,42.2,3.4702389240264893
1365889943.180386,934.1463414634147,42.2,3.478588581085205
1365889943.4498932,725.0,41.2,3.4774680137634277
1365889943.724225,1604.2682926829268,41.7,3.4612913131713867
1365889943.97996,875.0,42.2,3.4680721759796143
1365889944.2363079,688.4146341463414,42.2,3.5154120922088623
1365889944.514275,759.1463414634146,41.7,3.4548075199127197
1365889944.7700741,907.9268292682927,42.2,3.4688467979431152
1365889945.025722,914.0243902439024,41.7,3.479037284851074
1365889945.299221,885.3658536585366,42.2,3.468437433242798
1365889945.5564868,863.4146341463414,42.2,3.4576640129089355
1365889945.813382,948.170731707317,41.2,3.4660441875457764
1365889946.072371,734.1463414634146,41.7,3.514890432357788
1365889946.350389,912.1951219512196,41.7,3.4557950496673584
1365889946.605851,879.2682926829268,42.2,3.4680652618408203
1365889946.8593438,766.4634146341464,42.2,3.4785022735595703
1365889947.133316,713.4146341463414,41.2,3.490283727645874
1365889947.408988,843.2926829268292,42.2,3.466395139694214
1365889947.6634061,787.1951219512196,42.2,3.4607651233673096
1365889947.921705,1723.1707317073171,41.7,3.485961675643921
1365889948.205146,943.2926829268292,42.2,3.4711687564849854
1365889948.4623811,778.048780487805,42.2,3.4574663639068604
1365889948.7179542,1045.7317073170732,41.7,3.4795093536376953
1365889948.9981709,943.9024390243902,42.2,3.466798782348633
1365889949.257208,937.8048780487804,42.2,3.4792892932891846
1365889949.51376,949.390243902439,41.7,3.469456911087036
1365889949.7845068,725.0,41.7,3.490994930267334
1365889950.063071,802.439024390244,42.2,3.4634320735931396
1365889950.3251278,899.390243902439,41.7,3.457054853439331
1365889950.583732,906.0975609756098,42.2,3.4813055992126465
1365889950.854765,729.2682926829268,41.2,3.4770987033843994
1365889951.133057,843.9024390243902,42.2,3.4610393047332764
1365889951.38803,987.1951219512194,42.2,3.4604432582855225
1365889951.642734,732.3170731707316,42.2,3.582975149154663
1365889951.924004,1051.8292682926829,42.2,3.4830801486968994
1365889952.180674,892.0731707317074,42.2,3.4558801651000977
1365889952.437958,929.8780487804878,41.7,3.4835422039031982
1365889952.712777,945.1219512195122,42.2,3.4671170711517334
1365889952.9708748,796.9512195121952,42.2,3.4611306190490723
1365889953.228489,778.048780487805,42.2,3.471295118331909
1365889953.497192,651.219512195122,42.2,3.4934518337249756
1365889953.771157,937.8048780487804,42.2,3.4614486694335938
1365889954.027547,971.951219512195,41.7,3.4656457901000977
1365889954.2844899,735.3658536585366,42.2,3.490110158920288
1365889954.5630772,827.4390243902438,42.2,3.454087018966675
1365889954.818351,781.0975609756098,42.2,3.4619925022125244
1365889955.0716789,832.3170731707316,42.2,3.4748215675354004
1365889955.347353,798.1707317073171,42.2,3.454625368118286
1365889955.602539,885.9756097560976,42.2,3.4630699157714844
1365889955.856885,849.390243902439,42.2,3.470791816711426
1365889956.118403,720.1219512195122,41.7,3.5979557037353516
1365889956.3939478,775.0,42.2,3.458780527114868
1365889956.653078,939.0243902439024,42.2,3.472520351409912
1365889956.910468,732.3170731707316,41.7,3.4760210514068604
1365889957.1881,835.3658536585366,41.7,3.466360092163086
1365889957.44334,1045.1219512195123,42.2,3.4566078186035156
1365889957.700685,809.1463414634147,42.2,3.5621323585510254
1365889957.9713979,917.0731707317074,42.2,3.46282696723938
1365889958.229741,909.1463414634146,42.2,3.5205600261688232
1365889958.484193,940.8536585365853,42.2,3.4628076553344727
1365889958.7484381,744.5121951219512,41.2,3.591244697570801
1365889959.0272908,1031.0975609756097,42.2,3.467628002166748
1365889959.285595,775.0,42.2,3.4611246585845947
1365889959.542176,792.0731707317074,42.2,3.4792640209198
1365889959.8151948,907.3170731707318,41.7,3.4583466053009033
1365889960.069545,932.3170731707318,42.8,3.4564902782440186
1365889960.324845,1031.7073170731708,42.2,3.461704730987549
1365889960.585054,732.3170731707316,41.2,3.476334810256958
1365889960.8634272,768.2926829268292,41.2,3.4694173336029053
1365889961.1178188,777.439024390244,42.2,3.466003179550171
1365889961.372153,798.1707317073171,42.2,3.4870851039886475
1365889961.647284,873.170731707317,41.7,3.4556336402893066
1365889961.901869,942.0731707317073,42.2,3.457796096801758
1365889962.158828,769.5121951219512,42.2,3.4908902645111084
1365889962.4260302,733.5365853658536,41.2,3.4842820167541504
1365889962.7024179,937.1951219512194,41.7,3.518084764480591
1365889962.9608629,803.048780487805,41.7,3.537501573562622
1365889963.221327,812.1951219512194,42.2,3.4989914894104004
1365889963.4956958,870.1219512195122,41.7,3.4610211849212646
1365889963.751712,821.3414634146341,42.2,3.4798974990844727
1365889964.00792,1195.7317073170732,42.2,3.483224630355835
1365889964.283262,765.2439024390244,41.7,3.453701972961426
1365889964.538612,775.0,42.2,3.4622390270233154
1365889964.794343,857.9268292682926,42.2,3.461427927017212
1365889965.054053,662.1951219512196,41.2,3.4827072620391846
1365889965.329104,913.4146341463415,42.2,3.457482099533081
1365889965.584955,820.1219512195122,42.2,3.5417637825012207
1365889965.843127,1470.7317073170732,42.2,3.4920053482055664
1365889966.117573,778.048780487805,42.2,3.4615120887756348
1365889966.374161,781.0975609756098,42.2,3.454432964324951
1365889966.6296809,841.4634146341463,42.2,3.466787338256836
1365889966.890542,639.6341463414634,41.2,3.485757350921631
1365889967.173064,1691.4634146341464,42.2,3.4550557136535645
1365889967.4284859,885.9756097560976,42.2,3.461790084838867
1365889967.682167,839.0243902439024,42.2,3.482884645462036
1365889967.962516,857.9268292682926,42.2,3.4550893306732178
1365889968.219476,848.170731707317,42.2,3.4626622200012207
1365889968.4735098,765.2439024390244,42.8,3.4730067253112793
1365889968.73333,716.4634146341463,41.7,3.4823825359344482
1365889969.016448,920.1219512195122,42.2,3.4558794498443604
1365889969.272136,794.5121951219512,41.7,3.462958574295044
1365889969.527033,625.609756097561,42.2,3.4834048748016357
1365889969.802869,873.170731707317,42.2,3.4628281593322754
1365889970.059626,1035.9756097560976,42.2,3.4628164768218994
1365889970.314634,841.4634146341463,42.2,3.4657657146453857
1365889970.576323,864.0243902439024,41.7,3.489661455154419
1365889970.8537228,879.8780487804878,42.2,3.4584779739379883
1365889971.110484,893.9024390243902,42.8,3.4653432369232178
1365889971.365909,890.8536585365854,42.2,3.477479934692383
1365889971.6419,909.1463414634146,42.2,3.461683988571167
1365889971.895154,900.0,42.2,3.5013904571533203
1365889972.155856,937.8048780487804,42.2,3.472757339477539
1365889972.430132,813.4146341463414,42.2,3.4634737968444824
1365889972.684531,782.3170731707318,42.2,3.459489583969116
1365889972.9422212,831.0975609756097,42.2,3.4631617069244385
1365889973.20449,725.0,41.7,3.4801225662231445
1365889973.4831061,910.3658536585366,42.2,3.4970672130584717
1365889973.7389598,939.0243902439024,42.2,3.5307540893554688
1365889973.992675,807.3170731707318,42.2,3.4923810958862305
1365889974.2713962,896.3414634146342,42.2,3.6101176738739014
1365889974.525599,962.1951219512194,42.2,3.4981606006622314
1365889974.778965,939.0243902439024,42.2,3.5031659603118896
1365889975.04497,684.1463414634147,41.2,3.5081772804260254
1365889975.325972,838.4146341463414,41.7,3.4582509994506836
1365889975.582299,890.8536585365854,42.2,3.479344606399536
1365889975.838047,760.9756097560976,41.7,3.4815328121185303
1365889976.111743,796.3414634146342,42.2,3.458404541015625
1365889976.3676531,923.1707317073171,42.2,3.453962802886963
1365889976.623184,1275.609756097561,42.2,3.483020305633545
1365889976.894206,768.2926829268292,41.7,3.456183910369873
1365889977.1514208,910.9756097560976,42.2,3.4610745906829834
1365889977.406413,939.0243902439024,42.2,3.46370530128479
1365889977.668627,739.0243902439024,42.2,3.483337163925171
1365889977.953829,965.2439024390244,42.2,3.455125331878662
1365889978.209835,918.2926829268293,42.2,3.4624085426330566
1365889978.464355,1863.4146341463415,42.2,3.50948166847229
1365889978.739611,810.9756097560976,42.2,3.496161937713623
1365889978.993964,812.1951219512194,41.2,3.4841809272766113
1365889979.249496,951.8292682926829,42.2,3.5362353324890137
1365889979.5109901,722.560975609756,41.2,3.483123540878296
1365889979.790189,783.5365853658537,41.7,3.4592769145965576
1365889980.0460632,893.2926829268292,42.2,3.454845428466797
1365889980.3013482,878.0487804878048,41.7,3.4940853118896484
1365889980.5809898,794.5121951219512,42.2,3.4554479122161865
1365889980.838154,1530.4878048780488,42.2,3.468353271484375
1365889981.0919008,846.3414634146342,42.2,3.4640114307403564
1365889981.355606,618.2926829268292,41.2,3.479194402694702
1365889981.636826,841.4634146341463,42.2,3.4583687782287598
1365889981.8925471,1367.6829268292684,42.2,3.45623517036438
1365889982.150768,746.3414634146342,41.7,3.479649543762207
1365889982.4306188,842.0731707317073,41.7,3.4560391902923584
1365889982.68681,935.9756097560976,41.2,3.460362672805786
1365889982.9466088,921.3414634146342,42.2,3.5431997776031494
1365889983.2226791,735.3658536585366,42.2,3.528702735900879
1365889983.50078,946.951219512195,42.2,3.4906904697418213
1365889983.7559419,1090.8536585365853,42.2,3.59677791595459
1365889984.0099049,732.3170731707316,42.2,3.4847002029418945
1365889984.2910879,829.2682926829268,42.8,3.496788501739502
1365889984.545877,863.4146341463414,42.2,3.51593279838562
1365889984.7995589,812.1951219512194,41.7,3.5055153369903564
1365889985.078971,840.2439024390244,42.2,3.4716806411743164
1365889985.336035,984.1463414634146,42.2,3.4600651264190674
1365889985.5925279,925.0,42.2,3.4690463542938232
1365889985.859841,655.4878048780488,41.7,3.4873504638671875
1365889986.1389902,864.0243902439024,42.2,3.460725784301758
1365889986.392241,882.3170731707318,42.2,3.458887815475464
1365889986.6472452,770.1219512195122,42.2,3.4791219234466553
1365889986.919182,830.4878048780488,42.2,3.455045223236084
1365889987.1760461,932.3170731707318,42.2,3.470534563064575
1365889987.4302552,937.8048780487804,42.2,3.4681291580200195
1365889987.693326,738.4146341463414,41.7,3.5045251846313477
1365889987.972683,1031.0975609756097,42.2,3.5012474060058594
1365889988.227256,976.219512195122,41.7,3.4648749828338623
1365889988.482431,856.0975609756098,41.2,3.510526418685913
1365889988.7594528,890.2439024390244,42.2,3.4559073448181152
1365889989.01306,787.1951219512196,42.2,3.52573561668396
1365889989.267231,770.1219512195122,41.2,3.475515842437744
1365889989.538572,749.390243902439,41.7,3.4759573936462402
1365889989.815234,854.2682926829268,42.8,3.4687891006469727
1365889990.070498,826.2195121951219,42.2,3.4642879962921143
1365889990.326286,790.2439024390244,41.7,3.491382360458374
1365889990.6048582,960.3658536585366,42.2,3.459296941757202
1365889990.863123,937.8048780487804,42.8,3.4632773399353027
1365889991.1169322,805.4878048780488,42.2,3.5474507808685303
1365889991.389162,912.1951219512196,42.2,3.476921319961548
1365889991.643502,892.0731707317074,42.2,3.458467960357666
1365889991.899696,946.951219512195,42.2,3.4862709045410156
1365889992.159838,746.3414634146342,41.2,3.532778739929199
1365889992.440246,971.951219512195,42.2,3.4929544925689697
1365889992.694788,805.4878048780488,42.2,3.461108922958374
1365889992.9549131,943.2926829268292,42.2,3.482957363128662
1365889993.232064,937.8048780487804,41.2,3.5585579872131348
1365889993.487375,939.0243902439024,42.2,3.4594228267669678
1365889993.742241,1114.6341463414635,42.2,3.465153455734253
1365889994.007262,837.1951219512194,41.7,3.505660057067871
1365889994.285344,846.3414634146342,42.2,3.4635140895843506
1365889994.538789,775.0,42.2,3.456531524658203
1365889994.794225,707.3170731707316,42.2,3.4813754558563232
1365889995.0776472,973.780487804878,42.2,3.4550769329071045
1365889995.33441,821.951219512195,42.2,3.462346076965332
1365889995.588952,904.2682926829268,42.2,3.507255792617798
1365889995.867042,877.439024390244,42.2,3.4934051036834717
1365889996.1236238,917.0731707317074,42.2,3.46116304397583
1365889996.377179,849.390243902439,42.2,3.486968755722046
1365889996.6473112,650.609756097561,41.2,3.477168321609497
1365889996.926219,760.3658536585366,42.2,3.4583895206451416
1365889997.180423,773.1707317073171,42.2,3.5042061805725098
1365889997.435959,866.4634146341464,41.7,3.507892370223999
1365889997.717217,795.1219512195122,42.2,3.463228940963745
1365889997.979448,832.3170731707316,41.7,3.4580771923065186
1365889998.238018,814.0243902439024,42.2,3.485182762145996
1365889998.5169768,817.0731707317073,42.2,3.4545388221740723
1365889998.773551,766.4634146341464,42.2,3.453356981277466
1365889999.0291321,813.4146341463414,42.2,3.469832181930542
1365889999.301367,723.170731707317,41.7,3.476809501647949
1365889999.580116,824.390243902439,42.2,3.4667108058929443
1365889999.8343449,801.219512195122,42.2,3.45499587059021
1365890000.091742,723.170731707317,42.2,3.478931427001953
1365890000.372802,910.3658536585366,42.2,3.4643197059631348
1365890000.62736,785.9756097560976,42.2,3.4718546867370605
1365890000.883795,798.1707317073171,41.7,3.477764368057251
1365890001.162385,901.219512195122,42.2,3.459651231765747
1365890001.418394,838.4146341463414,42.8,3.462664842605591
1365890001.6751628,801.219512195122,42.2,3.4682881832122803
1365890001.9426491,945.1219512195122,42.2,3.564162254333496
1365890002.219815,868.2926829268292,42.2,3.4993598461151123
1365890002.477727,910.3658536585366,42.2,3.456902027130127
1365890002.7350268,904.8780487804878,42.2,3.4856598377227783
1365890003.019397,1427.439024390244,42.2,3.4557526111602783
1365890003.277622,1031.7073170731708,42.2,3.4524765014648438
1365890003.5324092,816.4634146341463,42.2,3.4774534702301025
1365890003.804754,831.0975609756097,42.2,3.5433125495910645
1365890004.059735,939.0243902439024,42.2,3.4587645530700684
1365890004.317823,774.390243902439,42.8,3.4739229679107666
1365890004.581849,745.1219512195122,42.2,3.494194984436035
1365890004.864033,934.1463414634147,42.2,3.461695432662964
1365890005.117701,765.2439024390244,42.2,3.482335090637207
1365890005.374505,1059.1463414634145,42.2,3.489842653274536
1365890005.647467,937.8048780487804,42.2,3.4619057178497314
1365890005.900928,823.170731707317,42.2,3.4624040126800537
1365890006.15554,779.2682926829268,41.7,3.465667724609375
1365890006.417902,734.1463414634146,42.2,3.50282883644104
1365890006.696513,814.0243902439024,42.2,3.4554901123046875
1365890006.9532301,791.4634146341464,42.2,3.4793860912323
1365890007.210322,876.219512195122,42.2,3.4808292388916016
1365890007.491022,800.0,42.8,3.462188720703125
1365890007.744562,887.1951219512196,42.2,3.463578701019287
1365890008.0029671,1106.7073170731708,42.2,3.4723310470581055
1365890008.266328,739.0243902439024,42.2,3.4837918281555176
1365890008.545654,926.829268292683,42.2,3.4558615684509277
1365890008.802376,862.1951219512194,42.2,3.4595186710357666
1365890009.056611,873.170731707317,42.2,3.4825901985168457
1365890009.334114,789.0243902439024,42.2,3.453648567199707
1365890009.590199,868.9024390243902,42.2,3.4656007289886475
1365890009.843807,805.4878048780488,42.2,3.538151979446411
1365890010.115663,663.4146341463415,41.2,3.4793808460235596
1365890010.3917692,951.8292682926829,42.8,3.5887410640716553
1365890010.646209,993.9024390243902,42.2,3.538511037826538
1365890010.89989,738.4146341463414,42.2,3.4878053665161133
1365890011.182428,772.5609756097562,42.2,3.4796721935272217
1365890011.4379158,854.8780487804878,42.2,3.4585044384002686
1365890011.693747,985.9756097560976,42.2,3.517871856689453
1365890011.971423,767.0731707317074,42.2,3.483177900314331
1365890012.2265658,846.3414634146342,42.2,3.455359935760498
1365890012.483181,779.2682926829268,42.2,3.471200942993164
1365890012.752363,732.3170731707316,41.7,3.4874229431152344
1365890013.036221,814.0243902439024,42.2,3.4548075199127197
1365890013.2934139,931.0975609756098,42.2,3.4556291103363037
1365890013.548913,748.170731707317,42.2,3.481116533279419
1365890013.828676,779.2682926829268,42.2,3.4550318717956543
1365890014.085512,946.951219512195,43.3,3.473726272583008
1365890014.3419788,935.9756097560976,42.2,3.478358507156372
1365890014.620119,1064.0243902439024,42.8,3.4615330696105957
1365890014.875695,926.219512195122,42.2,3.4556000232696533
1365890015.1307142,896.9512195121952,42.8,3.4643726348876953
1365890015.397871,928.048780487805,42.2,3.5204734802246094
1365890015.676641,907.3170731707318,42.2,3.460087299346924
1365890015.931391,765.2439024390244,42.2,3.5762059688568115
1365890016.187804,728.0487804878048,42.2,3.6235368251800537
1365890016.465909,760.9756097560976,42.2,3.461575746536255
1365890016.729527,937.1951219512194,42.2,3.457165002822876
1365890016.9888241,699.390243902439,41.7,3.4805667400360107
1365890017.2696671,926.219512195122,42.8,3.488429546356201
1365890017.524082,876.219512195122,42.2,3.458890438079834
1365890017.778872,1076.219512195122,42.2,3.473430871963501
1365890018.053031,735.3658536585366,41.2,3.4773154258728027
1365890018.3320909,850.0,42.2,3.4535365104675293
1365890018.5878022,921.9512195121952,42.2,3.46293568611145
1365890018.842102,924.3902439024391,42.8,3.479987144470215
1365890019.1170292,1004.8780487804878,42.8,3.457324504852295
1365890019.3766441,937.1951219512194,42.8,3.458915948867798
1365890019.631375,995.1219512195122,42.2,3.4780898094177246
1365890019.901394,623.170731707317,42.2,3.4978537559509277
1365890020.176129,839.0243902439024,42.8,3.4611287117004395
1365890020.429601,932.9268292682927,41.7,3.4548397064208984
1365890020.6850638,735.3658536585366,42.2,3.483452320098877
1365890020.961969,965.2439024390244,42.2,3.4685754776000977
1365890021.2196858,940.2439024390243,42.2,3.4582314491271973
1365890021.474607,803.048780487805,42.2,3.4849138259887695
1365890021.747015,839.0243902439024,42.2,3.4564921855926514
1365890022.0056498,839.0243902439024,42.2,3.4575045108795166
1365890022.263958,942.0731707317073,42.8,3.4701170921325684
1365890022.526459,713.4146341463414,42.2,3.486783027648926
1365890022.805342,890.2439024390244,42.2,3.4558441638946533
1365890023.0605571,910.3658536585366,42.2,3.460458517074585
1365890023.3168588,931.0975609756098,41.7,3.482476234436035
1365890023.589386,815.2439024390243,42.2,3.461937427520752
1365890023.843822,881.0975609756098,42.2,3.5209310054779053
1365890024.099871,785.9756097560976,42.2,3.466217517852783
1365890024.3688169,736.5853658536586,41.7,3.49355149269104
1365890024.64541,760.3658536585366,42.2,3.45563006401062
1365890024.900741,862.1951219512194,42.8,3.4623332023620605
1365890025.1545222,943.2926829268292,42.2,3.4917898178100586
1365890025.4294488,950.0,42.2,3.4530317783355713
1365890025.684841,932.3170731707318,42.2,3.5174100399017334
1365890025.93959,770.1219512195122,42.2,3.472165822982788
1365890026.2135181,776.219512195122,42.2,3.4606943130493164
1365890026.467104,917.0731707317074,42.8,3.455321788787842
1365890026.7221708,779.2682926829268,42.2,3.4556500911712646
1365890026.97998,747.560975609756,42.2,3.4784960746765137
1365890027.260087,915.8536585365854,42.2,3.454663038253784
1365890027.5167658,885.9756097560976,42.2,3.4612016677856445
1365890027.7714539,888.4146341463414,42.2,3.4729745388031006
1365890028.043749,837.1951219512194,42.2,3.4595699310302734
1365890028.302332,843.9024390243902,42.2,3.465963125228882
1365890028.555826,934.1463414634147,42.2,3.550076961517334
1365890028.814734,736.5853658536586,42.2,3.4772496223449707
1365890029.0941498,804.2682926829269,42.2,3.5051026344299316
1365890029.350516,807.9268292682927,42.2,3.4625093936920166
1365890029.605859,852.4390243902438,42.2,3.47298264503479
1365890029.8721511,740.2439024390244,41.7,3.4851341247558594
1365890030.148264,804.2682926829269,42.2,3.4600839614868164
1365890030.4044611,893.9024390243902,42.2,3.4608452320098877
1365890030.658901,832.3170731707316,42.2,3.485320568084717
1365890030.936803,932.3170731707318,42.2,3.456019163131714
1365890031.18985,945.1219512195122,42.2,3.4635815620422363
1365890031.445209,914.0243902439024,42.2,3.48252534866333
1365890031.7214441,979.8780487804878,42.2,3.4608771800994873
1365890031.974884,827.4390243902438,42.2,3.4534108638763428
1365890032.231126,879.2682926829268,42.2,3.4619739055633545
1365890032.495316,729.2682926829268,42.2,3.4836032390594482
1365890032.7707121,998.170731707317,42.2,3.455331325531006
1365890033.0285,1197.560975609756,42.2,3.468407392501831
1365890033.287405,907.9268292682927,42.2,3.471937656402588
1365890033.556524,652.439024390244,42.2,3.4776108264923096
1365890033.8272939,939.0243902439024,42.2,3.5392870903015137
1365890034.080239,835.9756097560976,42.8,3.5003013610839844
1365890034.33445,696.3414634146341,42.2,3.4870195388793945
1365890034.613881,879.8780487804878,42.2,3.4536561965942383
1365890034.866988,831.0975609756097,42.2,3.4551172256469727
1365890035.121724,899.390243902439,42.2,3.476010322570801
1365890035.396034,827.4390243902438,42.2,3.4579854011535645
1365890035.650767,928.048780487805,42.2,3.463646173477173
1365890035.904507,773.1707317073171,42.2,3.4617760181427
1365890036.164841,730.4878048780488,41.7,3.4784624576568604
1365890036.445826,814.0243902439024,42.8,3.454063892364502
1365890036.701382,879.8780487804878,42.2,3.458962917327881
1365890036.955172,807.3170731707318,42.2,3.4775757789611816
1365890037.230083,826.2195121951219,42.2,3.4717390537261963
1365890037.483552,781.0975609756098,42.2,3.4539663791656494
1365890037.7379682,837.1951219512194,42.8,3.523980140686035
1365890038.008571,736.5853658536586,41.7,3.478625774383545
1365890038.288778,795.1219512195122,42.2,3.5447754859924316
1365890038.5438762,818.2926829268292,42.2,3.4558231830596924
1365890038.800123,791.4634146341464,41.7,3.4782280921936035
1365890039.081034,865.2439024390244,42.8,3.4800057411193848
1365890039.3358378,903.048780487805,42.2,3.4565541744232178
1365890039.593809,732.3170731707316,41.7,3.4766438007354736
1365890039.871451,931.0975609756098,42.8,3.4548187255859375
1365890040.128774,881.0975609756098,42.2,3.506976842880249
1365890040.3847601,787.1951219512196,42.2,3.4821863174438477
1365890040.6575072,790.2439024390244,42.2,3.456756830215454
1365890040.916778,943.9024390243902,42.2,3.456610918045044
1365890041.173555,863.4146341463414,42.2,3.459394693374634
1365890041.436081,643.2926829268292,42.2,3.4833078384399414
1365890041.714004,807.9268292682927,42.8,3.4578988552093506
1365890041.970088,900.0,42.2,3.5077931880950928
1365890042.226888,776.219512195122,42.2,3.480325937271118
1365890042.50461,949.390243902439,41.7,3.4595565795898438
1365890042.760851,953.0487804878048,42.8,3.461965799331665
1365890043.0202188,893.9024390243902,42.8,3.492629051208496
1365890043.2902908,888.4146341463414,42.2,3.4593210220336914
1365890043.543618,839.0243902439024,42.8,3.4566895961761475
1365890043.801059,953.0487804878048,42.2,3.46476674079895
1365890044.067301,739.0243902439024,42.2,3.486445188522339
1365890044.3467689,1298.780487804878,42.2,3.58660626411438
1365890044.601938,946.951219512195,42.8,3.4661850929260254
1365890044.859642,838.4146341463414,42.8,3.496424674987793
1365890045.130902,946.3414634146341,42.2,3.5076637268066406
1365890045.386492,906.0975609756098,42.8,3.452981472015381
1365890045.640254,832.9268292682926,41.7,3.473773241043091
1365890045.9058712,733.5365853658536,42.2,3.487522840499878
1365890046.188318,937.1951219512194,42.2,3.463308572769165
1365890046.443531,884.1463414634146,42.2,3.522437810897827
1365890046.699445,807.9268292682927,42.2,3.5119500160217285
1365890046.9736829,846.3414634146342,42.2,3.4635915756225586
1365890047.2311811,920.1219512195122,42.2,3.4583520889282227
1365890047.4890409,943.9024390243902,42.8,3.5285260677337646
1365890047.7569,734.1463414634146,42.2,3.524963855743408
1365890048.0390542,918.2926829268293,42.2,3.4582738876342773
1365890048.2988648,879.8780487804878,42.2,3.473647356033325
1365890048.554236,729.2682926829268,42.2,3.4806880950927734
1365890048.837734,921.9512195121952,42.8,3.6214401721954346
1365890049.094434,829.2682926829268,42.2,3.5818963050842285
1365890049.350525,691.4634146341463,42.2,3.4885599613189697
1365890049.629923,931.0975609756098,42.2,3.495086669921875
1365890049.884777,804.2682926829269,42.2,3.4561679363250732
1365890050.1424682,982.9268292682926,42.2,3.470663547515869
1365890050.415518,738.4146341463414,41.7,3.4825971126556396
1365890050.695882,1081.0975609756097,42.2,3.499652624130249
1365890050.951159,939.0243902439024,42.2,3.6062748432159424
1365890051.208642,962.8048780487804,42.2,3.5099620819091797
1365890051.488965,959.1463414634146,42.2,3.4685232639312744
1365890051.745235,821.3414634146341,42.8,3.4571077823638916
1365890052.0046668,989.0243902439024,42.2,3.4802041053771973
1365890052.283285,939.0243902439024,42.2,3.463679790496826
1365890052.5388732,1068.90243902439,42.8,3.471954822540283
1365890052.795854,900.0,42.2,3.469775915145874
1365890053.064909,724.390243902439,41.7,3.498152494430542
1365890053.348253,892.0731707317074,42.2,3.4572949409484863
1365890053.6025789,901.219512195122,42.2,3.4551806449890137
1365890053.859732,742.0731707317074,42.2,3.4740207195281982
1365890054.137088,846.951219512195,42.2,3.4672560691833496
1365890054.394067,932.9268292682927,42.2,3.461021661758423
1365890054.648009,924.3902439024391,42.2,3.470393180847168
1365890054.9175801,614.6341463414634,42.2,3.4867026805877686
1365890055.190413,918.2926829268293,42.2,3.452118158340454
1365890055.444999,1655.4878048780488,42.2,3.4523208141326904
1365890055.699765,667.0731707317074,41.7,3.4822022914886475
1365890055.9746509,843.9024390243902,42.2,3.4564082622528076
1365890056.229449,884.1463414634146,42.8,3.4579997062683105
1365890056.482989,792.0731707317074,42.2,3.4747707843780518
1365890056.751776,638.4146341463414,42.2,3.50308895111084
1365890057.028928,932.9268292682927,42.2,3.4571924209594727
1365890057.286645,943.9024390243902,42.8,3.45334792137146
