1365889757.802989,967.0731707317073,49.2,3.185655117034912
1365889758.0629601,954.2682926829268,49.2,3.1536622047424316
1365889758.3194299,824.390243902439,48.7,3.157407283782959
1365889758.5759392,747.560975609756,48.7,3.1740529537200928
1365889758.8531442,678.048780487805,48.2,3.173975706100464
1365889759.1313012,882.3170731707318,48.7,3.15628981590271
1365889759.3869572,957.3170731707316,48.7,3.1564362049102783
1365889759.645758,712.1951219512194,48.7,3.3246963024139404
1365889759.9225101,1031.0975609756097,48.7,3.1690096855163574
1365889760.1774762,920.1219512195122,48.7,3.1624300479888916
1365889760.435505,926.829268292683,48.7,3.1714744567871094
1365889760.7054331,871.3414634146342,48.7,3.1558780670166016
1365889760.960253,851.219512195122,48.7,3.1853411197662354
1365889761.220375,783.5365853658537,48.7,3.159830331802368
1365889761.48646,839.0243902439024,48.7,3.1774256229400635
1365889761.7681348,876.219512195122,48.7,3.155522346496582
1365889762.030625,921.3414634146342,48.7,3.26001238822937
1365889762.287503,1007.3170731707318,48.7,3.219865083694458
1365889762.565078,953.0487804878048,48.7,3.1507556438446045
1365889762.822088,1026.8292682926829,48.7,3.150236129760742
1365889763.078764,1543.2926829268292,48.7,3.171875238418579
1365889763.351517,928.048780487805,48.7,3.1482086181640625
1365889763.606692,932.3170731707318,49.2,3.148716926574707
1365889763.861529,946.951219512195,48.7,3.1581289768218994
1365889764.126684,708.5365853658536,47.6,3.1770236492156982
1365889764.403563,962.1951219512194,48.2,3.1505539417266846
1365889764.6604538,893.9024390243902,48.7,3.1517786979675293
1365889764.9160588,760.3658536585366,48.7,3.2065722942352295
1365889765.194699,779.2682926829268,48.7,3.1497325897216797
1365889765.449378,996.3414634146342,48.7,3.1537249088287354
1365889765.7038012,942.0731707317073,48.7,3.1701600551605225
1365889765.979412,934.1463414634147,48.7,3.1527490615844727
1365889766.2381551,971.3414634146342,49.2,3.1555497646331787
1365889766.49362,889.0243902439024,49.2,3.149155378341675
1365889766.7505128,734.1463414634146,48.7,3.205706834793091
1365889767.034538,1134.1463414634145,48.7,3.1478638648986816
1365889767.288585,853.0487804878048,48.7,3.15514874458313
1365889767.5443578,925.0,48.7,3.163325786590576
1365889767.816923,748.170731707317,48.7,3.17047119140625
1365889768.0937998,925.0,48.7,3.1495144367218018
1365889768.350812,1090.2439024390244,48.7,3.149089813232422
1365889768.605845,745.1219512195122,47.6,3.2012219429016113
1365889768.887779,968.2926829268292,48.7,3.1521544456481934
1365889769.1444511,993.2926829268292,48.7,3.1512396335601807
1365889769.401398,801.219512195122,48.7,3.175884962081909
1365889769.683158,1056.09756097561,49.2,3.1511993408203125
1365889769.9390929,806.0975609756098,49.2,3.1500794887542725
1365889770.1960242,810.3658536585366,48.7,3.164187431335449
1365889770.467807,794.5121951219512,48.2,3.190748453140259
1365889770.751612,885.3658536585366,49.2,3.1510770320892334
1365889771.0100632,1145.7317073170732,48.7,3.1526079177856445
1365889771.263725,736.5853658536586,48.7,3.1788580417633057
1365889771.549651,839.0243902439024,48.7,3.151183605194092
1365889771.807818,1056.7073170731708,48.7,3.1583847999572754
1365889772.071042,748.170731707317,48.7,3.211679220199585
1365889772.351937,781.0975609756098,48.7,3.1725516319274902
1365889772.611598,965.8536585365854,48.7,3.149291515350342
1365889772.868404,849.390243902439,48.7,3.1726601123809814
1365889773.1487858,767.0731707317074,48.7,3.1517157554626465
1365889773.407563,960.3658536585366,48.7,3.1551971435546875
1365889773.663913,832.3170731707316,49.2,3.1700263023376465
1365889773.932362,645.1219512195122,48.7,3.168325185775757
1365889774.207037,940.2439024390243,49.8,3.1538681983947754
1365889774.4619899,853.0487804878048,48.7,3.151271104812622
1365889774.7208672,741.4634146341464,48.7,3.1756370067596436
1365889774.995411,1533.5365853658536,48.7,3.20232892036438
1365889775.2506912,799.3902439024391,48.7,3.1512086391448975
1365889775.50871,754.2682926829268,48.7,3.1781647205352783
1365889775.785644,975.0,49.2,3.1839487552642822
1365889776.049581,851.219512195122,49.2,3.1501286029815674
1365889776.307038,851.219512195122,48.7,3.1722700595855713
1365889776.586854,1140.8536585365853,48.7,3.1506361961364746
1365889776.843808,960.9756097560976,48.7,3.152468204498291
1365889777.097513,819.5121951219512,48.7,3.1603052616119385
1365889777.3650901,754.2682926829268,48.7,3.1714582443237305
1365889777.6406841,779.2682926829268,48.7,3.1571335792541504
1365889777.899302,935.3658536585366,48.7,3.1501312255859375
1365889778.1568708,770.1219512195122,48.7,3.1744704246520996
1365889778.437116,971.3414634146342,48.7,3.154578447341919
1365889778.693538,803.048780487805,48.7,3.149421215057373
1365889778.95031,913.4146341463415,49.2,3.161700963973999
1365889779.219658,726.219512195122,48.2,3.1707780361175537
1365889779.49855,910.9756097560976,48.7,3.1530990600585938
1365889779.752904,851.219512195122,48.7,3.14955735206604
1365889780.010517,649.390243902439,48.7,3.1776344776153564
1365889780.29603,904.2682926829268,49.2,3.149369955062866
1365889780.553042,910.3658536585366,48.7,3.149967908859253
1365889780.808605,769.5121951219512,48.7,3.22930908203125
1365889781.092891,953.0487804878048,48.7,3.1518983840942383
1365889781.352227,918.2926829268293,49.2,3.148895263671875
1365889781.607935,953.0487804878048,48.7,3.168306827545166
1365889781.877641,816.4634146341463,48.7,3.156689167022705
1365889782.1347919,920.1219512195122,48.7,3.155886173248291
1365889782.39067,830.4878048780488,48.7,3.1599786281585693
1365889782.646245,751.219512195122,48.7,3.1780142784118652
1365889782.92716,798.1707317073171,48.7,3.1533172130584717
1365889783.1808782,818.2926829268292,48.7,3.1525380611419678
1365889783.439658,964.0243902439024,48.7,3.1655008792877197
1365889783.711688,913.4146341463415,48.7,3.172919511795044
1365889783.987021,973.780487804878,49.2,3.148465394973755
1365889784.2430668,928.048780487805,48.7,3.1547656059265137
1365889784.498446,756.0975609756098,48.7,3.1756162643432617
1365889784.775692,1153.0487804878048,49.2,3.152890205383301
1365889785.031262,820.1219512195122,48.7,3.1543729305267334
1365889785.286137,820.1219512195122,48.7,3.168388843536377
1365889785.558651,742.0731707317074,48.7,3.169959545135498
1365889785.838367,1146.9512195121952,48.7,3.1488726139068604
1365889786.093917,800.0,48.7,3.151787042617798
1365889786.3520691,715.2439024390244,48.7,3.172100782394409
1365889786.629,909.1463414634146,49.2,3.152263641357422
1365889786.882457,832.9268292682926,48.7,3.1514501571655273
1365889787.139652,1129.878048780488,48.7,3.1692988872528076
1365889787.41647,934.1463414634147,48.2,3.1534831523895264
1365889787.67058,788.4146341463415,48.7,3.154470920562744
1365889787.9250848,937.1951219512194,48.7,3.1614034175872803
1365889788.1864781,757.3170731707318,48.7,3.174750328063965
1365889788.466378,851.219512195122,48.7,3.158660888671875
1365889788.723816,827.4390243902438,48.7,3.153616189956665
1365889788.9771578,888.4146341463414,48.7,3.170893907546997
1365889789.253168,890.2439024390244,48.7,3.148951292037964
1365889789.508975,870.1219512195122,48.7,3.155897855758667
1365889789.7664142,946.3414634146341,48.7,3.196315050125122
1365889790.036253,736.5853658536586,49.2,3.1719741821289062
1365889790.313729,902.439024390244,48.7,3.1511354446411133
1365889790.572394,850.0,48.7,3.1481051445007324
1365889790.827845,736.5853658536586,48.7,3.187755584716797
1365889791.109731,912.1951219512196,49.2,3.154465913772583
1365889791.365609,890.8536585365854,49.2,3.1538727283477783
1365889791.62198,923.1707317073171,48.7,3.280700922012329
1365889791.8943338,845.1219512195122,48.7,3.1816489696502686
1365889792.1491342,846.951219512195,49.2,3.1568684577941895
1365889792.405845,1125.0,49.2,3.155489683151245
1365889792.663084,744.5121951219512,48.7,3.174501419067383
1365889792.943936,910.9756097560976,48.7,3.1580722332000732
1365889793.198501,942.0731707317073,49.2,3.147909641265869
1365889793.454156,788.4146341463415,48.7,3.182598352432251
1365889793.727649,915.2439024390244,49.2,3.1490700244903564
1365889793.982107,796.9512195121952,49.2,3.176612615585327
1365889794.23861,1743.2926829268295,49.8,3.168231964111328
1365889794.507831,756.0975609756098,48.7,3.2022624015808105
1365889794.7937331,951.8292682926829,49.2,3.1494436264038086
1365889795.057015,1100.0,49.2,3.1505019664764404
1365889795.310891,676.219512195122,48.7,3.1742746829986572
1365889795.590776,932.9268292682927,48.7,3.1490275859832764
1365889795.846488,851.219512195122,48.7,3.160698890686035
1365889796.112567,1045.1219512195123,48.7,3.175187349319458
1365889796.394016,840.2439024390244,49.2,3.1485373973846436
1365889796.6505558,899.390243902439,48.7,3.1497199535369873
1365889796.907731,857.3170731707316,48.7,3.1698825359344482
1365889797.181968,753.0487804878048,48.7,3.1653809547424316
1365889797.455053,943.9024390243902,48.7,3.151740550994873
1365889797.713954,900.0,48.7,3.1538000106811523
1365889797.970907,764.0243902439024,49.2,3.1719868183135986
1365889798.249928,948.170731707317,48.7,3.148869752883911
1365889798.5066712,906.0975609756098,49.2,3.1549887657165527
1365889798.765549,771.3414634146342,49.2,3.2387170791625977
1365889799.044725,959.1463414634146,49.2,3.1525964736938477
1365889799.300947,877.439024390244,49.2,3.1611030101776123
1365889799.557875,910.9756097560976,48.7,3.1698784828186035
1365889799.831829,896.3414634146342,49.2,3.1526806354522705
1365889800.0911,925.0,49.2,3.1742868423461914
1365889800.35304,801.219512195122,49.2,3.1639935970306396
1365889800.624994,1156.0975609756097,49.2,3.152782917022705
1365889800.8793879,887.1951219512196,48.7,3.160261631011963
1365889801.13796,1156.7073170731708,49.2,3.1592044830322266
1365889801.406092,749.390243902439,48.7,3.1698734760284424
1365889801.6836312,793.2926829268293,48.7,3.1528842449188232
1365889801.9401972,957.9268292682926,49.2,3.1491286754608154
1365889802.194104,1142.6829268292681,49.2,3.1568973064422607
1365889802.4591382,973.170731707317,48.7,3.174762725830078
1365889802.735235,915.8536585365854,49.2,3.15268611907959
1365889802.9913611,873.170731707317,48.7,3.155360698699951
1365889803.248045,1031.0975609756097,48.7,3.1796374320983887
1365889803.5234518,973.780487804878,49.2,3.1476004123687744
1365889803.779103,973.780487804878,49.8,3.1611359119415283
1365889804.044072,965.2439024390244,49.2,3.1672677993774414
1365889804.3183382,890.2439024390244,48.7,3.17206072807312
1365889804.590507,946.951219512195,48.7,3.2028846740722656
1365889804.8453188,821.951219512195,49.8,3.154029130935669
1365889805.1074,877.439024390244,48.7,3.183074712753296
1365889805.392648,853.0487804878048,49.2,3.1519999504089355
1365889805.6491678,995.1219512195122,49.8,3.1649439334869385
1365889805.904629,843.9024390243902,48.7,3.1754894256591797
1365889806.1853938,839.0243902439024,48.7,4.467050552368164
1365889806.441639,964.0243902439024,49.2,4.218244552612305
1365889806.6952288,893.9024390243902,49.2,3.980740785598755
1365889806.977335,962.1951219512194,48.7,3.706739664077759
1365889807.23633,887.1951219512196,49.2,3.4530317783355713
1365889807.491206,896.9512195121952,48.7,3.205174446105957
1365889807.7618592,744.5121951219512,48.7,3.20024037361145
1365889808.0410008,928.048780487805,49.2,3.1493163108825684
1365889808.297586,780.4878048780488,49.2,3.1587042808532715
1365889808.553473,803.048780487805,48.7,3.26729416847229
1365889808.8264818,910.9756097560976,49.2,3.1842939853668213
1365889809.0847769,828.0487804878048,49.2,3.1480681896209717
1365889809.339933,810.9756097560976,49.2,3.163146734237671
1365889809.600859,747.560975609756,48.7,3.1734044551849365
1365889809.880218,973.780487804878,49.8,3.154052972793579
1365889810.1353312,934.1463414634147,49.2,3.158134698867798
1365889810.388475,816.4634146341463,49.2,3.1551432609558105
1365889810.652035,642.6829268292684,48.7,3.176069974899292
1365889810.936224,825.0,49.2,3.148874282836914
1365889811.193046,791.4634146341464,49.8,3.150465488433838
1365889811.449099,685.3658536585366,48.7,3.179823875427246
1365889811.726659,792.0731707317074,49.2,3.1674740314483643
1365889811.987112,901.219512195122,49.8,3.1497552394866943
1365889812.2445629,946.3414634146341,48.7,3.17509388923645
1365889812.518229,825.0,48.7,3.1495847702026367
1365889812.774018,849.390243902439,49.2,3.1567630767822266
1365889813.032077,881.0975609756098,49.2,3.15964937210083
1365889813.2963488,755.4878048780488,48.7,3.1791629791259766
1365889813.579634,1081.0975609756097,49.2,3.1509761810302734
1365889813.835099,965.2439024390244,49.2,3.1499013900756836
1365889814.093266,884.1463414634146,49.2,3.172910690307617
1365889814.365227,1065.2439024390244,49.2,3.1488680839538574
1365889814.621266,846.951219512195,49.2,3.1480023860931396
1365889814.879709,1112.1951219512196,49.2,3.162761688232422
1365889815.1496599,740.2439024390244,48.7,3.173067569732666
1365889815.427734,790.2439024390244,49.2,3.15220046043396
1365889815.684298,953.0487804878048,49.2,3.1502795219421387
1365889815.941309,729.2682926829268,48.7,3.1745970249176025
1365889816.223108,1020.7317073170732,49.8,3.153486490249634
1365889816.479764,802.439024390244,48.7,3.150125741958618
1365889816.7337248,1059.7560975609756,48.7,3.1901659965515137
1365889817.013176,778.048780487805,48.7,3.1461753845214844
1365889817.2671309,819.5121951219512,49.2,3.1543514728546143
1365889817.5203688,950.0,48.7,3.1663551330566406
1365889817.789682,750.0,48.7,3.199389696121216
1365889818.0672488,784.1463414634146,49.8,3.1463570594787598
1365889818.321613,960.9756097560976,48.7,3.1529998779296875
1365889818.580215,744.5121951219512,48.7,3.1772525310516357
1365889818.857868,792.0731707317074,48.7,3.1488614082336426
1365889819.114293,940.2439024390243,49.2,3.1608731746673584
1365889819.3727932,864.0243902439024,48.7,3.167043924331665
1365889819.647524,692.0731707317073,48.7,3.3092143535614014
1365889819.921104,989.0243902439024,49.8,3.152341604232788
1365889820.177608,819.5121951219512,49.2,3.1483447551727295
1365889820.432883,1555.4878048780488,49.2,3.1718931198120117
1365889820.71145,893.2926829268292,49.2,3.15169620513916
1365889820.9696991,1220.7317073170732,49.2,3.15035343170166
1365889821.2275698,1120.121951219512,48.7,3.1737632751464844
1365889821.502785,793.2926829268293,48.7,3.1573657989501953
1365889821.760006,879.8780487804878,49.2,3.1492958068847656
1365889822.0146298,768.2926829268292,49.2,3.1643998622894287
1365889822.280902,740.2439024390244,48.7,3.170459032058716
1365889822.559125,842.0731707317073,49.2,3.150254726409912
1365889822.815785,1117.6829268292684,48.7,3.1486825942993164
1365889823.071734,742.0731707317074,49.2,3.173663854598999
1365889823.353558,882.9268292682926,49.2,3.1551592350006104
1365889823.6081212,971.951219512195,49.8,3.151966094970703
1365889823.8629692,949.390243902439,48.7,3.1762278079986572
1365889824.145298,840.2439024390244,49.8,3.1574954986572266
1365889824.4003341,764.0243902439024,49.2,3.1509640216827393
1365889824.65595,926.219512195122,49.2,3.167114496231079
1365889824.924553,753.0487804878048,49.2,3.1779284477233887
1365889825.2032099,917.0731707317074,49.2,3.1531946659088135
1365889825.461128,984.7560975609756,49.8,3.150780439376831
1365889825.715987,700.6097560975609,49.2,3.1744327545166016
1365889825.995308,843.9024390243902,49.2,3.1510438919067383
1365889826.251911,942.0731707317073,49.2,3.8299553394317627
1365889826.5088089,675.609756097561,48.7,3.5777580738067627
1365889826.785795,868.2926829268292,49.8,3.3126988410949707
1365889827.04036,1060.9756097560976,48.7,3.1480705738067627
1365889827.2967129,1298.780487804878,49.2,3.1634767055511475
1365889827.5687308,743.2926829268292,48.7,3.227130889892578
1365889827.842858,937.8048780487804,49.8,3.2200753688812256
1365889828.100419,780.4878048780488,49.2,3.1718454360961914
1365889828.359141,746.3414634146342,49.2,3.1728949546813965
1365889828.640237,1062.8048780487804,49.2,3.152107000350952
1365889828.897003,841.4634146341463,49.8,3.152005434036255
1365889829.1565819,942.0731707317073,48.7,3.170708656311035
1365889829.435354,809.1463414634147,49.2,3.1563971042633057
1365889829.691221,749.390243902439,49.8,3.1575286388397217
1365889829.950058,914.0243902439024,49.2,3.1565189361572266
1365889830.212786,743.2926829268292,48.7,3.1775007247924805
1365889830.494467,866.4634146341464,49.2,3.1472110748291016
1365889830.750369,1065.2439024390244,49.2,3.1506876945495605
1365889831.006334,879.2682926829268,49.2,3.1778416633605957
1365889831.2841249,785.9756097560976,49.2,3.1488687992095947
1365889831.540576,920.1219512195122,49.8,3.1515657901763916
1365889831.796915,860.9756097560976,49.2,3.1677162647247314
1365889832.0714922,745.1219512195122,48.7,3.17052960395813
1365889832.3485389,960.9756097560976,49.2,3.1890876293182373
1365889832.603554,990.2439024390244,49.2,3.164443254470825
1365889832.8613389,754.2682926829268,49.8,3.1824750900268555
1365889833.14302,800.0,49.8,3.1527369022369385
1365889833.403074,791.4634146341464,49.2,3.1530861854553223
1365889833.658101,831.0975609756097,48.7,3.1705706119537354
1365889833.933857,1146.9512195121952,48.7,3.151536226272583
1365889834.187596,1037.8048780487804,49.8,3.1492226123809814
1365889834.4445078,862.1951219512194,49.2,3.164152145385742
1365889834.708938,686.5853658536586,48.7,3.1687026023864746
1365889834.986419,782.3170731707318,49.2,3.1470813751220703
1365889835.241885,951.2195121951219,49.2,3.151679754257202
1365889835.4953222,849.390243902439,48.7,3.177734613418579
1365889835.7746491,1850.0,49.2,3.150460720062256
1365889836.030032,909.1463414634146,49.8,3.1544158458709717
1365889836.285543,779.2682926829268,48.7,3.1660773754119873
1365889836.551112,755.4878048780488,48.7,3.2959940433502197
1365889836.824867,904.2682926829268,49.2,3.2436885833740234
1365889837.0805619,790.2439024390244,49.2,3.151684284210205
1365889837.336108,750.0,48.7,3.174412488937378
1365889837.61742,987.8048780487804,49.2,3.1541261672973633
1365889837.873663,964.0243902439024,49.2,3.1546313762664795
1365889838.130423,846.951219512195,49.2,3.1688120365142822
1365889838.406016,928.048780487805,49.2,3.147573471069336
1365889838.6620722,1031.7073170731708,49.8,3.1519734859466553
1365889838.916148,876.219512195122,49.2,3.1587657928466797
1365889839.1770859,763.4146341463414,49.2,3.1745498180389404
1365889839.460174,939.0243902439024,49.2,3.1464157104492188
1365889839.7145731,788.4146341463415,49.2,3.150184392929077
1365889839.9703329,828.0487804878048,49.2,3.165921449661255
1365889840.2449532,824.390243902439,49.8,3.175795316696167
1365889840.498654,1408.5365853658536,49.2,3.1681056022644043
1365889840.751744,924.3902439024391,49.8,3.1607651710510254
1365889841.014921,1601.219512195122,48.7,3.169086217880249
1365889841.2926311,871.3414634146342,48.7,3.1512973308563232
1365889841.5494459,838.4146341463414,49.2,3.1500754356384277
1365889841.8055592,835.9756097560976,49.2,3.167665481567383
1365889842.080281,954.8780487804878,49.2,3.1508326530456543
1365889842.3360782,965.2439024390244,49.8,3.153991937637329
1365889842.595009,989.0243902439024,49.2,3.1575629711151123
1365889842.861386,743.2926829268292,49.2,3.1783034801483154
1365889843.144704,823.170731707317,49.2,3.1530377864837646
1365889843.401418,948.170731707317,49.8,3.1476967334747314
1365889843.657485,795.1219512195122,48.7,3.1708946228027344
1365889843.9349551,937.1951219512194,49.2,3.1491830348968506
1365889844.1927328,937.8048780487804,49.8,3.1518852710723877
1365889844.453242,866.4634146341464,49.2,3.1678097248077393
1365889844.722872,932.9268292682927,49.2,3.151972770690918
1365889844.977692,968.9024390243902,49.2,3.149440050125122
1365889845.232515,906.0975609756098,49.8,3.1591365337371826
1365889845.49315,743.2926829268292,48.7,3.1877667903900146
1365889845.771199,1003.0487804878047,49.8,3.155221700668335
1365889846.0255349,935.9756097560976,48.7,3.147491455078125
1365889846.2816021,877.439024390244,49.8,3.171020746231079
1365889846.553411,956.0975609756097,49.2,3.153597593307495
1365889846.807502,901.219512195122,48.7,3.1473190784454346
1365889847.062957,1062.1951219512196,49.2,3.1557068824768066
1365889847.324105,737.1951219512194,48.7,3.1760101318359375
1365889847.602323,1098.7804878048782,49.2,3.15350604057312
1365889847.857968,920.1219512195122,49.8,3.147073984146118
1365889848.113583,787.1951219512196,49.2,3.1713809967041016
1365889848.383434,935.9756097560976,49.2,3.179255485534668
1365889848.66193,868.2926829268292,49.2,3.1483256816864014
1365889848.918485,1004.8780487804878,49.2,3.151223659515381
1365889849.171992,722.560975609756,49.2,3.1721854209899902
1365889849.451838,989.0243902439024,49.8,3.1537601947784424
1365889849.7063282,837.1951219512194,49.8,3.1505470275878906
1365889849.9630551,960.9756097560976,49.2,3.1691060066223145
1365889850.2379909,998.170731707317,49.2,3.150301218032837
1365889850.496405,949.390243902439,50.3,3.162909746170044
1365889850.756074,809.1463414634147,49.2,3.1650149822235107
1365889851.022516,743.2926829268292,49.2,3.1708247661590576
1365889851.300797,879.8780487804878,49.8,3.173135995864868
1365889851.556894,1153.6585365853657,49.2,3.148803949356079
1365889851.813916,640.2439024390244,49.2,3.183652400970459
1365889852.096212,856.0975609756098,49.2,3.1560730934143066
1365889852.352587,867.0731707317074,49.8,3.149531364440918
1365889852.607627,696.3414634146341,48.7,3.1773669719696045
1365889852.8870022,838.4146341463414,49.8,3.151977300643921
1365889853.147039,849.390243902439,49.2,3.153928518295288
1365889853.404792,978.0487804878048,49.2,3.1706960201263428
1365889853.68356,962.1951219512194,49.8,3.1549198627471924
1365889853.9419599,992.0731707317074,49.8,3.1626169681549072
1365889854.2013109,790.2439024390244,49.8,3.160219430923462
1365889854.470328,717.0731707317073,48.7,3.1747097969055176
1365889854.75151,1157.9268292682927,49.8,3.150167226791382
1365889855.010109,809.1463414634147,49.8,3.1483583450317383
1365889855.2667189,945.1219512195122,49.8,3.2275753021240234
1365889855.5441191,937.1951219512194,48.7,3.1527397632598877
1365889855.8042681,893.2926829268292,49.8,3.146428346633911
1365889856.060292,971.3414634146342,49.8,3.1562798023223877
1365889856.325758,703.0487804878048,48.7,3.168348550796509
1365889856.60272,1003.0487804878047,49.8,3.1549336910247803
1365889856.859083,810.3658536585366,48.7,3.1520426273345947
1365889857.1139672,775.0,49.2,3.1765477657318115
1365889857.394992,1566.4634146341464,49.2,3.218815326690674
1365889857.648318,852.4390243902438,49.8,3.1571741104125977
1365889857.904303,744.5121951219512,48.7,3.1804146766662598
1365889858.18962,789.0243902439024,49.2,3.153559684753418
1365889858.4455528,781.0975609756098,49.8,3.151909589767456
1365889858.699264,757.3170731707318,49.2,3.1766505241394043
1365889858.9804611,984.1463414634146,49.2,3.14921498298645
1365889859.235345,915.8536585365854,49.2,3.1453959941864014
1365889859.4903831,970.1219512195122,49.8,3.164266347885132
1365889859.756289,746.3414634146342,48.7,3.1815712451934814
1365889860.037842,949.390243902439,49.2,3.148656129837036
1365889860.295178,1001.8292682926829,49.8,3.150256633758545
1365889860.553947,875.0,49.8,3.174103260040283
1365889860.835859,918.9024390243903,49.8,3.1495397090911865
1365889861.0932941,893.9024390243902,49.2,3.148534059524536
1365889861.351083,993.9024390243902,49.2,3.165386438369751
1365889861.622972,824.390243902439,49.8,3.1483306884765625
1365889861.879661,826.2195121951219,49.8,3.1510515213012695
1365889862.139576,973.780487804878,49.8,3.2835795879364014
1365889862.3972979,753.0487804878048,49.2,3.196565628051758
1365889862.6820369,802.439024390244,48.7,3.1499242782592773
1365889862.939778,960.3658536585366,49.8,3.1487910747528076
1365889863.197372,774.390243902439,49.2,3.16670560836792
1365889863.4730518,875.0,49.8,3.147829055786133
1365889863.729907,802.439024390244,49.8,3.1516873836517334
1365889863.985107,967.0731707317073,48.7,3.1937122344970703
1365889864.2456698,745.1219512195122,49.2,3.1757025718688965
1365889864.5294158,973.170731707317,49.8,3.270991086959839
1365889864.782826,782.3170731707318,49.8,3.194129705429077
1365889865.035858,932.9268292682927,49.2,3.164158821105957
1365889865.3079438,1001.219512195122,49.8,3.165609121322632
1365889865.563673,818.2926829268292,50.3,3.1498360633850098
1365889865.8221009,934.1463414634147,49.2,3.1613848209381104
1365889866.0925398,728.0487804878048,49.2,3.16656756401062
1365889866.368104,814.0243902439024,49.2,3.15132737159729
1365889866.626976,904.2682926829268,49.8,3.155618190765381
1365889866.883958,932.3170731707318,49.8,3.1749062538146973
1365889867.166529,882.9268292682926,49.8,3.161478281021118
1365889867.426354,806.0975609756098,49.2,3.1496269702911377
1365889867.684785,837.1951219512194,49.8,3.171567678451538
1365889867.959608,924.3902439024391,49.8,3.1550064086914062
1365889868.220339,798.1707317073171,49.2,3.150705337524414
1365889868.477097,856.0975609756098,49.2,3.1704277992248535
1365889868.745954,756.0975609756098,49.2,3.174678325653076
1365889869.029183,771.3414634146342,49.8,3.1526296138763428
1365889869.2844858,943.2926829268292,49.8,3.1487066745758057
1365889869.538369,946.951219512195,49.2,3.164621353149414
1365889869.8057349,733.5365853658536,48.7,3.175795078277588
1365889870.084162,821.951219512195,49.8,3.1467278003692627
1365889870.339957,885.3658536585366,48.7,3.146754741668701
1365889870.59565,735.3658536585366,49.2,3.175332546234131
1365889870.875041,851.219512195122,49.8,3.1469228267669678
1365889871.130475,867.0731707317074,49.8,3.2111284732818604
1365889871.384039,946.3414634146341,50.3,3.496403932571411
1365889871.653215,890.2439024390244,49.2,3.2485854625701904
1365889871.9066,945.1219512195122,49.8,3.157151937484741
1365889872.162415,871.3414634146342,49.2,3.177532911300659
1365889872.426432,734.1463414634146,48.7,3.17533016204834
1365889872.709718,781.0975609756098,48.7,3.1503233909606934
1365889872.96342,791.4634146341464,49.2,3.204408645629883
1365889873.219896,945.1219512195122,48.7,3.165212392807007
1365889873.490082,753.0487804878048,48.7,3.1666388511657715
1365889873.764408,935.9756097560976,49.8,3.149545669555664
1365889874.0229409,788.4146341463415,49.8,3.176185369491577
1365889874.277992,768.2926829268292,49.8,3.1700499057769775
1365889874.554204,800.0,49.2,3.1553096771240234
1365889874.809597,962.8048780487804,49.8,3.148913860321045
1365889875.066068,812.1951219512194,49.8,3.1703286170959473
1365889875.33944,795.1219512195122,49.8,3.173729658126831
1365889875.594869,960.3658536585366,48.7,3.147784948348999
1365889875.850785,959.1463414634146,48.7,3.1603660583496094
1365889876.1196249,736.5853658536586,48.7,3.1729583740234375
1365889876.3983989,949.390243902439,49.8,3.1486222743988037
1365889876.652642,779.2682926829268,48.7,3.149111032485962
1365889876.9105148,948.170731707317,49.8,3.1809496879577637
1365889877.193813,806.0975609756098,49.8,3.154831886291504
1365889877.4504268,879.8780487804878,49.8,3.15079927444458
1365889877.706978,859.1463414634146,49.8,3.1742353439331055
1365889877.974354,749.390243902439,48.7,3.177706718444824
1365889878.254911,937.8048780487804,49.8,3.1452038288116455
1365889878.509259,893.9024390243902,49.8,3.1518449783325195
1365889878.762779,796.3414634146342,49.8,3.167797327041626
1365889879.039517,1001.8292682926829,49.2,3.146808385848999
1365889879.294898,918.2926829268293,48.7,3.1471033096313477
1365889879.5483258,888.4146341463414,49.2,3.1770858764648438
1365889879.812767,708.5365853658536,48.7,3.200834035873413
1365889880.0885592,954.2682926829268,49.8,3.150968551635742
1365889880.341818,772.5609756097562,49.2,3.1480956077575684
1365889880.5990138,697.560975609756,49.2,3.169670581817627
1365889880.877585,812.1951219512194,49.8,3.151057720184326
1365889881.13132,787.1951219512196,49.8,3.1530745029449463
1365889881.388928,967.0731707317073,49.2,3.173865556716919
1365889881.663458,856.0975609756098,49.8,3.151198148727417
1365889881.917401,796.3414634146342,49.8,3.1539366245269775
1365889882.176669,1084.7560975609756,49.8,3.159688949584961
1365889882.441195,735.3658536585366,48.7,3.1847851276397705
1365889882.722956,823.170731707317,49.8,3.1509368419647217
1365889882.97634,953.0487804878048,49.8,3.151529312133789
1365889883.229642,783.5365853658537,49.2,3.1625969409942627
1365889883.501089,740.2439024390244,49.8,3.1719908714294434
1365889883.774653,903.048780487805,49.2,3.1460251808166504
1365889884.028456,984.7560975609756,48.7,3.1464197635650635
1365889884.284228,738.4146341463414,49.2,3.2035391330718994
1365889884.5590148,789.0243902439024,49.2,3.1512110233306885
1365889884.812892,770.1219512195122,49.2,3.146143913269043
1365889885.068171,993.2926829268292,49.8,3.1659369468688965
1365889885.340222,881.0975609756098,49.8,3.1510415077209473
1365889885.593813,815.2439024390243,49.8,3.151279926300049
1365889885.8470871,913.4146341463415,49.8,3.1489274501800537
1365889886.1055439,748.170731707317,49.2,3.1732699871063232
1365889886.384067,868.2926829268292,49.2,3.152832508087158
1365889886.6386418,912.1951219512196,49.2,3.154719829559326
1365889886.894325,1831.0975609756097,49.8,3.160820484161377
1365889887.1652951,683.5365853658537,49.2,3.167680501937866
1365889887.4428759,866.4634146341464,49.8,3.1482443809509277
1365889887.700598,805.4878048780488,49.2,3.148714780807495
1365889887.955515,746.3414634146342,49.2,3.184553861618042
1365889888.243645,870.1219512195122,49.8,3.149688243865967
1365889888.501108,807.3170731707318,49.8,3.1474642753601074
1365889888.756634,854.2682926829268,49.2,3.169503688812256
1365889889.0335722,830.4878048780488,49.2,3.147146463394165
1365889889.289988,926.829268292683,49.8,3.1478946208953857
1365889889.545247,764.0243902439024,49.2,3.1606523990631104
1365889889.8149278,741.4634146341464,48.7,3.193662166595459
1365889890.0904288,846.951219512195,49.8,3.148529529571533
1365889890.348236,954.2682926829268,49.2,3.1502788066864014
1365889890.6070771,684.1463414634147,49.8,3.1774392127990723
1365889890.88853,968.2926829268292,50.3,3.1523869037628174
1365889891.148318,937.8048780487804,49.8,3.1754839420318604
1365889891.404619,993.2926829268292,49.2,3.1825952529907227
1365889891.6833868,943.2926829268292,49.8,3.152219772338867
1365889891.9418392,830.4878048780488,49.8,3.160491466522217
1365889892.203305,1104.878048780488,49.8,3.17085862159729
1365889892.477966,757.3170731707318,49.2,3.1770687103271484
1365889892.757271,954.8780487804878,49.2,3.1468725204467773
1365889893.012993,780.4878048780488,49.8,3.1504268646240234
1365889893.268023,739.0243902439024,49.2,3.1756410598754883
1365889893.54421,812.1951219512194,49.8,3.1496081352233887
1365889893.799662,943.9024390243902,49.2,3.1549243927001953
1365889894.0534809,950.0,49.2,3.1788740158081055
1365889894.323158,699.390243902439,49.8,3.166093111038208
1365889894.599075,864.0243902439024,48.7,3.145660161972046
1365889894.854065,926.219512195122,49.8,3.1491575241088867
1365889895.111857,760.3658536585366,48.7,3.173563241958618
1365889895.393224,1604.2682926829268,49.8,3.148618459701538
1365889895.648059,998.170731707317,49.8,3.153226852416992
1365889895.9042392,827.4390243902438,49.8,3.1758975982666016
1365889896.189579,915.8536585365854,49.8,3.1481192111968994
1365889896.446571,780.4878048780488,49.8,3.159878969192505
1365889896.703896,920.1219512195122,48.7,3.1869945526123047
1365889896.988929,868.9024390243902,49.8,3.1454524993896484
1365889897.2436428,929.2682926829269,49.8,3.1496241092681885
1365889897.4970229,784.1463414634146,49.8,3.1498754024505615
1365889897.752415,741.4634146341464,48.7,3.1723239421844482
1365889898.030949,935.3658536585366,49.8,3.147888660430908
1365889898.287571,785.9756097560976,49.2,3.152686595916748
1365889898.5428128,917.0731707317074,48.7,3.1631195545196533
1365889898.815261,907.3170731707318,50.3,3.158052921295166
1365889899.068759,971.951219512195,49.8,3.149224042892456
1365889899.32453,898.1707317073171,49.2,3.157773017883301
1365889899.5849211,746.3414634146342,48.7,3.1732704639434814
1365889899.86138,903.048780487805,49.2,3.1464343070983887
1365889900.1165068,998.780487804878,49.8,3.1543736457824707
1365889900.371962,826.2195121951219,49.8,3.1678218841552734
1365889900.642972,785.3658536585366,49.8,3.1484618186950684
1365889900.8993669,968.2926829268292,49.8,3.154043436050415
1365889901.155147,915.2439024390244,49.8,3.153066873550415
1365889901.417988,747.560975609756,49.2,3.173551082611084
1365889901.6971881,898.1707317073171,49.8,3.173473596572876
1365889901.954057,810.3658536585366,50.3,3.1541078090667725
1365889902.2161422,862.1951219512194,49.2,3.1712684631347656
1365889902.4882078,1007.3170731707318,49.8,3.148162364959717
1365889902.744972,953.0487804878048,49.8,3.145944118499756
1365889903.000345,814.0243902439024,49.8,3.2093417644500732
1365889903.2623029,739.0243902439024,49.8,3.1799545288085938
1365889903.5386791,959.1463414634146,49.8,3.1507933139801025
1365889903.79199,934.1463414634147,49.8,3.151319742202759
1365889904.0463202,959.1463414634146,49.8,3.167001962661743
1365889904.315079,660.3658536585366,49.2,3.171505928039551
1365889904.590192,984.1463414634146,49.8,3.1471035480499268
1365889904.846254,1012.8048780487804,49.8,3.1482431888580322
1365889905.102342,662.1951219512196,49.2,3.171372175216675
1365889905.377013,914.0243902439024,49.2,3.1498427391052246
1365889905.630342,1417.6829268292684,49.8,3.1474130153656006
1365889905.8863108,857.9268292682926,49.2,3.167959213256836
1365889906.161972,940.8536585365853,49.8,3.1488943099975586
1365889906.42015,954.2682926829268,49.8,3.1519367694854736
1365889906.67618,942.0731707317073,49.8,3.1662511825561523
1365889906.945833,660.3658536585366,48.7,3.1753525733947754
1365889907.22799,965.2439024390244,49.8,3.148362874984741
1365889907.4852228,850.0,49.8,3.146116256713867
1365889907.740876,1632.3170731707316,49.8,3.1711103916168213
1365889908.020651,953.0487804878048,49.8,3.182785749435425
1365889908.276681,1042.0731707317073,49.8,3.1618597507476807
1365889908.532215,993.2926829268292,49.2,3.175624370574951
1365889908.80918,848.170731707317,49.8,3.147064208984375
1365889909.0641,876.219512195122,49.8,3.1522791385650635
1365889909.319423,849.390243902439,49.8,3.1639018058776855
1365889909.584052,685.3658536585366,48.7,3.1746625900268555
1365889909.865291,924.3902439024391,50.3,3.1472280025482178
1365889910.122079,915.8536585365854,49.8,3.146162271499634
1365889910.377725,1037.1951219512193,49.2,3.173336982727051
1365889910.6561248,784.1463414634146,49.8,3.1493778228759766
1365889910.913957,973.170731707317,49.8,3.1485936641693115
1365889911.171705,885.3658536585366,49.8,3.169369697570801
1365889911.442553,778.048780487805,49.8,3.1522514820098877
1365889911.701101,1062.8048780487804,49.8,3.1513655185699463
1365889911.9556842,871.9512195121952,49.2,3.1581618785858154
1365889912.223436,694.5121951219512,49.8,3.175168752670288
1365889912.50561,949.390243902439,49.8,3.1526575088500977
1365889912.759531,954.8780487804878,49.8,3.1519792079925537
1365889913.012886,1057.9268292682925,49.8,3.163347005844116
1365889913.285963,772.5609756097562,49.8,3.2745187282562256
1365889913.542372,1208.5365853658536,49.8,3.1578567028045654
1365889913.7992058,945.1219512195122,49.8,3.157256603240967
1365889914.059312,739.0243902439024,49.8,3.178065776824951
1365889914.338774,996.9512195121952,49.2,3.1487932205200195
1365889914.5939682,939.0243902439024,49.2,3.1468329429626465
1365889914.850158,975.0,49.8,3.155667781829834
1365889915.1120582,868.9024390243902,49.2,3.173612356185913
1365889915.393058,789.0243902439024,49.8,3.147386312484741
1365889915.649216,937.1951219512194,49.8,3.1500449180603027
1365889915.905349,742.0731707317074,49.8,3.1783506870269775
1365889916.184567,915.8536585365854,49.8,3.152806520462036
1365889916.445888,781.0975609756098,49.8,3.1482746601104736
1365889916.7035542,962.8048780487804,49.8,3.1664299964904785
1365889916.977806,962.8048780487804,49.8,3.1492502689361572
1365889917.236531,810.9756097560976,49.8,3.1531171798706055
1365889917.4902349,779.2682926829268,49.2,3.1552906036376953
1365889917.752408,743.2926829268292,49.2,3.1731414794921875
1365889918.031908,954.8780487804878,49.8,3.150804042816162
1365889918.285741,943.2926829268292,49.8,3.161308526992798
1365889918.542912,893.9024390243902,49.2,3.2530791759490967
1365889918.815947,935.9756097560976,49.2,3.1469390392303467
1365889919.069271,968.9024390243902,49.8,3.1548731327056885
1365889919.3253372,854.8780487804878,49.2,3.1538686752319336
1365889919.58499,735.3658536585366,49.2,3.1804118156433105
1365889919.8678458,951.8292682926829,49.8,3.1510021686553955
1365889920.125773,1153.6585365853657,49.8,3.1520943641662598
1365889920.380563,956.0975609756097,49.8,3.1723134517669678
1365889920.656379,1015.2439024390243,49.8,3.1478593349456787
1365889920.9126568,1043.2926829268292,49.2,3.146355628967285
1365889921.167783,996.9512195121952,49.2,3.164210557937622
1365889921.43937,746.3414634146342,49.2,3.172259569168091
1365889921.7132878,973.780487804878,49.2,3.154163360595703
1365889921.969392,965.8536585365854,49.2,3.1495420932769775
1365889922.227998,821.951219512195,49.8,3.17816424369812
1365889922.508009,993.9024390243902,49.2,3.15276837348938
1365889922.7633579,893.2926829268292,49.8,3.1505258083343506
1365889923.0202382,1084.1463414634147,49.8,3.1696252822875977
1365889923.296166,818.2926829268292,49.8,3.147104263305664
1365889923.5509708,785.3658536585366,49.8,3.151665449142456
1365889923.806029,839.0243902439024,49.8,3.1558916568756104
1365889924.0715232,747.560975609756,49.2,3.172841787338257
1365889924.353073,920.1219512195122,49.8,3.1865718364715576
1365889924.606689,949.390243902439,49.8,3.151212453842163
1365889924.865988,932.9268292682927,49.2,3.165976047515869
1365889925.141856,785.9756097560976,49.8,3.1538453102111816
1365889925.395524,807.3170731707318,49.8,3.1511881351470947
1365889925.655754,793.2926829268293,49.8,3.162710428237915
1365889925.928097,733.5365853658536,49.2,3.1813812255859375
1365889926.20855,887.1951219512196,49.2,3.1546952724456787
1365889926.468365,921.3414634146342,49.8,3.180009365081787
1365889926.721926,787.1951219512196,50.3,3.1735999584198
1365889926.9981089,841.4634146341463,49.8,3.150355339050293
1365889927.2578418,960.9756097560976,49.8,3.1514251232147217
1365889927.516395,870.1219512195122,49.8,3.1581480503082275
1365889927.780573,644.5121951219512,49.2,3.176234483718872
1365889928.058364,942.0731707317073,49.8,3.165212392807007
1365889928.3151622,945.1219512195122,49.8,3.1526544094085693
1365889928.574649,746.3414634146342,49.2,3.169095754623413
1365889928.853655,787.1951219512196,49.8,3.148862838745117
1365889929.1113238,948.170731707317,49.8,3.1453287601470947
1365889929.366422,852.4390243902438,49.8,3.1715080738067627
1365889929.646549,840.2439024390244,49.8,3.15958571434021
1365889929.905741,846.3414634146342,49.8,3.1469669342041016
1365889930.162412,987.8048780487804,49.8,3.1667401790618896
1365889930.435777,754.2682926829268,49.8,3.174558639526367
1365889930.717938,882.3170731707318,49.8,3.1489129066467285
1365889930.976135,1015.8536585365854,49.2,3.173276424407959
1365889931.2360692,742.0731707317074,48.7,3.1717913150787354
1365889931.517278,954.8780487804878,50.3,3.178644895553589
1365889931.772619,843.2926829268292,50.3,3.16127610206604
1365889932.0341492,759.1463414634146,49.8,3.182645797729492
1365889932.3173041,929.2682926829269,49.8,3.152193546295166
1365889932.572279,887.1951219512196,49.8,3.147250175476074
1365889932.8289762,829.2682926829268,49.2,3.1689577102661133
1365889933.106448,805.4878048780488,49.8,3.151078939437866
1365889933.360786,946.3414634146341,49.8,3.1485989093780518
1365889933.615412,846.951219512195,49.8,3.159527063369751
1365889933.8779578,756.0975609756098,48.7,3.1729841232299805
1365889934.1612558,937.1951219512194,49.8,3.152869462966919
1365889934.41478,921.3414634146342,49.8,3.1580779552459717
1365889934.6683688,778.048780487805,49.8,3.237231492996216
1365889934.947986,810.3658536585366,49.8,3.1759347915649414
1365889935.20651,1878.0487804878048,49.8,3.148949146270752
1365889935.46518,987.1951219512194,49.8,3.176509141921997
1365889935.736937,759.1463414634146,49.2,3.1718430519104004
1365889936.0128262,800.0,49.2,3.158862590789795
1365889936.273897,1039.0243902439024,49.8,3.150228977203369
1365889936.530414,641.4634146341464,49.8,3.1722660064697266
1365889936.806436,784.1463414634146,49.2,3.1599416732788086
1365889937.0624158,831.0975609756097,49.8,3.149705171585083
1365889937.321388,851.219512195122,49.2,3.171811103820801
1365889937.595572,981.0975609756098,49.8,3.170743227005005
1365889937.849298,912.1951219512196,50.3,3.146118640899658
1365889938.1051068,962.8048780487804,49.2,3.1575491428375244
1365889938.372294,744.5121951219512,48.7,3.1692135334014893
1365889938.648051,868.9024390243902,49.8,3.153843402862549
1365889938.905607,895.1219512195122,50.3,3.144596815109253
1365889939.160108,753.0487804878048,49.8,3.1712255477905273
1365889939.4385521,875.0,49.8,3.147425413131714
1365889939.693332,820.1219512195122,49.8,3.3107821941375732
1365889939.946773,857.9268292682926,49.8,3.165402412414551
1365889940.216612,758.5365853658536,48.7,3.1725196838378906
1365889940.49717,962.8048780487804,50.3,3.1522464752197266
1365889940.7505789,779.2682926829268,49.8,3.1530721187591553
1365889941.003944,744.5121951219512,49.8,3.1790530681610107
1365889941.2849238,810.3658536585366,49.2,3.149399518966675
1365889941.5436292,915.8536585365854,49.8,3.151977777481079
1365889941.798765,732.3170731707316,49.2,3.170952081680298
1365889942.076421,860.9756097560976,49.8,3.1511168479919434
1365889942.331247,876.219512195122,50.8,3.144521713256836
1365889942.585532,840.2439024390244,49.8,3.1547114849090576
1365889942.8499892,714.0243902439024,49.2,3.17111873626709
1365889943.129576,776.219512195122,49.8,3.1496965885162354
1365889943.387423,887.1951219512196,49.8,3.145137071609497
1365889943.642507,794.5121951219512,49.8,3.1632049083709717
1365889943.9159732,823.170731707317,49.2,3.144702434539795
1365889944.170706,760.3658536585366,49.8,3.15112042427063
1365889944.424045,946.3414634146341,49.8,3.1558446884155273
1365889944.686599,742.0731707317074,49.2,3.1748263835906982
1365889944.965172,913.4146341463415,49.2,3.1519508361816406
1365889945.220434,795.1219512195122,49.8,3.165148973464966
1365889945.4779441,1031.7073170731708,49.8,3.173424482345581
1365889945.75523,848.170731707317,49.8,3.1496362686157227
1365889946.008482,984.7560975609756,49.8,3.1484262943267822
1365889946.266512,896.9512195121952,49.8,3.1612937450408936
1365889946.5370262,760.3658536585366,49.2,3.162985324859619
1365889946.810411,935.9756097560976,49.8,3.1526718139648438
1365889947.065613,943.2926829268292,49.8,3.1449549198150635
1365889947.320677,1101.8292682926829,49.2,3.1712605953216553
1365889947.598892,932.9268292682927,49.8,3.146867513656616
1365889947.854437,779.2682926829268,49.8,3.150932788848877
1365889948.1084769,757.3170731707318,49.8,3.1671886444091797
1365889948.385896,818.2926829268292,49.8,3.146995782852173
1365889948.642168,929.8780487804878,49.8,3.1501667499542236
1365889948.896231,1139.6341463414635,50.3,3.156280755996704
1365889949.153727,1236.5853658536585,49.2,3.1706650257110596
1365889949.4289222,781.0975609756098,49.2,3.1472504138946533
1365889949.6823192,937.1951219512194,49.8,3.1493983268737793
1365889949.9383209,943.9024390243902,49.8,3.1608633995056152
1365889950.206987,1110.9756097560976,49.2,3.156301975250244
1365889950.465137,946.951219512195,49.8,3.1475765705108643
1365889950.7225149,876.219512195122,49.8,3.153548002243042
1365889950.978902,673.1707317073171,49.2,3.173274040222168
1365889951.2622552,971.3414634146342,49.2,3.147631883621216
1365889951.51932,940.8536585365853,49.8,3.14986252784729
1365889951.775907,821.951219512195,49.8,3.2085485458374023
1365889952.041627,711.5853658536585,49.2,3.181511640548706
1365889952.320596,954.8780487804878,49.8,3.1654436588287354
1365889952.5753658,956.0975609756097,49.8,3.1469945907592773
1365889952.831657,989.0243902439024,49.8,3.1648528575897217
1365889953.104962,853.0487804878048,49.8,3.153304100036621
1365889953.3583202,939.0243902439024,49.8,3.1472489833831787
1365889953.6144378,943.2926829268292,49.8,3.1640820503234863
1365889953.881799,713.4146341463414,48.7,3.173675537109375
1365889954.159325,871.9512195121952,49.8,3.1502914428710938
1365889954.412965,989.0243902439024,49.8,3.1513209342956543
1365889954.667288,959.1463414634146,49.8,3.1600871086120605
1365889954.935283,742.0731707317074,49.8,3.172922372817993
1365889955.2133539,804.2682926829269,50.3,3.15034556388855
1365889955.473713,831.0975609756097,49.8,3.1457083225250244
1365889955.729126,745.1219512195122,49.8,3.1722757816314697
1365889956.00548,1017.0731707317074,49.8,3.149057149887085
1365889956.2646132,954.8780487804878,49.8,3.1554386615753174
1365889956.5214999,925.0,49.8,3.2009291648864746
1365889956.794373,798.1707317073171,49.8,3.146524667739868
1365889957.051082,1095.7317073170732,49.8,3.1530561447143555
1365889957.306416,835.9756097560976,49.2,3.163839340209961
1365889957.575385,684.1463414634147,49.8,3.1711695194244385
1365889957.851326,879.2682926829268,49.8,3.1523172855377197
1365889958.1073248,1029.2682926829268,49.8,3.1652212142944336
1365889958.362038,748.170731707317,49.8,3.1751914024353027
1365889958.639387,968.2926829268292,50.3,3.152523994445801
1365889958.896671,899.390243902439,49.8,3.1452279090881348
1365889959.151538,914.0243902439024,49.8,3.172957420349121
1365889959.419254,740.2439024390244,49.8,3.1727819442749023
1365889959.6958349,910.3658536585366,49.2,3.148878812789917
1365889959.952939,882.3170731707318,50.3,3.145399570465088
1365889960.208228,813.4146341463414,49.8,3.1724178791046143
1365889960.486953,834.1463414634146,49.8,3.1453986167907715
1365889960.742452,851.219512195122,50.3,3.1441047191619873
1365889960.996536,802.439024390244,49.2,3.1660194396972656
1365889961.272264,729.2682926829268,49.8,3.1718409061431885
1365889961.5466392,951.8292682926829,49.2,3.1460471153259277
1365889961.802159,990.8536585365854,50.3,3.1451168060302734
1365889962.057628,741.4634146341464,49.8,3.173760414123535
1365889962.3374872,906.0975609756098,49.8,3.152564287185669
1365889962.5933151,954.2682926829268,49.8,3.14803409576416
1365889962.847541,775.0,49.8,3.174156665802002
1365889963.12575,971.3414634146342,49.2,3.1918869018554688
1365889963.3819158,842.0731707317073,49.8,3.1503589153289795
1365889963.6402931,781.0975609756098,49.8,3.1667397022247314
1365889963.911535,693.2926829268292,49.2,3.2145304679870605
1365889964.187525,887.1951219512196,49.8,3.1511993408203125
1365889964.443383,832.3170731707316,50.3,3.14787220954895
1365889964.70116,653.6585365853658,49.8,3.1842849254608154
1365889964.9824939,818.2926829268292,49.8,3.1478664875030518
1365889965.240005,978.0487804878048,49.8,3.153883218765259
1365889965.49735,943.9024390243902,49.2,3.1701455116271973
1365889965.7775512,751.219512195122,49.8,3.1539549827575684
1365889966.0329962,1059.7560975609756,49.8,3.150995969772339
1365889966.2940679,921.3414634146342,49.2,3.1700503826141357
1365889966.5746088,793.2926829268293,49.8,3.1474459171295166
1365889966.832014,937.1951219512194,49.8,3.150341510772705
1365889967.086314,823.170731707317,49.8,3.1875343322753906
1365889967.358426,732.3170731707316,48.7,3.1693167686462402
1365889967.636449,925.0,49.8,3.1538729667663574
1365889967.893604,921.3414634146342,49.8,3.1541154384613037
1365889968.1532428,750.0,49.8,3.1674137115478516
1365889968.429582,918.9024390243903,49.8,3.147205114364624
1365889968.6871092,825.0,49.8,3.145568370819092
1365889968.943506,734.1463414634146,49.8,3.167785882949829
1365889969.221148,942.0731707317073,49.8,3.1494388580322266
1365889969.480754,767.0731707317074,49.8,3.147063732147217
1365889969.738079,942.0731707317073,49.8,3.1716010570526123
1365889970.014635,907.9268292682927,49.8,3.1514174938201904
1365889970.2761831,970.1219512195122,49.8,3.1502904891967773
1365889970.534774,781.0975609756098,49.2,3.163389205932617
1365889970.807499,939.0243902439024,49.8,3.148331642150879
1365889971.0670238,1140.8536585365853,49.8,3.1801414489746094
1365889971.324672,970.1219512195122,49.8,3.1548779010772705
1365889971.588794,734.1463414634146,49.8,3.172645092010498
1365889971.8685231,781.0975609756098,49.8,3.148190975189209
1365889972.122831,960.9756097560976,48.7,3.1500871181488037
1365889972.37929,751.219512195122,49.8,3.1720831394195557
1365889972.65999,982.3170731707316,49.2,3.150283098220825
1365889972.914321,910.3658536585366,50.3,3.148919105529785
1365889973.172402,887.1951219512196,49.8,3.1624808311462402
1365889973.438752,742.0731707317074,49.8,3.1734111309051514
1365889973.7190669,943.9024390243902,50.3,3.151211738586426
1365889973.97439,802.439024390244,49.8,3.1454639434814453
1365889974.2310221,946.3414634146341,48.7,3.1989431381225586
1365889974.508311,975.0,49.8,3.146892786026001
1365889974.7654002,896.9512195121952,49.8,3.158479690551758
1365889975.027406,785.3658536585366,49.8,3.170985460281372
1365889975.306944,757.3170731707318,49.2,3.2051360607147217
1365889975.582726,806.0975609756098,49.8,3.144286632537842
1365889975.8373592,984.7560975609756,49.8,3.1444454193115234
1365889976.092266,748.170731707317,49.8,3.177520751953125
1365889976.373059,843.9024390243902,49.8,3.154254913330078
1365889976.627747,850.0,49.8,3.147430658340454
1365889976.8840551,783.5365853658537,49.8,3.1671013832092285
1365889977.161298,850.0,49.8,3.1441261768341064
1365889977.4156349,1487.8048780487804,49.8,3.1488070487976074
1365889977.6711009,818.2926829268292,49.8,3.153414011001587
1365889977.9321,748.170731707317,48.7,3.1771671772003174
1365889978.2143738,790.2439024390244,49.8,3.1474907398223877
1365889978.4723608,850.0,49.8,3.1454946994781494
1365889978.728071,1037.8048780487804,49.2,3.170565366744995
1365889979.002882,987.8048780487804,49.8,3.1531097888946533
1365889979.259583,892.0731707317074,49.8,3.1555070877075195
1365889979.515667,821.951219512195,50.3,3.166522979736328
1365889979.781353,745.1219512195122,49.2,3.171409845352173
1365889980.056596,884.1463414634146,49.8,3.1460845470428467
1365889980.313053,851.219512195122,49.8,3.148000717163086
1365889980.568498,960.3658536585366,49.8,3.1676836013793945
1365889980.846565,851.219512195122,49.8,3.1497318744659424
1365889981.101279,788.4146341463415,49.8,3.1449549198150635
1365889981.356659,954.8780487804878,49.8,3.1576836109161377
1365889981.6250749,724.390243902439,48.7,3.1652486324310303
1365889981.900548,820.1219512195122,49.8,3.1444826126098633
1365889982.155587,878.0487804878048,49.8,3.1492350101470947
1365889982.408969,741.4634146341464,49.8,3.1707229614257812
1365889982.687395,899.390243902439,49.2,3.14646315574646
1365889982.943771,802.439024390244,49.8,3.15195894241333
1365889983.19864,832.3170731707316,50.3,3.1642496585845947
1365889983.465036,741.4634146341464,49.8,3.225557565689087
1365889983.741521,996.3414634146342,49.8,3.1500778198242188
1365889983.9953668,960.9756097560976,49.8,3.154055595397949
1365889984.249692,747.560975609756,49.8,3.1723392009735107
1365889984.5323288,789.0243902439024,50.3,3.1535308361053467
1365889984.785959,813.4146341463414,50.3,3.1545310020446777
1365889985.0407748,841.4634146341463,49.8,3.169694662094116
1365889985.320794,809.1463414634147,49.2,3.1551692485809326
1365889985.577166,973.170731707317,49.8,3.1489861011505127
1365889985.830215,832.3170731707316,49.8,3.1547820568084717
1365889986.0877619,718.2926829268292,49.8,3.170107364654541
1365889986.3667588,929.8780487804878,50.3,3.1452183723449707
1365889986.622507,946.951219512195,49.2,3.147235870361328
1365889986.88043,970.1219512195122,49.8,3.1662652492523193
1365889987.1507351,745.1219512195122,49.2,3.1658012866973877
1365889987.4273448,910.9756097560976,49.8,3.1476266384124756
1365889987.683746,780.4878048780488,49.8,3.1493778228759766
1365889987.939146,749.390243902439,49.8,3.169097661972046
1365889988.216448,896.3414634146342,49.8,3.1506519317626953
1365889988.4772449,841.4634146341463,49.8,3.1465024948120117
1365889988.7320042,882.9268292682926,49.8,3.1642727851867676
1365889989.0069902,929.8780487804878,49.8,3.1490421295166016
1365889989.266082,852.4390243902438,49.8,3.154895305633545
1365889989.522723,796.9512195121952,49.8,3.155839443206787
1365889989.788161,746.3414634146342,49.2,3.197556257247925
1365889990.0652642,982.3170731707316,49.2,3.1491034030914307
1365889990.324498,962.8048780487804,49.8,3.1475260257720947
1365889990.5822232,717.0731707317073,49.8,3.1695914268493652
1365889990.861532,929.8780487804878,49.8,3.148480176925659
1365889991.1199172,832.9268292682926,49.8,3.150404453277588
1365889991.3786938,729.2682926829268,49.8,3.193885564804077
1365889991.658805,772.5609756097562,49.8,3.206155776977539
1365889991.915066,810.3658536585366,49.8,3.1458230018615723
1365889992.1713128,959.1463414634146,50.3,3.172335624694824
1365889992.444814,928.048780487805,49.8,3.1784684658050537
1365889992.701455,874.390243902439,49.8,3.1492786407470703
1365889992.9613152,1000.0,49.8,3.1562814712524414
1365889993.224454,741.4634146341464,49.8,3.1696975231170654
1365889993.504597,794.5121951219512,49.8,3.1483469009399414
1365889993.759655,821.3414634146341,50.3,3.149608850479126
1365889994.013642,932.9268292682927,49.8,3.166316270828247
1365889994.2896252,838.4146341463414,49.8,3.14931321144104
1365889994.543264,906.0975609756098,49.8,3.14823842048645
1365889994.79899,957.3170731707316,49.8,3.157951593399048
1365889995.059842,924.3902439024391,49.2,3.1740052700042725
1365889995.3409011,975.0,49.8,3.1465399265289307
1365889995.597589,875.0,50.3,3.1489241123199463
1365889995.856122,882.9268292682926,49.8,3.170135021209717
1365889996.1296608,946.3414634146341,49.2,3.1502692699432373
1365889996.384095,845.1219512195122,49.8,3.147812604904175
1365889996.639621,831.0975609756097,50.3,3.1552302837371826
1365889996.90239,702.4390243902438,49.8,3.175590753555298
1365889997.182473,967.0731707317073,50.3,3.144803524017334
1365889997.4377868,835.9756097560976,49.8,3.153308391571045
1365889997.693808,805.4878048780488,49.8,3.1799166202545166
1365889997.971939,962.8048780487804,49.8,3.1506400108337402
1365889998.227146,874.390243902439,50.8,3.1488661766052246
1365889998.4857259,845.1219512195122,50.3,3.1578919887542725
1365889998.753908,748.170731707317,49.2,3.1726858615875244
1365889999.0310478,827.4390243902438,49.2,3.148226737976074
1365889999.2890828,812.1951219512194,49.8,3.1475274562835693
1365889999.546612,954.2682926829268,49.8,3.1714398860931396
1365889999.821842,915.2439024390244,49.8,3.1457037925720215
1365890000.0781372,971.3414634146342,50.3,3.147334337234497
1365890000.335996,956.0975609756097,49.2,3.159801483154297
1365890000.607265,749.390243902439,49.2,3.167768716812134
1365890000.885628,935.9756097560976,49.8,3.150240898132324
1365890001.139124,834.1463414634146,49.8,3.150655746459961
1365890001.394302,744.5121951219512,49.2,3.1779298782348633
1365890001.675769,785.9756097560976,50.3,3.1505792140960693
1365890001.9304771,828.0487804878048,49.8,3.1446688175201416
1365890002.186033,957.9268292682926,49.8,3.165585517883301
1365890002.461578,1007.3170731707318,49.8,3.172050714492798
1365890002.718996,765.2439024390244,49.8,3.145092725753784
1365890002.9745438,943.2926829268292,49.8,3.1567254066467285
1365890003.2358348,741.4634146341464,49.2,3.1727800369262695
1365890003.5197508,957.3170731707316,49.8,3.1469783782958984
1365890003.775871,948.170731707317,49.8,3.1453757286071777
1365890004.028809,800.0,49.8,3.163374662399292
1365890004.3014112,851.219512195122,49.8,3.150689125061035
1365890004.55499,787.1951219512196,50.3,3.146451473236084
1365890004.8116632,912.1951219512196,49.8,3.168506383895874
1365890005.067317,973.780487804878,49.8,3.1726560592651367
1365890005.3497229,990.2439024390244,49.8,3.147071599960327
1365890005.604615,802.439024390244,49.8,3.147719383239746
1365890005.8593001,835.3658536585366,49.2,3.1673104763031006
1365890006.1375859,1181.7073170731708,49.8,3.154616594314575
1365890006.39519,789.0243902439024,49.8,3.1452577114105225
1365890006.651385,839.0243902439024,49.8,3.1624670028686523
1365890006.9142542,724.390243902439,49.8,3.165904998779297
1365890007.191347,831.0975609756097,49.8,3.1487605571746826
1365890007.444698,879.8780487804878,49.8,3.1467444896698
1365890007.700861,865.2439024390244,49.8,3.169487476348877
1365890007.9784489,795.1219512195122,49.8,3.146146774291992
1365890008.23398,926.219512195122,49.8,3.1481988430023193
1365890008.489173,867.0731707317074,49.8,3.155853271484375
1365890008.749413,1642.6829268292681,49.2,3.1699700355529785
1365890009.029599,879.8780487804878,49.8,3.1478514671325684
1365890009.2881558,910.3658536585366,50.3,3.1485986709594727
1365890009.543692,896.9512195121952,49.2,3.163943290710449
1365890009.8163068,878.0487804878048,50.3,3.1454386711120605
1365890010.072617,829.2682926829268,49.8,3.150303840637207
1365890010.332397,950.0,49.8,3.1540393829345703
1365890010.5967739,764.0243902439024,49.2,3.1697874069213867
1365890010.8754282,960.3658536585366,49.8,3.1485841274261475
1365890011.134275,820.1219512195122,49.8,3.152193307876587
1365890011.389924,832.9268292682926,48.7,3.161860704421997
1365890011.6626701,1025.0,48.7,3.167750597000122
1365890011.938244,951.8292682926829,49.8,3.152923107147217
1365890012.195928,828.0487804878048,49.2,3.1491878032684326
1365890012.45099,659.1463414634146,49.2,3.1747889518737793
1365890012.736574,853.0487804878048,49.8,3.1448495388031006
1365890012.991977,871.3414634146342,49.8,3.1452219486236572
1365890013.247896,995.1219512195122,50.3,3.172593355178833
1365890013.530549,783.5365853658537,49.8,3.146805763244629
1365890013.788246,971.951219512195,49.8,3.1478707790374756
1365890014.04361,970.1219512195122,49.2,3.1670475006103516
1365890014.322618,937.1951219512194,49.8,3.1500892639160156
1365890014.582653,830.4878048780488,50.8,3.1501588821411133
1365890014.836611,902.439024390244,50.8,3.154925584793091
1365890015.101732,792.0731707317074,49.2,3.1754519939422607
1365890015.386267,873.170731707317,50.3,3.149470329284668
1365890015.644384,890.8536585365854,49.8,3.14461088180542
1365890015.900077,742.0731707317074,49.8,3.1707680225372314
1365890016.178085,956.0975609756097,50.3,3.1497392654418945
1365890016.432299,846.951219512195,49.8,3.2235472202301025
1365890016.685759,959.1463414634146,49.8,3.185112476348877
1365890016.9614809,831.0975609756097,50.8,3.15102481842041
1365890017.221923,778.048780487805,49.8,3.1493287086486816
1365890017.475649,801.219512195122,49.8,3.157140016555786
1365890017.737083,749.390243902439,48.7,3.175109386444092
1365890018.018358,957.3170731707316,49.8,3.149770498275757
1365890018.274518,1250.6097560975609,49.8,3.1493330001831055
1365890018.531787,810.3658536585366,49.8,3.1676244735717773
1365890018.810515,776.219512195122,49.8,3.1465835571289062
1365890019.066035,1134.7560975609756,49.8,3.147437572479248
1365890019.32774,1029.8780487804877,49.8,3.165447950363159
1365890019.597905,765.2439024390244,50.3,3.1443934440612793
1365890019.853374,946.951219512195,49.8,3.150352954864502
1365890020.111356,965.8536585365854,49.8,3.1615748405456543
1365890020.383282,675.609756097561,49.2,3.1683156490325928
1365890020.662225,956.0975609756097,49.2,3.150275707244873
1365890020.919202,948.170731707317,49.8,3.150775909423828
1365890021.174529,794.5121951219512,49.8,3.1682097911834717
1365890021.450891,848.170731707317,49.8,3.145947217941284
1365890021.707884,864.0243902439024,50.3,3.1520752906799316
1365890021.965112,771.3414634146342,49.8,3.163839340209961
1365890022.237396,723.170731707317,49.8,3.1686758995056152
1365890022.514817,781.0975609756098,49.8,3.1438074111938477
1365890022.7697039,774.390243902439,49.8,3.1440837383270264
1365890023.0249012,885.3658536585366,49.2,3.1704752445220947
1365890023.3060942,920.1219512195122,50.3,3.148731231689453
1365890023.5654569,851.219512195122,49.8,3.1435158252716064
1365890023.820344,846.3414634146342,49.8,3.1693661212921143
1365890024.0893812,754.2682926829268,49.8,3.16729998588562
1365890024.365202,920.1219512195122,49.8,3.14357328414917
1365890024.620685,805.4878048780488,49.8,3.14868426322937
1365890024.873906,650.609756097561,49.2,3.17024827003479
1365890025.151833,888.4146341463414,49.8,3.1444549560546875
1365890025.406941,803.048780487805,49.8,3.1569747924804688
1365890025.662495,940.8536585365853,49.8,3.1813576221466064
1365890025.9390368,921.3414634146342,49.8,3.1489145755767822
1365890026.192576,965.2439024390244,49.8,3.151646137237549
1365890026.4473228,879.8780487804878,49.8,3.1501615047454834
1365890026.7089221,699.390243902439,49.8,3.1696853637695312
1365890026.984962,821.3414634146341,49.8,3.1433541774749756
1365890027.239557,829.2682926829268,49.8,3.146078109741211
1365890027.4949918,920.1219512195122,49.8,3.163818597793579
1365890027.769739,867.0731707317074,50.3,3.14640736579895
1365890028.025287,960.3658536585366,49.8,3.161764144897461
1365890028.280451,920.1219512195122,49.8,3.1527211666107178
1365890028.54129,683.5365853658537,49.2,3.172010660171509
1365890028.819353,893.2926829268292,50.3,3.1587953567504883
1365890029.073338,996.3414634146342,49.8,3.1609535217285156
1365890029.3320441,1057.9268292682925,50.3,3.174259662628174
1365890029.6019368,674.3902439024391,49.2,3.1709506511688232
1365890029.876159,845.1219512195122,49.8,3.1486563682556152
1365890030.129622,806.0975609756098,49.8,3.15246844291687
1365890030.392598,738.4146341463414,49.8,3.166196346282959
1365890030.6703649,937.1951219512194,49.8,3.1456191539764404
1365890030.926192,939.0243902439024,50.3,3.148258686065674
1365890031.17941,748.170731707317,49.8,3.171189069747925
1365890031.4555898,903.048780487805,49.8,3.1463403701782227
1365890031.713193,857.3170731707316,49.8,3.1435582637786865
1365890031.967339,957.9268292682926,49.8,3.164294958114624
1365890032.2365272,679.2682926829269,49.2,3.165415048599243
1365890032.513251,792.0731707317074,49.8,3.143657922744751
1365890032.7674391,935.9756097560976,49.8,3.1444692611694336
1365890033.0232499,659.1463414634146,49.8,3.1649694442749023
1365890033.298954,914.0243902439024,49.8,3.146057605743408
1365890033.556315,819.5121951219512,50.3,3.147254228591919
1365890033.8116748,892.0731707317074,49.8,3.1574573516845703
1365890034.0809011,740.2439024390244,49.2,3.2763452529907227
1365890034.360996,767.0731707317074,49.8,3.218017339706421
1365890034.616815,827.4390243902438,49.8,3.1489710807800293
1365890034.870396,893.2926829268292,49.8,3.1661980152130127
1365890035.146558,973.170731707317,49.2,3.144749641418457
1365890035.402544,951.8292682926829,49.8,3.144805908203125
1365890035.658452,923.1707317073171,49.8,3.157571315765381
1365890035.924976,682.3170731707318,49.2,3.17110013961792
1365890036.201071,841.4634146341463,49.8,3.1486423015594482
1365890036.454701,987.8048780487804,49.8,3.1457135677337646
1365890036.7116978,925.0,49.8,3.1644978523254395
1365890036.9846988,965.8536585365854,49.8,3.149007797241211
1365890037.2386692,892.0731707317074,49.2,3.1509954929351807
1365890037.492435,953.0487804878048,49.8,3.1535747051239014
1365890037.753837,727.4390243902438,49.2,3.1727333068847656
1365890038.030837,815.2439024390243,49.8,3.1437675952911377
1365890038.285134,1131.0975609756097,49.8,3.1548569202423096
1365890038.538371,805.4878048780488,49.8,3.2926876544952393
1365890038.806311,763.4146341463414,49.2,3.170546531677246
1365890039.081747,987.8048780487804,49.8,3.144299268722534
1365890039.337219,864.0243902439024,50.3,3.1453750133514404
1365890039.593975,737.1951219512194,49.2,3.170544385910034
1365890039.8687549,773.1707317073171,49.8,3.146242618560791
1365890040.123295,921.3414634146342,49.8,3.147006034851074
1365890040.380163,965.2439024390244,49.8,3.1712872982025146
1365890040.653464,959.1463414634146,49.8,3.149259090423584
1365890040.907386,906.0975609756098,50.3,3.1503682136535645
1365890041.162739,824.390243902439,50.3,3.152442216873169
1365890041.4263139,729.2682926829268,49.2,3.1747732162475586
1365890041.705133,1040.8536585365853,49.8,3.1492373943328857
1365890041.9592068,884.1463414634146,49.8,3.145948648452759
1365890042.215688,707.3170731707316,49.2,3.1709041595458984
1365890042.489622,865.2439024390244,50.3,3.1487314701080322
1365890042.7434108,843.2926829268292,49.8,3.143554449081421
1365890042.997736,876.219512195122,49.8,3.1598169803619385
1365890043.269067,917.0731707317074,49.8,3.1572766304016113
1365890043.5257778,854.8780487804878,50.3,3.1501903533935547
1365890043.779385,910.3658536585366,49.8,3.1526131629943848
1365890044.0385559,645.1219512195122,49.8,3.167858362197876
1365890044.317683,973.170731707317,49.8,3.144644260406494
1365890044.573143,762.1951219512196,49.8,3.1916310787200928
1365890044.827907,842.0731707317073,49.8,3.1575839519500732
1365890045.091846,647.5609756097562,49.2,3.174811601638794
1365890045.3742778,824.390243902439,49.2,3.145418405532837
1365890045.629118,783.5365853658537,49.8,3.1526613235473633
1365890045.882582,970.1219512195122,49.8,3.1722238063812256
1365890046.1590452,943.2926829268292,49.8,3.145020008087158
1365890046.4153512,817.0731707317073,49.8,3.1471757888793945
1365890046.6729548,935.3658536585366,49.8,3.170274019241333
1365890046.945774,778.048780487805,49.8,3.1523797512054443
1365890047.200983,962.8048780487804,49.8,3.147723436355591
1365890047.456558,770.1219512195122,49.8,3.1490118503570557
1365890047.716618,752.439024390244,49.8,3.1673355102539062
1365890047.994561,835.9756097560976,49.8,3.1513829231262207
1365890048.249323,821.951219512195,49.8,3.1481845378875732
1365890048.504895,889.0243902439024,49.8,3.156994104385376
1365890048.7704551,725.0,49.8,3.175601005554199
1365890049.0490391,904.8780487804878,49.8,3.152634620666504
1365890049.302418,1580.4878048780488,49.8,3.145491600036621
1365890049.55758,946.3414634146341,49.8,3.189082622528076
1365890049.819647,709.1463414634146,49.8,3.1701369285583496
1365890050.097131,957.3170731707316,49.2,3.1453139781951904
1365890050.353125,827.4390243902438,49.8,3.1456351280212402
1365890050.6065762,851.219512195122,49.8,3.1634879112243652
1365890050.874791,685.3658536585366,49.2,3.16347599029541
1365890051.1489248,789.0243902439024,49.2,3.1479523181915283
1365890051.407298,915.2439024390244,49.8,3.173567533493042
1365890051.662394,737.1951219512194,49.8,3.173649311065674
1365890051.9406831,807.9268292682927,49.8,3.1466848850250244
1365890052.1969018,935.9756097560976,49.8,3.1682288646698
1365890052.45202,931.0975609756098,49.2,3.170158624649048
1365890052.727066,913.4146341463415,49.8,3.1526565551757812
1365890052.980557,763.4146341463414,49.8,3.143150568008423
1365890053.2360058,960.9756097560976,50.3,3.1598758697509766
1365890053.493409,745.1219512195122,48.7,3.170119285583496
1365890053.768567,896.3414634146342,49.2,3.143327236175537
1365890054.022996,874.390243902439,50.8,3.14997935295105
1365890054.276795,895.1219512195122,49.8,3.1654930114746094
1365890054.5474188,742.0731707317074,49.2,3.1741857528686523
1365890054.822446,957.9268292682926,49.8,3.1496071815490723
1365890055.0761101,956.0975609756097,49.8,3.148205280303955
1365890055.333906,701.2195121951219,49.2,3.1745691299438477
1365890055.612569,851.219512195122,50.3,3.1495587825775146
1365890055.8667789,948.170731707317,49.8,3.144125461578369
1365890056.122132,789.0243902439024,49.2,3.1793673038482666
1365890056.40374,857.9268292682926,49.2,3.1477627754211426
1365890056.656776,785.3658536585366,49.8,3.149533748626709
1365890056.912128,942.0731707317073,49.8,3.1570098400115967
1365890057.1734478,987.1951219512194,49.8,3.1683316230773926
1365890057.4514592,782.3170731707318,50.3,3.1484251022338867
1365890057.705079,987.8048780487804,49.8,3.1492130756378174
