1365889752.3907442,114.400002,2.8854353427886963
1365889752.5577946,112.800003,2.881678819656372
1365889752.7612877,111.200005,3.006309986114502
1365889752.9580657,112.800003,2.844330072402954
1365889753.158668,112.800003,3.31032395362854
1365889753.3574922,112.800003,3.1130316257476807
1365889753.5581646,110.400002,3.0306761264801025
1365889753.7595313,111.200005,2.847954034805298
1365889753.9586818,112.800003,2.895124673843384
1365889754.1698778,110.400002,2.8263206481933594
1365889754.3588433,111.200005,2.8354079723358154
1365889754.5594244,112.800003,2.8527753353118896
1365889754.7599502,112.800003,2.812002658843994
1365889754.9610376,112.800003,2.841304302215576
1365889755.1663744,111.200005,3.146009922027588
1365889755.3618846,108.800003,2.972062587738037
1365889755.5668445,110.400002,2.873276948928833
1365889755.7642667,106.400002,3.1731972694396973
1365889755.962896,107.200005,2.976741075515747
1365889756.1683974,104.800003,2.8374810218811035
1365889756.3638983,106.400002,2.890021562576294
1365889756.570387,106.400002,2.8261451721191406
1365889756.7671816,106.400002,2.8859283924102783
1365889756.9653642,107.200005,2.825040340423584
1365889757.166235,106.400002,2.8904457092285156
1365889757.3613446,110.400002,2.9371798038482666
1365889757.5702736,110.400002,2.8554656505584717
1365889757.762421,110.400002,3.059460401535034
1365889757.9614081,106.400002,2.8636884689331055
1365889758.162423,111.200005,2.883619546890259
1365889758.3979337,110.400002,2.886197328567505
1365889758.562529,111.200005,2.815469264984131
1365889758.761847,111.200005,2.8327157497406006
1365889758.9622593,110.400002,2.876197099685669
1365889759.1656852,111.200005,2.8754804134368896
1365889759.3623385,110.400002,2.9236161708831787
1365889759.5635705,111.200005,2.8140251636505127
1365889759.7676144,110.400002,3.2047979831695557
1365889759.9675963,106.400002,3.011654853820801
1365889760.16575,110.400002,3.007737874984741
1365889760.3643243,111.200005,2.9741904735565186
1365889760.5632281,111.200005,2.844679117202759
1365889760.7637396,110.400002,2.8449325561523438
1365889760.963876,111.200005,2.814513921737671
1365889761.1651428,111.200005,2.8268001079559326
1365889761.3707983,112.800003,2.876100540161133
1365889761.564714,112.800003,2.829422950744629
1365889761.7707705,111.200005,2.8589205741882324
1365889761.9751318,112.800003,2.902832269668579
1365889762.1652772,110.400002,2.81742262840271
1365889762.3656156,110.400002,2.949932336807251
1365889762.569561,110.400002,2.9260339736938477
1365889762.76889,108.800003,2.9413106441497803
1365889762.9671624,108.800003,3.3497636318206787
1365889763.167682,107.200005,3.1543071269989014
1365889763.367797,108.800003,2.957880735397339
1365889763.5687015,103.200005,2.8324005603790283
1365889763.773304,104.800003,2.8810441493988037
1365889763.968668,106.400002,2.8606510162353516
1365889764.1677823,107.200005,2.8165159225463867
1365889764.3834517,106.400002,2.949428081512451
1365889764.572563,110.400002,2.8237688541412354
1365889764.7760758,112.800003,2.835541248321533
1365889764.969693,111.200005,2.872572898864746
1365889765.171821,112.800003,2.8782989978790283
1365889765.371296,110.400002,2.832118272781372
1365889765.5727448,110.400002,2.811124086380005
1365889765.7795873,110.400002,2.935537815093994
1365889765.975325,110.400002,2.852153778076172
1365889766.1730947,110.400002,2.8140392303466797
1365889766.380895,111.200005,2.8256287574768066
1365889766.5726159,110.400002,2.8496291637420654
1365889766.7933862,110.400002,2.8150722980499268
1365889766.973411,112.800003,2.8120644092559814
1365889767.1729174,111.200005,2.8171024322509766
1365889767.3767285,110.400002,2.909580945968628
1365889767.5742083,111.200005,2.8158295154571533
1365889767.7738607,111.200005,2.824366331100464
1365889767.973455,111.200005,2.839242696762085
1365889768.176024,112.800003,2.848773717880249
1365889768.373613,111.200005,2.8779845237731934
1365889768.5780375,110.400002,2.8117010593414307
1365889768.7757025,439.200012,2.8238794803619385
1365889768.9962442,111.200005,2.9397900104522705
1365889769.1744678,110.400002,2.8163321018218994
1365889769.3744633,111.200005,2.8192272186279297
1365889769.575152,111.200005,2.8350636959075928
1365889769.7740777,112.800003,2.8324737548828125
1365889769.9752831,111.200005,2.884129762649536
1365889770.1817675,112.800003,2.8355090618133545
1365889770.3785827,111.200005,2.8106415271759033
1365889770.5781102,106.400002,2.874239683151245
1365889770.7767513,106.400002,2.8152105808258057
1365889770.9778125,107.200005,2.811575174331665
1365889771.1819227,106.400002,2.8100173473358154
1365889771.377312,110.400002,2.9136176109313965
1365889771.5778391,115.200005,2.8631813526153564
1365889771.7763,110.400002,2.823512077331543
1365889771.987757,104.800003,2.82155442237854
1365889772.1771383,108.800003,2.908574342727661
1365889772.3767176,110.400002,2.908162832260132
1365889772.576979,112.800003,2.895127296447754
1365889772.7779896,110.400002,2.822551727294922
1365889772.977405,110.400002,2.8118908405303955
1365889773.17791,110.400002,2.871685266494751
1365889773.407441,110.400002,2.845808982849121
1365889773.5779688,111.200005,2.864297389984131
1365889773.7781756,108.800003,2.8254146575927734
1365889773.9779344,108.800003,2.874061346054077
1365889774.1777942,108.800003,2.817713975906372
1365889774.3894784,110.400002,2.8112151622772217
1365889774.5777922,108.800003,2.810457229614258
1365889774.777918,110.400002,2.8197591304779053
1365889774.977445,108.800003,2.9499194622039795
1365889775.1780958,111.200005,3.1378607749938965
1365889775.383496,108.800003,2.9371068477630615
1365889775.5838616,110.400002,2.8121554851531982
1365889775.806595,110.400002,2.945686101913452
1365889775.978135,108.800003,2.8668408393859863
1365889776.1771905,110.400002,2.827270746231079
1365889776.396368,108.800003,2.8952765464782715
1365889776.5779374,111.200005,2.8744359016418457
1365889776.7780824,104.800003,2.9297549724578857
1365889776.9777446,108.800003,2.822864294052124
1365889777.1814585,110.400002,3.0316028594970703
1365889777.3777752,108.800003,2.888167381286621
1365889777.5781271,108.800003,3.166635751724243
1365889777.802088,108.800003,2.9451518058776855
1365889777.9794405,107.200005,2.813278913497925
1365889778.1784606,107.200005,2.8627820014953613
1365889778.378738,107.200005,2.9097015857696533
1365889778.57832,107.200005,2.8098955154418945
1365889778.7787068,110.400002,2.81963849067688
1365889778.978449,106.400002,2.817305326461792
1365889779.178178,110.400002,2.817957639694214
1365889779.380994,112.800003,2.811047077178955
1365889779.5786667,112.800003,2.812932014465332
1365889779.778684,110.400002,2.813662528991699
1365889779.978211,110.400002,2.8239681720733643
1365889780.1836057,108.800003,2.8628571033477783
1365889780.3814118,106.400002,2.820127010345459
1365889780.581031,107.200005,2.842430353164673
1365889780.7795353,106.400002,2.8550639152526855
1365889780.9810452,106.400002,2.819098711013794
1365889781.1816938,107.200005,2.8723535537719727
1365889781.379942,112.800003,2.860778331756592
1365889781.579585,104.800003,2.8318939208984375
1365889781.7802393,111.200005,2.8230466842651367
1365889781.9873145,110.400002,2.8164868354797363
1365889782.180535,110.400002,2.812173366546631
1365889782.381757,112.800003,2.9120821952819824
1365889782.580567,106.400002,2.898367166519165
1365889782.780567,110.400002,2.8106672763824463
1365889782.981391,110.400002,2.873131275177002
1365889783.1829553,114.400002,2.81917405128479
1365889783.3823025,112.800003,2.9108831882476807
1365889783.5827477,111.200005,2.8206787109375
1365889783.7852137,112.800003,2.8248672485351562
1365889783.9843395,110.400002,2.8126816749572754
1365889784.18799,110.400002,2.8324134349823
1365889784.3945808,108.800003,2.904559373855591
1365889784.5830438,107.200005,2.8194525241851807
1365889784.7863863,110.400002,2.8218719959259033
1365889784.983191,108.800003,2.841681718826294
1365889785.2201302,110.400002,2.8261821269989014
1365889785.3836086,108.800003,2.8670427799224854
1365889785.5831447,108.800003,2.880627393722534
1365889785.7840354,108.800003,2.88767409324646
1365889785.9834688,108.800003,2.8410537242889404
1365889786.183961,107.200005,2.81024169921875
1365889786.3995924,107.200005,2.8339388370513916
1365889786.584572,108.800003,2.8184967041015625
1365889786.785033,107.200005,2.8112452030181885
1365889786.9866068,108.800003,2.823667526245117
1365889787.1887949,108.800003,2.810905933380127
1365889787.388361,108.800003,2.8433239459991455
1365889787.5853965,108.800003,2.810244083404541
1365889787.78375,107.200005,2.822146415710449
1365889787.9843447,107.200005,2.8654487133026123
1365889788.1852705,108.800003,2.8201115131378174
1365889788.386265,104.800003,2.892961263656616
1365889788.5849843,110.400002,2.81406569480896
1365889788.7845097,111.200005,2.8310890197753906
1365889788.9859085,110.400002,2.8160159587860107
1365889789.184329,110.400002,2.819699287414551
1365889789.3847675,110.400002,2.8437979221343994
1365889789.5889528,108.800003,2.8436625003814697
1365889789.7858255,110.400002,2.8568201065063477
1365889789.9871142,110.400002,2.844146490097046
1365889790.186632,110.400002,2.8534793853759766
1365889790.3854475,108.800003,2.816070556640625
1365889790.586397,108.800003,2.8739635944366455
1365889790.7873151,108.800003,2.826171636581421
1365889790.9891102,106.400002,2.8121185302734375
1365889791.188071,106.400002,3.0752992630004883
1365889791.3913362,111.200005,2.8748018741607666
1365889791.5885675,112.800003,2.870060682296753
1365889791.7893476,114.400002,2.8125646114349365
1365889791.9889781,112.800003,2.953678846359253
1365889792.1951091,110.400002,2.9006879329681396
1365889792.3891017,111.200005,2.8669111728668213
1365889792.5930104,112.800003,2.810088872909546
1365889792.789432,111.200005,2.81054949760437
1365889792.9919968,110.400002,2.81657338142395
1365889793.1897604,110.400002,2.815415859222412
1365889793.3966854,108.800003,2.8150408267974854
1365889793.5907774,108.800003,2.809661865234375
1365889793.797208,110.400002,2.856394052505493
1365889793.9898376,107.200005,2.815929412841797
1365889794.1893642,106.400002,2.870917558670044
1365889794.39533,106.400002,3.021411180496216
1365889794.589435,107.200005,3.016162395477295
1365889794.7900984,106.400002,2.8496949672698975
1365889794.9919052,106.400002,2.8766591548919678
1365889795.2174866,106.400002,2.8447036743164062
1365889795.3901718,108.800003,2.8366708755493164
1365889795.5946763,107.200005,2.8207967281341553
1365889795.7900357,108.800003,2.830993413925171
1365889795.9899926,104.800003,2.8404479026794434
1365889796.1896844,107.200005,2.8162784576416016
1365889796.3899832,106.400002,2.8208131790161133
1365889796.5902493,107.200005,2.808706283569336
1365889796.7906134,106.400002,2.8402998447418213
1365889797.0010903,110.400002,2.8091702461242676
1365889797.19871,110.400002,2.9421417713165283
1365889797.391832,108.800003,2.8403091430664062
1365889797.592806,108.800003,2.8320953845977783
1365889797.7982352,110.400002,2.8155252933502197
1365889797.9963987,111.200005,2.818216323852539
1365889798.193216,111.200005,2.8364920616149902
1365889798.4001079,110.400002,2.858924150466919
1365889798.5944817,111.200005,2.817716360092163
1365889798.7946842,110.400002,2.825352430343628
1365889798.99522,108.800003,2.859646797180176
1365889799.2018929,110.400002,2.8516392707824707
1365889799.3967128,107.200005,2.812760829925537
1365889799.5955913,110.400002,2.8090908527374268
1365889799.794494,108.800003,2.9740238189697266
1365889799.9955597,108.800003,2.8663766384124756
1365889800.1952865,107.200005,2.81020188331604
1365889800.3950722,106.400002,2.816626787185669
1365889800.6649942,106.400002,2.880667209625244
1365889800.7987833,110.400002,2.8163561820983887
1365889800.996659,107.200005,2.9490859508514404
1365889801.1950827,107.200005,2.8856706619262695
1365889801.3973014,108.800003,2.829740047454834
1365889801.5962594,108.800003,2.857344388961792
1365889801.7959833,110.400002,2.8206100463867188
1365889802.0292199,110.400002,2.8106679916381836
1365889802.1954439,114.400002,2.8330960273742676
1365889802.3980331,111.200005,2.856893539428711
1365889802.5949054,112.800003,2.8785789012908936
1365889802.7953193,112.800003,2.8996422290802
1365889803.0042841,110.400002,2.8198654651641846
1365889803.1986086,110.400002,2.810412883758545
1365889803.4001884,111.200005,2.8430051803588867
1365889803.5959647,112.800003,2.8625030517578125
1365889803.795379,111.200005,2.819291830062866
1365889803.9972088,110.400002,2.84700870513916
1365889804.1959162,110.400002,2.904285192489624
1365889804.3979988,111.200005,2.921339750289917
1365889804.5957577,110.400002,2.814152956008911
1365889804.795962,110.400002,2.8163907527923584
1365889804.9977622,111.200005,2.8239622116088867
1365889805.1970654,110.400002,2.871365547180176
1365889805.397512,108.800003,2.852562189102173
1365889805.5962338,110.400002,2.837569236755371
1365889805.7954938,110.400002,2.8136720657348633
1365889805.9968796,110.400002,2.897347927093506
1365889806.1963675,110.400002,2.8227949142456055
1365889806.3954525,110.400002,2.826896905899048
1365889806.5955112,108.800003,4.060874700546265
1365889806.7993505,112.800003,3.8653805255889893
1365889806.9962685,108.800003,3.676499843597412
1365889807.1953032,108.800003,3.4868011474609375
1365889807.3952348,107.200005,3.2911314964294434
1365889807.6028428,110.400002,3.0894033908843994
1365889807.7962284,110.400002,2.899386405944824
1365889807.9970453,111.200005,2.820509910583496
1365889808.1976564,449.600006,2.815274477005005
1365889808.4010873,107.200005,2.9002280235290527
1365889808.599731,108.800003,2.898484468460083
1365889808.799414,110.400002,3.0282578468322754
1365889808.9991257,108.800003,3.0145351886749268
1365889809.1988723,110.400002,2.8409931659698486
1365889809.3993335,110.400002,2.8841874599456787
1365889809.5996437,108.800003,2.9235124588012695
1365889809.800665,111.200005,2.902529716491699
1365889810.0007422,110.400002,2.811760425567627
1365889810.2028732,110.400002,2.867042064666748
1365889810.4058557,108.800003,2.922165870666504
1365889810.6007974,111.200005,2.814027786254883
1365889810.800241,106.400002,2.816542863845825
1365889811.000415,111.200005,2.8251707553863525
1365889811.2039409,107.200005,2.8174262046813965
1365889811.4036887,114.400002,2.852274179458618
1365889811.6017857,111.200005,2.8914756774902344
1365889811.801132,112.800003,2.976085901260376
1365889812.0349705,111.200005,2.838667869567871
1365889812.2124052,110.400002,2.822411060333252
1365889812.402846,111.200005,2.8838863372802734
1365889812.6008458,388.000000,2.842520236968994
1365889812.8017359,110.400002,2.8969814777374268
1365889813.0016391,108.800003,2.8545804023742676
1365889813.2020004,110.400002,2.860870838165283
1365889813.40257,108.800003,2.876742362976074
1365889813.6032667,108.800003,2.8311450481414795
1365889813.8044555,106.400002,2.824725389480591
1365889814.0043437,106.400002,2.8301773071289062
1365889814.204697,106.400002,2.826326370239258
1365889814.4051783,111.200005,2.9036366939544678
1365889814.6055982,112.800003,2.8270952701568604
1365889814.8079796,111.200005,2.833416700363159
1365889815.007943,110.400002,2.820963144302368
1365889815.214534,110.400002,2.8110086917877197
1365889815.4070406,112.800003,2.9291157722473145
1365889815.6132426,108.800003,2.8732705116271973
1365889815.8068333,110.400002,2.822141408920288
1365889816.0075622,112.800003,2.8209638595581055
1365889816.2154021,111.200005,2.8621888160705566
1365889816.414273,111.200005,2.8217005729675293
1365889816.6076286,111.200005,2.8479702472686768
1365889816.8131769,112.800003,2.8796989917755127
1365889817.0069947,111.200005,2.877918004989624
1365889817.2069356,111.200005,2.822924852371216
1365889817.4073365,104.800003,2.8843679428100586
1365889817.6090074,112.800003,2.85719895362854
1365889817.8099604,108.800003,2.8821957111358643
1365889818.0073726,111.200005,3.090507745742798
1365889818.2087831,114.400002,3.0205249786376953
1365889818.4077728,111.200005,2.9053561687469482
1365889818.610275,111.200005,2.844059944152832
1365889818.809817,114.400002,3.027249574661255
1365889819.008018,107.200005,2.8312675952911377
1365889819.210236,110.400002,3.0062952041625977
1365889819.4131875,108.800003,2.865316867828369
1365889819.608325,111.200005,2.87813401222229
1365889819.8088832,108.800003,2.911515235900879
1365889820.0089881,111.200005,2.9816603660583496
1365889820.215913,108.800003,2.815734624862671
1365889820.4135444,107.200005,2.8381054401397705
1365889820.616612,110.400002,2.8597617149353027
1365889820.8085241,108.800003,2.8648056983947754
1365889821.0091271,108.800003,2.81746244430542
1365889821.2086158,108.800003,2.8555636405944824
1365889821.4098368,447.200012,2.868736505508423
1365889821.6119242,108.800003,2.8632516860961914
1365889821.8092473,107.200005,2.8418326377868652
1365889822.0110562,108.800003,2.8401718139648438
1365889822.211574,108.800003,2.8322153091430664
1365889822.4150605,106.400002,2.8349130153656006
1365889822.610036,106.400002,2.819615602493286
1365889822.8096683,107.200005,2.852692127227783
1365889823.0103753,103.200005,2.845263719558716
1365889823.2313683,106.400002,2.83534574508667
1365889823.4097311,106.400002,2.925983428955078
1365889823.6107311,108.800003,2.8272085189819336
1365889823.8108356,111.200005,2.85329532623291
1365889824.010371,111.200005,2.8295061588287354
1365889824.2153485,104.800003,2.8265886306762695
1365889824.409797,110.400002,2.967211961746216
1365889824.61462,104.800003,2.830139636993408
1365889824.8184223,110.400002,2.8424882888793945
1365889825.010176,108.800003,2.829216241836548
1365889825.2193034,110.400002,2.8152570724487305
1365889825.4109566,108.800003,2.8762331008911133
1365889825.610489,110.400002,2.880699396133423
1365889825.810752,108.800003,2.843545436859131
1365889826.0108383,111.200005,2.8805222511291504
1365889826.212509,108.800003,2.852041244506836
1365889826.4119098,108.800003,2.896231174468994
1365889826.6124775,106.400002,3.4708802700042725
1365889826.8122065,106.400002,3.2759218215942383
1365889827.012667,106.400002,3.082437515258789
1365889827.2137024,104.800003,2.8951237201690674
1365889827.4127467,108.800003,2.82239031791687
1365889827.6146343,110.400002,2.826878070831299
1365889827.8152792,110.400002,2.9986252784729004
1365889828.0206444,106.400002,3.013622522354126
1365889828.219091,110.400002,2.9100699424743652
1365889828.4139457,103.200005,2.8592488765716553
1365889828.6199768,115.200005,2.8228554725646973
1365889828.8177135,111.200005,2.841667413711548
1365889829.0163898,111.200005,2.9157345294952393
1365889829.2147813,112.800003,2.843021869659424
1365889829.4196312,112.800003,2.8119709491729736
1365889829.6172936,114.400002,2.858213186264038
1365889829.8272917,106.400002,2.8386497497558594
1365889830.0145202,114.400002,2.821528196334839
1365889830.2153368,111.200005,2.8231139183044434
1365889830.4143686,111.200005,2.958665132522583
1365889830.6153278,111.200005,2.9087417125701904
1365889830.8211398,110.400002,2.833261251449585
1365889831.0165243,110.400002,2.810180425643921
1365889831.2157881,112.800003,2.8113250732421875
1365889831.4157805,111.200005,2.9023854732513428
1365889831.6154163,112.800003,2.8138206005096436
1365889831.8226788,110.400002,2.827744960784912
1365889832.0144093,110.400002,2.816696882247925
1365889832.2202148,111.200005,3.121610403060913
1365889832.4204051,108.800003,2.923123836517334
1365889832.615476,106.400002,2.936549186706543
1365889832.8160963,111.200005,2.9025332927703857
1365889833.0151455,110.400002,2.8238816261291504
1365889833.2235613,110.400002,2.8193161487579346
1365889833.4271939,114.400002,2.8396358489990234
1365889833.6256976,111.200005,2.837461471557617
1365889833.8188832,110.400002,2.831814765930176
1365889834.0154734,107.200005,2.843534231185913
1365889834.2154384,107.200005,2.8121461868286133
1365889834.41482,106.400002,2.825676679611206
1365889834.6174536,382.399994,2.8164291381835938
1365889834.8306293,106.400002,2.81496524810791
1365889835.0156672,107.200005,2.836728096008301
1365889835.215256,106.400002,2.815629005432129
1365889835.4166172,107.200005,2.837193727493286
1365889835.62235,106.400002,2.9717769622802734
1365889835.8163266,110.400002,2.815699577331543
1365889836.0156364,106.400002,2.8262157440185547
1365889836.2161422,110.400002,2.820997953414917
1365889836.415831,106.400002,2.8420610427856445
1365889836.619977,111.200005,2.8328328132629395
1365889836.8293195,111.200005,3.0213968753814697
1365889837.0156736,110.400002,2.903177499771118
1365889837.2180395,108.800003,2.902270555496216
1365889837.421141,110.400002,2.9130918979644775
1365889837.615965,108.800003,2.8224668502807617
1365889837.8154263,108.800003,2.828606605529785
1365889838.0165384,106.400002,2.8181076049804688
1365889838.2156594,104.800003,2.8592331409454346
1365889838.4158285,106.400002,2.816073179244995
1365889838.6157653,112.800003,2.810251474380493
1365889838.8160937,288.000000,2.845712661743164
1365889839.018397,111.200005,2.861828088760376
1365889839.225583,111.200005,2.8256490230560303
1365889839.4169223,111.200005,2.8077285289764404
1365889839.6178486,112.800003,2.814411163330078
1365889839.8173397,110.400002,2.816195249557495
1365889840.0180204,111.200005,2.8254497051239014
1365889840.2194996,110.400002,2.828068733215332
1365889840.4201803,110.400002,2.8891782760620117
1365889840.6492596,111.200005,2.867417573928833
1365889840.8266573,112.800003,3.0268306732177734
1365889841.018954,108.800003,2.8378772735595703
1365889841.218852,108.800003,2.8143746852874756
1365889841.419053,107.200005,2.814635992050171
1365889841.6616995,108.800003,2.809732437133789
1365889841.8327785,112.800003,2.823651075363159
1365889842.0306365,106.400002,2.849808692932129
1365889842.2187889,112.800003,2.853377103805542
1365889842.421786,121.599998,2.8547024726867676
1365889842.637967,111.200005,2.8251395225524902
1365889842.8203926,120.800003,2.818527936935425
1365889843.020621,110.400002,2.8098337650299072
1365889843.2276838,111.200005,2.822568416595459
1365889843.421353,103.200005,2.809748649597168
1365889843.6211913,110.400002,2.8296444416046143
1365889843.8206115,111.200005,2.8091137409210205
1365889844.0211787,110.400002,2.8251242637634277
1365889844.2221525,110.400002,2.813947916030884
1365889844.426481,110.400002,2.8782973289489746
1365889844.6225798,110.400002,2.809609889984131
1365889844.8216088,110.400002,2.8127951622009277
1365889845.021952,110.400002,2.813771963119507
1365889845.223552,110.400002,2.8226158618927
1365889845.4219651,107.200005,2.849419593811035
1365889845.628899,104.800003,2.8420305252075195
1365889845.8220875,108.800003,2.841367244720459
1365889846.0212455,108.800003,2.8155343532562256
1365889846.2583697,114.400002,2.9300944805145264
1365889846.4227679,106.400002,2.833822250366211
1365889846.627942,108.800003,2.9447128772735596
1365889846.8248043,110.400002,2.8167548179626465
1365889847.0235016,111.200005,2.828339099884033
1365889847.223907,108.800003,2.808462381362915
1365889847.4315143,107.200005,2.860670566558838
1365889847.629204,110.400002,2.812624216079712
1365889847.8257074,110.400002,2.8582088947296143
1365889848.0258021,110.400002,2.8178980350494385
1365889848.22617,110.400002,2.824946165084839
1365889848.427561,110.400002,2.9816055297851562
1365889848.6277275,108.800003,2.866030216217041
1365889848.8280947,112.800003,2.8265416622161865
1365889849.0300047,110.400002,2.820833444595337
1365889849.2305589,111.200005,2.9016780853271484
1365889849.428298,110.400002,2.8224878311157227
1365889849.6279442,110.400002,2.8401834964752197
1365889849.8293486,110.400002,2.826956033706665
1365889850.0298002,108.800003,2.8181824684143066
1365889850.227943,108.800003,2.828655958175659
1365889850.4284692,111.200005,2.830334186553955
1365889850.6281717,112.800003,2.8157639503479004
1365889850.8282807,108.800003,2.8130500316619873
1365889851.0591564,108.800003,2.8987340927124023
1365889851.227756,107.200005,2.828733444213867
1365889851.4327717,107.200005,2.830625534057617
1365889851.6280544,107.200005,2.846951484680176
1365889851.8274808,108.800003,2.8185036182403564
1365889852.0278277,107.200005,2.81532883644104
1365889852.2288013,110.400002,2.8586649894714355
1365889852.4283752,106.400002,2.829296588897705
1365889852.6420166,111.200005,2.883155107498169
1365889852.8283508,110.400002,2.8099517822265625
1365889853.0291796,107.200005,2.8194708824157715
1365889853.2283878,106.400002,2.815608263015747
1365889853.430061,111.200005,2.8186850547790527
1365889853.6284282,111.200005,2.8156566619873047
1365889853.8289125,111.200005,2.852954864501953
1365889854.028861,111.200005,2.8109047412872314
1365889854.2358224,114.400002,2.8157503604888916
1365889854.4403732,108.800003,2.8349716663360596
1365889854.6284702,110.400002,2.902449607849121
1365889854.8289282,108.800003,2.8149125576019287
1365889855.0309048,108.800003,2.811166524887085
1365889855.2647424,107.200005,2.8336730003356934
1365889855.4288383,107.200005,2.820185899734497
1365889855.63491,108.800003,2.861119031906128
1365889855.829772,107.200005,2.855912208557129
1365889856.0283554,107.200005,2.8388140201568604
1365889856.2278314,106.400002,2.813194990158081
1365889856.4290848,445.600006,2.8090426921844482
1365889856.6287494,111.200005,2.8214259147644043
1365889856.829827,111.200005,2.8597686290740967
1365889857.030645,111.200005,2.81479811668396
1365889857.230045,110.400002,2.8094825744628906
1365889857.446545,108.800003,2.82905650138855
1365889857.6293852,110.400002,2.842832088470459
1365889857.8359745,114.400002,2.8190577030181885
1365889858.0318594,112.800003,2.817380428314209
1365889858.2303946,111.200005,2.817607879638672
1365889858.4302988,112.800003,2.8118417263031006
1365889858.631942,107.200005,2.824333667755127
1365889858.829713,107.200005,2.8150718212127686
1365889859.0487974,108.800003,2.8116824626922607
1365889859.2329974,106.400002,2.8302717208862305
1365889859.4307337,110.400002,2.890714406967163
1365889859.6311483,107.200005,2.927727222442627
1365889859.9129326,110.400002,2.91525936126709
1365889860.0313308,112.800003,2.827022075653076
1365889860.2396324,115.200005,2.8468074798583984
1365889860.4334443,110.400002,2.8690409660339355
1365889860.641173,111.200005,2.8246052265167236
1365889860.8330922,110.400002,2.818812131881714
1365889861.033745,111.200005,2.818739891052246
1365889861.2337332,110.400002,2.8526434898376465
1365889861.4349105,110.400002,2.8108103275299072
1365889861.6353314,108.800003,2.869375467300415
1365889861.835706,108.800003,2.810899019241333
1365889862.036402,107.200005,3.190915584564209
1365889862.2357981,107.200005,2.996225118637085
1365889862.4425867,107.200005,3.055544853210449
1365889862.6369293,106.400002,2.9280943870544434
1365889862.8392084,106.400002,2.8271076679229736
1365889863.0392506,111.200005,2.818708658218384
1365889863.2391677,111.200005,2.826997756958008
1365889863.4387147,111.200005,2.8840174674987793
1365889863.6438756,112.800003,2.8922195434570312
1365889863.8446503,110.400002,2.8246796131134033
1365889864.0450747,110.400002,2.8409507274627686
1365889864.2396216,110.400002,2.8316128253936768
1365889864.4470005,111.200005,2.9327986240386963
1365889864.639728,110.400002,2.811993360519409
1365889864.8399758,110.400002,2.962009906768799
1365889865.039238,108.800003,2.957366943359375
1365889865.2395973,108.800003,2.9654664993286133
1365889865.44405,111.200005,2.876556634902954
1365889865.641394,108.800003,2.829589366912842
1365889865.8401163,110.400002,2.8786401748657227
1365889866.040281,112.800003,2.8195557594299316
1365889866.2410312,110.400002,2.8190245628356934
1365889866.4403234,108.800003,2.8769633769989014
1365889866.6447744,110.400002,2.8249635696411133
1365889866.8404665,110.400002,2.8150181770324707
1365889867.0411415,111.200005,2.892854928970337
1365889867.240684,110.400002,2.819387435913086
1365889867.4446845,110.400002,2.810870409011841
1365889867.644591,110.400002,2.824272394180298
1365889867.8471923,110.400002,2.8625171184539795
1365889868.0404582,110.400002,2.8176779747009277
1365889868.241925,108.800003,2.831648111343384
1365889868.442849,108.800003,2.8263795375823975
1365889868.642004,107.200005,2.856825828552246
1365889868.841588,107.200005,2.948075532913208
1365889869.0432599,107.200005,2.825485944747925
1365889869.2557566,106.400002,2.8281872272491455
1365889869.4421349,106.400002,2.8310675621032715
1365889869.6422925,111.200005,2.817335844039917
1365889869.8431563,107.200005,2.877617120742798
1365889870.0447698,111.200005,2.8362605571746826
1365889870.2437856,111.200005,2.825711727142334
1365889870.4431713,112.800003,2.8609583377838135
1365889870.64798,111.200005,2.821997880935669
1365889870.8472934,112.800003,2.8086934089660645
1365889871.0508177,114.400002,2.810894250869751
1365889871.2436476,112.800003,2.830838203430176
1365889871.444176,111.200005,3.4253439903259277
1365889871.6435168,112.800003,3.32536244392395
1365889871.8448446,111.200005,3.1258766651153564
1365889872.0465667,106.400002,2.9257454872131348
1365889872.2440836,106.400002,2.8451128005981445
1365889872.5395417,112.800003,2.8485748767852783
1365889872.6476543,112.800003,2.808683156967163
1365889872.8453257,110.400002,2.819340467453003
1365889873.0448885,114.400002,2.8740079402923584
1365889873.2823348,111.200005,2.8863632678985596
1365889873.4700763,112.800003,2.8703393936157227
1365889873.656343,111.200005,2.823542833328247
1365889873.8458242,112.800003,2.827500581741333
1365889874.0473485,106.400002,2.81498646736145
1365889874.2468078,107.200005,2.8197007179260254
1365889874.4461987,104.800003,2.811133861541748
1365889874.6520107,110.400002,2.8123979568481445
1365889874.848642,104.800003,2.8084256649017334
1365889875.0478156,111.200005,2.807577610015869
1365889875.2478557,108.800003,2.8106863498687744
1365889875.4479027,111.200005,2.8128256797790527
1365889875.6480055,103.200005,2.808541774749756
1365889875.8478029,111.200005,2.8200621604919434
1365889876.0490072,110.400002,2.8111002445220947
1365889876.2480223,111.200005,2.82118821144104
1365889876.4492323,112.800003,2.8209588527679443
1365889876.6473944,111.200005,2.818833589553833
1365889876.8469162,110.400002,2.8118021488189697
1365889877.0474308,111.200005,2.8346617221832275
1365889877.2492268,112.800003,2.8994028568267822
1365889877.448603,110.400002,2.8171982765197754
1365889877.6485493,111.200005,2.825059413909912
1365889877.8481178,112.800003,2.822054624557495
1365889878.047925,111.200005,2.841648817062378
1365889878.253649,112.800003,2.839895486831665
1365889878.4475226,110.400002,2.866734743118286
1365889878.648183,111.200005,2.829249382019043
1365889878.8481297,108.800003,2.875729560852051
1365889879.0502884,112.800003,2.848484516143799
1365889879.2483392,111.200005,2.831458806991577
1365889879.4482527,111.200005,2.8103301525115967
1365889879.6477027,110.400002,2.824849843978882
1365889879.8481667,110.400002,2.820566415786743
1365889880.0485818,110.400002,2.9644336700439453
1365889880.2494698,110.400002,2.824829578399658
1365889880.4485576,110.400002,2.8162500858306885
1365889880.6510513,111.200005,2.8210346698760986
1365889880.8525202,110.400002,2.8076887130737305
1365889881.057136,110.400002,2.81836199760437
1365889881.2499406,111.200005,2.8322181701660156
1365889881.451565,111.200005,2.820009469985962
1365889881.650276,112.800003,2.8143961429595947
1365889881.8495927,112.800003,2.8218443393707275
1365889882.0501745,111.200005,2.829495906829834
1365889882.253348,111.200005,2.8498685359954834
1365889882.449974,108.800003,2.8167169094085693
1365889882.6497178,110.400002,3.0045835971832275
1365889882.8503182,110.400002,2.843722105026245
1365889883.0528955,111.200005,2.9167118072509766
1365889883.2534704,110.400002,2.8119735717773438
1365889883.45227,112.800003,2.8096604347229004
1365889883.6503177,110.400002,2.8092041015625
1365889883.8505824,110.400002,2.8468477725982666
1365889884.072489,111.200005,2.8499529361724854
1365889884.2496834,108.800003,2.816955804824829
1365889884.4501982,111.200005,2.8606951236724854
1365889884.6565073,114.400002,2.8330140113830566
1365889884.8527741,110.400002,2.917109727859497
1365889885.0516644,110.400002,2.8195888996124268
1365889885.2512627,106.400002,2.8462939262390137
1365889885.4512756,104.800003,2.825293779373169
1365889885.6579456,111.200005,2.873967170715332
1365889885.8594024,111.200005,2.816673755645752
1365889886.0592473,111.200005,2.8232216835021973
1365889886.2532115,111.200005,2.8235507011413574
1365889886.4540718,110.400002,2.8600409030914307
1365889886.6544223,110.400002,2.8315391540527344
1365889886.8555303,110.400002,2.848815441131592
1365889887.054395,110.400002,2.832451820373535
1365889887.2560675,112.800003,2.8098371028900146
1365889887.4553223,110.400002,2.9259095191955566
1365889887.6540782,108.800003,2.8187007904052734
1365889887.8546379,110.400002,2.8294286727905273
1365889888.0567439,110.400002,2.8131465911865234
1365889888.2576566,108.800003,2.8401987552642822
1365889888.4551432,108.800003,2.808656930923462
1365889888.6553133,108.800003,2.8144819736480713
1365889888.8563032,107.200005,2.81195330619812
1365889889.0561776,108.800003,2.8645851612091064
1365889889.2568192,114.400002,2.8152434825897217
1365889889.456709,108.800003,2.8140604496002197
1365889889.6588342,107.200005,2.8178510665893555
1365889889.864035,112.800003,2.8318538665771484
1365889890.0574768,106.400002,2.8221354484558105
1365889890.26048,110.400002,2.832293748855591
1365889890.4648528,114.400002,2.8157238960266113
1365889890.6616666,110.400002,2.8215880393981934
1365889890.8567853,111.200005,2.8964407444000244
1365889891.0618966,114.400002,2.8624842166900635
1365889891.259011,111.200005,2.8291821479797363
1365889891.459886,110.400002,2.862637996673584
1365889891.6592867,110.400002,2.853464126586914
1365889891.8587615,110.400002,2.8248398303985596
1365889892.0678742,108.800003,2.820157527923584
1365889892.2584302,110.400002,2.833674192428589
1365889892.463448,114.400002,2.8320083618164062
1365889892.6575994,108.800003,2.9410102367401123
1365889892.8579757,108.800003,2.813880443572998
1365889893.0619316,108.800003,2.8273632526397705
1365889893.2588036,108.800003,2.8183813095092773
1365889893.4592063,108.800003,2.8135619163513184
1365889893.6677213,110.400002,2.818582773208618
1365889893.861702,107.200005,2.812812328338623
1365889894.0647378,108.800003,2.809333086013794
1365889894.259031,107.200005,2.8385820388793945
1365889894.4589138,111.200005,2.812931537628174
1365889894.660325,108.800003,2.826878786087036
1365889894.85859,107.200005,2.8160650730133057
1365889895.0623174,108.800003,2.8220372200012207
1365889895.268772,106.400002,2.8196146488189697
1365889895.459226,100.800003,2.815415143966675
1365889895.658953,108.800003,2.8109302520751953
1365889895.8610137,111.200005,2.832383394241333
1365889896.0585284,115.200005,2.8275368213653564
1365889896.280155,110.400002,2.861694097518921
1365889896.4584796,106.400002,2.8081791400909424
1365889896.6586764,114.400002,2.85967755317688
1365889896.8816917,114.400002,2.8202505111694336
1365889897.0592585,111.200005,2.8380625247955322
1365889897.2649052,104.800003,2.8076937198638916
1365889897.462026,116.800003,2.810518980026245
1365889897.6696756,112.800003,2.820146322250366
1365889897.8612115,110.400002,2.816941261291504
1365889898.0618608,110.400002,2.813838005065918
1365889898.2649484,112.800003,2.8140742778778076
1365889898.4651425,107.200005,2.814363718032837
1365889898.6632564,107.200005,2.8148820400238037
1365889898.866596,112.800003,2.8127827644348145
1365889899.0640469,111.200005,2.8122904300689697
1365889899.2635884,110.400002,2.865342617034912
1365889899.4643152,111.200005,2.813694477081299
1365889899.6716545,104.800003,2.815159559249878
1365889899.8644545,106.400002,2.823422908782959
1365889900.0643706,110.400002,2.82627534866333
1365889900.264192,111.200005,2.8078014850616455
1365889900.4649954,110.400002,2.816276788711548
1365889900.6643767,277.600006,2.8092195987701416
1365889900.8681676,111.200005,2.8219518661499023
1365889901.0651097,108.800003,2.8792169094085693
1365889901.2657716,108.800003,2.807896614074707
1365889901.4659314,108.800003,2.829857349395752
1365889901.6756778,110.400002,2.831984281539917
1365889901.865143,108.800003,2.816202163696289
1365889902.0652597,110.400002,2.849418878555298
1365889902.2653124,108.800003,2.820258617401123
1365889902.4735525,110.400002,2.8172292709350586
1365889902.6652904,107.200005,2.912872552871704
1365889902.865029,114.400002,2.8137640953063965
1365889903.0662005,111.200005,2.820922613143921
1365889903.2670193,111.200005,2.821305274963379
1365889903.467659,114.400002,2.8203070163726807
1365889903.664983,112.800003,2.8470940589904785
1365889903.8660793,110.400002,2.8244826793670654
1365889904.0677733,111.200005,2.823258638381958
1365889904.268595,106.400002,2.8432796001434326
1365889904.4672136,111.200005,2.8436031341552734
1365889904.6662343,112.800003,2.82139253616333
1365889904.8678854,111.200005,2.819140911102295
1365889905.0672638,110.400002,2.8543121814727783
1365889905.2666066,108.800003,2.8201966285705566
1365889905.4681554,110.400002,2.829637289047241
1365889905.7160406,110.400002,2.81662654876709
1365889905.867446,115.200005,2.8410398960113525
1365889906.0681133,114.400002,2.8164174556732178
1365889906.2719953,107.200005,2.8137876987457275
1365889906.478302,106.400002,2.8114147186279297
1365889906.670793,108.800003,2.8136870861053467
1365889906.8699293,106.400002,3.0931079387664795
1365889907.070564,106.400002,2.893946409225464
1365889907.2724476,111.200005,2.814023733139038
1365889907.4686644,110.400002,2.8186187744140625
1365889907.6712823,115.200005,2.8369266986846924
1365889907.8728008,114.400002,2.8127846717834473
1365889908.0689628,110.400002,2.8281452655792236
1365889908.2688746,107.200005,2.819268226623535
1365889908.4723594,110.400002,2.8623948097229004
1365889908.671385,108.800003,2.9024157524108887
1365889908.8718493,110.400002,2.8333165645599365
1365889909.0700097,107.200005,2.8169193267822266
1365889909.2699099,108.800003,2.85298228263855
1365889909.4719455,110.400002,2.8954057693481445
1365889909.668979,108.800003,2.8241562843322754
1365889909.8887992,108.800003,2.8378734588623047
1365889910.0692997,108.800003,2.8283121585845947
1365889910.2707117,110.400002,2.862374782562256
1365889910.4758823,111.200005,2.812998056411743
1365889910.672642,110.400002,2.833909749984741
1365889910.8770816,114.400002,2.80763578414917
1365889911.0685074,112.800003,2.8231287002563477
1365889911.271756,110.400002,2.8158209323883057
1365889911.469781,110.400002,2.823268175125122
1365889911.669191,111.200005,2.8270814418792725
1365889911.8697703,112.800003,2.8276054859161377
1365889912.0710604,108.800003,2.81203293800354
1365889912.2736886,110.400002,2.811398983001709
1365889912.472489,110.400002,2.8189468383789062
1365889912.6743472,110.400002,2.8157389163970947
1365889912.874731,107.200005,2.820300817489624
1365889913.0859325,102.400002,2.826467990875244
1365889913.287906,106.400002,2.8210179805755615
1365889913.471707,111.200005,2.8120181560516357
1365889913.694443,361.600006,2.9485011100769043
1365889913.873085,106.400002,2.8287625312805176
1365889914.0786145,114.400002,2.8167431354522705
1365889914.2729492,112.800003,2.886526346206665
1365889914.4807913,112.800003,2.8194150924682617
1365889914.6757147,115.200005,2.8390560150146484
1365889914.8734558,108.800003,2.815744400024414
1365889915.08494,114.400002,2.831908941268921
1365889915.2800665,110.400002,2.8335275650024414
1365889915.4739625,110.400002,2.8133747577667236
1365889915.6732888,110.400002,2.824495315551758
1365889915.8747542,108.800003,2.8255112171173096
1365889916.074051,111.200005,2.8268229961395264
1365889916.2742903,107.200005,2.8193273544311523
1365889916.475603,110.400002,2.813922882080078
1365889916.674273,110.400002,2.811924695968628
1365889916.8744159,111.200005,2.8140015602111816
1365889917.073612,110.400002,2.8751916885375977
1365889917.2785165,115.200005,2.8211188316345215
1365889917.475578,110.400002,2.8157551288604736
1365889917.6736937,112.800003,2.8112964630126953
1365889917.8747644,110.400002,2.834495782852173
1365889918.0777278,110.400002,2.834170341491699
1365889918.275754,108.800003,3.00122332572937
1365889918.4762235,112.800003,2.8329296112060547
1365889918.6797721,114.400002,2.824662446975708
1365889918.8775437,111.200005,2.921579360961914
1365889919.0766284,111.200005,2.935086727142334
1365889919.2815368,110.400002,2.8092100620269775
1365889919.484046,110.400002,2.8266568183898926
1365889919.6783905,111.200005,2.8201136589050293
1365889919.8809333,114.400002,2.832040309906006
1365889920.079133,110.400002,2.8205864429473877
1365889920.2813592,111.200005,2.810492515563965
1365889920.4811141,110.400002,2.807401180267334
1365889920.6825001,108.800003,2.8128581047058105
1365889920.8781803,106.400002,2.8188633918762207
1365889921.0785928,111.200005,2.821608066558838
1365889921.2787294,108.800003,2.81249737739563
1365889921.480888,114.400002,2.8456790447235107
1365889921.6804266,108.800003,2.853260040283203
1365889921.8792589,108.800003,2.82797908782959
1365889922.0814314,110.400002,2.8166353702545166
1365889922.2798378,111.200005,2.8423047065734863
1365889922.480993,114.400002,2.8259153366088867
1365889922.6813304,110.400002,2.8206989765167236
1365889922.8862624,110.400002,2.848416328430176
1365889923.085182,110.400002,2.8189311027526855
1365889923.2820196,108.800003,2.8435606956481934
1365889923.4826055,110.400002,2.8193438053131104
1365889923.683198,108.800003,2.9222652912139893
1365889923.8829303,110.400002,2.8237099647521973
1365889924.083034,110.400002,2.8198091983795166
1365889924.2859492,108.800003,2.8111588954925537
1365889924.483732,111.200005,2.8904595375061035
1365889924.6868587,115.200005,2.855304479598999
1365889924.883431,110.400002,2.831334114074707
1365889925.0836923,111.200005,2.8103458881378174
1365889925.2824671,110.400002,2.9184467792510986
1365889925.48651,115.200005,2.9783835411071777
1365889925.6982107,115.200005,2.843707799911499
1365889925.8836877,111.200005,2.8158793449401855
1365889926.0854912,112.800003,2.824719190597534
1365889926.2835035,112.800003,2.8137025833129883
1365889926.4846394,110.400002,2.835096836090088
1365889926.6838872,111.200005,2.965653896331787
1365889926.882252,111.200005,2.9113597869873047
1365889927.111543,110.400002,2.8312110900878906
1365889927.290594,112.800003,2.80904221534729
1365889927.487192,111.200005,2.8221848011016846
1365889927.682542,111.200005,2.8086252212524414
1365889927.906416,108.800003,2.810988187789917
1365889928.0850525,108.800003,2.8191802501678467
1365889928.2829654,110.400002,2.8140904903411865
1365889928.4824097,110.400002,2.9024155139923096
1365889928.7332232,108.800003,2.810408592224121
1365889928.8854077,110.400002,2.8421409130096436
1365889929.0908356,111.200005,2.8174328804016113
1365889929.2828054,111.200005,2.8117740154266357
1365889929.4831848,110.400002,2.8240268230438232
1365889929.6873636,111.200005,2.8201072216033936
1365889929.897836,108.800003,2.8594655990600586
1365889930.086434,110.400002,2.8132381439208984
1365889930.2847965,108.800003,2.81953501701355
1365889930.496908,108.800003,2.8125112056732178
1365889930.6846862,102.400002,2.833177089691162
1365889930.9174662,108.800003,2.8236567974090576
1365889931.084783,107.200005,2.8233108520507812
1365889931.284273,107.200005,2.8102641105651855
1365889931.4847195,107.200005,2.914510726928711
1365889931.68434,108.800003,3.0098845958709717
1365889931.8862407,104.800003,3.0121407508850098
1365889932.0932407,106.400002,2.8711767196655273
1365889932.286832,111.200005,2.819446563720703
1365889932.48631,110.400002,2.8357372283935547
1365889932.688273,112.800003,2.815671443939209
1365889932.8879561,111.200005,2.8412859439849854
1365889933.0865505,112.800003,2.8450448513031006
1365889933.2865727,112.800003,2.8307881355285645
1365889933.4862816,110.400002,2.826030731201172
1365889933.685459,111.200005,2.822873830795288
1365889933.8872511,114.400002,2.95957350730896
1365889934.08562,111.200005,2.8468739986419678
1365889934.2865322,111.200005,2.8117454051971436
1365889934.487138,111.200005,2.8281757831573486
1365889934.691522,111.200005,2.8093223571777344
1365889934.8924992,114.400002,3.1342790126800537
1365889935.0876591,111.200005,2.9405739307403564
1365889935.2873738,111.200005,2.852081298828125
1365889935.493538,112.800003,2.8307299613952637
1365889935.690876,112.800003,2.868342876434326
1365889935.8874624,110.400002,2.8209733963012695
1365889936.0880706,112.800003,2.819650888442993
1365889936.2877355,111.200005,2.8091282844543457
1365889936.488032,110.400002,2.8304073810577393
1365889936.68915,110.400002,2.815683364868164
1365889936.8884373,110.400002,2.8228607177734375
1365889937.0875778,111.200005,2.8174874782562256
1365889937.2882783,111.200005,2.930473566055298
1365889937.4876678,112.800003,2.8291878700256348
1365889937.6878169,110.400002,2.8335752487182617
1365889937.8895164,110.400002,2.921766757965088
1365889938.0952985,111.200005,2.874232292175293
1365889938.2882268,107.200005,2.9035353660583496
1365889938.4936051,107.200005,2.8147292137145996
1365889938.689175,106.400002,2.819242477416992
1365889938.8912144,107.200005,2.8289952278137207
1365889939.0879133,108.800003,2.849918842315674
1365889939.2896852,108.800003,2.814016342163086
1365889939.4883466,111.200005,2.808640480041504
1365889939.6885037,108.800003,2.8130943775177
1365889939.8907657,110.400002,2.83782958984375
1365889940.0885231,110.400002,3.017902135848999
1365889940.2884123,108.800003,2.8426144123077393
1365889940.4888535,111.200005,2.818044900894165
1365889940.6877358,104.800003,2.855919122695923
1365889940.8883588,111.200005,2.86818265914917
1365889941.0885518,108.800003,2.8161303997039795
1365889941.2891638,107.200005,2.813734531402588
1365889941.4888902,108.800003,2.80983304977417
1365889941.6883228,110.400002,2.8221685886383057
1365889941.8896306,108.800003,2.8134076595306396
1365889942.0935385,111.200005,2.8221309185028076
1365889942.2892025,110.400002,2.843017101287842
1365889942.4891791,108.800003,2.8136260509490967
1365889942.6931505,112.800003,2.8183434009552
1365889942.889079,111.200005,2.8255343437194824
1365889943.0913188,112.800003,2.821712017059326
1365889943.289191,111.200005,2.821904182434082
1365889943.4890287,108.800003,2.8200738430023193
1365889943.688514,108.800003,2.8132829666137695
1365889943.889209,108.800003,2.8159499168395996
1365889944.0943027,114.400002,2.8378279209136963
1365889944.2885556,110.400002,2.8080644607543945
1365889944.4882987,110.400002,2.862109899520874
1365889944.6882138,106.400002,2.807708501815796
1365889944.8887308,107.200005,2.8297219276428223
1365889945.0889068,111.200005,2.843557834625244
1365889945.293647,110.400002,2.8268849849700928
1365889945.48954,116.800003,2.8336715698242188
1365889945.6919684,112.800003,2.8141908645629883
1365889945.8927941,106.400002,2.8183224201202393
1365889946.0905735,107.200005,2.816643714904785
1365889946.290283,112.800003,2.819699287414551
1365889946.4950414,114.400002,2.8126883506774902
1365889946.6913671,110.400002,2.827726364135742
1365889946.8908281,112.800003,2.814110040664673
1365889947.095766,115.200005,2.8173987865448
1365889947.293546,112.800003,2.817214250564575
1365889947.4927127,111.200005,2.8287906646728516
1365889947.6922894,112.800003,2.8169169425964355
1365889947.9027243,110.400002,2.8231523036956787
1365889948.0921555,111.200005,2.813300609588623
1365889948.292332,111.200005,2.8278210163116455
1365889948.4931777,104.800003,2.9194772243499756
1365889948.693082,110.400002,2.8167381286621094
1365889948.9007173,111.200005,2.8092896938323975
1365889949.094421,110.400002,2.832334518432617
1365889949.297486,108.800003,2.816984176635742
1365889949.4929492,110.400002,2.83270001411438
1365889949.6938636,112.800003,2.8104448318481445
1365889949.902952,110.400002,2.8349623680114746
1365889950.093206,114.400002,2.828648567199707
1365889950.2932227,110.400002,2.8134076595306396
1365889950.5001767,110.400002,2.8100626468658447
1365889950.709503,108.800003,2.819045066833496
1365889950.894586,111.200005,2.8247506618499756
1365889951.0947068,110.400002,2.8131096363067627
1365889951.2972803,110.400002,2.8156633377075195
1365889951.4947166,108.800003,2.8194987773895264
1365889951.6943922,110.400002,2.8198423385620117
1365889951.9074342,108.800003,2.8269526958465576
1365889952.0966575,108.800003,2.8305249214172363
1365889952.3021784,107.200005,2.924359083175659
1365889952.4949708,108.800003,2.8163537979125977
1365889952.6945968,110.400002,2.851050615310669
1365889952.8949711,108.800003,2.8113863468170166
1365889953.0948238,107.200005,2.827568769454956
1365889953.2966828,107.200005,2.851142168045044
1365889953.4954813,107.200005,2.8085827827453613
1365889953.6956105,106.400002,2.8078818321228027
1365889953.8956342,107.200005,2.816009283065796
1365889954.095794,107.200005,2.8111531734466553
1365889954.3055532,107.200005,2.8417131900787354
1365889954.5055254,111.200005,2.82076096534729
1365889954.6962824,111.200005,2.807028293609619
1365889954.9039693,111.200005,2.812349319458008
1365889955.09742,111.200005,2.8194565773010254
1365889955.3056266,107.200005,2.8454108238220215
1365889955.498025,114.400002,2.8134212493896484
1365889955.7013104,111.200005,2.825052499771118
1365889955.9018104,110.400002,2.806816577911377
1365889956.1171331,112.800003,2.8226208686828613
1365889956.298757,112.800003,2.818418264389038
1365889956.4990318,114.400002,2.8297786712646484
1365889956.698412,110.400002,3.025165319442749
1365889956.8989162,111.200005,2.8800930976867676
1365889957.0987065,111.200005,2.81020450592041
1365889957.3051698,114.400002,2.8145222663879395
1365889957.4987295,112.800003,2.918915271759033
1365889957.6988919,108.800003,2.851875066757202
1365889957.898494,110.400002,2.849043846130371
1365889958.0989683,111.200005,2.8099076747894287
1365889958.2989187,110.400002,2.9300620555877686
1365889958.5115716,107.200005,2.919732093811035
1365889958.7019243,110.400002,2.8973326683044434
1365889958.8998811,108.800003,2.861562967300415
1365889959.1015558,110.400002,2.8075785636901855
1365889959.3073142,111.200005,2.836604595184326
1365889959.513333,108.800003,2.916238784790039
1365889959.7024992,112.800003,2.8280749320983887
1365889959.8996656,111.200005,2.805753231048584
1365889960.0990644,108.800003,2.8169682025909424
1365889960.3013427,108.800003,2.8128581047058105
1365889960.5207832,111.200005,2.8122901916503906
1365889960.701488,111.200005,2.822633743286133
1365889960.9006958,110.400002,2.8198769092559814
1365889961.1016564,111.200005,2.8190019130706787
1365889961.3016078,110.400002,2.825610876083374
1365889961.5022862,110.400002,2.8327507972717285
1365889961.701645,110.400002,2.8090403079986572
1365889961.9020662,108.800003,2.8434863090515137
1365889962.1013763,108.800003,2.815276861190796
1365889962.3047569,108.800003,2.8212761878967285
1365889962.501577,110.400002,2.811481237411499
1365889962.708271,110.400002,2.8252768516540527
1365889962.9173996,115.200005,2.824864149093628
1365889963.1028526,108.800003,2.810880422592163
1365889963.3017592,108.800003,2.824249029159546
1365889963.5020552,107.200005,2.8613762855529785
1365889963.7014062,112.800003,2.8334035873413086
1365889963.9024339,106.400002,2.819005012512207
1365889964.1086645,106.400002,2.824573040008545
1365889964.3036065,110.400002,2.8851146697998047
1365889964.53689,108.800003,2.821556806564331
1365889964.702099,104.800003,2.8155364990234375
1365889964.902318,106.400002,2.8193142414093018
1365889965.1055963,106.400002,2.8405380249023438
1365889965.3047907,106.400002,2.871332883834839
1365889965.5024476,106.400002,2.8230559825897217
1365889965.709689,106.400002,2.828129291534424
1365889965.9022727,106.400002,2.8342533111572266
1365889966.10227,107.200005,2.8654754161834717
1365889966.3022184,364.000000,2.8255131244659424
1365889966.5012121,100.800003,2.8930704593658447
1365889966.7048059,104.800003,2.8753998279571533
1365889966.9039986,111.200005,2.8253390789031982
1365889967.1032784,110.400002,2.810530662536621
1365889967.3037755,110.400002,2.8204233646392822
1365889967.5049298,111.200005,2.8106601238250732
1365889967.708483,111.200005,2.8176941871643066
1365889967.9105709,110.400002,2.8288486003875732
1365889968.1057985,112.800003,2.8265230655670166
1365889968.3062997,110.400002,2.8162455558776855
1365889968.5176811,114.400002,2.8106446266174316
1365889968.7281075,111.200005,2.8243138790130615
1365889968.924605,111.200005,2.810235023498535
1365889969.1090412,108.800003,2.8388102054595947
1365889969.308634,108.800003,2.8121213912963867
1365889969.5103781,106.400002,2.8230791091918945
1365889969.7096312,107.200005,2.8210480213165283
1365889969.909179,107.200005,2.8249025344848633
1365889970.1101573,103.200005,2.8198890686035156
1365889970.3108704,110.400002,2.818349838256836
1365889970.5092525,104.800003,2.8105733394622803
1365889970.71045,107.200005,2.8255834579467773
1365889970.9132652,111.200005,2.88057017326355
1365889971.1148221,106.400002,2.825089454650879
1365889971.3138206,106.400002,2.812713146209717
1365889971.5126693,106.400002,2.8066294193267822
1365889971.7108676,111.200005,2.808511257171631
1365889971.9104967,107.200005,2.808562994003296
1365889972.1116223,112.800003,3.0889010429382324
1365889972.311569,111.200005,2.890589475631714
1365889972.5108554,112.800003,2.811520576477051
1365889972.7137108,112.800003,2.815864086151123
1365889972.9234493,111.200005,2.8141274452209473
1365889973.1757736,108.800003,2.8163726329803467
1365889973.31185,110.400002,2.8235230445861816
1365889973.5124562,108.800003,2.8154239654541016
1365889973.7115507,111.200005,2.839735746383667
1365889973.9122586,110.400002,2.8352038860321045
1365889974.1116204,108.800003,2.867523193359375
1365889974.312284,108.800003,2.8802342414855957
1365889974.5112789,108.800003,2.940941333770752
1365889974.7115526,108.800003,2.937364101409912
1365889974.9119892,108.800003,2.977928638458252
1365889975.112021,107.200005,2.9403538703918457
1365889975.3115516,110.400002,2.8598406314849854
1365889975.5167727,111.200005,2.820340633392334
1365889975.7121766,108.800003,2.904757261276245
1365889975.9164279,110.400002,2.8208022117614746
1365889976.1131089,108.800003,2.8134734630584717
1365889976.3161058,111.200005,2.8721907138824463
1365889976.5216577,108.800003,2.8150172233581543
1365889976.7124875,108.800003,2.816619396209717
1365889976.91846,112.800003,2.826106309890747
1365889977.1163924,114.400002,2.9144787788391113
1365889977.3155081,110.400002,2.8394622802734375
1365889977.5133429,108.800003,2.817267417907715
1365889977.7134993,110.400002,2.8200879096984863
1365889977.9203782,110.400002,2.8139781951904297
1365889978.113594,112.800003,2.9173500537872314
1365889978.3275268,110.400002,2.814180612564087
1365889978.5131998,111.200005,2.826943874359131
1365889978.715057,111.200005,2.8457207679748535
1365889978.9151373,111.200005,2.8631365299224854
1365889979.1195512,112.800003,2.849353075027466
1365889979.3156476,104.800003,2.8639981746673584
1365889979.5164146,111.200005,2.8132143020629883
1365889979.7182102,106.400002,3.0657782554626465
1365889979.9173548,108.800003,2.882124185562134
1365889980.116255,112.800003,2.837420701980591
1365889980.3180099,110.400002,2.808120012283325
1365889980.516965,110.400002,2.8267924785614014
1365889980.7164323,114.400002,2.812203884124756
1365889980.9269228,110.400002,2.812577247619629
1365889981.1220126,112.800003,2.814868688583374
1365889981.330326,111.200005,2.813694953918457
1365889981.5162945,112.800003,2.842078685760498
1365889981.7168782,108.800003,2.8069674968719482
1365889981.9172242,107.200005,2.8166863918304443
1365889982.1274729,114.400002,2.809248208999634
1365889982.3173432,111.200005,2.8241031169891357
1365889982.5220215,112.800003,2.8109235763549805
1365889982.7169292,114.400002,2.826582908630371
1365889982.9187396,114.400002,2.817831039428711
1365889983.116117,108.800003,2.8855903148651123
1365889983.3165965,108.800003,2.8145503997802734
1365889983.5164125,108.800003,2.8493154048919678
1365889983.7164412,107.200005,2.975674629211426
1365889983.9162805,217.600006,2.869234800338745
1365889984.117467,106.400002,2.8732643127441406
1365889984.317821,108.800003,2.847843885421753
1365889984.5165212,107.200005,2.859386444091797
1365889984.7159884,108.800003,2.816232442855835
1365889984.917307,107.200005,2.852944850921631
1365889985.1179235,107.200005,2.941962242126465
1365889985.3440404,111.200005,2.8285932540893555
1365889985.516344,108.800003,2.826587677001953
1365889985.7168489,111.200005,2.8100695610046387
1365889985.9181538,111.200005,2.8166120052337646
1365889986.1200957,108.800003,2.814617872238159
1365889986.3213491,110.400002,2.8088278770446777
1365889986.517401,108.800003,2.8614251613616943
1365889986.7256026,110.400002,2.807379722595215
1365889986.9183962,107.200005,2.819554328918457
1365889987.1195536,106.400002,2.8126535415649414
1365889987.3197172,110.400002,2.837491750717163
1365889987.5196047,110.400002,2.8119781017303467
1365889987.7256174,111.200005,2.8294222354888916
1365889987.9206028,110.400002,2.8208281993865967
1365889988.121179,110.400002,2.867583751678467
1365889988.3208504,110.400002,2.8957841396331787
1365889988.5208132,110.400002,2.8190724849700928
1365889988.720121,108.800003,2.8124735355377197
1365889988.9226122,111.200005,2.8173303604125977
1365889989.1204438,110.400002,2.807830572128296
1365889989.3209078,111.200005,2.8106210231781006
1365889989.547434,110.400002,2.8224592208862305
1365889989.7247975,112.800003,2.982424020767212
1365889989.9209185,110.400002,2.8208229541778564
1365889990.1218107,110.400002,2.8203718662261963
1365889990.3272452,110.400002,2.8069260120391846
1365889990.523474,108.800003,2.8072476387023926
1365889990.721838,110.400002,2.815922975540161
1365889990.9300456,111.200005,2.8233866691589355
1365889991.1223881,111.200005,2.872429847717285
1365889991.321427,110.400002,2.824831247329712
1365889991.5218787,111.200005,2.829535484313965
1365889991.72375,112.800003,2.9021952152252197
1365889991.9217606,110.400002,2.833749294281006
1365889992.1212988,110.400002,2.8081166744232178
1365889992.3250682,112.800003,2.8134231567382812
1365889992.5213394,110.400002,2.8243141174316406
1365889992.722233,110.400002,3.0886173248291016
1365889992.922443,111.200005,2.889971971511841
1365889993.1225042,108.800003,2.830073833465576
1365889993.3217936,108.800003,2.8116140365600586
1365889993.521474,108.800003,2.8134055137634277
1365889993.7478898,112.800003,2.8280603885650635
1365889993.9232237,108.800003,2.886300563812256
1365889994.1262224,108.800003,2.8280229568481445
1365889994.3235495,108.800003,2.8058040142059326
1365889994.5210478,108.800003,2.8108561038970947
1365889994.7225943,108.800003,2.816690683364868
1365889994.9320674,114.400002,2.8222169876098633
1365889995.1254,114.400002,2.832854747772217
1365889995.3232038,111.200005,2.8274776935577393
1365889995.5228512,111.200005,2.806447982788086
1365889995.7233355,110.400002,2.8279647827148438
1365889995.925171,116.800003,2.815218448638916
1365889996.1244657,110.400002,2.809600830078125
1365889996.325799,108.800003,2.816431760787964
1365889996.525934,111.200005,2.838257074356079
1365889996.7248237,111.200005,3.0854709148406982
1365889996.927422,110.400002,2.8844809532165527
1365889997.1315784,312.000000,2.8181517124176025
1365889997.3254871,111.200005,2.812114715576172
1365889997.5258698,110.400002,2.878384590148926
1365889997.7259672,110.400002,2.810079336166382
1365889997.9262004,110.400002,2.9499566555023193
1365889998.125491,111.200005,2.843052387237549
1365889998.3257093,110.400002,2.8406004905700684
1365889998.5282564,112.800003,2.815408229827881
1365889998.7262087,108.800003,2.8176167011260986
1365889998.9283965,110.400002,2.8154494762420654
1365889999.1272817,104.800003,2.8165102005004883
1365889999.3292825,108.800003,2.8258492946624756
1365889999.5284657,110.400002,2.8087518215179443
1365889999.7299216,112.800003,2.8053784370422363
1365889999.9317393,111.200005,2.820589303970337
1365890000.129212,112.800003,2.821218729019165
1365890000.3438263,110.400002,2.8113722801208496
1365890000.5342734,120.800003,2.826040267944336
1365890000.730553,110.400002,2.817861557006836
1365890000.9301941,111.200005,2.830049991607666
1365890001.1296296,110.400002,2.824662208557129
1365890001.3302963,110.400002,2.809556484222412
1365890001.5300686,110.400002,2.8187854290008545
1365890001.7329676,108.800003,2.821667432785034
1365890001.9315455,111.200005,2.81257700920105
1365890002.1317024,112.800003,2.8349838256835938
1365890002.3316023,115.200005,2.826223373413086
1365890002.530289,112.800003,2.819370985031128
1365890002.7311087,110.400002,2.836775779724121
1365890002.931669,108.800003,2.805790901184082
1365890003.132395,110.400002,2.8090741634368896
1365890003.3340387,120.800003,2.813528537750244
1365890003.5351303,108.800003,2.8287529945373535
1365890003.7460809,114.400002,2.8092446327209473
1365890003.9341872,108.800003,2.8123319149017334
1365890004.134987,107.200005,2.832714319229126
1365890004.332295,107.200005,2.821361780166626
1365890004.540298,116.800003,2.8215818405151367
1365890004.738284,108.800003,3.048952102661133
1365890004.933654,116.800003,2.9048047065734863
1365890005.134913,110.400002,2.899204730987549
1365890005.3355806,110.400002,2.8241424560546875
1365890005.5366838,111.200005,2.8054609298706055
1365890005.7352571,106.400002,2.8350791931152344
1365890005.9372473,108.800003,2.822589159011841
1365890006.1353495,107.200005,2.830641508102417
1365890006.3346398,110.400002,2.816516399383545
1365890006.535581,110.400002,2.8258419036865234
1365890006.7355707,111.200005,2.814368963241577
1365890006.9355712,110.400002,2.8088266849517822
1365890007.1367838,108.800003,2.806523084640503
1365890007.3408043,110.400002,2.808938980102539
1365890007.53818,111.200005,2.8166630268096924
1365890007.7372265,107.200005,2.8254871368408203
1365890007.9376278,108.800003,2.805847644805908
1365890008.1386356,106.400002,2.8154585361480713
1365890008.3465335,115.200005,2.8097357749938965
1365890008.540054,111.200005,2.829313278198242
1365890008.7385495,110.400002,2.80804705619812
1365890008.941534,108.800003,2.8112165927886963
1365890009.1426916,110.400002,2.8279669284820557
1365890009.3421757,111.200005,2.822415590286255
1365890009.540793,110.400002,2.8257365226745605
1365890009.740759,112.800003,2.8210134506225586
1365890009.9433365,111.200005,2.8232929706573486
1365890010.146027,110.400002,2.822305917739868
1365890010.3414776,110.400002,2.8329672813415527
1365890010.541845,110.400002,2.842877149581909
1365890010.742548,112.800003,2.8272805213928223
1365890010.9423947,112.800003,2.8298676013946533
1365890011.1434722,112.800003,2.8635506629943848
1365890011.343815,111.200005,2.8656139373779297
1365890011.5430136,110.400002,2.8283510208129883
1365890011.7427907,111.200005,2.8108325004577637
1365890011.9429073,111.200005,2.8742318153381348
1365890012.144734,112.800003,2.929044485092163
1365890012.3428862,110.400002,3.193880558013916
1365890012.5440187,110.400002,2.994157314300537
1365890012.7475326,110.400002,2.8250112533569336
1365890012.9491706,110.400002,2.8129637241363525
1365890013.144834,108.800003,2.813709020614624
1365890013.34571,110.400002,2.848660707473755
1365890013.5448236,107.200005,2.8292484283447266
1365890013.7575998,111.200005,2.8314576148986816
1365890013.9448044,106.400002,2.8183531761169434
1365890014.14539,107.200005,2.8172669410705566
1365890014.3460183,110.400002,2.8291425704956055
1365890014.5534656,112.800003,2.871291399002075
1365890014.7462604,112.800003,2.817077398300171
1365890014.9458358,112.800003,2.8291728496551514
1365890015.1510851,111.200005,2.811708927154541
1365890015.3471236,112.800003,2.8222544193267822
1365890015.546671,112.800003,2.81770658493042
1365890015.7477744,110.400002,2.8120596408843994
1365890015.9456997,110.400002,2.8162012100219727
1365890016.1472757,111.200005,2.833235025405884
1365890016.34559,108.800003,2.814326763153076
1365890016.5481582,110.400002,2.9583899974823
1365890016.7453852,111.200005,2.962819814682007
1365890016.9468622,111.200005,2.9464097023010254
1365890017.1477535,111.200005,2.907801628112793
1365890017.3473055,108.800003,2.8166885375976562
1365890017.5454915,110.400002,2.82669997215271
1365890017.7481122,110.400002,2.8117258548736572
1365890017.9749923,110.400002,2.8291032314300537
1365890018.147183,107.200005,2.8387348651885986
1365890018.345522,108.800003,2.8208343982696533
1365890018.5464506,108.800003,2.8264522552490234
1365890018.7450104,107.200005,2.8113529682159424
1365890018.9462535,108.800003,2.8201041221618652
1365890019.1463397,108.800003,2.813767194747925
1365890019.3503356,162.400009,2.8067221641540527
1365890019.572329,108.800003,2.825151205062866
1365890019.7478487,110.400002,2.812786817550659
1365890019.9489381,110.400002,2.8309459686279297
1365890020.147459,110.400002,2.8215842247009277
1365890020.3479154,110.400002,2.8193607330322266
1365890020.5639462,111.200005,2.8362348079681396
1365890020.748003,108.800003,2.8125782012939453
1365890020.9538474,112.800003,2.8084583282470703
1365890021.1479313,107.200005,2.8607165813446045
1365890021.3482149,110.400002,2.8388566970825195
1365890021.553395,114.400002,2.807488203048706
1365890021.7478535,110.400002,2.813642978668213
1365890021.9474936,111.200005,2.8237245082855225
1365890022.149022,110.400002,2.819633722305298
1365890022.3511124,114.400002,2.837777853012085
1365890022.5507994,110.400002,2.8207321166992188
1365890022.7485857,108.800003,2.808394432067871
1365890022.9479947,106.400002,2.866694927215576
1365890023.149961,110.400002,2.813178777694702
1365890023.3491948,106.400002,2.8125040531158447
1365890023.5567634,106.400002,2.808089256286621
1365890023.750997,160.000000,2.865403413772583
1365890023.9498227,107.200005,2.943563222885132
1365890024.1592312,111.200005,2.9686379432678223
1365890024.3498116,111.200005,2.8111636638641357
1365890024.5503376,114.400002,2.8331706523895264
1365890024.76193,112.800003,2.8124303817749023
1365890024.949693,108.800003,2.8205766677856445
1365890025.1501396,111.200005,2.8121132850646973
1365890025.3520234,111.200005,2.808201551437378
1365890025.5527391,110.400002,2.823902130126953
1365890025.7756002,111.200005,2.8392491340637207
1365890025.9539673,111.200005,2.8274197578430176
1365890026.1736643,110.400002,2.963796377182007
1365890026.3657107,112.800003,2.8932931423187256
1365890026.55449,111.200005,2.8054065704345703
1365890026.7502756,111.200005,2.8305089473724365
1365890026.9502711,111.200005,2.811411142349243
1365890027.153294,112.800003,2.830019950866699
1365890027.3511844,111.200005,2.8144690990448
1365890027.549801,111.200005,2.820579767227173
1365890027.7504342,111.200005,2.814528465270996
1365890027.9538279,108.800003,2.8112337589263916
1365890028.1521173,110.400002,2.8268182277679443
1365890028.3551185,111.200005,2.8263046741485596
1365890028.551439,110.400002,2.806536912918091
1365890028.7523432,110.400002,2.825270414352417
1365890028.9908495,112.800003,2.842231273651123
1365890029.1537075,110.400002,2.8907361030578613
1365890029.354596,114.400002,2.815246820449829
1365890029.551101,112.800003,2.8328449726104736
1365890029.753844,111.200005,2.8934733867645264
1365890029.9510548,110.400002,2.8227572441101074
1365890030.1531727,110.400002,2.808155059814453
1365890030.3509316,111.200005,2.81455397605896
1365890030.551409,110.400002,2.8375375270843506
1365890030.751891,110.400002,2.809354066848755
1365890030.9514644,108.800003,2.831007480621338
1365890031.1509402,108.800003,2.8096706867218018
1365890031.3512423,108.800003,2.8138937950134277
1365890031.5857866,110.400002,2.823275566101074
1365890031.7525544,106.400002,2.817617177963257
1365890031.9524136,107.200005,2.8086166381835938
1365890032.1555412,106.400002,2.810421943664551
1365890032.3533742,106.400002,2.858431339263916
1365890032.562746,110.400002,2.8226258754730225
1365890032.7533922,106.400002,2.829859972000122
1365890032.9540129,110.400002,2.8208744525909424
1365890033.156538,111.200005,2.85463547706604
1365890033.3543298,111.200005,2.8276631832122803
1365890033.5537958,106.400002,2.8115556240081787
1365890033.762979,111.200005,2.809455394744873
1365890033.9543362,112.800003,2.8246452808380127
1365890034.1732244,112.800003,2.8689560890197754
1365890034.353797,106.400002,2.9989519119262695
1365890034.5714355,342.399994,2.8633244037628174
1365890034.755185,108.800003,2.8526570796966553
1365890034.9558527,108.800003,2.8745474815368652
1365890035.1571023,108.800003,2.830540180206299
1365890035.3573816,107.200005,2.845290184020996
1365890035.555069,107.200005,2.814955949783325
1365890035.7578394,108.800003,2.856127977371216
1365890035.9546952,108.800003,2.8322501182556152
1365890036.154716,108.800003,2.8154194355010986
1365890036.43268,108.800003,2.8271143436431885
1365890036.568397,104.800003,2.846543788909912
1365890036.7598622,110.400002,2.813051700592041
1365890036.9584272,110.400002,2.814913034439087
1365890037.15732,110.400002,2.815453290939331
1365890037.3569767,108.800003,2.8169097900390625
1365890037.5564942,108.800003,2.8341360092163086
1365890037.7610662,108.800003,2.819671392440796
1365890037.9564643,108.800003,2.8351826667785645
1365890038.1571224,108.800003,2.830946922302246
1365890038.358854,108.800003,2.8207409381866455
1365890038.5572116,106.400002,2.8160104751586914
1365890038.7569723,106.400002,2.809770107269287
1365890038.964335,111.200005,2.9546239376068115
1365890039.1580482,114.400002,2.8615126609802246
1365890039.3573127,114.400002,2.811704397201538
1365890039.5584505,111.200005,2.8474974632263184
1365890039.75613,111.200005,2.9174625873565674
1365890039.9568377,110.400002,2.8313493728637695
1365890040.1938422,110.400002,2.890212059020996
1365890040.3685718,110.400002,2.8085076808929443
1365890040.5588434,108.800003,2.8311655521392822
1365890040.7574477,110.400002,2.8703200817108154
1365890040.9573288,250.400009,2.8464372158050537
1365890041.1567655,111.200005,2.855567693710327
1365890041.3636062,112.800003,2.8155300617218018
1365890041.5842016,114.400002,2.827497959136963
1365890041.756894,112.800003,2.8982179164886475
1365890041.9758806,112.800003,2.8217732906341553
1365890042.1598759,114.400002,2.807741403579712
1365890042.357288,111.200005,2.8121471405029297
1365890042.5577006,110.400002,2.8298399448394775
1365890042.7579694,111.200005,2.8155388832092285
1365890042.9593716,114.400002,2.814166307449341
1365890043.1694548,106.400002,2.8152709007263184
1365890043.3569896,107.200005,2.8144333362579346
1365890043.557151,106.400002,2.821465492248535
1365890043.7568562,106.400002,3.0262646675109863
1365890043.9568236,110.400002,2.879099130630493
1365890044.1580377,112.800003,2.832505941390991
1365890044.3655267,111.200005,2.8199543952941895
1365890044.556818,110.400002,2.8094332218170166
1365890044.7577336,110.400002,2.847729444503784
1365890044.9594326,110.400002,3.0207724571228027
1365890045.1588404,110.400002,2.8570408821105957
1365890045.3593621,111.200005,2.8074212074279785
1365890045.562794,111.200005,2.8253138065338135
1365890045.7585278,111.200005,3.0528724193573
1365890045.9588015,107.200005,2.8541524410247803
1365890046.1601293,108.800003,2.8480021953582764
1365890046.3585565,108.800003,2.8052263259887695
1365890046.5636723,108.800003,2.811203718185425
1365890046.758848,110.400002,2.8077712059020996
1365890046.9592102,108.800003,2.8208417892456055
1365890047.1589618,108.800003,2.8230977058410645
1365890047.3639045,108.800003,2.8522558212280273
1365890047.5611968,107.200005,2.821794271469116
1365890047.760177,107.200005,2.810197353363037
1365890047.959578,106.400002,2.892190933227539
1365890048.1598382,106.400002,2.858598232269287
1365890048.3603418,110.400002,2.938054084777832
1365890048.5602865,112.800003,2.8626132011413574
1365890048.7597218,120.800003,2.8285810947418213
1365890048.9603848,111.200005,2.863555908203125
1365890049.1598847,107.200005,2.8280632495880127
1365890049.3687303,114.400002,3.0717148780822754
1365890049.560211,110.400002,3.1261279582977295
1365890049.7633312,108.800003,3.076404094696045
1365890049.97622,108.800003,2.86468505859375
1365890050.1620352,110.400002,2.908759355545044
1365890050.3697937,110.400002,2.8115742206573486
1365890050.5619845,110.400002,2.831425905227661
1365890050.7619634,108.800003,2.8093864917755127
1365890050.975233,114.400002,2.810915470123291
1365890051.1643174,108.800003,2.828307867050171
1365890051.3629727,106.400002,2.833559989929199
1365890051.5651991,107.200005,2.809894323348999
1365890051.7767284,111.200005,2.873671293258667
1365890051.964509,108.800003,2.807060956954956
1365890052.1643274,107.200005,2.815187454223633
1365890052.3624475,106.400002,2.811790704727173
1365890052.5644898,106.400002,2.852928876876831
1365890052.7627575,112.800003,2.8677895069122314
1365890052.9808426,114.400002,2.8307571411132812
1365890053.168325,110.400002,2.8413829803466797
1365890053.3643475,112.800003,2.8098480701446533
1365890053.5854282,110.400002,2.8115909099578857
1365890053.7651837,110.400002,2.8077986240386963
1365890053.978737,110.400002,2.8257367610931396
1365890054.1679847,112.800003,2.8808584213256836
1365890054.367436,445.600006,2.8109235763549805
1365890054.5717766,108.800003,2.8169007301330566
1365890054.7798617,108.800003,2.8103139400482178
1365890054.9752774,108.800003,2.8144736289978027
1365890055.1692948,108.800003,2.8096718788146973
1365890055.3702357,108.800003,2.8278303146362305
1365890055.621128,112.800003,2.8202507495880127
1365890055.7765143,107.200005,2.807011604309082
1365890055.9711633,112.800003,2.8171517848968506
1365890056.171099,110.400002,2.825268268585205
1365890056.3766665,108.800003,2.8120615482330322
1365890056.572316,106.400002,2.821824312210083
1365890056.7721686,111.200005,2.8287148475646973
1365890056.9736333,111.200005,2.834367036819458
1365890057.1730442,110.400002,2.8951151371002197
1365890057.3811507,110.400002,2.823625326156616
1365890057.5736768,110.400002,2.924858808517456
1365890057.7747388,110.400002,2.9548404216766357
1365890057.974571,112.800003,2.8193681240081787
1365890058.1741722,104.800003,2.8128437995910645
1365890058.3745275,108.800003,2.8143880367279053
1365890058.5740476,108.800003,2.822512149810791
1365890058.778797,108.800003,2.8391494750976562
1365890058.975449,221.600006,2.8059802055358887
1365890059.1745963,108.800003,2.834347724914551
1365890059.3772216,106.400002,2.829176425933838
1365890059.5751965,106.400002,2.9471750259399414
1365890059.7740428,108.800003,2.8101260662078857
1365890059.977707,107.200005,2.8092525005340576
1365890060.1780767,108.800003,2.8189005851745605
1365890060.3738592,108.800003,2.8224964141845703
1365890060.576134,108.800003,2.834261178970337
1365890060.7765925,111.200005,2.8300271034240723
1365890060.9745975,110.400002,3.0074212551116943
1365890061.2030535,108.800003,2.822650671005249
1365890061.3747864,108.800003,2.846587657928467
1365890061.573948,110.400002,2.815910816192627
1365890061.774444,108.800003,2.8157734870910645
1365890061.9745262,108.800003,2.9529922008514404
1365890062.1753812,106.400002,2.8213419914245605
1365890062.3740594,110.400002,2.828357219696045
1365890062.5763307,108.800003,2.8298728466033936
1365890062.7740054,110.400002,2.8424510955810547
1365890062.9763799,107.200005,2.813533067703247
1365890063.1756954,106.400002,2.840967893600464
1365890063.3746078,106.400002,2.860215187072754
1365890063.5752149,114.400002,2.8333513736724854
1365890063.7748098,108.800003,2.819678783416748
1365890063.9748266,110.400002,2.818981647491455
