1365889752.4453902,102.400002,2.8334426879882812
1365889752.641619,102.400002,2.882472515106201
1365889752.840754,102.400002,2.927651882171631
1365889753.0421472,100.800003,2.8853776454925537
1365889753.2405455,100.000000,3.229008913040161
1365889753.4408765,103.200005,3.030132532119751
1365889753.65222,102.400002,2.9389777183532715
1365889753.8459632,102.400002,2.8213894367218018
1365889754.0449789,100.000000,2.833167791366577
1365889754.2421129,100.000000,2.818387746810913
1365889754.4434574,98.400002,2.8143410682678223
1365889754.642241,96.800003,2.8295769691467285
1365889754.842643,100.800003,2.8177170753479004
1365889755.0429273,102.400002,2.827570676803589
1365889755.2620647,100.000000,3.0513408184051514
1365889755.4448264,98.400002,2.8912453651428223
1365889755.6445396,96.800003,2.842639684677124
1365889755.8455625,103.200005,3.093074321746826
1365889756.0585155,102.400002,2.9150915145874023
1365889756.2461247,100.000000,2.87794828414917
1365889756.4471374,98.400002,2.8629250526428223
1365889756.646941,100.000000,2.832052230834961
1365889756.851956,98.400002,2.8170392513275146
1365889757.058078,100.800003,2.828490972518921
1365889757.247336,100.800003,2.836143732070923
1365889757.4466898,102.400002,2.8843586444854736
1365889757.6466286,100.000000,2.8205137252807617
1365889757.849444,100.000000,2.973456859588623
1365889758.0464563,104.800003,2.936732053756714
1365889758.2466865,103.200005,2.825800895690918
1365889758.4476683,102.400002,2.8543055057525635
1365889758.650524,104.800003,2.813878297805786
1365889758.8507667,100.800003,2.896878242492676
1365889759.0483072,100.800003,2.812178373336792
1365889759.2513578,102.400002,2.8296926021575928
1365889759.4568455,100.800003,2.8912453651428223
1365889759.6488614,100.800003,2.819120168685913
1365889759.8515196,100.800003,3.123035192489624
1365889760.0500302,98.400002,3.121145486831665
1365889760.2498484,98.400002,2.924281597137451
1365889760.4511876,98.400002,2.888045072555542
1365889760.6507065,100.000000,2.8175950050354004
1365889760.8520393,100.800003,2.8169124126434326
1365889761.0552437,102.400002,2.821986436843872
1365889761.2547119,100.800003,2.823296546936035
1365889761.4526398,100.800003,2.8237862586975098
1365889761.65296,102.400002,2.8203248977661133
1365889761.8517022,100.800003,2.837587594985962
1365889762.0537722,103.200005,2.8382668495178223
1365889762.251802,98.400002,2.8157896995544434
1365889762.4511237,104.800003,2.865325450897217
1365889762.6522067,103.200005,3.0564510822296143
1365889762.8517878,102.400002,3.4628641605377197
1365889763.0539362,100.800003,3.2649247646331787
1365889763.251319,98.400002,3.071836471557617
1365889763.4521074,98.400002,2.8833167552948
1365889763.6517794,103.200005,2.8637421131134033
1365889763.860228,103.200005,2.8285059928894043
1365889764.0516639,102.400002,2.8115055561065674
1365889764.2544138,100.800003,2.8119561672210693
1365889764.4528408,96.800003,2.8962764739990234
1365889764.6511767,103.200005,2.8177027702331543
1365889764.8517108,103.200005,2.8409926891326904
1365889765.0520535,102.400002,2.8261473178863525
1365889765.251212,102.400002,2.9207913875579834
1365889765.4516852,98.400002,2.8182265758514404
1365889765.6569493,102.400002,2.8195090293884277
1365889765.9072597,106.400002,2.8959503173828125
1365889766.0518696,102.400002,2.820249319076538
1365889766.2516806,100.800003,2.827878475189209
1365889766.4515986,100.000000,2.8216543197631836
1365889766.653655,103.200005,2.8149328231811523
1365889766.8521998,104.800003,2.8666598796844482
1365889767.0518749,104.800003,2.820174217224121
1365889767.2531664,100.800003,2.833535671234131
1365889767.4534817,100.800003,2.8580048084259033
1365889767.6606944,102.400002,2.819715976715088
1365889767.855995,100.800003,2.8229873180389404
1365889768.0548484,100.000000,2.8343565464019775
1365889768.2516909,98.400002,2.8236873149871826
1365889768.4517686,100.000000,2.838088274002075
1365889768.6518905,103.200005,2.812453508377075
1365889768.8548126,103.200005,2.8964767456054688
1365889769.0523858,100.800003,2.906379222869873
1365889769.2531114,100.000000,2.820510149002075
1365889769.4513528,98.400002,2.8234241008758545
1365889769.6524017,100.800003,2.826241970062256
1365889769.852413,100.000000,2.821413040161133
1365889770.054652,100.000000,2.816211223602295
1365889770.2517016,103.200005,2.8157267570495605
1365889770.4530745,102.400002,2.8216965198516846
1365889770.6576009,100.000000,2.8155903816223145
1365889770.8531637,100.800003,2.8116512298583984
1365889771.0517187,98.400002,2.8224947452545166
1365889771.2511861,102.400002,2.836652994155884
1365889771.4518964,102.400002,2.852471113204956
1365889771.6525505,102.400002,2.8369035720825195
1365889771.8544,100.800003,2.822082281112671
1365889772.051163,100.800003,2.8281731605529785
1365889772.2533433,100.000000,2.926999092102051
1365889772.4520922,96.800003,2.9130825996398926
1365889772.6547074,100.800003,2.8707852363586426
1365889772.8528588,103.200005,2.817561626434326
1365889773.052082,102.400002,2.8301548957824707
1365889773.2529109,100.800003,2.8105218410491943
1365889773.4525516,100.000000,2.8142359256744385
1365889773.6551847,98.400002,2.8434231281280518
1365889773.8530624,103.200005,2.8232009410858154
1365889774.055208,104.800003,2.8439199924468994
1365889774.2531867,100.800003,2.8229212760925293
1365889774.453035,100.800003,2.817647695541382
1365889774.6525228,100.000000,2.827000856399536
1365889774.8534818,103.200005,2.824131488800049
1365889775.052943,102.400002,2.875365972518921
1365889775.262451,100.000000,3.0550949573516846
1365889775.4528406,103.200005,2.8866026401519775
1365889775.6527395,299.200012,2.8527297973632812
1365889775.8547266,102.400002,2.9011802673339844
1365889776.0530255,102.400002,2.8936798572540283
1365889776.2525911,100.800003,2.811612606048584
1365889776.4536476,98.400002,2.8388993740081787
1365889776.655862,96.000000,2.847285032272339
1365889776.8547497,102.400002,2.853925943374634
1365889777.0552197,100.800003,2.8249716758728027
1365889777.2554312,100.800003,2.9587831497192383
1365889777.4558096,96.800003,2.845778703689575
1365889777.6575603,104.800003,3.0882036685943604
1365889777.8568506,103.200005,2.890955686569214
1365889778.0554454,103.200005,2.809244155883789
1365889778.2569253,100.000000,2.8125007152557373
1365889778.455887,100.800003,2.8741934299468994
1365889778.6580935,102.400002,2.8229241371154785
1365889778.856951,103.200005,2.8194937705993652
1365889779.0560355,100.800003,2.8122382164001465
1365889779.255326,100.000000,2.8278872966766357
1365889779.4562829,102.400002,2.8304078578948975
1365889779.6561708,102.400002,2.8310599327087402
1365889779.856245,103.200005,2.82246732711792
1365889780.0549128,102.400002,2.829028606414795
1365889780.2566087,100.000000,2.8580288887023926
1365889780.4652224,100.000000,2.8174962997436523
1365889780.6560194,103.200005,2.825338363647461
1365889780.8555746,100.800003,2.8249685764312744
1365889781.0559134,100.800003,2.869786024093628
1365889781.2567115,102.400002,2.8149847984313965
1365889781.4609485,100.000000,2.8153398036956787
1365889781.6562939,100.000000,2.827423095703125
1365889781.8572743,100.800003,2.8228414058685303
1365889782.0554962,103.200005,2.8219683170318604
1365889782.263363,103.200005,2.818772554397583
1365889782.455668,100.800003,2.839203119277954
1365889782.6584055,102.400002,2.821467638015747
1365889782.8595352,96.800003,2.836665630340576
1365889783.060321,103.200005,2.8334410190582275
1365889783.2563531,100.800003,2.825202226638794
1365889783.4645457,102.400002,2.8297414779663086
1365889783.6553001,100.800003,2.852381467819214
1365889783.8552897,98.400002,2.827280044555664
1365889784.0551016,102.400002,2.830599308013916
1365889784.2623887,102.400002,2.8173177242279053
1365889784.4690356,98.400002,2.8608601093292236
1365889784.657286,102.400002,2.823781728744507
1365889784.8552551,96.800003,2.820164680480957
1365889785.0556898,96.800003,2.8103139400482178
1365889785.257229,110.400002,2.864753007888794
1365889785.4569445,100.800003,2.966569185256958
1365889785.6565855,100.800003,2.8233771324157715
1365889785.8634276,98.400002,2.8338587284088135
1365889786.0555887,98.400002,2.8334429264068604
1365889786.2557867,103.200005,2.8144710063934326
1365889786.4584305,102.400002,2.8124284744262695
1365889786.6560702,102.400002,2.824357509613037
1365889786.8619816,100.000000,2.8167881965637207
1365889787.0589812,98.400002,2.8242621421813965
1365889787.2578154,98.400002,2.8252687454223633
1365889787.455804,103.200005,2.8483505249023438
1365889787.6638627,102.400002,2.853848695755005
1365889787.855736,100.800003,2.8418421745300293
1365889788.0617027,96.800003,2.812321662902832
1365889788.2586694,104.800003,2.8286824226379395
1365889788.4606915,104.800003,2.8380448818206787
1365889788.6564746,100.800003,2.8273112773895264
1365889788.8557296,104.800003,2.8306591510772705
1365889789.0653481,100.800003,2.8216097354888916
1365889789.2562494,100.000000,2.8119328022003174
1365889789.4563515,98.400002,2.8187100887298584
1365889789.6567326,104.800003,2.841465711593628
1365889789.85722,100.800003,2.8167994022369385
1365889790.0599322,100.800003,2.8102951049804688
1365889790.258565,100.000000,2.8233745098114014
1365889790.4605014,100.000000,2.82015061378479
1365889790.6580732,103.200005,2.8180556297302246
1365889790.8597412,102.400002,2.812775135040283
1365889791.058598,102.400002,2.820284843444824
1365889791.2614791,102.400002,3.00335693359375
1365889791.4603932,94.400002,2.994467258453369
1365889791.6608453,96.800003,2.809248447418213
1365889791.859654,103.200005,2.8321142196655273
1365889792.0607915,102.400002,2.88275408744812
1365889792.2588825,102.400002,2.837860345840454
1365889792.45922,100.800003,2.8478710651397705
1365889792.6617188,100.000000,2.818110704421997
1365889792.862726,103.200005,2.8280818462371826
1365889793.0597548,103.200005,2.8125171661376953
1365889793.260629,100.800003,2.839923858642578
1365889793.4621117,102.400002,2.818890333175659
1365889793.661893,102.400002,2.809487819671631
1365889793.861088,100.800003,2.8149988651275635
1365889794.0601296,98.400002,2.823272228240967
1365889794.262697,102.400002,2.8676133155822754
1365889794.4613426,100.800003,2.956573247909546
1365889794.662724,102.400002,2.9439449310302734
1365889794.8626497,98.400002,2.8189198970794678
1365889795.0624154,98.400002,2.816955089569092
1365889795.263526,103.200005,2.828104019165039
1365889795.4634557,102.400002,2.810704469680786
1365889795.6671085,100.800003,2.8293745517730713
1365889795.8648295,98.400002,2.8132052421569824
1365889796.0667012,100.800003,2.8213794231414795
1365889796.265054,100.800003,2.8249940872192383
1365889796.4698074,98.400002,2.812518358230591
1365889796.6661992,103.200005,2.8160133361816406
1365889796.868688,104.800003,2.860250234603882
1365889797.0689547,102.400002,2.9975383281707764
1365889797.273177,100.800003,2.868344783782959
1365889797.4664383,100.800003,2.8141672611236572
1365889797.668606,100.800003,2.823359251022339
1365889797.8665445,98.400002,2.8186118602752686
1365889798.0740173,102.400002,2.8176164627075195
1365889798.2662652,103.200005,2.8171916007995605
1365889798.4665449,100.800003,2.8214144706726074
1365889798.6672764,100.800003,2.8784537315368652
1365889798.8681633,96.800003,2.811690330505371
1365889799.0710332,104.800003,2.846397876739502
1365889799.2681277,103.200005,2.812195301055908
1365889799.4689078,100.800003,2.824333906173706
1365889799.6692345,100.800003,2.8192031383514404
1365889799.869894,100.000000,2.8995907306671143
1365889800.0703561,100.800003,2.8094630241394043
1365889800.2705493,102.400002,2.8103127479553223
1365889800.4782233,100.800003,2.8841683864593506
1365889800.6723504,102.400002,2.925821542739868
1365889800.8714733,102.400002,2.8218765258789062
1365889801.0709975,102.400002,2.8756797313690186
1365889801.27062,98.400002,2.868643045425415
1365889801.4728498,103.200005,2.8153493404388428
1365889801.6706848,103.200005,2.820017099380493
1365889801.8719447,98.400002,2.8169546127319336
1365889802.076868,100.000000,2.844975233078003
1365889802.2726939,100.000000,2.821032762527466
1365889802.4713109,100.000000,2.8137521743774414
1365889802.672099,102.400002,2.815566062927246
1365889802.8719661,96.800003,2.8498363494873047
1365889803.0744617,104.800003,2.817460536956787
1365889803.27536,100.000000,2.8206138610839844
1365889803.4750261,100.000000,2.8285908699035645
1365889803.6748164,103.200005,2.8341116905212402
1365889803.873787,102.400002,2.811649799346924
1365889804.0754867,98.400002,2.8216640949249268
1365889804.2737043,103.200005,2.828155755996704
1365889804.4738843,100.000000,2.846395254135132
1365889804.6738896,100.000000,2.8194217681884766
1365889804.8742714,103.200005,2.9181926250457764
1365889805.0797117,100.000000,2.8351211547851562
1365889805.274347,102.400002,2.8285586833953857
1365889805.4747782,102.400002,2.8713834285736084
1365889805.676859,100.800003,2.824554204940796
1365889805.8755395,98.400002,2.8649799823760986
1365889806.0783575,104.800003,2.8439791202545166
1365889806.2828953,103.200005,2.821061611175537
1365889806.4778905,102.400002,2.814391613006592
1365889806.6795242,100.800003,3.9786088466644287
1365889806.8760426,100.800003,3.7899787425994873
1365889807.0819802,100.800003,3.59849214553833
1365889807.2785494,100.800003,3.4065048694610596
1365889807.47929,100.800003,3.2090914249420166
1365889807.6863825,102.400002,3.0064995288848877
1365889807.883324,103.200005,2.862114906311035
1365889808.0803418,100.800003,2.8298118114471436
1365889808.2826767,102.400002,2.8447868824005127
1365889808.4810085,100.800003,2.8429667949676514
1365889808.6793618,100.000000,2.881518840789795
1365889808.8799005,103.200005,2.9486191272735596
1365889809.079455,100.800003,2.9352235794067383
1365889809.2802906,100.800003,2.8259243965148926
1365889809.4808428,100.000000,2.9213874340057373
1365889809.6862135,103.200005,2.8544676303863525
1365889809.8803465,100.800003,2.8244855403900146
1365889810.081218,100.000000,2.820040702819824
1365889810.2845423,98.400002,2.8253278732299805
1365889810.4808466,102.400002,2.848073720932007
1365889810.7039397,102.400002,2.8116652965545654
1365889810.882245,102.400002,2.823871612548828
1365889811.1092408,103.200005,2.811551094055176
1365889811.283148,102.400002,2.8269309997558594
1365889811.4809265,100.800003,2.8719422817230225
1365889811.6805682,100.800003,2.8138835430145264
1365889811.8800588,98.400002,2.975970983505249
1365889812.0797758,103.200005,2.8859875202178955
1365889812.2797832,103.200005,2.8387246131896973
1365889812.48131,100.800003,2.865849256515503
1365889812.6797845,100.000000,2.8127479553222656
1365889812.880565,100.800003,2.819885492324829
1365889813.0793366,100.000000,2.8385009765625
1365889813.2808294,103.200005,2.8127176761627197
1365889813.4793963,102.400002,2.819889783859253
1365889813.681108,100.800003,2.81158709526062
1365889813.881875,100.000000,2.813188076019287
1365889814.0799096,100.000000,2.8210368156433105
1365889814.2795646,100.000000,2.8328099250793457
1365889814.4821038,102.400002,2.828327178955078
1365889814.6792986,100.800003,2.81680965423584
1365889814.8850431,102.400002,2.82318115234375
1365889815.081007,100.000000,2.812443494796753
1365889815.279593,100.800003,2.8358237743377686
1365889815.483201,100.800003,2.854341983795166
1365889815.6797197,103.200005,2.891284942626953
1365889815.8787963,100.800003,2.8149445056915283
1365889816.0864522,100.000000,2.827913284301758
1365889816.2810063,98.400002,2.8214104175567627
1365889816.485021,103.200005,2.869797706604004
1365889816.6829462,103.200005,2.8117623329162598
1365889816.8807313,100.800003,2.8337550163269043
1365889817.092137,100.000000,2.833296775817871
1365889817.2803295,98.400002,2.942999839782715
1365889817.479236,103.200005,2.859200954437256
1365889817.680212,100.800003,2.824632406234741
1365889817.8837721,102.400002,2.822498083114624
1365889818.1060112,98.400002,2.9930973052978516
1365889818.2810397,100.000000,2.949514627456665
1365889818.4811032,102.400002,2.832893133163452
1365889818.6810923,102.400002,2.8535420894622803
1365889818.8832557,102.400002,2.9546568393707275
1365889819.082737,100.000000,2.8607194423675537
1365889819.282566,104.800003,2.9347262382507324
1365889819.4856012,102.400002,2.997642993927002
1365889819.6830032,100.800003,2.8261826038360596
1365889819.9000547,100.800003,2.8468711376190186
1365889820.0838323,100.000000,2.9076449871063232
1365889820.2864947,96.800003,2.8128345012664795
1365889820.4884806,103.200005,2.8148746490478516
1365889820.6844268,102.400002,2.9019460678100586
1365889820.8900712,100.800003,2.8882555961608887
1365889821.0859928,98.400002,2.814180612564087
1365889821.2875576,103.200005,2.8111774921417236
1365889821.4875479,103.200005,2.8276195526123047
1365889821.6858408,100.800003,2.8817861080169678
1365889821.8855708,102.400002,2.8108015060424805
1365889822.085809,98.400002,2.8224451541900635
1365889822.290709,96.800003,2.809990644454956
1365889822.4862232,98.400002,2.8866195678710938
1365889822.6899714,100.000000,2.8243253231048584
1365889822.8881657,103.200005,2.8390276432037354
1365889823.086299,103.200005,2.8181495666503906
1365889823.2871327,103.200005,2.843787670135498
1365889823.4872146,98.400002,2.9244468212127686
1365889823.6876044,102.400002,2.8221752643585205
1365889823.8891706,102.400002,2.8200390338897705
1365889824.0950005,299.200012,2.819852828979492
1365889824.2905345,100.000000,2.8289268016815186
1365889824.49317,103.200005,2.8844451904296875
1365889824.6889775,102.400002,2.812837600708008
1365889824.8914413,100.000000,2.8254265785217285
1365889825.101798,100.000000,2.89186954498291
1365889825.3271906,103.200005,2.9234635829925537
1365889825.4910235,103.200005,2.8252909183502197
1365889825.6908708,103.200005,2.816023111343384
1365889825.893018,102.400002,2.869455575942993
1365889826.0995173,100.000000,2.8225269317626953
1365889826.2903478,100.000000,2.8118271827697754
1365889826.490923,103.200005,3.589498996734619
1365889826.6903439,102.400002,3.3939826488494873
1365889826.890801,102.400002,3.19795823097229
1365889827.0925255,100.800003,3.009350299835205
1365889827.290842,96.800003,2.8203492164611816
1365889827.4929323,102.400002,2.8273966312408447
1365889827.692387,102.400002,2.8311853408813477
1365889827.8913872,102.400002,2.925079345703125
1365889828.0920315,102.400002,3.036008358001709
1365889828.2922547,100.800003,2.848344564437866
1365889828.491664,100.000000,2.872497320175171
1365889828.6982415,102.400002,2.818258285522461
1365889828.8948967,102.400002,2.840143918991089
1365889829.0962665,103.200005,2.8682360649108887
1365889829.2921915,96.000000,2.8598501682281494
1365889829.4972513,102.400002,2.8093624114990234
1365889829.6924167,96.800003,2.8384392261505127
1365889829.8938801,103.200005,2.843921422958374
1365889830.1009994,103.200005,2.822467565536499
1365889830.293088,103.200005,2.8452062606811523
1365889830.4925396,103.200005,2.881556510925293
1365889830.6931355,102.400002,2.8318350315093994
1365889830.8994286,103.200005,2.8265557289123535
1365889831.0938063,103.200005,2.8147642612457275
1365889831.3010714,103.200005,2.8235721588134766
1365889831.5013099,98.400002,2.8310680389404297
1365889831.6943173,102.400002,2.847809076309204
1365889831.894563,96.800003,2.9124648571014404
1365889832.0928655,96.800003,2.817880630493164
1365889832.2956278,102.400002,3.0471198558807373
1365889832.4975564,102.400002,2.8676490783691406
1365889832.7101188,106.400002,2.9508612155914307
1365889832.9164495,104.800003,2.82112979888916
1365889833.0941575,102.400002,2.829529285430908
1365889833.3051605,103.200005,2.830760955810547
1365889833.4998293,104.800003,2.8925888538360596
1365889833.6988027,100.800003,2.8096415996551514
1365889833.8971026,103.200005,2.813340425491333
1365889834.0963879,102.400002,2.8250153064727783
1365889834.3137865,102.400002,2.8360018730163574
1365889834.4978094,98.400002,2.815615177154541
1365889834.696565,100.800003,2.8149755001068115
1365889834.8966398,102.400002,2.8194804191589355
1365889835.096297,103.200005,2.827443838119507
1365889835.2973235,103.200005,2.8196990489959717
1365889835.4985607,102.400002,2.828619956970215
1365889835.6984787,100.000000,2.8965179920196533
1365889835.8988087,102.400002,2.8641626834869385
1365889836.1048217,103.200005,2.9001731872558594
1365889836.299826,102.400002,2.8345730304718018
1365889836.5009542,102.400002,2.842081069946289
1365889836.7070243,100.000000,2.9364867210388184
1365889836.9001305,96.800003,2.952152967453003
1365889837.1007166,103.200005,3.0172181129455566
1365889837.301167,102.400002,2.8471503257751465
1365889837.5019555,133.600006,2.880545139312744
1365889837.7021625,98.400002,2.90432071685791
1365889837.9076567,103.200005,2.813678026199341
1365889838.1049895,106.400002,2.8462812900543213
1365889838.3031588,96.800003,2.9002416133880615
1365889838.5111513,103.200005,2.8217804431915283
1365889838.7062178,102.400002,2.818633794784546
1365889838.9093223,100.000000,2.8375048637390137
1365889839.1126406,102.400002,2.816781759262085
1365889839.3033285,102.400002,2.8368217945098877
1365889839.509841,103.200005,2.8103318214416504
1365889839.7059064,100.800003,2.810817003250122
1365889839.9057755,98.400002,2.825805902481079
1365889840.104792,100.800003,2.8327550888061523
1365889840.304263,96.800003,2.9339072704315186
1365889840.5060766,103.200005,2.825423002243042
1365889840.7057257,102.400002,2.8315820693969727
1365889840.9035146,100.800003,2.95108699798584
1365889841.109909,100.000000,2.8616881370544434
1365889841.3035338,98.400002,2.8515756130218506
1365889841.5043306,102.400002,2.895848512649536
1365889841.7275698,103.200005,2.834416389465332
1365889841.9060066,133.600006,2.9524359703063965
1365889842.1550467,100.800003,2.8989551067352295
1365889842.3050046,98.400002,2.8101727962493896
1365889842.511308,103.200005,2.8097891807556152
1365889842.7164762,102.400002,2.841658353805542
1365889842.9171758,103.200005,2.880204677581787
1365889843.1757312,100.800003,2.816689968109131
1365889843.3265486,100.800003,2.8125553131103516
1365889843.5036073,102.400002,2.8175978660583496
1365889843.7047255,100.800003,2.819080352783203
1365889843.9046118,100.000000,2.8159549236297607
1365889844.1041877,103.200005,2.8250317573547363
1365889844.3040774,103.200005,2.808077812194824
1365889844.5044334,102.400002,2.8914055824279785
1365889844.7052777,102.400002,2.81042742729187
1365889844.904394,100.000000,2.811619758605957
1365889845.1081514,103.200005,2.8444366455078125
1365889845.3039505,111.200005,2.8553366661071777
1365889845.5370896,103.200005,2.9057912826538086
1365889845.7069142,102.400002,2.8184516429901123
1365889845.9286416,100.800003,2.8204081058502197
1365889846.1047554,98.400002,2.836280345916748
1365889846.3051052,104.800003,2.8842508792877197
1365889846.5125146,98.400002,2.823169231414795
1365889846.7035692,103.200005,2.9206087589263916
1365889846.9034235,96.000000,2.8207173347473145
1365889847.1039834,98.400002,2.8187811374664307
1365889847.3170404,103.200005,2.842775821685791
1365889847.5232766,103.200005,2.8104467391967773
1365889847.704187,102.400002,2.811577558517456
1365889847.9167712,104.800003,2.8564908504486084
1365889848.1064062,100.800003,2.814568281173706
1365889848.3032231,100.000000,2.810394525527954
1365889848.5052989,103.200005,2.9874703884124756
1365889848.7042718,102.400002,2.8295788764953613
1365889848.905118,100.800003,2.8161637783050537
1365889849.1052554,102.400002,2.823901414871216
1365889849.3049402,103.200005,2.8283958435058594
1365889849.5062022,102.400002,2.9061930179595947
1365889849.7337897,100.800003,2.814199447631836
1365889849.9073815,98.400002,2.827960729598999
1365889850.125699,100.800003,2.8271853923797607
1365889850.3076901,103.200005,2.8498950004577637
1365889850.5078695,100.000000,2.870112419128418
1365889850.7088077,100.800003,2.828192949295044
1365889850.9081912,102.400002,2.8219802379608154
1365889851.1075323,100.000000,2.851905345916748
1365889851.3080792,96.800003,2.8727967739105225
1365889851.5103855,102.400002,2.811821222305298
1365889851.708955,102.400002,2.825031280517578
1365889851.907436,100.800003,2.810155153274536
1365889852.1076748,100.000000,2.8623926639556885
1365889852.3070357,98.400002,2.8131096363067627
1365889852.5083284,103.200005,2.8152544498443604
1365889852.7079935,102.400002,2.818631172180176
1365889852.9079428,102.400002,2.844374179840088
1365889853.1076365,100.000000,2.811634063720703
1365889853.3155134,92.800003,2.837177276611328
1365889853.50821,102.400002,2.822896718978882
1365889853.707968,102.400002,2.836989164352417
1365889853.9084618,98.400002,2.884587526321411
1365889854.11064,103.200005,2.816643714904785
1365889854.3163826,103.200005,2.8287904262542725
1365889854.5076377,100.800003,3.0219919681549072
1365889854.7081523,100.800003,2.8808131217956543
1365889854.9089096,100.000000,2.815654993057251
1365889855.1107981,102.400002,2.825936794281006
1365889855.3103247,103.200005,2.817009210586548
1365889855.509833,103.200005,2.8115105628967285
1365889855.707416,100.800003,2.8240954875946045
1365889855.910327,100.800003,2.815049409866333
1365889856.1084242,103.200005,2.8626668453216553
1365889856.3108504,103.200005,2.8191967010498047
1365889856.5126004,102.400002,2.809893846511841
1365889856.7288277,100.800003,2.8270187377929688
1365889856.9373617,103.200005,2.821169853210449
1365889857.110537,103.200005,2.8214259147644043
1365889857.3099403,100.800003,2.808467388153076
1365889857.5104377,100.800003,2.814194440841675
1365889857.7120566,96.000000,2.9418787956237793
1365889857.9146345,102.400002,2.817201614379883
1365889858.1143365,100.800003,2.8331315517425537
1365889858.315714,98.400002,2.8205695152282715
1365889858.5252717,98.400002,2.8187942504882812
1365889858.7153962,96.000000,2.817821979522705
1365889858.9166305,103.200005,2.9319918155670166
1365889859.1120477,103.200005,2.8284106254577637
1365889859.3128753,429.600006,2.886726140975952
1365889859.5176241,103.200005,2.8853514194488525
1365889859.714771,100.800003,2.890288829803467
1365889859.9148295,103.200005,2.9143905639648438
1365889860.1144857,96.000000,2.822577714920044
1365889860.3161964,98.400002,2.825165271759033
1365889860.5173585,107.200005,2.8726065158843994
1365889860.7155082,100.800003,2.811171770095825
1365889860.9175537,100.800003,2.81640625
1365889861.115867,98.400002,2.807485580444336
1365889861.3166552,100.000000,2.8227877616882324
1365889861.516177,103.200005,2.819448471069336
1365889861.7192686,102.400002,2.8214516639709473
1365889861.9288573,102.400002,2.8154611587524414
1365889862.11798,103.200005,3.1130926609039307
1365889862.3189304,100.800003,2.967095375061035
1365889862.5191634,100.000000,2.9817240238189697
1365889862.718988,98.400002,2.849902391433716
1365889862.9174848,96.800003,2.8403444290161133
1365889863.1199803,106.400002,2.8497202396392822
1365889863.3271325,100.800003,2.8131518363952637
1365889863.5191276,103.200005,2.877695083618164
1365889863.7204463,104.800003,2.865910530090332
1365889863.9277089,103.200005,2.8565874099731445
1365889864.118946,103.200005,2.840229034423828
1365889864.3311627,96.000000,2.871760606765747
1365889864.5222585,96.800003,2.905366897583008
1365889864.7224557,100.800003,2.8283145427703857
1365889864.924007,104.800003,2.916433334350586
1365889865.1179087,100.000000,2.9858899116516113
1365889865.3196588,96.800003,2.887604236602783
1365889865.5331247,100.000000,2.850672960281372
1365889865.7192948,100.000000,2.9315216541290283
1365889865.918013,98.400002,2.8834357261657715
1365889866.1224473,412.800018,2.8176960945129395
1365889866.3181524,102.400002,2.81133770942688
1365889866.5191638,100.000000,2.8243284225463867
1365889866.7208197,98.400002,2.807178497314453
1365889866.91878,103.200005,2.813579797744751
1365889867.1181154,98.400002,2.831007957458496
1365889867.3216088,100.800003,2.844386577606201
1365889867.5183852,98.400002,2.8173742294311523
1365889867.7186499,104.800003,2.8278260231018066
1365889867.927546,103.200005,2.8472859859466553
1365889868.1206741,100.800003,2.9093141555786133
1365889868.3437216,103.200005,2.8351447582244873
1365889868.5192409,100.000000,2.8506784439086914
1365889868.721685,102.400002,2.8235092163085938
1365889868.9218042,100.000000,2.9111506938934326
1365889869.1203523,102.400002,2.8144493103027344
1365889869.324202,103.200005,2.811650037765503
1365889869.5223503,103.200005,2.820948600769043
1365889869.721781,102.400002,2.8136582374572754
1365889869.9261177,100.800003,2.8688762187957764
1365889870.122098,100.800003,2.8139467239379883
1365889870.329934,98.400002,2.824533224105835
1365889870.52196,104.800003,2.821200132369995
1365889870.7220223,100.800003,2.906231641769409
1365889870.923445,100.800003,2.810143232345581
1365889871.1250248,98.400002,2.8260912895202637
1365889871.3222523,96.800003,3.0275745391845703
1365889871.5222347,102.400002,3.349524974822998
1365889871.7235622,102.400002,3.2465598583221436
1365889871.924312,100.800003,3.0474557876586914
1365889872.1528592,100.800003,2.9352376461029053
1365889872.3238852,103.200005,2.8556203842163086
1365889872.529596,102.400002,2.834078073501587
1365889872.7250235,100.000000,2.8681271076202393
1365889872.9283047,104.800003,2.8372418880462646
1365889873.1296444,103.200005,2.861320972442627
1365889873.3259423,100.000000,2.8697893619537354
1365889873.527583,100.800003,2.8647327423095703
1365889873.7282488,98.400002,2.8102030754089355
1365889873.9303668,98.400002,2.828225612640381
1365889874.1313863,104.800003,2.8203048706054688
1365889874.326653,104.800003,2.808058261871338
1365889874.5263233,102.400002,2.819741725921631
1365889874.7376125,100.800003,2.8116636276245117
1365889874.9261305,98.400002,2.82012939453125
1365889875.1260133,100.800003,2.8161230087280273
1365889875.3273623,96.800003,2.8237552642822266
1365889875.5309658,103.200005,2.813819646835327
1365889875.7263753,100.800003,2.812988519668579
1365889875.9256668,98.400002,2.832040309906006
1365889876.1285865,103.200005,2.8178179264068604
1365889876.325878,104.800003,2.8178482055664062
1365889876.5306902,102.400002,2.92177152633667
1365889876.72506,102.400002,2.823211669921875
1365889876.9256642,96.800003,2.8550286293029785
1365889877.127031,98.400002,3.020617723464966
1365889877.3282857,96.000000,2.84702205657959
1365889877.525922,100.800003,2.8741464614868164
1365889877.7386458,100.000000,2.8222885131835938
1365889877.927153,100.000000,2.822246789932251
1365889878.1278763,102.400002,2.831825017929077
1365889878.3270588,100.800003,2.9545371532440186
1365889878.5263882,96.800003,2.8073227405548096
1365889878.731818,103.200005,2.8100502490997314
1365889878.9401689,102.400002,2.8164308071136475
1365889879.1281123,100.800003,2.8145933151245117
1365889879.3277235,100.800003,2.8242108821868896
1365889879.5283167,96.800003,2.812882423400879
1365889879.7290041,98.400002,2.8284854888916016
1365889879.934565,102.400002,2.8144171237945557
1365889880.1293507,98.400002,2.932047128677368
1365889880.329406,98.400002,2.807509183883667
1365889880.532264,102.400002,2.8840584754943848
1365889880.72853,102.400002,2.8352036476135254
1365889880.9304914,100.800003,2.863013982772827
1365889881.1462245,100.000000,2.8170275688171387
1365889881.3311505,100.000000,2.831688404083252
1365889881.5288074,103.200005,2.8147218227386475
1365889881.7305782,106.400002,2.833564043045044
1365889881.9358003,103.200005,2.815535068511963
1365889882.1297047,100.800003,2.820124626159668
1365889882.3345525,96.800003,2.8076815605163574
1365889882.5367944,104.800003,2.8332364559173584
1365889882.7355058,103.200005,2.920732259750366
1365889882.9424498,102.400002,2.823941230773926
1365889883.1322043,100.800003,2.889040231704712
1365889883.3291562,98.400002,2.9071927070617676
1365889883.528576,102.400002,2.8480002880096436
1365889883.731509,103.200005,2.8193953037261963
1365889883.9328558,103.200005,2.8107848167419434
1365889884.129427,102.400002,2.8240702152252197
1365889884.330322,100.800003,2.8403685092926025
1365889884.5300975,102.400002,2.833385705947876
1365889884.7302907,102.400002,2.8508169651031494
1365889884.92969,100.000000,2.863025188446045
1365889885.1310377,102.400002,2.823366165161133
1365889885.3297753,104.800003,2.8611514568328857
1365889885.5310218,103.200005,2.8217430114746094
1365889885.7414277,103.200005,2.8189752101898193
1365889885.9362333,96.800003,2.848123788833618
1365889886.1300921,98.400002,2.834726333618164
1365889886.3303678,102.400002,2.8096466064453125
1365889886.530678,103.200005,2.815575361251831
1365889886.7302823,100.800003,2.85147762298584
1365889886.9312756,100.000000,2.808441162109375
1365889887.130168,96.800003,2.8163468837738037
1365889887.337911,102.400002,2.8141896724700928
1365889887.5304358,102.400002,2.88374924659729
1365889887.73177,102.400002,2.8612093925476074
1365889887.9313943,100.800003,2.8204917907714844
1365889888.1310093,98.400002,2.8170535564422607
1365889888.330165,98.400002,2.824143409729004
1365889888.552322,102.400002,2.8349039554595947
1365889888.7301757,102.400002,2.8208491802215576
1365889888.929848,102.400002,2.820892572402954
1365889889.130095,100.000000,2.851252555847168
1365889889.3380466,98.400002,2.8506081104278564
1365889889.5345256,102.400002,2.857898473739624
1365889889.7298355,103.200005,2.8225040435791016
1365889889.932402,318.399994,2.811910629272461
1365889890.1299415,102.400002,2.877692699432373
1365889890.330472,100.800003,2.900852680206299
1365889890.5548344,102.400002,2.8184287548065186
1365889890.7314231,103.200005,2.844205617904663
1365889891.005628,103.200005,2.8246898651123047
1365889891.1363912,102.400002,2.8787901401519775
1365889891.3311412,102.400002,2.8154139518737793
1365889891.5368953,100.800003,2.8686747550964355
1365889891.736846,102.400002,2.8494348526000977
1365889891.9920914,104.800003,2.817925453186035
1365889892.1326451,102.400002,2.824049234390259
1365889892.3380141,104.800003,2.8762903213500977
1365889892.583352,100.800003,2.9809136390686035
1365889892.7342334,92.800003,2.865157127380371
1365889892.93606,103.200005,2.8320016860961914
1365889893.135867,103.200005,2.824108362197876
1365889893.3365726,102.400002,2.8245675563812256
1365889893.5357962,100.800003,2.819843053817749
1365889893.7348025,102.400002,2.8190581798553467
1365889893.9360476,100.000000,2.8299038410186768
1365889894.1368687,100.000000,2.8188140392303467
1365889894.3350565,104.800003,2.8368568420410156
1365889894.537125,102.400002,2.8104312419891357
1365889894.7368443,103.200005,2.8094236850738525
1365889894.935835,100.800003,2.816173791885376
1365889895.1408336,96.000000,2.814936637878418
1365889895.3400786,103.200005,2.820221185684204
1365889895.5697958,102.400002,2.82204270362854
1365889895.7542784,102.400002,2.813692569732666
1365889895.937283,102.400002,2.813253879547119
1365889896.1455965,102.400002,2.8694264888763428
1365889896.3452268,100.800003,2.816182851791382
1365889896.5365384,103.200005,2.820439338684082
1365889896.738036,102.400002,2.8674466609954834
1365889896.939529,103.200005,2.8821678161621094
1365889897.1429987,96.800003,2.8961353302001953
1365889897.3443751,96.000000,2.8193981647491455
1365889897.547458,102.400002,2.8528077602386475
1365889897.738906,102.400002,2.8256611824035645
1365889897.9393997,104.800003,2.9127862453460693
1365889898.1372557,102.400002,2.855772018432617
1365889898.3393974,98.400002,2.828387975692749
1365889898.5397673,100.000000,2.8212435245513916
1365889898.7388694,100.800003,2.8692550659179688
1365889898.9425497,98.400002,2.8255701065063477
1365889899.1379714,96.800003,2.8522403240203857
1365889899.338367,96.000000,2.841400384902954
1365889899.5511453,103.200005,2.8794760704040527
1365889899.7399828,102.400002,2.8573172092437744
1365889899.940428,103.200005,2.8214259147644043
1365889900.1382096,102.400002,2.813044786453247
1365889900.341419,100.800003,2.819685935974121
1365889900.5394313,102.400002,2.8160316944122314
1365889900.739044,98.400002,2.806790828704834
1365889900.9436326,103.200005,2.815906286239624
1365889901.1551275,100.000000,2.8178720474243164
1365889901.3409503,103.200005,2.936068058013916
1365889901.542534,100.000000,2.8093087673187256
1365889901.752395,100.800003,2.8097329139709473
1365889901.943045,103.200005,2.9265642166137695
1365889902.1419094,100.000000,2.916033983230591
1365889902.342304,98.400002,2.809253454208374
1365889902.545693,104.800003,2.8282277584075928
1365889902.7429864,100.800003,2.8651907444000244
1365889902.9444432,100.800003,2.8281469345092773
1365889903.1432197,96.800003,2.818500280380249
1365889903.3470278,140.000000,2.8777191638946533
1365889903.552566,102.400002,2.929260015487671
1365889903.7452147,103.200005,2.8795878887176514
1365889903.9459515,100.800003,2.819403886795044
1365889904.1449223,102.400002,2.821409225463867
1365889904.3460557,100.000000,2.8195114135742188
1365889904.5503972,100.800003,2.863222360610962
1365889904.7592115,103.200005,2.859022378921509
1365889904.945014,107.200005,2.808258295059204
1365889905.1464622,100.800003,2.8140170574188232
1365889905.3459136,102.400002,2.8115315437316895
1365889905.5457056,100.000000,2.8190386295318604
1365889905.7461646,100.000000,2.8135464191436768
1365889905.9558926,106.400002,2.8113291263580322
1365889906.1468534,103.200005,2.8193774223327637
1365889906.3461323,102.400002,2.833441734313965
1365889906.54712,100.800003,2.8108577728271484
1365889906.7516553,100.000000,2.8138785362243652
1365889906.945179,98.400002,3.0187110900878906
1365889907.147905,103.200005,2.838502883911133
1365889907.345181,102.400002,2.823601722717285
1365889907.5462797,102.400002,2.8215134143829346
1365889907.7732027,100.800003,2.8284854888916016
1365889907.9455175,98.400002,2.839529037475586
1365889908.1497822,98.400002,2.872966766357422
1365889908.3715115,107.200005,2.833390951156616
1365889908.5479448,100.800003,2.8098199367523193
1365889908.7565238,103.200005,2.8755393028259277
1365889908.948039,100.800003,2.8269946575164795
1365889909.1502829,103.200005,2.808098077774048
1365889909.3539557,104.800003,2.8089094161987305
1365889909.5512135,100.800003,2.869666337966919
1365889909.7491977,100.800003,2.892143726348877
1365889909.95009,100.800003,2.8101301193237305
1365889910.1505005,103.200005,2.832828998565674
1365889910.3513753,102.400002,2.808773994445801
1365889910.5778303,102.400002,2.8106796741485596
1365889910.7539642,98.400002,2.8215770721435547
1365889910.9512694,98.400002,2.817225933074951
1365889911.15303,102.400002,2.823113203048706
1365889911.3513424,103.200005,2.825242519378662
1365889911.55168,100.800003,2.943263292312622
1365889911.752765,100.000000,2.834459066390991
1365889911.9530563,103.200005,2.828768253326416
1365889912.1523216,102.400002,2.820111036300659
1365889912.3556345,100.800003,2.8131213188171387
1365889912.5555594,104.800003,2.8094587326049805
1365889912.752788,100.800003,2.817159414291382
1365889912.955066,100.000000,2.8149948120117188
1365889913.1564193,102.400002,2.868469476699829
1365889913.3534038,100.800003,2.83550763130188
1365889913.5562892,100.800003,3.0832691192626953
1365889913.7537258,100.000000,2.889923572540283
1365889913.954352,98.400002,2.835325002670288
1365889914.1631806,103.200005,2.8186841011047363
1365889914.4832938,100.800003,2.862107753753662
1365889914.5542758,100.800003,2.811711311340332
1365889914.756875,104.800003,2.8357362747192383
1365889914.9577372,100.000000,2.8838977813720703
1365889915.1564803,100.800003,2.8682861328125
1365889915.3543127,103.200005,2.8107547760009766
1365889915.5565891,102.400002,2.815451145172119
1365889915.7558382,100.800003,2.8813741207122803
1365889915.960374,102.400002,2.8243043422698975
1365889916.1566093,100.000000,2.8250319957733154
1365889916.3566854,100.800003,2.8553826808929443
1365889916.5552027,429.600006,2.8949148654937744
1365889916.7577167,102.400002,2.832413673400879
1365889916.957515,102.400002,2.9115569591522217
1365889917.1556268,102.400002,2.8834779262542725
1365889917.354516,100.800003,2.8202719688415527
1365889917.5539567,100.800003,2.8367769718170166
1365889917.7594664,103.200005,2.823920726776123
1365889917.9539783,103.200005,2.8166425228118896
1365889918.1685205,102.400002,2.822641611099243
1365889918.3550944,102.400002,2.953092336654663
1365889918.5546021,100.800003,2.837608575820923
1365889918.7539556,96.800003,2.824136972427368
1365889918.9585757,103.200005,2.8889718055725098
1365889919.1547544,100.000000,2.913433074951172
1365889919.354775,103.200005,2.816812038421631
1365889919.5551863,103.200005,2.8455066680908203
1365889919.7578566,100.000000,2.933771848678589
1365889919.9774654,100.000000,2.848034143447876
1365889920.1559424,98.400002,2.8195767402648926
1365889920.3581576,104.800003,2.8522398471832275
1365889920.554866,104.800003,2.8196451663970947
1365889920.7552345,100.800003,2.8422436714172363
1365889920.9748805,100.000000,2.817641496658325
1365889921.1562235,102.400002,2.8198142051696777
1365889921.3572211,103.200005,2.8239502906799316
1365889921.5562966,102.400002,2.8858044147491455
1365889921.770666,102.400002,2.9037299156188965
1365889921.9582138,100.800003,2.8152787685394287
1365889922.157898,100.000000,2.844435691833496
1365889922.3559449,98.400002,2.8170459270477295
1365889922.5573554,103.200005,2.8654818534851074
1365889922.758295,104.800003,2.8160109519958496
1365889922.9563007,103.200005,2.8257803916931152
1365889923.1565385,100.000000,2.834303617477417
1365889923.3559532,100.000000,2.8371469974517822
1365889923.5673916,102.400002,2.8976526260375977
1365889923.758757,102.400002,2.8492021560668945
1365889923.975086,100.800003,2.8227524757385254
1365889924.1632826,103.200005,2.807995080947876
1365889924.358282,100.000000,2.840379238128662
1365889924.5558674,103.200005,2.833594799041748
1365889924.7563353,102.400002,2.8553078174591064
1365889924.9557593,103.200005,2.8185157775878906
1365889925.1568198,102.400002,2.905918836593628
1365889925.355836,100.000000,2.9701929092407227
1365889925.559013,100.800003,2.9075379371643066
1365889925.7643843,100.800003,2.8531715869903564
1365889925.961301,100.800003,2.814646005630493
1365889926.1562614,100.800003,2.8273556232452393
1365889926.3602242,100.000000,2.8259968757629395
1365889926.560334,103.200005,2.80721116065979
1365889926.7590857,100.800003,2.9204158782958984
1365889926.9785202,104.800003,2.8554012775421143
1365889927.161385,100.800003,2.81028413772583
1365889927.3592854,100.000000,2.813709259033203
1365889927.5594358,98.400002,2.8089723587036133
1365889927.758886,103.200005,2.8143393993377686
1365889927.961353,102.400002,2.8151915073394775
1365889928.1620808,100.800003,2.8448374271392822
1365889928.3600783,100.000000,2.821418523788452
1365889928.5600734,100.800003,2.869978189468384
1365889928.762479,100.000000,2.8097457885742188
1365889928.9590626,102.400002,2.8317718505859375
1365889929.162746,103.200005,2.8220560550689697
1365889929.3607695,103.200005,2.821044445037842
1365889929.559767,104.800003,2.8079466819763184
1365889929.7618186,100.800003,2.8415000438690186
1365889929.96016,100.800003,2.8569371700286865
1365889930.1599367,106.400002,2.878429889678955
1365889930.3599582,104.800003,2.835160970687866
1365889930.5597417,100.000000,2.806633949279785
1365889930.7625458,102.400002,2.812940835952759
1365889930.965655,100.000000,2.810471773147583
1365889931.1856432,100.000000,2.822597026824951
1365889931.3600063,103.200005,2.8228282928466797
1365889931.5607429,102.400002,3.132369041442871
1365889931.760829,100.800003,3.1362698078155518
1365889931.9617465,100.000000,2.937743902206421
1365889932.1620488,98.400002,2.817802906036377
1365889932.3628013,103.200005,2.8505148887634277
1365889932.5663815,102.400002,2.8133177757263184
1365889932.764503,102.400002,2.823387622833252
1365889932.962414,100.800003,2.819451332092285
1365889933.167797,100.000000,2.808107614517212
1365889933.3622134,103.200005,2.8258743286132812
1365889933.5670512,103.200005,2.8234336376190186
1365889933.7626936,100.800003,2.8090715408325195
1365889933.9621642,100.800003,2.933420181274414
1365889934.1626377,102.400002,2.8391191959381104
1365889934.3725505,107.200005,2.8359999656677246
1365889934.5649822,96.800003,2.8090603351593018
1365889934.7672892,96.000000,3.258942127227783
1365889934.9660468,100.800003,3.061229705810547
1365889935.1642466,96.800003,2.8985304832458496
1365889935.3667195,98.400002,2.883920669555664
1365889935.5737686,100.800003,2.8677241802215576
1365889935.7631414,102.400002,2.8162789344787598
1365889936.0089371,100.800003,2.8081552982330322
1365889936.1668491,100.800003,2.8779215812683105
1365889936.3812582,100.000000,2.8166632652282715
1365889936.56395,103.200005,2.811389923095703
1365889936.763915,100.800003,2.8318097591400146
1365889936.9650402,100.800003,2.812622308731079
1365889937.1639376,96.800003,3.0036306381225586
1365889937.3657768,100.000000,2.8545548915863037
1365889937.563606,100.800003,2.886950731277466
1365889937.767228,102.400002,2.824342727661133
1365889937.96432,100.800003,2.87076997756958
1365889938.164229,102.400002,2.9354233741760254
1365889938.3643541,98.400002,2.8284950256347656
1365889938.5631359,98.400002,2.8897147178649902
1365889938.7659702,104.800003,2.8075504302978516
1365889938.964221,102.400002,2.816483736038208
1365889939.1643274,100.800003,2.811833620071411
1365889939.372943,98.400002,2.8520359992980957
1365889939.5736766,102.400002,2.814534902572632
1365889939.7675116,102.400002,2.8154797554016113
1365889939.964576,102.400002,3.038515090942383
1365889940.168464,103.200005,2.9388909339904785
1365889940.3967826,96.800003,2.8905959129333496
1365889940.5686157,104.800003,2.813692092895508
1365889940.7680936,104.800003,2.8073694705963135
1365889940.9668083,100.000000,2.807746648788452
1365889941.1680937,98.400002,2.8147027492523193
1365889941.3667061,103.200005,2.8185031414031982
1365889941.5674942,102.400002,2.813497543334961
1365889941.7716708,98.400002,2.8111720085144043
1365889941.9685946,103.200005,2.8249452114105225
1365889942.167767,102.400002,2.819122314453125
1365889942.3673973,102.400002,2.8089661598205566
1365889942.5689566,102.400002,2.825418710708618
1365889942.7762375,98.400002,2.8363094329833984
1365889942.9758399,100.000000,2.8087732791900635
1365889943.1691065,96.000000,2.8248424530029297
1365889943.3701246,103.200005,2.8826184272766113
1365889943.569517,102.400002,2.8251240253448486
1365889943.7794542,100.000000,2.8245506286621094
1365889943.9777598,98.400002,2.8260111808776855
1365889944.17164,100.800003,2.822382926940918
1365889944.3739634,103.200005,2.8148651123046875
1365889944.5692883,100.000000,2.875744342803955
1365889944.7747629,100.000000,2.807654857635498
1365889944.9724157,100.000000,2.818485975265503
1365889945.1716151,100.800003,2.8248889446258545
1365889945.3715594,102.400002,2.809860944747925
1365889945.5718658,102.400002,2.8322627544403076
1365889945.7746334,98.400002,2.81636381149292
1365889945.9728987,104.800003,2.825019598007202
1365889946.1725235,100.800003,2.8214235305786133
1365889946.370795,100.800003,2.8118505477905273
1365889946.5796347,100.000000,2.8423874378204346
1365889946.7759814,102.400002,2.822775363922119
1365889946.97388,102.400002,2.8274896144866943
1365889947.1733482,102.400002,2.8208067417144775
1365889947.373358,100.800003,2.8208820819854736
1365889947.5745554,100.000000,2.8443312644958496
1365889947.7763953,102.400002,2.8463070392608643
1365889947.9782193,107.200005,2.8172614574432373
1365889948.1738544,100.800003,2.8302977085113525
1365889948.3728683,102.400002,2.8242743015289307
1365889948.5744002,100.800003,2.87607479095459
1365889948.7732766,98.400002,2.899777889251709
1365889948.9819477,104.800003,2.828383684158325
1365889949.1747534,100.800003,2.8075788021087646
1365889949.374568,100.000000,2.832078695297241
1365889949.5962348,100.000000,2.820791006088257
1365889949.7771819,100.800003,2.8231568336486816
1365889949.974797,92.000000,2.8159658908843994
1365889950.177629,103.200005,2.812042236328125
1365889950.375294,100.000000,2.842714309692383
1365889950.575132,98.400002,2.824517011642456
1365889950.7766843,107.200005,2.8131802082061768
1365889950.9757087,102.400002,2.81374192237854
1365889951.1866984,100.800003,2.817983865737915
1365889951.3883607,100.000000,2.828503370285034
1365889951.576026,154.400009,2.8087005615234375
1365889951.7765217,104.800003,2.8186707496643066
1365889951.9765418,100.000000,2.8083739280700684
1365889952.1831586,103.200005,2.922722816467285
1365889952.3767428,100.800003,2.850510835647583
1365889952.5781949,104.800003,2.9224658012390137
1365889952.7948263,104.800003,2.8062937259674072
1365889952.9770741,100.800003,2.836683988571167
1365889953.202776,100.000000,2.822909116744995
1365889953.37793,103.200005,2.806946277618408
1365889953.5771666,102.400002,2.8110857009887695
1365889953.7775962,102.400002,2.8218276500701904
1365889953.980382,98.400002,2.814011812210083
1365889954.1827772,103.200005,2.905494213104248
1365889954.3845313,104.800003,2.809699535369873
1365889954.585779,100.800003,2.8381917476654053
1365889954.7870235,98.400002,2.807394027709961
1365889954.9826775,102.400002,2.807720899581909
1365889955.1793923,102.400002,2.822514295578003
1365889955.3797348,100.800003,2.8161492347717285
1365889955.5833454,98.400002,2.817962408065796
1365889955.7865288,415.200012,2.826099157333374
1365889955.9811466,96.800003,2.8186957836151123
1365889956.1821337,96.800003,2.8140010833740234
1365889956.3820598,100.800003,2.841017007827759
1365889956.581459,100.000000,2.8151116371154785
1365889956.7824316,103.200005,2.9958901405334473
1365889956.9810526,102.400002,2.8589935302734375
1365889957.1842325,100.800003,2.851351261138916
1365889957.3819478,100.000000,2.8232531547546387
1365889957.5860252,100.800003,2.8830270767211914
1365889957.781165,102.400002,2.8090293407440186
1365889957.9818282,102.400002,2.8680222034454346
1365889958.181004,102.400002,2.8218190670013428
1365889958.3829012,100.800003,3.013225555419922
1365889958.5825677,100.000000,2.850146532058716
1365889958.7854762,104.800003,2.843385934829712
1365889958.9814973,103.200005,2.886233329772949
1365889959.1942663,103.200005,2.837047815322876
1365889959.3825223,106.400002,2.955808639526367
1365889959.584514,100.000000,2.845938205718994
1365889959.7923374,100.000000,2.8869757652282715
1365889959.9814777,103.200005,2.8222200870513916
1365889960.1824667,102.400002,2.8380253314971924
1365889960.382897,429.600006,2.82981538772583
1365889960.5838852,100.800003,2.8777847290039062
1365889960.7817426,98.400002,2.8440418243408203
1365889960.9812648,98.400002,2.8078699111938477
1365889961.2083786,103.200005,2.8205151557922363
1365889961.3826761,103.200005,2.853990316390991
1365889961.5825856,102.400002,2.835023880004883
1365889961.7827082,100.000000,2.8187460899353027
1365889961.9828753,100.800003,2.8171114921569824
1365889962.2051935,103.200005,2.8113222122192383
1365889962.383129,103.200005,2.828484535217285
1365889962.5831094,103.200005,2.807565450668335
1365889962.7830455,102.400002,2.8177971839904785
1365889962.9831882,100.000000,2.8161096572875977
1365889963.18432,103.200005,2.8158068656921387
1365889963.3871176,103.200005,2.838210344314575
1365889963.583777,102.400002,2.8188459873199463
1365889963.7979558,100.000000,2.8208250999450684
1365889963.9834306,103.200005,2.8171463012695312
1365889964.1831994,103.200005,2.812295913696289
1365889964.386382,104.800003,2.9245386123657227
1365889964.585082,102.400002,2.8342297077178955
1365889964.827992,96.000000,2.8113410472869873
1365889964.9861856,98.400002,2.827798366546631
1365889965.1858528,96.800003,2.822232484817505
1365889965.401753,103.200005,2.822638511657715
1365889965.5846682,98.400002,2.8620121479034424
1365889965.7860537,102.400002,2.824871063232422
1365889965.9905295,103.200005,2.820225238800049
1365889966.1855335,102.400002,2.8111681938171387
1365889966.3889773,103.200005,2.9377853870391846
1365889966.5870414,103.200005,2.9079580307006836
1365889966.7843857,102.400002,2.81356143951416
1365889966.9849944,100.800003,2.8153791427612305
1365889967.1852267,100.800003,2.8201675415039062
1365889967.3879356,100.800003,2.825618267059326
1365889967.585659,100.000000,2.812847375869751
1365889967.7924287,100.800003,2.8187220096588135
1365889967.9855268,100.000000,2.8247530460357666
1365889968.2182322,100.800003,2.8091228008270264
1365889968.3858483,98.400002,2.820481538772583
1365889968.598234,102.400002,2.807797431945801
1365889968.7993104,98.400002,2.823986768722534
1365889968.9892213,102.400002,2.8417956829071045
1365889969.1879754,103.200005,2.8242506980895996
1365889969.3878589,100.800003,2.808654308319092
1365889969.5870368,100.000000,2.818368673324585
1365889969.7892303,96.800003,2.823974609375
1365889970.013155,100.800003,2.823002815246582
1365889970.190936,103.200005,2.820422410964966
1365889970.3877847,100.800003,2.812286615371704
1365889970.587098,100.800003,2.8129024505615234
1365889970.8005247,100.800003,2.864164352416992
1365889970.9874098,103.200005,2.82602858543396
1365889971.1868773,100.800003,2.8134493827819824
1365889971.3884368,100.800003,2.8553035259246826
1365889971.5889914,100.000000,2.881934404373169
1365889971.7894778,98.400002,2.8126204013824463
1365889971.989282,103.200005,2.8272390365600586
1365889972.196622,100.800003,3.0047473907470703
1365889972.3884416,103.200005,2.8473455905914307
1365889972.5886576,100.000000,2.8250863552093506
1365889972.7883427,100.000000,2.814824342727661
1365889972.9948788,104.800003,2.818016290664673
1365889973.190177,100.800003,2.823706865310669
1365889973.389347,100.800003,2.8405277729034424
1365889973.589848,221.600006,2.8232712745666504
1365889973.8071384,104.800003,2.82774019241333
1365889974.003472,100.800003,2.811948537826538
1365889974.202573,100.800003,2.807129144668579
1365889974.4131806,100.000000,2.9438130855560303
1365889974.594951,102.400002,2.906040668487549
1365889974.7913868,104.800003,2.858405590057373
1365889974.9929464,103.200005,2.9150710105895996
1365889975.192832,102.400002,2.943209171295166
1365889975.3940861,100.800003,2.8107943534851074
1365889975.5940511,102.400002,2.914684772491455
1365889975.7944417,102.400002,2.823896884918213
1365889975.9949975,102.400002,2.8191089630126953
1365889976.1956773,100.000000,2.811767816543579
1365889976.3972914,100.800003,2.8087525367736816
1365889976.6351159,106.400002,2.8273398876190186
1365889976.795688,100.800003,2.8114664554595947
1365889976.9970777,100.000000,2.8191277980804443
1365889977.1987557,98.400002,2.9303271770477295
1365889977.3961837,102.400002,2.820859909057617
1365889977.5969574,103.200005,2.8298451900482178
1365889977.7962983,102.400002,2.8225886821746826
1365889978.0019715,100.000000,2.8316032886505127
1365889978.2078142,96.800003,2.888068199157715
1365889978.407229,100.000000,2.8378655910491943
1365889978.5955544,103.200005,2.948629856109619
1365889978.7960865,98.400002,2.818528175354004
1365889978.9984884,100.800003,2.819871425628662
1365889979.202819,98.400002,2.816242218017578
1365889979.3977149,103.200005,2.8541479110717773
1365889979.5999317,102.400002,2.877185106277466
1365889979.7982335,100.000000,3.00006365776062
1365889979.998493,100.000000,2.8660378456115723
1365889980.198797,98.400002,2.809436321258545
1365889980.4003985,103.200005,2.8326544761657715
1365889980.6007557,103.200005,2.8207013607025146
1365889980.7989357,98.400002,2.875396728515625
1365889980.9999673,100.800003,2.8254401683807373
1365889981.2001536,98.400002,2.8182153701782227
1365889981.3995297,102.400002,2.822493314743042
1365889981.5985966,104.800003,2.8083267211914062
1365889981.799101,103.200005,2.8774149417877197
1365889981.9984407,102.400002,2.8113582134246826
1365889982.1989522,98.400002,2.821023464202881
1365889982.3996298,102.400002,2.8106908798217773
1365889982.6057782,102.400002,2.8501298427581787
1365889982.7998333,102.400002,2.8135643005371094
1365889983.000616,100.000000,2.8175861835479736
1365889983.2317643,98.400002,2.8133177757263184
1365889983.4013798,102.400002,2.859245777130127
1365889983.6021338,100.800003,2.874338388442993
1365889983.8031063,100.800003,2.8897531032562256
1365889984.0033195,96.800003,2.8085803985595703
1365889984.2045157,104.800003,2.881531238555908
1365889984.4067729,104.800003,2.968041181564331
1365889984.6050248,100.800003,2.832968235015869
1365889984.8065288,100.000000,2.8126423358917236
1365889985.0066311,100.800003,2.8073770999908447
1365889985.2049868,102.400002,2.92730712890625
1365889985.4066737,98.400002,2.817362070083618
1365889985.608379,96.800003,2.815908670425415
1365889985.805544,100.800003,2.8208882808685303
1365889986.0086832,102.400002,2.8185274600982666
1365889986.2066896,100.800003,2.8122189044952393
1365889986.4058063,100.800003,2.8288638591766357
1365889986.6104443,102.400002,2.811479330062866
1365889986.8207698,100.800003,2.812425136566162
1365889987.0342019,103.200005,2.882528781890869
1365889987.2071347,102.400002,2.838381290435791
1365889987.411412,100.800003,2.806842803955078
1365889987.6082513,100.800003,2.8101370334625244
1365889987.8168917,96.800003,2.8307056427001953
1365889988.008984,102.400002,2.8330512046813965
1365889988.2083328,102.400002,2.8060121536254883
1365889988.4150536,102.400002,2.8255560398101807
1365889988.6069045,100.000000,2.868462324142456
1365889988.8155818,102.400002,2.8283772468566895
1365889989.00988,103.200005,2.806475877761841
1365889989.2070873,103.200005,2.8085129261016846
1365889989.4072227,103.200005,2.894803285598755
1365889989.6092315,100.800003,2.928551197052002
1365889989.8098512,100.000000,2.9308598041534424
1365889990.0125287,102.400002,2.8092451095581055
1365889990.2105901,102.400002,2.88187837600708
1365889990.409272,100.000000,2.812675952911377
1365889990.620357,100.000000,2.81825852394104
1365889990.8134632,102.400002,2.8228719234466553
1365889991.010928,103.200005,2.982797384262085
1365889991.211005,103.200005,2.813105583190918
1365889991.4117148,100.800003,2.8204643726348877
1365889991.6123953,98.400002,2.8512561321258545
1365889991.8128812,100.000000,2.868701934814453
1365889992.013633,104.800003,2.871835947036743
1365889992.2151215,103.200005,2.8253140449523926
1365889992.4154193,103.200005,2.819950819015503
1365889992.622905,106.400002,2.9976871013641357
1365889992.8191807,103.200005,2.992518663406372
1365889993.0159285,102.400002,2.8230226039886475
1365889993.2157452,103.200005,2.815997362136841
1365889993.4162724,100.800003,2.816817283630371
1365889993.6163971,100.800003,2.845102310180664
1365889993.8167818,100.000000,2.8161191940307617
1365889994.0169837,103.200005,2.8134522438049316
1365889994.2181556,102.400002,2.8107407093048096
1365889994.4183114,100.800003,2.8155715465545654
1365889994.6191385,100.000000,2.894763946533203
1365889994.8193004,98.400002,2.831188678741455
1365889995.0184634,103.200005,2.806427001953125
1365889995.227698,108.800003,2.8130555152893066
1365889995.4195817,104.800003,2.815330743789673
1365889995.6234372,100.000000,2.809077024459839
1365889995.8199768,98.400002,2.8131628036499023
1365889996.0264783,110.400002,2.8150110244750977
1365889996.2265377,100.000000,2.8197147846221924
1365889996.423017,106.400002,2.8785760402679443
1365889996.6238232,100.000000,2.8263487815856934
1365889996.8213716,106.400002,2.9897964000701904
1365889997.027263,103.200005,2.8069639205932617
1365889997.2224684,102.400002,2.8159825801849365
1365889997.42901,100.800003,2.813124895095825
1365889997.6225903,100.800003,2.8388051986694336
1365889997.8221002,100.800003,2.8636839389801025
1365889998.0285294,102.400002,2.9162161350250244
1365889998.2234566,103.200005,2.8516645431518555
1365889998.4232395,102.400002,2.81028151512146
1365889998.6234539,100.800003,2.812281370162964
1365889998.8232598,100.800003,2.8194172382354736
1365889999.027575,98.400002,2.8138906955718994
1365889999.2221067,104.800003,2.8157479763031006
1365889999.4220932,103.200005,2.825484037399292
1365889999.6219661,102.400002,2.8136768341064453
1365889999.8215854,100.000000,2.8124940395355225
1365890000.027551,100.000000,2.822728157043457
1365890000.2305088,103.200005,2.817756175994873
1365890000.430588,102.400002,2.838822364807129
1365890000.6224716,102.400002,2.810321092605591
1365890000.823562,100.800003,2.809612274169922
1365890001.0325334,104.800003,2.813948154449463
1365890001.2236938,96.800003,2.837277412414551
1365890001.4284406,102.400002,2.8118319511413574
1365890001.6261253,102.400002,2.8226094245910645
1365890001.8255007,100.000000,2.819580078125
1365890002.0254426,98.400002,2.822848320007324
1365890002.2275603,103.200005,2.8252077102661133
1365890002.428634,107.200005,2.8105950355529785
1365890002.659495,110.400002,2.860954761505127
1365890002.853644,110.400002,2.8405098915100098
1365890003.025467,100.000000,2.8247854709625244
1365890003.226711,98.400002,2.8120181560516357
1365890003.4268954,102.400002,2.8126673698425293
1365890003.6257486,103.200005,2.823093891143799
1365890003.825672,102.400002,2.8556296825408936
1365890004.026002,100.800003,2.809469699859619
1365890004.2319221,98.400002,2.809380054473877
1365890004.4324121,112.800003,2.8219335079193115
1365890004.626367,100.800003,3.1591169834136963
1365890004.8267372,100.800003,2.962299346923828
1365890005.0284946,102.400002,2.9794070720672607
1365890005.2314765,98.400002,2.8162872791290283
1365890005.4315546,104.800003,2.8196945190429688
1365890005.6283395,102.400002,2.8157129287719727
1365890005.8324673,100.800003,2.8302929401397705
1365890006.0290995,100.000000,2.8342862129211426
1365890006.2315304,100.000000,2.8072733879089355
1365890006.429003,103.200005,2.80900239944458
1365890006.6292584,102.400002,2.8066253662109375
1365890006.8432376,106.400002,2.810600519180298
1365890007.0304565,100.800003,2.8140902519226074
1365890007.2309988,100.000000,2.824636459350586
1365890007.4299896,100.000000,2.822500705718994
1365890007.6289804,96.800003,2.828122615814209
1365890007.8290374,102.400002,2.8151724338531494
1365890008.0299056,102.400002,2.8111772537231445
1365890008.231342,100.800003,2.8331542015075684
1365890008.4311345,100.000000,2.8128256797790527
1365890008.6345258,98.400002,2.853909492492676
1365890008.836936,103.200005,2.8556180000305176
1365890009.0303805,102.400002,2.827338457107544
1365890009.229277,103.200005,2.8125414848327637
1365890009.4355881,103.200005,2.8272836208343506
1365890009.6291168,102.400002,2.8193392753601074
1365890009.832251,103.200005,2.8124866485595703
1365890010.0591803,100.800003,2.812422275543213
1365890010.2296493,98.400002,2.8277840614318848
1365890010.4296682,102.400002,2.816004991531372
1365890010.6385643,103.200005,2.8100435733795166
1365890010.831776,103.200005,2.808870315551758
1365890011.0411286,103.200005,2.9404497146606445
1365890011.2338276,102.400002,2.8104982376098633
1365890011.4299357,100.000000,2.904531955718994
1365890011.6303718,98.400002,2.8185698986053467
1365890011.831381,102.400002,2.832415819168091
1365890012.0306473,102.400002,2.8832154273986816
1365890012.2329395,102.400002,2.8889055252075195
1365890012.4323955,100.800003,3.1050636768341064
1365890012.6310682,98.400002,2.9405481815338135
1365890012.8316243,103.200005,2.819878578186035
1365890013.0310698,103.200005,2.837350368499756
1365890013.2334578,100.800003,2.8295257091522217
1365890013.4356568,100.000000,2.817800283432007
1365890013.633847,102.400002,2.8157639503479004
1365890013.8331354,103.200005,2.8405685424804688
1365890014.034534,103.200005,2.8405137062072754
1365890014.2355087,103.200005,2.807286262512207
1365890014.4345565,102.400002,2.8176064491271973
1365890014.6452966,96.800003,2.8060946464538574
1365890014.8342414,98.400002,2.825597047805786
1365890015.0332124,100.000000,2.8083109855651855
1365890015.2346053,100.000000,2.8058550357818604
1365890015.4377167,98.400002,2.8126821517944336
1365890015.6346483,100.000000,2.844564437866211
1365890015.8349254,102.400002,2.8301620483398438
1365890016.0346408,100.800003,2.8069798946380615
1365890016.2332308,102.400002,2.8167366981506348
1365890016.4337604,102.400002,2.8252954483032227
1365890016.6419363,100.800003,3.065035104751587
1365890016.834379,100.000000,3.0579092502593994
1365890017.0345838,98.400002,2.8594486713409424
1365890017.2345116,98.400002,2.845658540725708
1365890017.4344175,104.800003,2.8271443843841553
1365890017.6349983,100.800003,2.823925495147705
1365890017.8432581,103.200005,2.816624641418457
1365890018.0466037,100.000000,2.836848258972168
1365890018.2343912,102.400002,2.86580491065979
1365890018.4356577,106.400002,2.807431936264038
1365890018.6364017,98.400002,2.8084983825683594
1365890018.835282,100.000000,2.8218393325805664
1365890019.035643,100.800003,2.8184726238250732
1365890019.2402544,100.000000,2.8201138973236084
1365890019.4364252,96.800003,2.8239407539367676
1365890019.639537,103.200005,2.8652725219726562
1365890019.8376265,103.200005,2.80887508392334
1365890020.038812,100.800003,2.8200554847717285
1365890020.2358468,100.000000,2.8127963542938232
1365890020.435889,103.200005,2.8217086791992188
1365890020.6369545,103.200005,2.8079257011413574
1365890020.8373573,100.800003,2.8123526573181152
1365890021.040277,102.400002,2.8223459720611572
1365890021.2367334,102.400002,2.8459653854370117
1365890021.437413,102.400002,2.8096718788146973
1365890021.6401865,100.800003,2.82000994682312
1365890021.8380013,98.400002,2.830777406692505
1365890022.044727,106.400002,2.816274642944336
1365890022.2393022,102.400002,2.8241615295410156
1365890022.4408016,100.800003,2.8184757232666016
1365890022.6393917,96.800003,2.8059535026550293
1365890022.8420632,102.400002,2.829491376876831
1365890023.0549905,106.400002,2.8216545581817627
1365890023.241767,100.800003,2.811110019683838
1365890023.4411514,102.400002,2.850615978240967
1365890023.641709,100.000000,2.833077907562256
1365890023.8444653,100.800003,2.8081183433532715
1365890024.0496464,102.400002,3.0032505989074707
1365890024.242149,103.200005,2.8866615295410156
1365890024.4446344,102.400002,2.822328805923462
1365890024.6594033,100.800003,2.8460006713867188
1365890024.8451526,102.400002,2.8062262535095215
1365890025.0507903,98.400002,2.8353326320648193
1365890025.245794,98.400002,2.8124516010284424
1365890025.445076,96.800003,2.812664270401001
1365890025.6470294,103.200005,2.8165476322174072
1365890025.8450825,103.200005,2.843250274658203
1365890026.0455494,102.400002,2.823244571685791
1365890026.2460704,100.800003,3.0116982460021973
1365890026.4459836,98.400002,2.8412575721740723
1365890026.6475265,103.200005,2.8149254322052
1365890026.8775296,102.400002,2.8584282398223877
1365890027.0474567,103.200005,2.8321094512939453
1365890027.2459052,100.000000,2.806574821472168
1365890027.4464207,100.000000,2.8049049377441406
1365890027.6478677,102.400002,2.8935842514038086
1365890027.8478398,103.200005,2.8197062015533447
1365890028.0468884,102.400002,2.809709310531616
1365890028.2618852,100.000000,2.824021577835083
1365890028.4566734,100.000000,2.8210315704345703
1365890028.6482224,102.400002,2.8063313961029053
1365890028.8468213,102.400002,2.821979284286499
1365890029.049026,102.400002,2.8170177936553955
1365890029.2468953,100.000000,2.921905517578125
1365890029.4481986,98.400002,2.828493595123291
1365890029.6469202,98.400002,2.9514176845550537
1365890029.8483174,96.800003,2.835239887237549
1365890030.050962,102.400002,2.862778425216675
1365890030.2482667,102.400002,2.8784730434417725
1365890030.462808,103.200005,2.82271409034729
1365890030.647855,100.800003,2.8152308464050293
1365890030.862328,98.400002,2.8234000205993652
1365890031.0578768,104.800003,2.8121728897094727
1365890031.2499926,102.400002,2.8255069255828857
1365890031.4499965,104.800003,2.8232223987579346
1365890031.6586466,100.800003,2.8404793739318848
1365890031.8573031,106.400002,2.811818838119507
1365890032.0553195,104.800003,2.830784797668457
1365890032.2580616,100.000000,2.818352222442627
1365890032.4793756,100.800003,2.8067128658294678
1365890032.6664548,103.200005,2.8105480670928955
1365890032.858068,103.200005,2.8123438358306885
1365890033.0508153,103.200005,2.826610803604126
1365890033.2528818,100.800003,2.805335760116577
1365890033.4520674,100.800003,2.8098044395446777
1365890033.651224,98.400002,2.8100335597991943
1365890033.8526392,102.400002,2.8057620525360107
1365890034.0506089,103.200005,2.8268988132476807
1365890034.252673,96.800003,2.8059515953063965
1365890034.4532335,102.400002,2.917330503463745
1365890034.6523376,103.200005,2.9546706676483154
1365890034.8528397,102.400002,2.8270022869110107
1365890035.0522306,100.800003,2.825870990753174
1365890035.2508638,102.400002,2.891771078109741
1365890035.4534717,103.200005,2.8138539791107178
1365890035.6669455,100.000000,2.8155949115753174
1365890035.8537858,410.399994,2.8506789207458496
1365890036.0515053,96.800003,2.831315517425537
1365890036.2531433,102.400002,2.9368343353271484
1365890036.4520402,100.800003,2.936044454574585
1365890036.6558897,98.400002,2.845540761947632
1365890036.861286,102.400002,2.811077356338501
1365890037.0540433,102.400002,2.8623206615448
1365890037.253124,103.200005,2.8081257343292236
1365890037.45342,100.800003,2.805133104324341
1365890037.652525,102.400002,2.8096866607666016
1365890037.8570478,100.000000,2.8480100631713867
1365890038.0533192,100.000000,2.8167061805725098
1365890038.253949,102.400002,2.81425142288208
1365890038.4529634,103.200005,2.812898874282837
1365890038.653545,102.400002,2.8288955688476562
1365890038.8566186,103.200005,2.9755747318267822
1365890039.0549242,102.400002,2.8649914264678955
1365890039.2566786,100.000000,2.8103253841400146
1365890039.456093,98.400002,2.8110783100128174
1365890039.6593618,98.400002,2.9747729301452637
1365890039.8562484,103.200005,2.8182637691497803
1365890040.0739226,96.800003,2.810213565826416
1365890040.2988243,98.400002,2.8051340579986572
1365890040.4569845,96.800003,2.827261447906494
1365890040.660897,100.000000,2.8169124126434326
1365890040.8918235,100.800003,2.818455219268799
1365890041.0594897,96.800003,2.9091451168060303
1365890041.2724,100.800003,2.8198397159576416
1365890041.4613113,100.000000,2.8398547172546387
1365890041.657999,100.800003,2.810887336730957
1365890041.8576398,100.800003,2.816119909286499
1365890042.0585928,100.800003,2.873016119003296
1365890042.262656,100.800003,2.813636302947998
1365890042.4582727,103.200005,2.8089370727539062
1365890042.6702654,100.800003,2.8097360134124756
1365890042.8597696,103.200005,2.822207450866699
1365890043.0598633,102.400002,2.8259506225585938
1365890043.2970371,102.400002,2.8189499378204346
1365890043.4647684,106.400002,2.8205738067626953
1365890043.6592672,100.800003,2.852391242980957
1365890043.862981,98.400002,2.9210474491119385
1365890044.063572,103.200005,2.838766098022461
1365890044.2608404,103.200005,2.809027910232544
1365890044.4791265,104.800003,2.843410015106201
1365890044.6630394,360.800018,2.9113669395446777
1365890044.859885,100.800003,2.903787612915039
1365890045.0660236,98.400002,2.9155941009521484
1365890045.2604332,103.200005,2.808617115020752
1365890045.4607134,102.400002,2.820047378540039
1365890045.6595602,103.200005,2.977938652038574
1365890045.8605227,100.800003,2.9517784118652344
1365890046.06053,100.000000,2.827901840209961
1365890046.2624063,102.400002,2.8147401809692383
1365890046.460976,104.800003,2.818331241607666
1365890046.6634054,104.800003,2.808742046356201
1365890046.86565,103.200005,2.8092522621154785
1365890047.0610144,100.000000,2.8248085975646973
1365890047.2703123,100.800003,2.8265204429626465
1365890047.4620867,103.200005,2.835712432861328
1365890047.6638088,103.200005,2.837712287902832
1365890047.8866417,100.800003,2.8582963943481445
1365890048.0623772,102.400002,2.8498265743255615
1365890048.291341,106.400002,2.969496726989746
1365890048.464828,103.200005,2.834611415863037
1365890048.6632621,103.200005,2.8187201023101807
1365890048.8636239,102.400002,2.895587921142578
1365890049.0651867,102.400002,2.8263564109802246
1365890049.2647405,100.000000,2.8047711849212646
1365890049.4702084,100.000000,3.214693784713745
1365890049.6673,103.200005,3.170952558517456
1365890049.867142,103.200005,2.9732282161712646
1365890050.063885,100.800003,2.8151023387908936
1365890050.2636423,102.400002,2.871742010116577
1365890050.464356,107.200005,2.806196451187134
1365890050.665491,98.400002,2.868513345718384
1365890050.8637257,103.200005,2.807725191116333
1365890051.081759,103.200005,2.8065805435180664
1365890051.2646163,100.000000,2.805877447128296
1365890051.4670331,103.200005,2.816643238067627
1365890051.663915,98.400002,2.9160518646240234
1365890051.8637679,103.200005,2.8624064922332764
1365890052.0658743,100.800003,2.833979845046997
1365890052.2635977,100.000000,2.8188316822052
1365890052.462851,103.200005,2.8293912410736084
1365890052.6814325,103.200005,2.8066859245300293
1365890052.9031022,102.400002,2.8300819396972656
1365890053.0668201,100.800003,2.8613133430480957
1365890053.2694156,100.800003,2.8574676513671875
1365890053.4639552,431.200012,2.823932409286499
1365890053.666579,100.800003,2.8583405017852783
1365890053.865393,100.800003,2.8309264183044434
1365890054.0756145,100.000000,2.8352785110473633
1365890054.2648866,103.200005,2.808309316635132
1365890054.4745417,100.800003,2.825021505355835
1365890054.6655846,107.200005,2.834442615509033
1365890054.8651195,102.400002,2.8086280822753906
1365890055.0645797,100.000000,2.8073668479919434
1365890055.2948544,102.400002,2.8154640197753906
1365890055.4781022,100.800003,2.827627658843994
1365890055.6662717,102.400002,2.8501851558685303
1365890055.8659582,100.800003,2.807633638381958
1365890056.0667038,100.800003,2.8297295570373535
1365890056.2675648,98.400002,2.8137903213500977
1365890056.4659827,100.800003,2.8240413665771484
1365890056.666059,100.000000,2.9155702590942383
1365890056.8664742,102.400002,2.8333053588867188
1365890057.0684795,102.400002,2.8118693828582764
1365890057.2664716,100.800003,2.827357053756714
1365890057.487206,100.800003,2.835495948791504
1365890057.6739297,100.800003,2.8411223888397217
1365890057.8742783,98.400002,2.871079683303833
1365890058.0807292,103.200005,2.816195487976074
1365890058.2674716,104.800003,2.8219141960144043
1365890058.4778795,100.000000,2.825223445892334
1365890058.668842,100.000000,2.8161253929138184
1365890058.868519,98.400002,2.814767599105835
1365890059.0692737,103.200005,2.8212897777557373
1365890059.2765815,102.400002,2.8221380710601807
1365890059.4732172,100.000000,3.0342302322387695
1365890059.670369,100.000000,2.853412389755249
1365890059.8713403,103.200005,2.807643175125122
1365890060.0716546,103.200005,2.8216941356658936
1365890060.2707176,100.800003,2.8242552280426025
1365890060.471141,100.800003,2.8214218616485596
1365890060.6725624,102.400002,2.8771817684173584
1365890060.8726764,100.000000,2.8190433979034424
1365890061.0735774,104.800003,2.9092581272125244
1365890061.2755094,103.200005,2.8554611206054688
1365890061.477844,102.400002,2.824799060821533
1365890061.674313,100.000000,2.848248243331909
1365890061.87547,100.000000,2.996701955795288
1365890062.072524,103.200005,2.8563482761383057
1365890062.2736955,104.800003,2.8237903118133545
1365890062.4739425,156.000000,2.831587314605713
1365890062.6725035,98.400002,2.8149991035461426
1365890062.9054418,102.400002,2.8190627098083496
1365890063.0811808,96.800003,2.812814950942993
1365890063.2724967,102.400002,2.81929612159729
1365890063.47914,102.400002,2.8246042728424072
1365890063.7066293,100.000000,2.8223538398742676
1365890063.872816,98.400002,2.826627254486084
