1365889811.189429,993.2926829268292,42.2,3.557271718978882
1365889811.446378,940.8536585365853,42.2,3.5329275131225586
1365889811.6994271,775.0,42.2,3.5208568572998047
1365889811.9524639,960.3658536585366,41.7,3.533167600631714
1365889812.205639,739.0243902439024,41.2,3.5894834995269775
1365889812.474435,828.0487804878048,41.2,3.5240442752838135
1365889812.7275891,864.0243902439024,41.2,3.5227489471435547
1365889812.980473,777.439024390244,42.2,3.5496060848236084
1365889813.254154,940.2439024390243,41.2,3.539301633834839
1365889813.5080051,785.9756097560976,41.2,3.5242908000946045
1365889813.761205,945.1219512195122,41.7,3.623472213745117
1365889814.021796,747.560975609756,41.2,3.554189443588257
1365889814.298217,846.3414634146342,41.2,3.5359654426574707
1365889814.5519779,923.1707317073171,41.2,3.8625130653381348
1365889814.804662,949.390243902439,42.2,3.6109352111816406
1365889815.061662,747.560975609756,41.2,3.545917272567749
1365889815.336158,866.4634146341464,41.7,3.517664670944214
1365889815.591003,846.3414634146342,41.2,3.529090166091919
1365889815.843821,954.2682926829268,41.2,3.5323407649993896
1365889816.1011891,762.1951219512196,41.2,3.5455381870269775
1365889816.378921,904.8780487804878,42.2,3.5619559288024902
1365889816.6333609,794.5121951219512,41.2,3.522141933441162
1365889816.886544,895.1219512195122,41.2,3.5838406085968018
1365889817.145725,748.170731707317,41.2,3.6571202278137207
1365889817.423396,850.0,41.2,3.5363376140594482
1365889817.676625,834.1463414634146,41.2,3.5330636501312256
1365889817.9300532,892.0731707317074,42.2,3.5334601402282715
1365889818.1962261,666.4634146341464,41.2,3.589456558227539
1365889818.4749959,832.3170731707316,41.2,3.550107479095459
1365889818.7289898,782.3170731707318,41.2,3.5187692642211914
1365889818.981986,959.1463414634146,41.2,3.5708019733428955
1365889819.247499,748.170731707317,41.2,3.549412965774536
1365889819.5221262,769.5121951219512,41.2,3.5213494300842285
1365889819.776247,954.2682926829268,41.7,3.5324904918670654
1365889820.029491,828.0487804878048,41.2,3.5513994693756104
1365889820.30159,893.2926829268292,42.2,3.5297045707702637
1365889820.555711,865.2439024390244,42.2,3.5353822708129883
1365889820.811792,800.0,42.2,3.5278704166412354
1365889821.068811,678.048780487805,41.2,4.169734716415405
1365889821.343093,751.219512195122,41.2,3.973374366760254
1365889821.619371,967.0731707317073,41.2,3.6983470916748047
1365889821.874169,932.9268292682927,42.2,3.535172939300537
1365889822.128693,945.1219512195122,41.2,3.8344504833221436
1365889822.3884559,719.5121951219512,41.2,5.653520345687866
1365889822.662016,934.1463414634147,42.2,5.383362293243408
1365889822.9165409,962.8048780487804,42.2,5.575092077255249
1365889823.169929,934.1463414634147,42.2,5.323665142059326
1365889823.428262,748.170731707317,41.2,5.066988706588745
1365889823.705293,968.2926829268292,42.2,4.792148590087891
1365889823.960394,870.1219512195122,42.2,4.538633346557617
1365889824.2131908,774.390243902439,41.2,4.287859916687012
1365889824.486388,843.9024390243902,41.7,4.016264200210571
1365889824.740316,954.2682926829268,41.2,3.7634403705596924
1365889824.994185,915.8536585365854,42.2,3.523732900619507
1365889825.249996,750.0,41.2,3.9393179416656494
1365889825.523959,739.0243902439024,40.6,3.678731679916382
1365889825.80043,815.2439024390243,41.2,3.884413957595825
1365889826.053858,887.1951219512196,41.2,3.6328256130218506
1365889826.306875,848.170731707317,41.7,3.562572717666626
1365889826.573329,732.3170731707316,41.7,3.548297882080078
1365889826.850209,789.0243902439024,42.2,3.5614840984344482
1365889827.1050339,821.951219512195,41.2,3.5398285388946533
1365889827.3590379,839.0243902439024,41.7,3.5284945964813232
1365889827.619253,1566.4634146341464,41.2,3.55708909034729
1365889827.895828,943.9024390243902,41.7,3.8107311725616455
1365889828.148868,801.219512195122,41.2,3.5600743293762207
1365889828.401838,953.0487804878048,41.2,3.5280134677886963
1365889828.6625228,731.0975609756098,40.6,3.5472631454467773
1365889828.940027,867.0731707317074,41.2,3.529789924621582
1365889829.1932852,800.0,42.2,3.7834582328796387
1365889829.448721,937.1951219512194,42.2,3.5472726821899414
1365889829.710976,754.2682926829268,41.7,3.546046495437622
1365889829.987613,785.3658536585366,42.2,3.521815776824951
1365889830.241143,804.2682926829269,41.2,3.5437145233154297
1365889830.4941099,912.1951219512196,41.2,3.533712148666382
1365889830.75171,737.1951219512194,41.2,3.545330047607422
1365889831.028917,798.1707317073171,42.2,3.5232677459716797
1365889831.283475,843.2926829268292,42.2,3.871922492980957
1365889831.536947,896.3414634146342,41.7,3.6307780742645264
1365889831.79625,755.4878048780488,41.2,3.5410454273223877
1365889832.07393,907.3170731707318,41.2,3.5916218757629395
1365889832.328324,775.0,42.2,3.541666269302368
1365889832.581372,956.0975609756097,41.7,3.537806749343872
1365889832.841856,757.3170731707318,41.2,3.5619542598724365
1365889833.1201532,852.4390243902438,41.2,3.5425639152526855
1365889833.373174,878.0487804878048,41.2,3.525024652481079
1365889833.6260679,937.1951219512194,41.7,3.528454065322876
1365889833.8808131,755.4878048780488,41.2,3.576913356781006
1365889834.1587179,705.4878048780488,41.2,3.553475856781006
1365889834.433706,779.2682926829268,41.2,3.776432752609253
1365889834.686932,895.1219512195122,41.7,3.5348782539367676
1365889834.9407098,767.0731707317074,42.2,3.5547385215759277
1365889835.221357,881.0975609756098,41.2,3.5305538177490234
1365889835.475499,940.2439024390243,41.2,3.524000406265259
1365889835.728676,783.5365853658537,41.7,3.554124593734741
1365889836.000354,868.9024390243902,41.2,3.5376672744750977
1365889836.254495,913.4146341463415,41.7,3.5233685970306396
1365889836.507396,921.9512195121952,41.2,3.526531219482422
1365889836.762784,669.5121951219512,41.2,3.617027521133423
1365889837.0374951,832.3170731707316,41.2,3.535284996032715
1365889837.291071,835.3658536585366,42.2,3.5484988689422607
1365889837.5436401,816.4634146341463,41.2,3.532130241394043
1365889837.809727,623.170731707317,41.2,3.5448005199432373
1365889838.084851,962.1951219512194,41.2,3.5198545455932617
1365889838.340959,871.3414634146342,42.2,3.548656702041626
1365889838.5939462,828.0487804878048,41.7,3.536289930343628
1365889838.864352,742.0731707317074,41.2,3.547816753387451
1365889839.138292,940.2439024390243,41.7,3.65299654006958
1365889839.393816,957.9268292682926,41.7,3.5205533504486084
1365889839.648295,1754.2682926829268,41.2,3.55352783203125
1365889839.9204962,949.390243902439,42.2,3.522449493408203
1365889840.173573,777.439024390244,42.2,4.766800165176392
1365889840.431165,912.1951219512196,41.2,4.53077507019043
1365889840.687295,738.4146341463414,41.7,4.289257049560547
1365889840.961068,890.8536585365854,41.7,4.03121280670166
1365889841.214554,949.390243902439,41.7,3.795444965362549
1365889841.474441,940.8536585365853,42.2,3.5506556034088135
1365889841.732197,673.1707317073171,41.2,3.59918475151062
1365889842.0066729,926.829268292683,41.7,3.5395541191101074
1365889842.261344,929.8780487804878,41.7,3.5278491973876953
1365889842.515994,942.0731707317073,41.2,3.5291330814361572
1365889842.774642,643.2926829268292,41.2,3.546527624130249
1365889843.045732,940.8536585365853,41.7,3.521822690963745
1365889843.298935,800.0,42.2,3.5218725204467773
1365889843.5546792,746.3414634146342,42.2,3.590355157852173
1365889843.829107,918.9024390243903,41.7,3.5206594467163086
1365889844.082044,854.2682926829268,42.2,3.65059232711792
1365889844.3350132,873.170731707317,41.2,3.954486846923828
1365889844.591773,707.3170731707316,41.7,3.7162435054779053
1365889844.865695,748.170731707317,41.2,3.584852933883667
1365889845.1411579,843.9024390243902,42.2,3.5190064907073975
1365889845.3942652,870.1219512195122,42.2,3.5261709690093994
1365889845.649622,924.3902439024391,41.7,3.543469190597534
1365889845.921586,946.951219512195,41.7,3.558450937271118
1365889846.1745229,848.170731707317,42.2,3.527324676513672
1365889846.4277492,953.0487804878048,42.8,3.5322561264038086
1365889846.687584,676.219512195122,41.2,3.5444517135620117
1365889846.9618719,945.1219512195122,41.7,3.527622699737549
1365889847.215161,1076.219512195122,41.7,3.6171364784240723
1365889847.473235,904.2682926829268,41.2,3.528632164001465
1365889847.733609,737.1951219512194,41.2,3.598930597305298
1365889848.0082471,783.5365853658537,42.2,3.5320043563842773
1365889848.2611709,950.0,42.2,3.5319817066192627
1365889848.5146601,937.8048780487804,42.2,3.535341262817383
1365889848.774601,629.2682926829268,41.7,3.5409133434295654
1365889849.0493062,853.0487804878048,42.2,3.5716359615325928
1365889849.302145,768.2926829268292,42.2,3.646068811416626
1365889849.555757,800.0,41.2,3.5313613414764404
1365889849.814395,739.0243902439024,41.7,3.5502843856811523
1365889850.08884,785.9756097560976,41.7,3.5376861095428467
1365889850.341795,965.2439024390244,41.7,3.5278255939483643
1365889850.5947871,770.1219512195122,42.2,3.5397236347198486
1365889850.8563468,666.4634146341464,41.2,3.5514307022094727
1365889851.130882,893.2926829268292,41.7,3.5299417972564697
1365889851.384137,929.2682926829269,41.7,3.5405502319335938
1365889851.637248,796.3414634146342,41.2,3.5317487716674805
1365889851.900189,721.3414634146342,41.2,3.5443902015686035
1365889852.174336,918.9024390243903,41.7,3.5218100547790527
1365889852.427285,774.390243902439,42.2,3.5228488445281982
1365889852.680481,915.8536585365854,42.2,3.5256388187408447
1365889852.943904,743.2926829268292,41.7,3.5476489067077637
1365889853.218438,824.390243902439,42.2,3.5205323696136475
1365889853.473875,819.5121951219512,42.2,3.522655725479126
1365889853.726812,853.0487804878048,41.2,3.60044264793396
1365889854.003534,889.0243902439024,41.7,3.523181915283203
1365889854.256366,781.0975609756098,42.2,3.5420196056365967
1365889854.5101,801.219512195122,42.2,3.5558900833129883
1365889854.770535,621.3414634146342,42.2,3.5433475971221924
1365889855.050476,838.4146341463414,42.2,3.5277152061462402
1365889855.303612,929.8780487804878,41.7,3.5916218757629395
1365889855.5561972,950.0,42.2,3.601370334625244
1365889855.827326,882.9268292682926,42.8,3.5258076190948486
1365889856.0829,943.9024390243902,42.2,3.526040554046631
1365889856.3361568,854.2682926829268,42.2,3.543968915939331
1365889856.5947762,717.0731707317073,41.2,3.5561506748199463
1365889856.870015,787.1951219512196,42.2,3.5272984504699707
1365889857.125621,832.9268292682926,42.2,3.5222721099853516
1365889857.378728,915.2439024390244,42.2,3.53106689453125
1365889857.6385689,713.4146341463414,41.2,3.5597212314605713
1365889857.913187,940.8536585365853,41.7,3.5207955837249756
1365889858.168908,943.9024390243902,42.2,3.5237691402435303
1365889858.421859,774.390243902439,42.2,3.5240726470947266
1365889858.678853,707.3170731707316,41.2,3.5516810417175293
1365889858.953556,903.048780487805,42.2,3.525660991668701
1365889859.209156,943.9024390243902,42.2,3.6598188877105713
1365889859.464402,879.8780487804878,42.2,3.5496866703033447
1365889859.722195,738.4146341463414,41.2,3.5421266555786133
1365889859.9962869,788.4146341463415,42.2,3.5209381580352783
1365889860.251729,926.829268292683,41.7,3.5328116416931152
1365889860.505548,813.4146341463414,41.2,3.527156352996826
1365889860.764244,737.1951219512194,41.2,3.5479226112365723
1365889861.0403671,964.0243902439024,41.2,3.5528128147125244
1365889861.2947588,857.9268292682926,42.2,3.5205721855163574
1365889861.549037,832.9268292682926,41.7,3.542644739151001
1365889861.808863,737.1951219512194,41.2,3.5419373512268066
1365889862.084654,1486.5853658536585,42.2,3.5267765522003174
1365889862.339631,951.2195121951219,42.2,3.5243029594421387
1365889862.592918,821.951219512195,41.7,3.5471973419189453
1365889862.862703,810.9756097560976,42.2,3.5229997634887695
1365889863.1166232,943.9024390243902,42.2,3.5243570804595947
1365889863.371719,821.951219512195,42.2,3.729356288909912
1365889863.628659,739.0243902439024,41.7,3.565854072570801
1365889863.903557,898.1707317073171,42.2,3.528534412384033
1365889864.157778,873.170731707317,42.2,3.5199317932128906
1365889864.4125319,892.0731707317074,42.2,3.5468719005584717
1365889864.67847,747.560975609756,41.2,3.5750956535339355
1365889864.9527261,801.219512195122,42.2,3.5180177688598633
1365889865.206507,1683.5365853658536,41.7,3.529001474380493
1365889865.4622972,799.3902439024391,41.7,3.545267105102539
1365889865.7353349,800.0,41.7,3.5237796306610107
1365889865.988142,921.3414634146342,42.2,3.5304393768310547
1365889866.241419,792.0731707317074,42.2,3.5305893421173096
1365889866.50511,735.3658536585366,41.7,3.605755567550659
1365889866.779972,820.1219512195122,42.2,3.5307583808898926
1365889867.03284,951.2195121951219,42.2,3.523163318634033
1365889867.286765,874.390243902439,42.2,3.536269426345825
1365889867.5466208,735.3658536585366,41.2,3.543029546737671
1365889867.821075,810.9756097560976,42.2,3.526366949081421
1365889868.0740302,878.0487804878048,42.2,3.533951997756958
1365889868.327431,809.1463414634147,42.2,3.5869312286376953
1365889868.5873861,750.0,41.2,3.5456042289733887
1365889868.861949,948.170731707317,42.2,3.538027048110962
1365889869.114804,842.0731707317073,41.7,3.6149518489837646
1365889869.368191,954.8780487804878,41.7,3.543668270111084
1365889869.644555,921.9512195121952,41.2,3.5265512466430664
1365889869.897867,914.0243902439024,42.2,3.656334161758423
1365889870.150996,783.5365853658537,42.2,3.5284135341644287
1365889870.4132,772.5609756097562,41.2,3.542172908782959
1365889870.6893141,853.0487804878048,42.2,3.523437261581421
1365889870.942518,937.8048780487804,42.2,3.519697904586792
1365889871.195453,856.0975609756098,42.2,3.543870687484741
1365889871.466177,744.5121951219512,41.2,3.5559990406036377
1365889871.741805,776.219512195122,41.2,3.527496337890625
1365889871.9948668,914.0243902439024,42.2,3.5199568271636963
1365889872.2478561,741.4634146341464,42.2,3.5519332885742188
1365889872.530815,854.2682926829268,41.7,3.5306098461151123
1365889872.7858188,948.170731707317,42.2,3.5234005451202393
1365889873.039247,909.1463414634146,41.7,3.54463267326355
1365889873.3081942,740.2439024390244,41.2,3.5415403842926025
1365889873.580845,863.4146341463414,42.2,3.520470380783081
1365889873.8347251,946.3414634146341,42.2,3.5330255031585693
1365889874.0880089,850.0,42.2,3.5493850708007812
1365889874.359317,931.0975609756098,42.2,3.7508413791656494
1365889874.612284,791.4634146341464,42.2,3.523780345916748
1365889874.866564,899.390243902439,42.2,3.539297580718994
1365889875.1255648,726.219512195122,42.2,3.5549914836883545
1365889875.399783,860.3658536585366,42.2,3.565852642059326
1365889875.65413,968.9024390243902,42.2,3.5215671062469482
1365889875.907598,909.1463414634146,42.2,3.540841817855835
1365889876.167519,680.4878048780488,41.2,3.6320207118988037
1365889876.441919,951.8292682926829,41.7,3.5825417041778564
1365889876.6940439,794.5121951219512,42.2,3.526463747024536
1365889876.948729,819.5121951219512,42.2,3.5328547954559326
1365889877.20858,739.0243902439024,41.2,3.554588556289673
1365889877.486434,925.0,42.2,3.5205492973327637
1365889877.7401211,965.2439024390244,42.2,3.5211598873138428
1365889877.995284,762.1951219512196,42.2,3.5416507720947266
1365889878.2623281,637.1951219512196,41.2,3.573394775390625
1365889878.54445,832.9268292682926,41.7,3.51890230178833
1365889878.7981539,802.439024390244,42.2,3.517735719680786
1365889879.0526369,868.2926829268292,42.2,3.55204176902771
1365889879.3183308,757.3170731707318,41.2,3.548558473587036
1365889879.592726,850.0,42.2,3.51762056350708
1365889879.846712,951.2195121951219,42.2,3.5177009105682373
1365889880.100448,892.0731707317074,41.7,3.550934076309204
1365889880.369461,736.5853658536586,41.2,3.5545570850372314
1365889880.639159,802.439024390244,42.2,3.5203909873962402
1365889880.8936808,810.9756097560976,42.2,3.5307352542877197
1365889881.1510599,842.0731707317073,42.2,3.539778232574463
1365889881.4236531,812.1951219512194,41.7,3.633147954940796
1365889881.6765382,838.4146341463414,42.2,3.5178916454315186
1365889881.9311092,813.4146341463414,42.2,3.5229756832122803
1365889882.190704,740.2439024390244,41.2,3.541592836380005
1365889882.466028,733.5365853658536,41.2,3.553057909011841
1365889882.740063,879.8780487804878,42.2,3.5197200775146484
1365889882.995509,954.2682926829268,42.2,3.520643472671509
1365889883.249761,770.1219512195122,42.2,3.6150286197662354
1365889883.514405,617.6829268292682,42.2,3.541450262069702
1365889883.7905312,841.4634146341463,42.2,3.526149272918701
1365889884.044825,785.3658536585366,42.2,3.5384321212768555
1365889884.298696,785.9756097560976,42.2,3.6315689086914062
1365889884.55868,734.1463414634146,41.7,3.5515224933624268
1365889884.8326762,949.390243902439,42.2,3.51846981048584
1365889885.0869708,948.170731707317,42.2,3.521531581878662
1365889885.341175,795.1219512195122,42.2,3.541849136352539
1365889885.601923,729.2682926829268,41.2,3.5626280307769775
1365889885.876317,772.5609756097562,42.8,3.6345717906951904
1365889886.131247,862.1951219512194,42.2,3.5429062843322754
1365889886.38483,870.1219512195122,41.7,3.5259034633636475
1365889886.644854,739.0243902439024,41.2,3.5783324241638184
1365889886.919549,882.9268292682926,41.2,3.517481565475464
1365889887.174382,834.1463414634146,42.2,3.51979398727417
1365889887.4277692,906.0975609756098,42.2,3.551743745803833
1365889887.6877792,731.0975609756098,41.2,3.5778863430023193
1365889887.961705,962.1951219512194,42.2,3.532383918762207
1365889888.216453,957.3170731707316,41.2,3.527149200439453
1365889888.4707189,804.2682926829269,42.2,3.6728460788726807
1365889888.731318,1646.341463414634,42.2,3.54205322265625
1365889889.0055249,882.9268292682926,42.2,3.587266683578491
1365889889.2602282,879.8780487804878,42.2,3.5234854221343994
1365889889.51726,793.2926829268293,42.2,3.537262201309204
1365889889.788335,801.219512195122,42.2,3.53950834274292
1365889890.041418,918.9024390243903,41.2,3.5250110626220703
1365889890.296006,1048.170731707317,42.2,3.547382354736328
1365889890.550457,653.6585365853658,41.7,3.5417356491088867
1365889890.8252501,755.4878048780488,42.2,3.519458055496216
1365889891.078395,957.3170731707316,42.2,3.5246293544769287
1365889891.3332841,881.0975609756098,42.2,3.6147372722625732
1365889891.590673,658.5365853658537,41.7,3.560656785964966
1365889891.866051,945.1219512195122,42.2,3.521394968032837
1365889892.119194,780.4878048780488,42.2,3.5433669090270996
1365889892.374109,866.4634146341464,42.2,3.540491819381714
1365889892.628394,737.1951219512194,41.7,3.5445706844329834
1365889892.904247,950.0,42.2,3.560029983520508
1365889893.1581209,870.1219512195122,42.2,3.5265283584594727
1365889893.41296,804.2682926829269,41.2,3.551123857498169
1365889893.686912,862.1951219512194,42.2,3.528298854827881
1365889893.939897,832.9268292682926,42.8,3.5230963230133057
1365889894.19311,831.0975609756097,42.2,3.52661395072937
1365889894.4525352,759.1463414634146,41.2,3.548693895339966
1365889894.727752,889.0243902439024,42.2,3.530022144317627
1365889894.980747,873.170731707317,42.2,3.5354344844818115
1365889895.2339761,951.2195121951219,42.2,3.545220136642456
1365889895.497685,747.560975609756,42.2,3.544727325439453
1365889895.7721448,796.3414634146342,42.8,3.519653558731079
1365889896.0252218,914.0243902439024,41.7,3.577491521835327
1365889896.278563,915.8536585365854,42.2,3.5339508056640625
1365889896.550251,723.170731707317,41.2,3.5459933280944824
1365889896.823193,776.219512195122,42.2,3.584731101989746
1365889897.076118,934.1463414634147,41.7,3.587071180343628
1365889897.329201,792.0731707317074,42.2,3.739920139312744
1365889897.604119,926.219512195122,42.2,3.533292770385742
1365889897.858616,946.3414634146341,42.2,3.5216593742370605
1365889898.1119711,884.1463414634146,42.2,3.5323832035064697
1365889898.378519,674.3902439024391,41.7,3.543227434158325
1365889898.657574,806.0975609756098,42.2,3.5246591567993164
1365889898.91074,951.2195121951219,42.2,3.526707410812378
1365889899.163399,926.829268292683,41.2,3.5921056270599365
1365889899.4268548,743.2926829268292,41.2,3.5472300052642822
1365889899.704397,784.1463414634146,42.2,3.51872181892395
1365889899.957488,953.0487804878048,42.2,3.5457992553710938
1365889900.210757,821.951219512195,42.2,3.5396554470062256
1365889900.483167,921.3414634146342,42.2,3.5718789100646973
1365889900.73848,834.1463414634146,42.2,3.5186831951141357
1365889900.99147,915.2439024390244,42.2,3.5299036502838135
1365889901.252404,626.219512195122,42.2,3.5432939529418945
1365889901.528224,784.1463414634146,42.2,3.7668778896331787
1365889901.7833269,934.1463414634147,42.2,3.5684845447540283
1365889902.036652,793.2926829268293,42.2,3.545362710952759
1365889902.3077602,929.2682926829269,42.2,3.5254592895507812
1365889902.561655,925.0,41.7,3.524258613586426
1365889902.81507,950.0,42.2,3.549058437347412
1365889903.072908,746.3414634146342,41.2,3.5454587936401367
1365889903.34773,789.0243902439024,41.7,3.523859977722168
1365889903.600748,951.8292682926829,42.2,3.558971643447876
1365889903.857117,789.0243902439024,42.2,3.534912586212158
1365889904.116831,737.1951219512194,42.2,3.549351692199707
1365889904.391031,830.4878048780488,41.7,3.5264573097229004
1365889904.644908,841.4634146341463,42.2,3.521745443344116
1365889904.9007401,826.2195121951219,42.2,3.5481116771698
1365889905.173406,820.1219512195122,42.2,3.5349955558776855
1365889905.426528,1849.390243902439,42.2,3.5395467281341553
1365889905.680869,809.1463414634147,42.2,3.5381245613098145
1365889905.9438689,743.2926829268292,42.2,3.5476672649383545
1365889906.2177322,931.0975609756098,42.2,3.5220959186553955
1365889906.4709098,840.2439024390244,42.2,3.586460590362549
1365889906.7237802,957.3170731707316,42.2,3.5423014163970947
1365889906.992855,740.2439024390244,41.2,3.540238380432129
1365889907.26468,829.2682926829268,42.2,3.5347585678100586
1365889907.519799,829.2682926829268,42.2,3.5562584400177
1365889907.7730849,750.0,41.7,3.5427141189575195
1365889908.051604,774.390243902439,42.2,3.5843255519866943
1365889908.304648,950.0,42.2,3.54508900642395
1365889908.560375,923.1707317073171,42.2,3.854771852493286
1365889908.832405,954.8780487804878,42.2,3.6173202991485596
1365889909.087633,771.3414634146342,42.2,3.5293664932250977
1365889909.340566,940.2439024390243,42.8,3.5370712280273438
1365889909.601402,718.2926829268292,41.2,3.5827083587646484
1365889909.876369,913.4146341463415,42.2,3.5586915016174316
1365889910.1315808,937.8048780487804,42.2,3.564478874206543
1365889910.384911,849.390243902439,42.8,3.549823522567749
1365889910.643309,742.0731707317074,41.2,3.5458459854125977
1365889910.918127,978.0487804878048,42.2,3.5457310676574707
1365889911.17312,946.951219512195,42.2,3.5195047855377197
1365889911.42607,794.5121951219512,42.2,3.702507972717285
1365889911.684248,770.1219512195122,42.2,3.540400266647339
1365889911.9592,779.2682926829268,42.2,3.5238311290740967
1365889912.214435,939.0243902439024,42.2,3.540510416030884
1365889912.4674401,770.1219512195122,42.2,3.524949073791504
1365889912.726527,730.4878048780488,41.2,3.546856641769409
1365889913.000858,693.2926829268292,41.7,3.544080972671509
1365889913.279298,874.390243902439,42.2,3.5265486240386963
1365889913.534496,862.1951219512194,42.2,3.528333902359009
1365889913.787843,946.3414634146341,42.2,3.535672426223755
1365889914.059632,932.3170731707318,42.2,3.520123243331909
1365889914.317346,818.2926829268292,42.2,3.5269880294799805
1365889914.573785,819.5121951219512,42.2,3.524423599243164
1365889914.831744,741.4634146341464,41.7,3.5509042739868164
1365889915.108104,907.3170731707318,42.2,3.5231666564941406
1365889915.3633049,950.0,42.2,3.7048046588897705
1365889915.6163762,744.5121951219512,41.7,3.5614242553710938
1365889915.891669,782.3170731707318,42.2,3.5367066860198975
1365889916.144754,815.2439024390243,42.2,3.6083953380584717
1365889916.4003682,945.1219512195122,42.2,3.5418496131896973
1365889916.6624599,660.3658536585366,42.2,3.54799747467041
1365889916.937143,824.390243902439,41.7,3.5253963470458984
1365889917.190475,937.1951219512194,42.2,3.5558793544769287
1365889917.446047,954.8780487804878,42.2,3.640658378601074
1365889917.712481,1662.1951219512193,42.2,3.540703058242798
1365889917.9869912,882.3170731707318,41.7,3.5276315212249756
1365889918.241211,884.1463414634146,42.2,3.5189242362976074
1365889918.49601,932.9268292682927,42.2,3.540587902069092
1365889918.762749,749.390243902439,41.7,3.546684741973877
1365889919.037856,940.8536585365853,42.2,3.5239546298980713
1365889919.290932,790.2439024390244,41.7,3.5217173099517822
1365889919.548484,898.1707317073171,42.2,3.581308126449585
1365889919.808388,731.0975609756098,41.7,3.5675480365753174
1365889920.08261,909.1463414634146,42.2,3.6440579891204834
1365889920.3364742,813.4146341463414,42.2,3.610454797744751
1365889920.5914738,832.9268292682926,41.2,3.6222305297851562
1365889920.852789,738.4146341463414,41.7,3.55039381980896
1365889921.127438,820.1219512195122,42.2,3.5287210941314697
1365889921.38164,942.0731707317073,42.2,3.516338348388672
1365889921.6356852,834.1463414634146,42.2,3.524242401123047
1365889921.894499,739.0243902439024,41.2,3.539057970046997
1365889922.16956,950.0,42.2,3.529581069946289
1365889922.423838,1726.219512195122,42.2,3.521634817123413
1365889922.677618,906.0975609756098,42.2,3.53009033203125
1365889922.937163,736.5853658536586,42.2,3.544020891189575
1365889923.2114902,779.2682926829268,42.2,3.5276267528533936
1365889923.4644449,959.1463414634146,42.2,3.6802287101745605
1365889923.718719,809.1463414634147,41.7,3.5287623405456543
1365889923.978859,696.3414634146341,42.2,3.6273396015167236
1365889924.2531042,666.4634146341464,41.2,3.5593080520629883
1365889924.530507,923.1707317073171,42.2,3.524134874343872
1365889924.785641,854.8780487804878,41.2,3.5401766300201416
1365889925.03876,890.2439024390244,42.2,3.550170421600342
1365889925.310245,798.1707317073171,42.2,3.5197298526763916
1365889925.567654,949.390243902439,42.2,3.841630697250366
1365889925.8222349,896.3414634146342,42.2,3.588205337524414
1365889926.07836,741.4634146341464,41.2,3.6871159076690674
1365889926.352703,807.3170731707318,42.2,3.646611452102661
1365889926.605027,857.3170731707316,42.2,3.5202150344848633
1365889926.859005,788.4146341463415,42.2,3.5240323543548584
1365889927.118672,742.0731707317074,41.7,3.543794870376587
1365889927.393004,751.219512195122,41.2,3.6559181213378906
1365889927.667592,925.0,41.7,3.5970497131347656
1365889927.920653,815.2439024390243,41.7,3.6090524196624756
1365889928.173933,742.0731707317074,42.2,3.5431220531463623
1365889928.447814,903.048780487805,42.2,3.831271171569824
1365889928.7006059,932.9268292682927,41.7,3.580256938934326
1365889928.9535098,770.1219512195122,42.2,3.543457269668579
1365889929.2110531,727.4390243902438,41.2,3.5480809211730957
1365889929.485279,830.4878048780488,42.2,3.5456502437591553
1365889929.7388349,888.4146341463414,42.2,3.5277953147888184
1365889929.993977,812.1951219512194,42.2,3.533651828765869
1365889930.251389,744.5121951219512,41.2,3.5332210063934326
1365889930.520746,879.2682926829268,42.2,3.522883415222168
1365889930.774184,821.3414634146341,42.2,3.521362781524658
1365889931.029669,810.9756097560976,42.2,3.5401294231414795
1365889931.3015811,825.0,42.2,3.5291593074798584
1365889931.557483,774.390243902439,42.2,3.5300567150115967
1365889931.811994,848.170731707317,42.2,3.5346829891204834
1365889932.072465,694.5121951219512,41.2,3.545707941055298
1365889932.346947,957.3170731707316,42.2,3.789905548095703
1365889932.599892,815.2439024390243,42.2,3.5811767578125
1365889932.8529239,929.8780487804878,42.2,3.546764850616455
1365889933.116599,729.2682926829268,41.7,3.540131092071533
1365889933.3908548,818.2926829268292,42.2,3.522428035736084
1365889933.6442292,918.2926829268293,42.2,3.537668228149414
1365889933.8976681,954.8780487804878,42.2,3.545187473297119
1365889934.159786,639.6341463414634,41.7,3.5670833587646484
1365889934.4343948,809.1463414634147,42.2,3.5775372982025146
1365889934.6883981,854.8780487804878,42.2,3.56756854057312
1365889934.942367,937.1951219512194,42.2,3.575712203979492
1365889935.198136,738.4146341463414,41.7,3.559621572494507
1365889935.472141,940.2439024390243,41.2,3.5546276569366455
1365889935.7248042,873.170731707317,41.7,3.530060291290283
1365889935.977969,864.0243902439024,42.2,3.619114637374878
1365889936.239871,741.4634146341464,41.2,3.5536999702453613
1365889936.514307,646.3414634146342,41.2,3.577850580215454
1365889936.788686,934.1463414634147,42.2,3.517163038253784
1365889937.0427651,782.3170731707318,42.2,3.5184366703033447
1365889937.296861,954.8780487804878,41.7,3.6727445125579834
1365889937.567712,635.3658536585366,41.7,3.5627288818359375
1365889937.8406699,896.3414634146342,42.2,3.5395543575286865
1365889938.0948741,775.0,42.2,3.540130853652954
1365889938.349408,750.0,41.7,3.578944206237793
1365889938.624733,755.4878048780488,42.2,3.552581548690796
1365889938.87786,953.0487804878048,42.2,3.527909994125366
1365889939.132011,778.048780487805,42.2,3.8437514305114746
1365889939.399502,737.1951219512194,42.2,3.669351577758789
1365889939.669675,845.1219512195122,41.7,3.527778148651123
1365889939.922592,960.3658536585366,42.2,3.5272014141082764
1365889940.1769128,688.4146341463414,41.7,3.5837509632110596
1365889940.453401,951.2195121951219,42.2,3.878727436065674
1365889940.706729,831.0975609756097,42.2,3.6269991397857666
1365889940.95913,1664.6341463414633,42.2,3.5519018173217773
1365889941.232853,865.2439024390244,42.2,3.526434898376465
1365889941.487552,868.2926829268292,42.2,3.529275417327881
1365889941.740654,879.8780487804878,42.2,3.5452702045440674
1365889942.001617,716.4634146341463,42.2,3.5537405014038086
1365889942.2782762,940.8536585365853,42.2,3.5582680702209473
1365889942.53307,928.048780487805,42.2,3.531738519668579
1365889942.7861388,796.9512195121952,42.2,3.583197593688965
1365889943.053001,746.3414634146342,41.7,3.54642915725708
1365889943.329812,794.5121951219512,42.2,3.8946564197540283
1365889943.585547,801.219512195122,42.2,3.6404080390930176
1365889943.838599,918.2926829268293,42.2,3.533125638961792
1365889944.1073868,760.9756097560976,42.2,3.542353868484497
1365889944.3796952,915.8536585365854,42.2,3.5476443767547607
1365889944.633606,795.1219512195122,42.2,3.526247262954712
1365889944.887202,785.3658536585366,42.2,3.540870189666748
1365889945.158324,898.1707317073171,42.2,3.5226974487304688
1365889945.412139,971.3414634146342,41.7,3.5202462673187256
1365889945.665571,879.8780487804878,42.2,3.530752182006836
1365889945.9244401,627.439024390244,41.7,3.5766546726226807
1365889946.199677,867.0731707317074,42.2,3.519634962081909
1365889946.454155,819.5121951219512,42.2,3.5225939750671387
1365889946.707495,815.2439024390243,42.2,3.5327179431915283
1365889946.9666328,737.1951219512194,41.2,3.550905704498291
1365889947.242314,964.0243902439024,42.2,3.518812894821167
1365889947.496758,860.9756097560976,42.2,3.5204713344573975
1365889947.750855,889.0243902439024,42.2,3.54941725730896
1365889948.011426,641.4634146341464,41.7,3.6535520553588867
1365889948.301313,860.3658536585366,42.2,3.5203545093536377
1365889948.559113,901.219512195122,42.2,3.5178229808807373
1365889948.812347,910.3658536585366,42.2,3.5344114303588867
1365889949.077547,711.5853658536585,42.2,3.633484363555908
1365889949.352416,971.3414634146342,41.7,3.653634786605835
1365889949.612698,777.439024390244,42.2,3.522670269012451
1365889949.866051,863.4146341463414,42.2,3.5239369869232178
1365889950.1244721,616.4634146341464,41.7,3.658243417739868
1365889950.400553,772.5609756097562,42.2,3.518637180328369
1365889950.655628,946.3414634146341,42.2,3.5247457027435303
1365889950.90892,816.4634146341463,42.2,3.5234577655792236
1365889951.169116,668.2926829268293,42.2,3.5435702800750732
1365889951.443516,951.2195121951219,42.2,3.5188443660736084
1365889951.698318,903.048780487805,42.2,3.5378968715667725
1365889951.951821,932.9268292682927,42.2,3.523636817932129
1365889952.208544,613.4146341463414,41.7,3.5438005924224854
1365889952.48308,826.2195121951219,42.2,3.517775058746338
1365889952.736896,770.1219512195122,42.2,3.5237300395965576
1365889952.989581,829.2682926829268,42.2,3.5433645248413086
1365889953.249842,637.1951219512196,42.2,3.550642967224121
1365889953.526013,896.3414634146342,42.2,3.5513055324554443
1365889953.7830348,951.2195121951219,42.2,3.51993989944458
1365889954.035672,940.2439024390243,42.2,3.528554916381836
1365889954.294129,724.390243902439,41.7,3.5524730682373047
1365889954.571585,827.4390243902438,41.2,3.5513668060302734
1365889954.826508,935.9756097560976,42.2,3.5262653827667236
1365889955.0796852,772.5609756097562,42.2,3.534858465194702
1365889955.3405209,735.3658536585366,41.7,3.70859694480896
1365889955.6199691,904.2682926829268,42.2,3.519784450531006
1365889955.875456,925.0,42.2,3.5302846431732178
1365889956.12886,859.1463414634146,42.2,3.5326731204986572
1365889956.3894389,741.4634146341464,42.2,3.552595853805542
1365889956.664642,762.1951219512196,42.2,3.565904378890991
1365889956.9197152,959.1463414634146,42.8,3.5194718837738037
1365889957.1737459,946.951219512195,42.2,3.6539995670318604
1365889957.439772,727.4390243902438,42.2,3.8276989459991455
1365889957.7148428,766.4634146341464,41.2,3.5543651580810547
1365889957.9915361,651.219512195122,41.2,3.54268217086792
1365889958.2660851,878.0487804878048,41.2,3.5486373901367188
1365889958.519202,882.9268292682926,42.2,3.5283546447753906
1365889958.772803,888.4146341463414,42.2,3.5266172885894775
1365889959.0332642,742.0731707317074,42.2,3.547609329223633
1365889959.3083148,942.0731707317073,42.2,3.5242395401000977
1365889959.561375,765.2439024390244,42.2,3.5624966621398926
1365889959.814642,829.2682926829268,42.2,3.5251667499542236
1365889960.0770812,729.2682926829268,41.7,3.548795700073242
1365889960.351555,856.0975609756098,41.7,3.609198570251465
1365889960.6070888,779.2682926829268,42.2,3.5244998931884766
1365889960.8607569,791.4634146341464,42.2,3.561532497406006
1365889961.1240761,713.4146341463414,41.7,3.5493640899658203
1365889961.398441,901.219512195122,42.8,3.590345859527588
1365889961.651027,940.2439024390243,42.8,3.549492359161377
1365889961.903924,878.0487804878048,41.2,3.535806894302368
1365889962.1665971,703.0487804878048,42.2,3.539710521697998
1365889962.4404402,794.5121951219512,42.2,3.525949001312256
1365889962.693248,841.4634146341463,42.8,3.5170764923095703
1365889962.946432,979.2682926829268,42.2,3.5763707160949707
1365889963.204551,737.1951219512194,41.2,3.5436136722564697
1365889963.480204,946.951219512195,42.2,3.5169448852539062
1365889963.7333078,766.4634146341464,42.2,3.551561117172241
1365889963.987154,967.0731707317073,42.2,3.552473545074463
1365889964.24925,714.0243902439024,41.2,3.5998358726501465
1365889964.5238469,954.2682926829268,42.2,3.6112349033355713
1365889964.776077,857.9268292682926,42.2,3.5400960445404053
1365889965.029449,792.0731707317074,42.2,3.5325779914855957
1365889965.289254,734.1463414634146,42.2,3.5440311431884766
1365889965.563468,796.3414634146342,41.7,3.52107834815979
1365889965.816173,769.5121951219512,42.2,3.5564961433410645
1365889966.069483,860.9756097560976,42.2,3.537148952484131
1365889966.332279,646.3414634146342,42.2,3.664785146713257
1365889966.60959,885.9756097560976,42.2,3.5171334743499756
1365889966.862876,772.5609756097562,42.2,3.5178945064544678
1365889967.1156402,851.219512195122,41.2,3.5555226802825928
1365889967.386057,757.3170731707318,41.7,3.58622407913208
1365889967.6599622,920.1219512195122,41.7,3.5249671936035156
1365889967.912838,766.4634146341464,42.2,3.58664608001709
1365889968.167016,1843.2926829268292,42.2,3.5363428592681885
1365889968.428271,758.5365853658536,41.2,3.5497727394104004
1365889968.704336,915.8536585365854,42.2,3.519516944885254
1365889968.9575171,774.390243902439,42.2,3.5860347747802734
1365889969.21094,758.5365853658536,41.7,3.5396242141723633
1365889969.487935,939.0243902439024,42.2,3.6483423709869385
1365889969.740926,778.048780487805,42.2,3.5304508209228516
1365889969.9939892,951.8292682926829,41.7,3.533140182495117
1365889970.2595258,747.560975609756,41.7,3.535737991333008
1365889970.534375,846.951219512195,42.8,3.5231215953826904
1365889970.787352,910.9756097560976,42.2,3.519277572631836
1365889971.040373,805.4878048780488,42.2,3.540350914001465
1365889971.31444,792.0731707317074,42.2,3.520128011703491
1365889971.5687308,888.4146341463414,42.2,3.576241970062256
1365889971.8217778,830.4878048780488,42.2,3.5260567665100098
1365889972.082266,739.0243902439024,41.7,3.5415518283843994
1365889972.358966,775.0,42.2,3.5318541526794434
1365889972.6167161,835.9756097560976,42.2,3.5206849575042725
1365889972.870244,863.4146341463414,42.2,3.528235673904419
1365889973.134756,737.1951219512194,42.2,3.543574333190918
1365889973.4090612,772.5609756097562,42.2,3.5171289443969727
1365889973.6622028,915.8536585365854,42.2,3.517498731613159
1365889973.914929,798.1707317073171,42.2,3.554408311843872
1365889974.172858,734.1463414634146,41.7,3.539748191833496
1365889974.44866,943.9024390243902,42.2,3.521529197692871
1365889974.703736,857.9268292682926,42.8,3.539332151412964
1365889974.9571571,928.048780487805,42.2,3.5248348712921143
1365889975.216363,754.2682926829268,42.2,3.546983242034912
1365889975.491044,658.5365853658537,41.2,3.5802488327026367
1365889975.7649071,871.9512195121952,42.2,3.560528039932251
1365889976.0181499,852.4390243902438,42.2,3.5183022022247314
1365889976.271531,747.560975609756,42.2,3.5410521030426025
1365889976.546394,857.9268292682926,42.2,3.521514892578125
1365889976.8010821,882.3170731707318,42.2,3.5188870429992676
1365889977.0539389,932.3170731707318,42.8,3.522611379623413
1365889977.312063,734.1463414634146,41.7,3.539754867553711
1365889977.586729,663.4146341463415,42.2,3.5636980533599854
1365889977.864758,805.4878048780488,42.2,3.5683469772338867
1365889978.118057,888.4146341463414,42.2,3.52211594581604
1365889978.371234,871.9512195121952,42.2,3.5787086486816406
1365889978.649819,956.0975609756097,42.2,3.52304744720459
1365889978.904591,925.0,42.2,3.517820119857788
1365889979.1582248,956.0975609756097,42.2,3.5334551334381104
1365889979.421619,752.439024390244,41.7,3.542178153991699
1365889979.698931,740.2439024390244,42.2,3.5707108974456787
1365889979.9703941,830.4878048780488,42.8,3.5233139991760254
1365889980.22351,876.219512195122,42.2,3.553051233291626
1365889980.476415,785.3658536585366,42.2,3.6139798164367676
1365889980.748506,838.4146341463414,42.2,3.531951904296875
1365889981.0034251,951.2195121951219,42.2,3.5265464782714844
1365889981.2572129,929.2682926829269,42.2,3.5433757305145264
1365889981.51324,749.390243902439,41.7,3.543795585632324
1365889981.794233,860.9756097560976,42.2,3.5327236652374268
1365889982.048929,867.0731707317074,42.8,3.544102668762207
1365889982.30248,830.4878048780488,42.2,3.543816089630127
1365889982.568552,747.560975609756,42.2,3.5654847621917725
1365889982.842654,854.8780487804878,42.8,3.5422794818878174
1365889983.097524,771.3414634146342,42.2,3.520526170730591
1365889983.351187,758.5365853658536,41.7,3.590440034866333
1365889983.628861,943.9024390243902,42.2,3.5329701900482178
1365889983.8843431,773.1707317073171,42.2,3.573328971862793
1365889984.139009,787.1951219512196,42.2,3.5272216796875
1365889984.399266,749.390243902439,41.2,3.6713781356811523
1365889984.6774468,781.0975609756098,42.2,3.5561554431915283
1365889984.932065,788.4146341463415,42.2,3.6173102855682373
1365889985.1850398,728.0487804878048,42.2,3.555403709411621
1365889985.45992,803.048780487805,42.2,3.60882830619812
1365889985.712856,962.1951219512194,42.2,3.5270638465881348
1365889985.967375,906.0975609756098,42.2,3.577566623687744
1365889986.22845,672.5609756097562,42.2,3.573282480239868
1365889986.50351,807.9268292682927,42.2,3.522637367248535
1365889986.756487,956.0975609756097,42.2,3.531951427459717
1365889987.011751,973.170731707317,42.2,3.524540424346924
1365889987.269969,632.3170731707318,42.2,3.610539197921753
1365889987.544323,909.1463414634146,42.2,3.543226718902588
1365889987.797376,821.3414634146341,42.2,3.840573310852051
1365889988.052031,815.2439024390243,42.2,3.588494062423706
1365889988.3087611,743.2926829268292,42.2,3.5514976978302
1365889988.583067,845.1219512195122,42.2,3.5161564350128174
1365889988.8369799,959.1463414634146,42.2,3.5254271030426025
1365889989.091908,885.3658536585366,42.2,3.5384016036987305
1365889989.354371,709.1463414634146,42.2,3.5759634971618652
1365889989.632033,854.2682926829268,42.8,3.525608777999878
1365889989.885059,838.4146341463414,42.2,3.6694369316101074
1365889990.139693,902.439024390244,42.2,3.546767473220825
1365889990.405181,740.2439024390244,42.2,3.5811681747436523
1365889990.685118,823.170731707317,42.2,3.518185615539551
1365889990.93933,906.0975609756098,42.2,3.539984703063965
1365889991.1936698,900.0,42.2,3.5218284130096436
1365889991.451662,641.4634146341464,41.7,3.5391321182250977
1365889991.7239199,885.3658536585366,42.2,3.5203752517700195
1365889991.978292,929.2682926829269,42.2,3.515970230102539
1365889992.233995,1009.7560975609756,42.2,3.555290699005127
1365889992.508519,857.3170731707316,42.2,3.522036552429199
1365889992.761529,832.9268292682926,42.2,3.517476797103882
1365889993.015778,841.4634146341463,42.2,3.5450286865234375
1365889993.285995,848.170731707317,42.2,3.5181257724761963
1365889993.5390809,868.2926829268292,42.2,3.523026943206787
1365889993.791997,804.2682926829269,42.2,3.5219974517822266
1365889994.044975,723.170731707317,42.2,3.5615530014038086
1365889994.3220859,669.5121951219512,42.2,3.736837148666382
1365889994.5966148,878.0487804878048,42.8,3.585115671157837
1365889994.8504598,784.1463414634146,42.2,3.5191490650177
1365889995.1039739,781.0975609756098,41.7,3.5375800132751465
1365889995.380758,899.390243902439,42.2,3.520984649658203
1365889995.6362681,799.3902439024391,42.8,3.518282651901245
1365889995.889933,827.4390243902438,42.2,3.5310511589050293
1365889996.154838,755.4878048780488,42.2,3.53676438331604
1365889996.431295,848.170731707317,42.2,3.666452646255493
1365889996.6839738,770.1219512195122,42.8,3.5216009616851807
1365889996.938699,771.3414634146342,42.2,3.556462049484253
1365889997.2108061,934.1463414634147,42.2,3.5166120529174805
1365889997.466125,857.9268292682926,42.2,3.5292418003082275
1365889997.718751,807.3170731707318,42.8,3.5839784145355225
1365889997.978372,631.0975609756098,41.7,3.5494816303253174
1365889998.252705,915.2439024390244,42.2,3.523597478866577
1365889998.507817,798.1707317073171,42.2,3.5161666870117188
1365889998.7609978,893.9024390243902,42.8,3.5279347896575928
1365889999.017384,729.2682926829268,42.2,3.539848566055298
1365889999.29319,840.2439024390244,42.2,3.522726058959961
1365889999.5483289,870.1219512195122,42.2,3.5180156230926514
1365889999.801379,863.4146341463414,42.2,3.5312094688415527
1365890000.058244,746.3414634146342,41.2,3.53719162940979
1365890000.332423,829.2682926829268,42.2,3.5891895294189453
1365890000.587542,848.170731707317,42.2,3.592379570007324
1365890000.840097,881.0975609756098,42.2,3.52111554145813
1365890001.096569,742.0731707317074,41.7,3.5378403663635254
1365890001.370969,846.3414634146342,42.2,3.5245535373687744
1365890001.629379,923.1707317073171,42.2,3.5664429664611816
1365890001.882665,942.0731707317073,42.8,3.5202791690826416
1365890002.1396968,740.2439024390244,41.7,3.5475897789001465
1365890002.41402,870.1219512195122,42.2,3.7414302825927734
1365890002.67144,882.3170731707318,42.2,3.526411533355713
1365890002.9265769,864.0243902439024,42.2,3.5263864994049072
1365890003.185687,729.2682926829268,42.2,3.5397980213165283
1365890003.460185,852.4390243902438,42.2,3.520010232925415
1365890003.715861,810.3658536585366,42.2,3.51926851272583
1365890003.969072,846.3414634146342,42.8,3.5212149620056152
1365890004.225228,664.6341463414634,42.2,3.5411152839660645
1365890004.499585,937.1951219512194,42.2,3.5169098377227783
1365890004.7550879,830.4878048780488,42.2,3.520569324493408
1365890005.008559,774.390243902439,42.2,3.5277085304260254
1365890005.268377,758.5365853658536,42.2,3.5411806106567383
1365890005.544369,948.170731707317,42.2,3.51861310005188
1365890005.800322,879.2682926829268,42.2,3.5197079181671143
1365890006.053379,860.3658536585366,42.2,3.521538496017456
1365890006.311264,696.3414634146341,41.7,3.5454766750335693
1365890006.58774,942.0731707317073,42.2,3.522686243057251
1365890006.842741,885.9756097560976,42.2,3.5170671939849854
1365890007.096749,785.9756097560976,42.2,3.53342604637146
1365890007.355875,692.0731707317073,41.7,3.5403950214385986
1365890007.630476,957.3170731707316,42.2,3.5670995712280273
1365890007.884778,946.3414634146341,42.2,3.5324180126190186
1365890008.139209,790.2439024390244,42.2,3.5256874561309814
1365890008.3990011,742.0731707317074,42.2,3.9883921146392822
1365890008.676534,760.9756097560976,42.2,3.711991786956787
1365890008.933206,825.0,42.2,3.5186288356781006
1365890009.188103,772.5609756097562,42.8,3.522923707962036
1365890009.4480152,751.219512195122,42.2,3.5779833793640137
1365890009.7220092,748.170731707317,41.2,3.5420751571655273
1365890009.9994628,792.0731707317074,42.2,3.5217838287353516
1365890010.252664,946.951219512195,42.2,3.525681495666504
1365890010.505625,733.5365853658536,42.2,3.5505244731903076
1365890010.780027,835.3658536585366,42.2,3.5254340171813965
1365890011.0354528,793.2926829268293,42.8,3.5209505558013916
1365890011.2883499,867.0731707317074,42.2,3.5324201583862305
1365890011.5479481,736.5853658536586,41.7,3.5411884784698486
1365890011.82181,951.2195121951219,42.2,3.532344341278076
1365890012.0771,823.170731707317,42.2,3.522737979888916
1365890012.330234,1715.2439024390244,42.8,3.533904552459717
1365890012.590851,683.5365853658537,42.2,3.5467073917388916
1365890012.865225,948.170731707317,42.8,3.793696165084839
1365890013.1200159,943.2926829268292,42.2,3.548039674758911
1365890013.373499,942.0731707317073,42.2,3.5206780433654785
1365890013.630655,729.2682926829268,42.2,3.5381827354431152
1365890013.9060102,964.0243902439024,41.2,3.578547239303589
1365890014.185264,857.3170731707316,42.2,3.5265791416168213
1365890014.438852,892.0731707317074,42.2,3.5495593547821045
1365890014.696186,812.1951219512194,42.2,3.5360896587371826
1365890014.96737,773.1707317073171,42.2,3.5167272090911865
1365890015.222562,871.3414634146342,42.2,3.5207200050354004
1365890015.47865,860.9756097560976,42.8,3.5272932052612305
1365890015.740556,742.0731707317074,41.7,3.538454055786133
1365890016.016437,951.8292682926829,42.2,3.515500783920288
1365890016.271147,942.0731707317073,42.8,3.5199637413024902
1365890016.524312,842.0731707317073,42.2,3.517491579055786
1365890016.778105,639.6341463414634,42.2,3.625175714492798
1365890017.0524569,744.5121951219512,42.2,3.55249285697937
1365890017.329012,807.3170731707318,42.2,3.5405654907226562
1365890017.5822341,949.390243902439,42.2,3.5158891677856445
1365890017.835279,765.2439024390244,42.2,3.5329508781433105
1365890018.105547,990.2439024390244,42.8,3.52528977394104
1365890018.3592489,946.3414634146341,42.2,3.517770528793335
1365890018.612202,770.1219512195122,42.2,3.522587776184082
1365890018.870566,643.2926829268292,42.2,3.534944534301758
1365890019.1411269,810.3658536585366,41.7,3.5649356842041016
1365890019.39634,940.2439024390243,42.2,3.520185947418213
1365890019.651493,1348.7804878048782,42.2,3.5499424934387207
1365890019.924025,948.170731707317,42.2,3.516503095626831
1365890020.177966,809.1463414634147,42.2,3.5280234813690186
1365890020.433799,773.1707317073171,42.2,3.59768009185791
1365890020.703328,735.3658536585366,42.2,3.5832059383392334
1365890020.977781,781.0975609756098,42.2,3.5257151126861572
1365890021.231006,899.390243902439,42.2,3.526102066040039
1365890021.4864872,959.1463414634146,41.7,3.5318329334259033
1365890021.7550771,729.2682926829268,41.2,3.537691831588745
1365890022.029842,907.9268292682927,42.2,3.527256488800049
1365890022.2839491,959.1463414634146,42.2,3.5150372982025146
1365890022.538462,873.170731707317,41.7,3.5262386798858643
1365890022.798687,623.170731707317,41.7,3.5390548706054688
1365890023.073379,766.4634146341464,42.2,3.5262434482574463
1365890023.326473,945.1219512195122,42.2,3.5187857151031494
1365890023.581179,945.1219512195122,42.2,3.577388048171997
1365890023.841973,689.6341463414634,41.2,3.551997423171997
1365890024.1171288,830.4878048780488,42.2,3.523136854171753
1365890024.3711932,945.1219512195122,42.2,3.521301507949829
1365890024.6245189,954.8780487804878,42.2,3.58480167388916
1365890024.8825989,747.560975609756,41.2,3.5485217571258545
1365890025.15738,807.3170731707318,42.8,3.5290844440460205
1365890025.410462,910.9756097560976,42.2,3.6232359409332275
1365890025.667537,807.3170731707318,42.2,3.546616792678833
1365890025.92768,732.3170731707316,41.2,3.5435891151428223
1365890026.202209,906.0975609756098,42.2,3.5194811820983887
1365890026.455621,959.1463414634146,42.2,3.599993944168091
1365890026.712397,777.439024390244,42.8,3.524409055709839
1365890026.9695628,631.0975609756098,41.7,3.5376224517822266
1365890027.244391,773.1707317073171,42.2,3.583894729614258
1365890027.497186,893.2926829268292,42.2,3.5218615531921387
1365890027.751976,956.0975609756097,42.2,3.5283524990081787
1365890028.00892,737.1951219512194,41.2,3.640688896179199
1365890028.28369,821.3414634146341,42.2,3.5159425735473633
1365890028.5369148,851.219512195122,42.2,3.5508503913879395
1365890028.7904792,852.4390243902438,42.8,3.5288455486297607
1365890029.0465631,711.5853658536585,41.7,3.543483257293701
1365890029.320957,917.0731707317074,42.2,3.516627788543701
1365890029.5743701,843.2926829268292,42.2,3.5303783416748047
1365890029.829005,815.2439024390243,42.2,3.525386095046997
1365890030.088901,740.2439024390244,41.7,3.539546012878418
1365890030.3635368,940.2439024390243,42.2,3.5208377838134766
1365890030.616648,763.4146341463414,42.2,3.533562660217285
1365890030.871496,827.4390243902438,42.8,3.5314981937408447
1365890031.1324842,729.2682926829268,41.2,3.553568124771118
1365890031.407568,788.4146341463415,42.2,3.5321619510650635
1365890031.660774,953.0487804878048,42.2,3.528998374938965
1365890031.914856,780.4878048780488,42.2,3.5493412017822266
1365890032.172676,741.4634146341464,42.2,3.5375030040740967
1365890032.447627,893.9024390243902,42.8,3.5255470275878906
1365890032.70332,920.1219512195122,42.2,3.53328537940979
1365890032.958403,773.1707317073171,42.2,3.5305235385894775
1365890033.217929,603.6585365853658,41.7,3.5611910820007324
1365890033.492108,950.0,42.2,3.5186402797698975
1365890033.745321,887.1951219512196,42.2,3.5247042179107666
1365890033.9996412,805.4878048780488,42.2,3.535890817642212
1365890034.2601311,666.4634146341464,42.2,3.684283971786499
1365890034.53441,956.0975609756097,42.2,3.5470898151397705
1365890034.7888682,863.4146341463414,42.2,3.5398378372192383
1365890035.042165,777.439024390244,42.2,3.524333953857422
1365890035.299247,681.0975609756098,41.7,3.5409955978393555
1365890035.573496,898.1707317073171,41.7,3.527571678161621
1365890035.826659,785.9756097560976,42.2,3.5301413536071777
1365890036.0811388,875.0,42.2,3.523404359817505
1365890036.342177,736.5853658536586,41.7,3.5422112941741943
1365890036.616653,769.5121951219512,42.2,3.5219340324401855
1365890036.8704152,799.3902439024391,42.2,3.527401924133301
1365890037.124408,946.3414634146341,42.2,3.5252976417541504
1365890037.3823948,736.5853658536586,41.2,3.545670509338379
1365890037.657217,840.2439024390244,42.2,3.516244649887085
1365890037.91063,787.1951219512196,42.2,3.5224130153656006
1365890038.165323,794.5121951219512,42.2,3.5257859230041504
1365890038.420152,685.3658536585366,42.2,3.732776641845703
1365890038.697856,738.4146341463414,42.2,3.542353391647339
1365890038.972998,951.2195121951219,42.2,3.519558906555176
1365890039.227284,819.5121951219512,42.2,3.5308279991149902
1365890039.480286,841.4634146341463,42.2,3.738952875137329
1365890039.754286,957.9268292682926,42.2,3.516728639602661
1365890040.009025,945.1219512195122,42.2,3.519192934036255
1365890040.263697,949.390243902439,42.8,3.5458829402923584
1365890040.521587,745.1219512195122,41.2,3.544058322906494
1365890040.797411,1712.1951219512196,42.2,3.5296566486358643
1365890041.0515368,937.1951219512194,42.8,3.523987054824829
1365890041.30669,771.3414634146342,42.2,3.533403158187866
1365890041.5742111,753.0487804878048,41.7,3.546550750732422
1365890041.845498,892.0731707317074,42.8,3.5386717319488525
1365890042.0998569,780.4878048780488,42.2,3.521250009536743
1365890042.3545358,703.0487804878048,42.2,3.540534734725952
1365890042.62896,890.8536585365854,42.2,3.5194928646087646
1365890042.882215,770.1219512195122,42.2,3.6262924671173096
1365890043.135021,953.0487804878048,42.2,3.5611884593963623
1365890043.405529,742.0731707317074,42.2,3.5491538047790527
1365890043.6825569,907.9268292682927,42.2,3.535555601119995
1365890043.9355462,798.1707317073171,42.2,3.754772901535034
1365890044.188643,926.829268292683,42.2,3.581071615219116
1365890044.4579341,696.3414634146341,41.2,3.8414337635040283
1365890044.735494,920.1219512195122,42.2,3.566547155380249
1365890044.988123,960.3658536585366,42.2,3.524531364440918
1365890045.242698,935.9756097560976,42.2,3.5281741619110107
1365890045.506824,1761.5853658536585,42.2,3.547656774520874
1365890045.782041,816.4634146341463,42.2,3.5397019386291504
1365890046.034998,912.1951219512196,42.2,3.5150907039642334
1365890046.2896209,979.2682926829268,42.2,3.564028024673462
1365890046.562717,929.8780487804878,42.8,3.516781806945801
1365890046.817119,885.3658536585366,42.8,3.52622389793396
1365890047.070246,796.3414634146342,42.8,3.5295138359069824
1365890047.333907,698.170731707317,41.7,3.860321283340454
1365890047.609838,796.9512195121952,42.2,3.585371255874634
1365890047.862773,890.2439024390244,42.8,3.521967887878418
1365890048.115602,943.2926829268292,42.2,3.5430240631103516
1365890048.3838952,683.5365853658537,42.2,3.561469078063965
1365890048.658957,1215.8536585365853,42.8,3.5782053470611572
1365890048.914158,940.8536585365853,42.2,3.516636371612549
1365890049.167573,923.1707317073171,42.2,3.5392632484436035
1365890049.440653,962.1951219512194,42.2,3.5291481018066406
1365890049.696209,860.3658536585366,42.8,3.555701971054077
1365890049.9493701,817.0731707317073,42.2,3.73166561126709
1365890050.209547,749.390243902439,42.2,3.703104019165039
1365890050.488607,954.8780487804878,42.2,3.592507839202881
1365890050.7428951,835.3658536585366,42.2,3.52308988571167
1365890050.995434,838.4146341463414,42.2,3.541849374771118
1365890051.261965,700.6097560975609,41.7,3.537858247756958
1365890051.539126,779.2682926829268,42.2,3.5198187828063965
1365890051.793547,843.2926829268292,42.8,3.518031358718872
1365890052.0469818,915.8536585365854,42.2,3.542638063430786
1365890052.317941,881.0975609756098,42.2,3.5152037143707275
1365890052.57277,829.2682926829268,42.2,3.5232596397399902
1365890052.8257082,851.219512195122,42.2,3.5269925594329834
1365890053.084906,729.2682926829268,42.2,3.546736478805542
1365890053.3602319,951.2195121951219,42.2,3.5200440883636475
1365890053.614793,945.1219512195122,42.8,3.5212225914001465
1365890053.868545,929.8780487804878,42.2,3.535621166229248
1365890054.1416252,906.0975609756098,42.2,3.5188276767730713
1365890054.394712,910.3658536585366,42.2,3.5152065753936768
1365890054.649855,921.9512195121952,42.2,3.531083345413208
1365890054.911562,712.1951219512194,42.2,3.5457279682159424
1365890055.185632,799.3902439024391,42.2,3.5229437351226807
1365890055.440019,829.2682926829268,42.8,3.5369250774383545
1365890055.696482,951.2195121951219,42.2,3.555361747741699
1365890055.96783,780.4878048780488,42.2,3.517669200897217
1365890056.220889,950.0,42.2,3.55863881111145
1365890056.4750059,1719.5121951219512,42.8,3.812943696975708
1365890056.738204,752.439024390244,41.7,3.598727226257324
1365890057.012772,863.4146341463414,42.2,3.63291597366333
1365890057.265821,970.1219512195122,42.2,3.615692138671875
1365890057.5194392,866.4634146341464,42.2,3.5855484008789062
1365890057.791826,688.4146341463414,42.2,3.545814037322998
1365890058.063616,1145.121951219512,42.8,3.5360255241394043
1365890058.317116,790.2439024390244,42.2,3.5170016288757324
1365890058.5703921,929.2682926829269,42.2,3.548645496368408
1365890058.843246,948.170731707317,42.2,3.5179860591888428
1365890059.09611,845.1219512195122,42.2,3.6100504398345947
1365890059.3491788,893.2926829268292,42.8,3.644940137863159
1365890059.609941,737.1951219512194,42.2,3.5730836391448975
1365890059.889641,815.2439024390243,42.2,3.52872896194458
1365890060.142708,918.2926829268293,42.2,3.5601437091827393
1365890060.395882,838.4146341463414,42.2,3.636059284210205
1365890060.662338,717.0731707317073,42.2,3.5397374629974365
1365890060.939968,939.0243902439024,42.2,3.5738110542297363
1365890061.193058,778.048780487805,42.2,3.5364327430725098
1365890061.446125,953.0487804878048,42.2,3.588918447494507
1365890061.720012,868.9024390243902,42.8,3.5237672328948975
1365890061.975841,892.0731707317074,42.2,3.560795783996582
1365890062.228738,885.3658536585366,42.2,3.6219139099121094
1365890062.4840162,679.2682926829269,42.2,3.6219663619995117
1365890062.7647429,609.1463414634146,42.2,3.54278302192688
1365890063.038953,951.8292682926829,42.2,3.5370235443115234
1365890063.29178,917.0731707317074,42.2,3.5303609371185303
1365890063.54509,747.560975609756,42.2,3.538740873336792
1365890063.820062,889.0243902439024,42.2,3.5570199489593506
1365890064.0755782,775.0,42.2,3.5376737117767334
1365890064.328662,943.9024390243902,42.2,3.640104293823242
1365890064.599969,769.5121951219512,42.2,3.5280110836029053
1365890064.853326,870.1219512195122,42.2,3.527477741241455
1365890065.110056,907.9268292682927,42.2,3.557575225830078
1365890065.370469,741.4634146341464,41.2,3.560581922531128
1365890065.645246,865.2439024390244,42.2,3.557598829269409
1365890065.898776,954.2682926829268,42.8,3.519821882247925
1365890066.154463,954.2682926829268,42.2,3.5308027267456055
1365890066.412308,729.2682926829268,41.7,3.551901340484619
1365890066.688756,946.3414634146341,42.2,3.5725247859954834
1365890066.941841,801.219512195122,42.2,3.5179169178009033
1365890067.198289,875.0,42.2,3.5261831283569336
1365890067.4581041,735.3658536585366,41.7,3.852344274520874
1365890067.736672,743.2926829268292,41.2,3.595036268234253
1365890068.012924,926.829268292683,42.2,3.733853340148926
1365890068.267058,798.1707317073171,42.2,3.6259148120880127
1365890068.520263,879.8780487804878,42.2,3.5767736434936523
1365890068.78202,657.3170731707318,41.7,3.5456202030181885
1365890069.05654,893.9024390243902,42.2,3.521477222442627
1365890069.3109472,953.0487804878048,42.2,3.5614280700683594
1365890069.564211,839.0243902439024,42.2,3.516204357147217
1365890069.818327,769.5121951219512,42.2,3.573474884033203
1365890070.0897112,792.0731707317074,42.2,3.547347068786621
1365890070.3445399,874.390243902439,42.8,3.51623272895813
1365890070.597444,740.2439024390244,42.2,3.546315908432007
1365890070.8723142,873.170731707317,42.8,3.5229969024658203
1365890071.1262238,943.2926829268292,42.2,3.528639793395996
1365890071.38064,906.0975609756098,42.2,3.5471584796905518
1365890071.649385,633.5365853658536,42.2,3.5370993614196777
1365890071.923475,903.048780487805,42.2,3.5202369689941406
1365890072.177985,859.1463414634146,42.2,3.524493455886841
1365890072.432668,859.1463414634146,42.8,3.5467255115509033
1365890072.689488,682.3170731707318,42.2,3.544882297515869
1365890072.963587,843.9024390243902,42.2,3.52282452583313
1365890073.218227,832.3170731707316,42.8,3.546046257019043
1365890073.472575,814.0243902439024,42.2,3.5536293983459473
1365890073.732743,739.0243902439024,42.2,3.543128728866577
1365890074.008139,806.0975609756098,42.2,3.5255417823791504
1365890074.2615738,772.5609756097562,42.2,3.5285565853118896
1365890074.517482,810.3658536585366,42.8,3.5324671268463135
1365890074.781964,686.5853658536586,42.2,3.5356128215789795
1365890075.055849,766.4634146341464,42.2,3.5368669033050537
1365890075.3103878,813.4146341463414,42.2,3.551823377609253
1365890075.5646908,926.829268292683,42.2,3.522630214691162
1365890075.823113,742.0731707317074,42.2,3.540215492248535
1365890076.097701,954.2682926829268,42.2,3.5203194618225098
1365890076.350967,829.2682926829268,42.2,3.515930652618408
1365890076.60556,801.219512195122,42.2,3.528136968612671
1365890076.8648279,634.1463414634146,42.2,3.536013603210449
1365890077.1392581,748.170731707317,41.7,3.5724682807922363
1365890077.413356,915.2439024390244,42.2,3.5136001110076904
1365890077.667779,931.0975609756098,42.2,3.5383992195129395
1365890077.9208379,798.1707317073171,42.2,3.52669358253479
1365890078.18128,693.2926829268292,42.2,3.5372653007507324
1365890078.456222,817.0731707317073,42.2,3.5185253620147705
1365890078.7116039,890.8536585365854,42.2,3.5148112773895264
1365890078.964606,805.4878048780488,42.2,3.6155595779418945
1365890079.218414,677.439024390244,42.2,3.5369880199432373
1365890079.492794,957.9268292682926,41.7,3.65354061126709
1365890079.748781,849.390243902439,42.8,3.516303539276123
1365890080.0017831,846.951219512195,42.2,3.52663254737854
1365890080.2626219,741.4634146341464,42.2,3.5376687049865723
1365890080.537178,904.8780487804878,42.2,3.5427231788635254
1365890080.7909062,951.8292682926829,42.8,3.5356433391571045
1365890081.043998,771.3414634146342,42.8,3.521130084991455
1365890081.301499,737.1951219512194,42.2,3.5461111068725586
1365890081.5776792,960.3658536585366,42.2,3.522793769836426
1365890081.832612,854.8780487804878,42.8,3.517723798751831
1365890082.085344,750.0,42.2,3.524244546890259
1365890082.3432891,755.4878048780488,41.2,3.5436036586761475
1365890082.622496,884.1463414634146,42.2,3.5271084308624268
1365890082.8776698,835.9756097560976,42.2,3.685500383377075
1365890083.1306398,945.1219512195122,42.2,3.529278039932251
1365890083.396109,741.4634146341464,42.2,3.5450117588043213
1365890083.6710231,915.2439024390244,42.2,3.53464674949646
1365890083.9244869,845.1219512195122,42.2,3.5904130935668945
1365890084.177508,898.1707317073171,42.8,3.5433318614959717
1365890084.436855,746.3414634146342,41.7,3.5358424186706543
1365890084.712569,957.9268292682926,42.2,3.517632007598877
1365890084.9684072,939.0243902439024,42.2,3.5221216678619385
1365890085.221558,809.1463414634147,42.2,3.5443131923675537
1365890085.482728,699.390243902439,42.2,3.559518814086914
1365890085.7606342,899.390243902439,42.2,3.5159032344818115
1365890086.015584,776.219512195122,42.2,3.546109437942505
1365890086.268574,929.2682926829269,42.2,3.5424351692199707
1365890086.536928,727.4390243902438,41.7,3.5414841175079346
1365890086.814207,777.439024390244,42.2,3.5169122219085693
1365890087.0686789,848.170731707317,42.2,3.5258400440216064
1365890087.32171,867.0731707317074,42.2,3.5345160961151123
1365890087.586842,741.4634146341464,42.2,3.5625197887420654
1365890087.860766,851.219512195122,42.2,3.515427589416504
1365890088.115339,821.951219512195,42.8,3.5191822052001953
1365890088.369192,777.439024390244,42.8,3.547532558441162
1365890088.640762,932.9268292682927,42.2,3.5263636112213135
1365890088.895349,838.4146341463414,42.8,3.524766206741333
1365890089.149694,840.2439024390244,42.2,3.520073413848877
1365890089.405617,641.4634146341464,42.2,3.5388424396514893
1365890089.679441,795.1219512195122,42.2,3.513167142868042
1365890089.933623,921.9512195121952,42.2,3.5221192836761475
1365890090.188179,949.390243902439,42.2,3.562373638153076
1365890090.460125,935.9756097560976,42.2,3.519275426864624
1365890090.712966,850.0,42.2,3.5135092735290527
1365890090.967047,868.9024390243902,42.2,3.520158290863037
1365890091.227914,739.0243902439024,42.8,3.542548894882202
1365890091.503053,774.390243902439,42.2,3.52333664894104
1365890091.758247,953.0487804878048,42.2,3.5255496501922607
1365890092.0123038,832.9268292682926,42.2,3.536266326904297
1365890092.275533,729.2682926829268,42.2,3.6308000087738037
1365890092.5503418,1039.0243902439024,42.2,3.7228801250457764
1365890092.803017,937.8048780487804,42.2,3.6120693683624268
1365890093.056952,806.0975609756098,42.2,3.5605099201202393
1365890093.318239,754.2682926829268,42.2,3.5631375312805176
1365890093.59342,766.4634146341464,42.8,3.5470497608184814
1365890093.847081,754.2682926829268,42.2,3.5940067768096924
1365890094.101152,962.1951219512194,42.2,3.5847487449645996
1365890094.3598988,676.219512195122,41.2,3.5615057945251465
1365890094.634502,879.2682926829268,42.2,3.6037278175354004
1365890094.8878279,951.2195121951219,42.2,3.577869176864624
1365890095.142255,866.4634146341464,42.8,3.527550458908081
1365890095.397711,735.3658536585366,42.2,3.580751657485962
1365890095.6728508,787.1951219512196,42.2,3.527676582336426
1365890095.9255612,796.3414634146342,42.2,3.5782012939453125
1365890096.17974,918.2926829268293,42.8,3.5333452224731445
1365890096.4419332,736.5853658536586,42.2,3.602647304534912
1365890096.716233,853.0487804878048,42.2,3.644714593887329
1365890096.9696152,959.1463414634146,42.8,3.514756202697754
1365890097.22469,771.3414634146342,42.2,3.535062789916992
1365890097.489622,625.609756097561,42.2,3.65565824508667
1365890097.768212,931.0975609756098,42.8,3.513352155685425
1365890098.022476,852.4390243902438,42.8,3.520869016647339
1365890098.2777832,807.9268292682927,42.2,3.5215556621551514
1365890098.532812,711.5853658536585,42.2,3.8747806549072266
1365890098.8173928,827.4390243902438,42.2,3.605073928833008
1365890099.071681,964.0243902439024,42.2,3.540681838989258
1365890099.326245,976.219512195122,42.2,3.547546148300171
1365890099.594676,796.3414634146342,42.2,3.5858383178710938
1365890099.866294,835.9756097560976,42.2,3.51716947555542
1365890100.119571,954.8780487804878,42.2,3.5143182277679443
1365890100.374152,968.2926829268292,42.2,3.6628663539886475
1365890100.648438,949.390243902439,42.2,3.5163886547088623
1365890100.901674,838.4146341463414,42.8,3.517653703689575
1365890101.154807,829.2682926829268,42.8,3.5273172855377197
1365890101.4144971,748.170731707317,42.2,3.546248435974121
1365890101.689169,764.0243902439024,42.2,3.532433271408081
1365890101.942098,904.8780487804878,42.8,3.5165112018585205
1365890102.195107,807.3170731707318,42.2,3.5452051162719727
1365890102.464194,706.0975609756097,42.2,3.5454626083374023
1365890102.738466,876.219512195122,42.2,3.5290491580963135
1365890102.99146,868.2926829268292,42.8,3.5241236686706543
1365890103.244423,767.0731707317074,42.2,3.5925071239471436
1365890103.522271,918.2926829268293,42.2,3.609255790710449
1365890103.777787,932.9268292682927,42.2,3.5163283348083496
1365890104.031056,802.439024390244,42.8,3.527374267578125
1365890104.296145,747.560975609756,42.2,3.540083885192871
1365890104.5762482,878.0487804878048,42.2,3.617838144302368
1365890104.8299708,946.951219512195,42.2,3.5292270183563232
1365890105.083274,816.4634146341463,42.8,3.526320219039917
1365890105.336556,746.3414634146342,41.7,3.539320707321167
1365890105.61479,862.1951219512194,42.2,3.5303471088409424
1365890105.867934,866.4634146341464,42.2,3.554187297821045
1365890106.121196,783.5365853658537,42.8,3.5215275287628174
1365890106.3835971,757.3170731707318,42.2,3.55063796043396
1365890106.661101,857.9268292682926,42.2,3.5259783267974854
1365890106.914229,842.0731707317073,42.2,3.565861463546753
1365890107.167367,920.1219512195122,42.2,3.5219478607177734
1365890107.4269462,758.5365853658536,42.2,3.5402066707611084
1365890107.702183,779.2682926829268,42.2,3.5228826999664307
1365890107.955628,840.2439024390244,42.8,3.5548460483551025
1365890108.208935,937.8048780487804,41.2,3.6234395503997803
1365890108.480791,965.2439024390244,42.2,3.5710325241088867
1365890108.735317,924.3902439024391,42.8,3.5374414920806885
1365890108.988611,781.0975609756098,42.2,3.5361716747283936
1365890109.248492,739.0243902439024,42.2,3.5524985790252686
1365890109.52464,843.9024390243902,42.2,3.528563976287842
1365890109.781321,926.829268292683,42.2,3.5301105976104736
1365890110.035239,772.5609756097562,42.2,3.612382173538208
