1365889805.043908,1200.609756097561,41.2,3.188587188720703
1365889805.2990022,924.3902439024391,40.1,3.003910779953003
1365889805.55356,793.2926829268293,40.1,2.9962759017944336
1365889805.8067641,683.5365853658537,39.5,3.0267531871795654
1365889806.0783958,795.1219512195122,40.1,3.010035991668701
1365889806.337924,787.1951219512196,40.6,2.987332344055176
1365889806.594684,697.560975609756,40.1,3.0135209560394287
1365889806.8706849,809.1463414634147,40.1,2.9832763671875
1365889807.1257331,914.0243902439024,40.1,2.983808755874634
1365889807.37923,749.390243902439,40.1,3.003938913345337
1365889807.650076,921.9512195121952,40.1,2.9892170429229736
1365889807.907659,907.9268292682927,40.1,3.073765277862549
1365889808.163231,771.3414634146342,40.1,2.989694118499756
1365889808.421433,697.560975609756,39.5,3.097038507461548
1365889808.701824,739.0243902439024,40.1,2.9864914417266846
1365889808.956118,751.219512195122,40.1,3.0622806549072266
1365889809.210233,613.4146341463414,40.1,3.0267579555511475
1365889809.484548,852.4390243902438,39.5,2.9899606704711914
1365889809.739702,901.219512195122,40.1,2.9875736236572266
1365889809.995289,917.0731707317074,40.1,3.0375099182128906
1365889810.2642822,701.2195121951219,39.5,3.0571377277374268
1365889810.5386932,924.3902439024391,40.1,3.0304646492004395
1365889810.792916,915.2439024390244,40.1,3.058711528778076
1365889811.047644,726.219512195122,39.5,3.0288848876953125
1365889811.328902,784.1463414634146,40.1,3.04060697555542
1365889811.58365,860.9756097560976,40.1,2.985867500305176
1365889811.84131,764.0243902439024,40.1,3.0520827770233154
1365889812.11033,693.2926829268292,39.5,3.013319253921509
1365889812.382554,925.0,39.0,2.9846229553222656
1365889812.635478,848.170731707317,40.1,2.9897615909576416
1365889812.892245,701.2195121951219,39.5,3.0073471069335938
1365889813.165951,807.3170731707318,40.1,2.9867939949035645
1365889813.421005,882.9268292682926,40.1,2.981675863265991
1365889813.6755571,734.1463414634146,40.1,3.085038423538208
1365889813.9509099,887.1951219512196,40.1,2.9869816303253174
1365889814.204895,910.3658536585366,40.1,2.9843270778656006
1365889814.4578009,841.4634146341463,40.1,3.031069278717041
1365889814.72286,1399.3902439024391,39.5,3.020289659500122
1365889815.0012622,1003.0487804878047,40.1,3.096036434173584
1365889815.256236,900.0,40.1,2.984835386276245
1365889815.5112839,907.9268292682927,40.1,3.006427764892578
1365889815.7835488,796.3414634146342,40.1,2.982787609100342
1365889816.038472,764.0243902439024,40.1,3.003528118133545
1365889816.29523,852.4390243902438,40.1,2.9943671226501465
1365889816.557796,684.1463414634147,39.5,3.007368564605713
1365889816.8322492,863.4146341463414,40.1,3.1033060550689697
1365889817.089175,1156.7073170731708,40.1,3.025618314743042
1365889817.342083,625.609756097561,40.1,3.1230573654174805
1365889817.617645,1232.9268292682927,40.1,2.989365339279175
1365889817.873137,879.2682926829268,40.1,3.030921697616577
1365889818.1318269,906.0975609756098,40.1,3.562584161758423
1365889818.392983,695.1219512195122,39.0,3.3036725521087646
1365889818.666482,737.1951219512194,40.1,3.043630361557007
1365889818.920228,943.9024390243902,40.1,3.1039693355560303
1365889819.176712,856.0975609756098,40.1,3.014554738998413
1365889819.437349,688.4146341463414,39.0,3.112194061279297
1365889819.7129579,907.3170731707318,40.1,2.9978158473968506
1365889819.968886,819.5121951219512,40.1,2.990631341934204
1365889820.2259572,772.5609756097562,40.1,2.996103048324585
1365889820.491392,664.6341463414634,39.5,3.025951385498047
1365889820.7675788,813.4146341463414,40.1,2.9839367866516113
1365889821.0224059,920.1219512195122,39.5,3.03739857673645
1365889821.2785769,827.4390243902438,40.1,3.0057129859924316
1365889821.549759,774.390243902439,40.1,3.3016395568847656
1365889821.8030348,806.0975609756098,39.5,3.0497939586639404
1365889822.0570738,738.4146341463414,40.1,3.2068867683410645
1365889822.32236,632.3170731707318,40.1,3.144761800765991
1365889822.600587,853.0487804878048,39.5,3.099506378173828
1365889822.853695,848.170731707317,40.1,3.2247934341430664
1365889823.1065228,909.1463414634146,40.1,3.2224249839782715
1365889823.36532,701.2195121951219,39.0,3.0358452796936035
1365889823.644214,854.8780487804878,40.1,3.017667531967163
1365889823.9000618,879.8780487804878,40.1,3.034562349319458
1365889824.153147,820.1219512195122,39.5,3.0844192504882812
1365889824.425559,767.0731707317074,40.1,3.621039390563965
1365889824.679778,827.4390243902438,40.1,3.367979049682617
1365889824.9321852,926.829268292683,40.1,3.1715011596679688
1365889825.1873522,700.6097560975609,39.0,3.0439352989196777
1365889825.4659111,767.0731707317074,39.5,2.9891445636749268
1365889825.7217321,882.3170731707318,40.1,2.996272087097168
1365889825.9775722,772.5609756097562,39.5,3.0079448223114014
1365889826.245732,711.5853658536585,39.0,3.0792148113250732
1365889826.520546,857.3170731707316,40.1,3.002943277359009
1365889826.774768,876.219512195122,40.1,3.0911052227020264
1365889827.028188,879.2682926829268,40.1,3.0134122371673584
1365889827.308019,917.0731707317074,40.1,3.09380841255188
1365889827.5639522,755.4878048780488,40.1,3.015181541442871
1365889827.816826,766.4634146341464,40.1,3.0001142024993896
1365889828.08209,661.5853658536586,39.5,3.1159424781799316
1365889828.359314,921.9512195121952,39.5,2.991316318511963
1365889828.615374,866.4634146341464,40.1,2.995973825454712
1365889828.868407,642.6829268292684,40.1,3.039466381072998
1365889829.145775,825.0,40.1,2.9859731197357178
1365889829.40162,846.3414634146342,40.1,2.9934730529785156
1365889829.656978,909.1463414634146,40.1,3.001901388168335
1365889829.924603,705.4878048780488,40.1,3.0107712745666504
1365889830.200299,731.0975609756098,40.1,2.9900295734405518
1365889830.454491,762.1951219512196,40.1,2.9943318367004395
1365889830.7102458,693.2926829268292,40.1,3.0225937366485596
1365889830.9883971,893.2926829268292,40.1,2.986496686935425
1365889831.24338,868.2926829268292,40.1,2.98960018157959
1365889831.499989,860.3658536585366,40.1,3.0336008071899414
1365889831.770678,698.170731707317,39.0,3.0122928619384766
1365889832.041321,810.3658536585366,40.1,3.095865488052368
1365889832.297258,785.3658536585366,40.1,3.03389573097229
1365889832.5525,699.390243902439,39.5,3.0607471466064453
1365889832.828943,1123.780487804878,40.1,3.038651943206787
1365889833.085234,907.3170731707318,40.1,2.9837069511413574
1365889833.3406909,794.5121951219512,39.5,3.014056444168091
1365889833.618141,810.3658536585366,40.1,2.987257242202759
1365889833.871781,829.2682926829268,40.1,2.998534679412842
1365889834.126376,787.1951219512196,40.1,3.012767791748047
1365889834.3958368,614.6341463414634,39.5,3.0131261348724365
1365889834.672565,990.8536585365854,40.1,2.9926257133483887
1365889834.928919,921.3414634146342,40.1,2.984097480773926
1365889835.184234,871.3414634146342,40.1,3.0046544075012207
1365889835.4556649,890.2439024390244,40.1,3.014554500579834
1365889835.711415,802.439024390244,40.1,2.990549325942993
1365889835.965462,854.2682926829268,40.1,3.007861852645874
1365889836.23048,689.6341463414634,40.1,3.0045814514160156
1365889836.50611,867.0731707317074,40.1,3.03070330619812
1365889836.762183,920.1219512195122,40.1,2.988906145095825
1365889837.0161011,802.439024390244,40.1,3.0161261558532715
1365889837.29173,951.2195121951219,40.1,2.999429225921631
1365889837.545138,906.0975609756098,40.1,3.0126993656158447
1365889837.8012109,793.2926829268293,40.1,3.0366480350494385
1365889838.061558,697.560975609756,40.1,3.0192291736602783
1365889838.3390331,914.0243902439024,40.1,2.9845426082611084
1365889838.5947032,766.4634146341464,40.1,2.9833877086639404
1365889838.850616,920.1219512195122,40.1,3.029905319213867
1365889839.120865,912.1951219512196,40.1,2.989375352859497
1365889839.3771362,893.9024390243902,40.1,2.9851722717285156
1365889839.630464,892.0731707317074,40.1,2.9932899475097656
1365889839.8949802,656.0975609756098,40.1,3.0316267013549805
1365889840.1729999,904.8780487804878,39.5,3.022610664367676
1365889840.429854,762.1951219512196,40.1,2.9830408096313477
1365889840.6827059,926.219512195122,39.0,4.2594826221466064
1365889840.9591959,821.951219512195,40.1,3.9939746856689453
1365889841.2186399,789.0243902439024,40.1,3.755141258239746
1365889841.473057,890.8536585365854,40.1,3.5170912742614746
1365889841.744504,907.3170731707318,40.1,3.260880470275879
1365889842.001621,775.0,40.1,3.0218379497528076
1365889842.2564712,823.170731707317,40.1,3.008110761642456
1365889842.512761,701.2195121951219,39.5,3.0213489532470703
1365889842.7880561,874.390243902439,40.1,2.985297679901123
1365889843.043169,793.2926829268293,40.1,2.988525390625
1365889843.3002,740.2439024390244,40.1,3.0147602558135986
1365889843.566829,647.5609756097562,40.1,3.0031397342681885
1365889843.8386528,815.2439024390243,40.1,2.9898743629455566
1365889844.096166,771.3414634146342,40.1,3.043215274810791
1365889844.35384,664.6341463414634,40.1,3.018899440765381
1365889844.629484,728.0487804878048,40.6,3.1056973934173584
1365889844.883282,838.4146341463414,40.1,3.0571653842926025
1365889845.138818,871.9512195121952,40.1,3.175323009490967
1365889845.413033,906.0975609756098,40.1,3.0352895259857178
1365889845.667263,873.170731707317,40.1,2.982973337173462
1365889845.9222841,928.048780487805,40.1,2.98799729347229
1365889846.1787279,694.5121951219512,40.1,3.043490409851074
1365889846.454947,730.4878048780488,40.1,3.027773380279541
1365889846.7080152,868.2926829268292,40.1,2.9863553047180176
1365889846.9658802,867.0731707317074,40.1,2.9962944984436035
1365889847.228703,634.1463414634146,40.1,3.00543212890625
1365889847.502511,926.829268292683,40.1,2.989616632461548
1365889847.757378,838.4146341463414,40.1,2.9920237064361572
1365889848.012372,746.3414634146342,40.1,3.0023956298828125
1365889848.286954,893.9024390243902,40.1,2.999248504638672
1365889848.541476,828.0487804878048,40.1,2.993587017059326
1365889848.796681,821.3414634146341,40.1,2.998122215270996
1365889849.0502348,701.2195121951219,40.1,3.0716824531555176
1365889849.3312252,921.9512195121952,40.1,3.037753105163574
1365889849.5848598,768.2926829268292,40.1,3.011206865310669
1365889849.841255,762.1951219512196,40.1,3.110668182373047
1365889850.108507,707.3170731707316,39.5,3.021589756011963
1365889850.3855228,962.8048780487804,40.1,2.9880285263061523
1365889850.640954,896.9512195121952,40.1,2.986708879470825
1365889850.894211,701.2195121951219,40.1,3.0064265727996826
1365889851.171541,821.3414634146341,40.1,2.9860892295837402
1365889851.426678,773.1707317073171,40.1,2.987436294555664
1365889851.679667,693.2926829268292,40.1,3.0036230087280273
1365889851.9547899,921.3414634146342,40.1,3.035771608352661
1365889852.209993,1341.4634146341464,40.1,3.0122873783111572
1365889852.467882,774.390243902439,40.1,2.9971511363983154
1365889852.735937,690.2439024390243,40.1,3.0074520111083984
1365889853.009182,923.1707317073171,40.1,2.9859373569488525
1365889853.26225,924.3902439024391,40.1,2.9829351902008057
1365889853.518355,745.1219512195122,40.1,3.038891315460205
1365889853.7933178,932.9268292682927,40.1,3.003549814224243
1365889854.04765,954.2682926829268,40.1,3.0095627307891846
1365889854.3029912,921.9512195121952,40.1,3.061680316925049
1365889854.577936,744.5121951219512,40.1,2.9806318283081055
1365889854.83176,874.390243902439,40.1,2.98807692527771
1365889855.085716,909.1463414634146,40.1,3.001962900161743
1365889855.3537111,698.170731707317,40.1,3.0386791229248047
1365889855.632032,857.3170731707316,40.1,2.9909956455230713
1365889855.886558,748.170731707317,40.1,2.995187282562256
1365889856.139492,907.3170731707318,40.1,3.0364105701446533
1365889856.41984,826.2195121951219,40.1,2.9819135665893555
1365889856.674408,907.9268292682927,40.1,3.009230613708496
1365889856.929656,904.2682926829268,40.1,3.009143352508545
1365889857.197789,705.4878048780488,40.1,3.0279154777526855
1365889857.474737,918.2926829268293,40.1,2.984058141708374
1365889857.731276,939.0243902439024,40.1,3.073622465133667
1365889857.9846761,686.5853658536586,40.1,3.0670745372772217
1365889858.260546,862.1951219512194,40.1,2.9843485355377197
1365889858.514262,815.2439024390243,40.6,3.0836362838745117
1365889858.769993,887.1951219512196,40.1,3.007229804992676
1365889859.037668,703.0487804878048,40.1,3.0300145149230957
1365889859.3137128,759.1463414634146,40.1,3.0111563205718994
1365889859.569709,790.2439024390244,40.6,3.0101261138916016
1365889859.825825,694.5121951219512,40.1,3.0614383220672607
1365889860.103074,733.5365853658536,40.1,3.0265815258026123
1365889860.3588428,921.3414634146342,40.1,2.996350049972534
1365889860.615911,778.048780487805,40.1,3.0169358253479004
1365889860.8882718,950.0,40.1,3.0873472690582275
1365889861.141942,910.9756097560976,40.1,2.985248327255249
1365889861.395029,914.0243902439024,40.1,2.9993503093719482
1365889861.65227,600.609756097561,40.1,3.0423622131347656
1365889861.929755,807.9268292682927,40.1,3.09014892578125
1365889862.184829,871.3414634146342,40.1,3.065194845199585
1365889862.440184,748.170731707317,40.1,3.0310251712799072
1365889862.7093198,705.4878048780488,39.5,3.0080208778381348
1365889862.985971,860.3658536585366,40.1,2.9858620166778564
1365889863.241397,804.2682926829269,40.1,2.985816717147827
1365889863.49452,766.4634146341464,40.1,3.003058433532715
1365889863.768893,904.8780487804878,40.1,2.9889557361602783
1365889864.0247302,785.3658536585366,40.1,3.0872292518615723
1365889864.277792,779.2682926829268,40.1,3.0105204582214355
1365889864.541379,710.3658536585366,40.1,3.029404878616333
1365889864.817981,868.2926829268292,40.1,2.9851646423339844
1365889865.0721972,1733.5365853658539,40.1,3.175793170928955
1365889865.3283782,917.0731707317074,40.1,3.0186867713928223
1365889865.600311,1084.1463414634147,40.1,2.987420082092285
1365889865.856061,915.8536585365854,40.1,2.9883809089660645
1365889866.110303,890.2439024390244,40.1,3.030336380004883
1365889866.377095,630.4878048780488,40.1,3.0190958976745605
1365889866.653913,914.0243902439024,40.1,3.0003743171691895
1365889866.908361,915.2439024390244,40.1,2.9947926998138428
1365889867.162869,781.0975609756098,40.1,3.0130555629730225
1365889867.438255,915.2439024390244,40.6,2.984145402908325
1365889867.692286,893.9024390243902,40.6,2.9909110069274902
1365889867.948837,915.2439024390244,40.1,3.0360238552093506
1365889868.210295,698.170731707317,39.5,3.0062756538391113
1365889868.4862452,895.1219512195122,40.1,3.011922597885132
1365889868.741036,788.4146341463415,40.1,3.036060094833374
1365889868.9984362,962.1951219512194,40.1,3.011401891708374
1365889869.275467,877.439024390244,40.1,2.984598398208618
1365889869.530195,737.1951219512194,40.6,3.069742441177368
1365889869.785855,816.4634146341463,40.1,3.0939011573791504
1365889870.0541859,594.5121951219512,40.1,3.024937868118286
1365889870.334368,926.219512195122,40.1,3.078498363494873
1365889870.588835,800.0,40.1,3.0052616596221924
1365889870.845257,704.2682926829268,40.1,3.0281543731689453
1365889871.1237109,889.0243902439024,40.1,2.9908053874969482
1365889871.386107,745.1219512195122,40.6,3.044138193130493
1365889871.6392288,725.0,40.1,3.0029687881469727
1365889871.912572,840.2439024390244,40.1,2.9944193363189697
1365889872.172247,993.2926829268292,40.1,2.9916019439697266
1365889872.428735,772.5609756097562,40.1,3.0168755054473877
1365889872.687988,704.2682926829268,40.1,3.0254387855529785
1365889872.9658082,835.9756097560976,40.1,2.9918293952941895
1365889873.222728,842.0731707317073,40.6,2.9823548793792725
1365889873.476214,868.9024390243902,40.1,3.0179922580718994
1365889873.75148,825.0,40.6,2.984994888305664
1365889874.0076008,730.4878048780488,40.6,2.9844887256622314
1365889874.261246,896.9512195121952,40.6,2.9894814491271973
1365889874.520996,697.560975609756,40.1,3.003931760787964
1365889874.7960489,769.5121951219512,40.6,3.0140349864959717
1365889875.0512278,741.4634146341464,40.1,3.0625150203704834
1365889875.307439,845.1219512195122,40.1,3.0184922218322754
1365889875.584233,764.0243902439024,40.1,2.9939541816711426
1365889875.8379169,925.0,40.1,2.9960238933563232
1365889876.090986,907.9268292682927,40.6,3.049093246459961
1365889876.355814,618.2926829268292,40.1,3.009397268295288
1365889876.6329448,893.9024390243902,40.6,2.99251389503479
1365889876.886768,849.390243902439,40.1,3.0043249130249023
1365889877.141518,699.390243902439,40.1,3.0720319747924805
1365889877.417563,782.3170731707318,40.1,2.988173723220825
1365889877.6705852,736.5853658536586,40.6,2.991044521331787
1365889877.924832,776.219512195122,40.1,3.0461933612823486
1365889878.1914,698.170731707317,39.5,3.0227270126342773
1365889878.4699562,865.2439024390244,40.1,2.986581802368164
1365889878.724663,841.4634146341463,40.6,2.9819066524505615
1365889878.979658,688.4146341463414,40.1,3.022199869155884
1365889879.255862,756.0975609756098,40.1,2.9892196655273438
1365889879.5103831,928.048780487805,40.1,2.9932188987731934
1365889879.7679958,920.1219512195122,40.1,3.082252025604248
1365889880.042776,912.1951219512196,40.1,2.997840166091919
1365889880.295868,896.3414634146342,40.1,2.9998056888580322
1365889880.553313,904.2682926829268,40.6,2.9980971813201904
1365889880.8157172,645.1219512195122,40.1,3.02960467338562
1365889881.09373,888.4146341463414,40.1,2.988224744796753
1365889881.351239,921.9512195121952,40.6,3.008521318435669
1365889881.607459,879.2682926829268,40.1,2.9973812103271484
1365889881.8733902,621.3414634146342,40.1,3.0035243034362793
1365889882.1476228,1142.0731707317073,40.1,3.0117781162261963
1365889882.404394,935.9756097560976,40.6,2.9829437732696533
1365889882.660713,594.5121951219512,40.1,3.0247931480407715
1365889882.936486,879.8780487804878,40.6,2.9842772483825684
1365889883.192874,901.219512195122,40.1,2.989109516143799
1365889883.449572,907.3170731707318,40.1,3.00154709815979
1365889883.71728,695.1219512195122,40.1,3.0164012908935547
1365889883.993216,923.1707317073171,40.1,3.0437774658203125
1365889884.246264,915.2439024390244,40.1,2.980825424194336
1365889884.5000699,637.1951219512196,40.1,3.016061782836914
1365889884.777098,854.8780487804878,40.1,3.0075433254241943
1365889885.0344589,830.4878048780488,40.6,3.0137245655059814
1365889885.2876632,945.1219512195122,40.1,3.0115137100219727
1365889885.5541918,700.6097560975609,40.1,3.0123343467712402
1365889885.833075,819.5121951219512,40.6,2.996570348739624
1365889886.0864482,721.3414634146342,40.1,3.006547689437866
1365889886.340362,701.2195121951219,40.1,3.1651062965393066
1365889886.6166852,926.219512195122,40.1,3.0003585815429688
1365889886.8727958,770.1219512195122,40.1,3.0057406425476074
1365889887.128397,914.0243902439024,40.1,3.0962471961975098
1365889887.40065,815.2439024390243,40.1,2.994981288909912
1365889887.6552541,893.9024390243902,40.1,2.9891138076782227
1365889887.910062,825.0,40.6,3.0674519538879395
1365889888.1670668,701.2195121951219,40.1,3.1012930870056152
1365889888.442752,813.4146341463414,40.6,3.009972333908081
1365889888.697236,758.5365853658536,40.1,3.017113447189331
1365889888.9535758,759.1463414634146,40.1,3.0177361965179443
1365889889.220572,694.5121951219512,40.1,3.0189499855041504
1365889889.4967308,893.2926829268292,40.1,3.00345778465271
1365889889.751952,962.1951219512194,40.6,2.9843685626983643
1365889890.0068622,696.3414634146341,40.1,3.017247200012207
1365889890.28287,852.4390243902438,40.1,2.9923315048217773
1365889890.537708,824.390243902439,40.6,2.9894700050354004
1365889890.793771,873.170731707317,40.6,3.002260208129883
1365889891.0630589,689.6341463414634,40.1,3.0247251987457275
1365889891.337377,902.439024390244,40.6,2.9845478534698486
1365889891.593654,866.4634146341464,40.1,2.9914193153381348
1365889891.849298,975.0,40.1,3.056959867477417
1365889892.124086,791.4634146341464,40.6,3.046724796295166
1365889892.380608,937.1951219512194,40.6,3.0331969261169434
1365889892.635395,907.9268292682927,40.1,3.007446050643921
1365889892.899392,1269.5121951219512,40.1,3.030010461807251
1365889893.174954,910.3658536585366,40.1,2.9872772693634033
1365889893.429585,767.0731707317074,40.1,2.991929292678833
1365889893.6845,705.4878048780488,40.1,3.007598876953125
1365889893.9603488,785.9756097560976,40.1,2.9827075004577637
1365889894.215381,914.0243902439024,40.1,2.993582010269165
1365889894.467906,751.219512195122,40.1,3.0083343982696533
1365889894.738549,863.4146341463414,40.1,2.997051477432251
1365889894.994613,739.0243902439024,40.1,2.984457015991211
1365889895.250606,825.0,40.1,3.0060501098632812
1365889895.51068,628.6585365853658,40.1,3.0501561164855957
1365889895.786883,851.219512195122,40.1,2.989776611328125
1365889896.044951,857.9268292682926,40.1,2.995549440383911
1365889896.2980428,817.0731707317073,40.1,2.9950828552246094
1365889896.561804,642.6829268292684,39.5,3.0420138835906982
1365889896.837715,913.4146341463415,40.1,2.9827423095703125
1365889897.093835,789.0243902439024,40.1,2.990840435028076
1365889897.349004,818.2926829268292,40.1,3.056870937347412
1365889897.623191,870.1219512195122,40.1,3.0409741401672363
1365889897.877281,918.2926829268293,40.6,2.998748779296875
1365889898.133237,796.9512195121952,40.6,3.02908992767334
1365889898.404904,924.3902439024391,40.6,2.9851746559143066
1365889898.661464,857.3170731707316,40.6,2.988863468170166
1365889898.9172091,768.2926829268292,40.1,2.987739324569702
1365889899.1751559,698.170731707317,40.1,3.1717002391815186
1365889899.450258,795.1219512195122,40.1,2.991739511489868
1365889899.7049658,907.9268292682927,40.6,3.022083282470703
1365889899.960066,953.0487804878048,41.2,2.9969687461853027
1365889900.2242858,698.170731707317,40.1,3.0054426193237305
1365889900.498401,825.0,40.6,2.9899375438690186
1365889900.754574,764.0243902439024,40.1,2.9915730953216553
1365889901.008655,957.9268292682926,40.1,3.0480237007141113
1365889901.2840261,863.4146341463414,40.1,2.981989622116089
1365889901.5381918,874.390243902439,40.6,2.991316318511963
1365889901.7923331,879.8780487804878,40.1,3.0273220539093018
1365889902.0638778,705.4878048780488,39.5,3.0044937133789062
1365889902.3399732,795.1219512195122,40.1,3.010530471801758
1365889902.595478,918.9024390243903,40.6,2.981382131576538
1365889902.850367,629.2682926829268,40.6,3.0072522163391113
1365889903.124783,809.1463414634147,40.1,3.0051913261413574
1365889903.3855848,754.2682926829268,40.1,2.9922714233398438
1365889903.6400971,909.1463414634146,40.1,3.0172677040100098
1365889903.910381,821.3414634146341,40.6,2.999863386154175
1365889904.1655412,935.9756097560976,40.6,3.063979148864746
1365889904.429825,876.219512195122,40.6,2.9894821643829346
1365889904.6893299,688.4146341463414,40.1,3.004906415939331
1365889904.963854,1009.1463414634145,40.1,2.9845480918884277
1365889905.2206552,824.390243902439,40.6,2.985591411590576
1365889905.47545,874.390243902439,40.1,3.010017156600952
1365889905.7446132,832.9268292682926,40.6,2.9858317375183105
1365889905.998334,796.9512195121952,40.6,2.990905523300171
1365889906.2517078,754.2682926829268,40.1,2.992347240447998
1365889906.5096939,688.4146341463414,40.1,3.0219149589538574
1365889906.7843032,902.439024390244,40.1,3.0064992904663086
1365889907.038868,754.2682926829268,40.6,3.022106170654297
1365889907.292076,740.2439024390244,40.6,2.9922966957092285
1365889907.5545862,701.2195121951219,40.1,3.1420528888702393
1365889907.829419,796.3414634146342,40.1,2.9949958324432373
1365889908.083495,781.0975609756098,40.1,3.0345675945281982
1365889908.336524,818.2926829268292,40.1,3.0213217735290527
1365889908.611999,926.829268292683,40.1,3.0250930786132812
1365889908.865654,788.4146341463415,40.1,2.9854493141174316
1365889909.118797,946.951219512195,40.6,3.0006303787231445
1365889909.3798459,700.6097560975609,40.1,3.0393035411834717
1365889909.658447,794.5121951219512,40.6,2.9814584255218506
1365889909.91257,762.1951219512196,40.1,3.0018692016601562
1365889910.165805,828.0487804878048,40.1,3.2679576873779297
1365889910.4379818,757.3170731707318,40.1,3.1448755264282227
1365889910.693559,815.2439024390243,41.2,3.0962862968444824
1365889910.946717,838.4146341463414,40.6,2.9896225929260254
1365889911.200232,702.4390243902438,40.1,3.0237810611724854
1365889911.475124,701.2195121951219,40.1,3.0581471920013428
1365889911.751606,885.9756097560976,40.1,3.0007741451263428
1365889912.0069351,848.170731707317,40.6,3.0369999408721924
1365889912.2612102,682.3170731707318,40.1,3.0184154510498047
1365889912.539125,1031.7073170731708,40.6,3.003492832183838
1365889912.794749,807.3170731707318,40.6,2.997781753540039
1365889913.049126,879.2682926829268,40.1,3.010974645614624
1365889913.320381,830.4878048780488,40.1,2.984118938446045
1365889913.5745192,793.2926829268293,40.6,2.993748664855957
1365889913.83276,748.170731707317,40.1,2.984452724456787
1365889914.0878248,693.2926829268292,40.1,3.0088837146759033
1365889914.362427,841.4634146341463,40.1,2.9953205585479736
1365889914.617603,876.219512195122,40.6,2.982412576675415
1365889914.8731341,746.3414634146342,40.6,3.0001220703125
1365889915.1405811,718.2926829268292,40.1,3.050077438354492
1365889915.4221702,932.3170731707318,40.6,2.981661081314087
1365889915.676927,819.5121951219512,40.1,2.9829845428466797
1365889915.931045,777.439024390244,40.1,3.0016720294952393
1365889916.1979678,1594.5121951219512,40.1,3.006443738937378
1365889916.474192,913.4146341463415,40.1,3.0381031036376953
1365889916.728572,879.2682926829268,40.1,3.1837127208709717
1365889916.982524,987.1951219512194,40.1,3.035322666168213
1365889917.2457988,705.4878048780488,39.5,3.0033795833587646
1365889917.5198479,882.9268292682926,40.6,2.9923133850097656
1365889917.774131,925.0,40.6,2.9992828369140625
1365889918.0291111,710.3658536585366,40.6,3.05880069732666
1365889918.3041248,896.3414634146342,40.6,3.190354585647583
1365889918.558333,918.9024390243903,40.1,3.0407605171203613
1365889918.813876,807.3170731707318,40.1,2.9889116287231445
1365889919.0757859,699.390243902439,39.5,3.0046584606170654
1365889919.350223,773.1707317073171,41.2,2.9981794357299805
1365889919.605147,1258.5365853658536,40.6,2.9878363609313965
1365889919.8606,862.1951219512194,40.1,3.0068612098693848
1365889920.133594,788.4146341463415,40.1,2.9973292350769043
1365889920.386712,820.1219512195122,40.1,2.990474224090576
1365889920.6412458,915.8536585365854,40.6,3.0842323303222656
1365889920.901684,704.2682926829268,39.5,3.0504283905029297
1365889921.1797829,896.3414634146342,40.6,3.121203660964966
1365889921.4354692,748.170731707317,40.6,2.9839630126953125
1365889921.6883168,846.3414634146342,40.1,3.006237506866455
1365889921.964917,920.1219512195122,40.6,3.017974615097046
1365889922.220086,915.2439024390244,40.1,3.0014350414276123
1365889922.475702,840.2439024390244,40.1,3.004380226135254
1365889922.742573,697.560975609756,40.1,3.004646062850952
1365889923.01841,879.8780487804878,40.6,2.9812443256378174
1365889923.2734132,898.1707317073171,40.6,2.998080015182495
1365889923.526502,885.3658536585366,40.6,3.010984182357788
1365889923.7988029,821.951219512195,40.1,3.0647833347320557
1365889924.057008,732.3170731707316,40.6,3.120164632797241
1365889924.310546,876.219512195122,41.2,2.9932961463928223
1365889924.570716,703.0487804878048,40.1,3.0364716053009033
1365889924.844228,784.1463414634146,40.1,2.9915385246276855
1365889925.099643,801.219512195122,40.6,2.985982894897461
1365889925.353442,862.1951219512194,40.1,3.0209295749664307
1365889925.625173,732.3170731707316,40.6,2.98580265045166
1365889925.881193,850.0,40.1,2.982020616531372
1365889926.136273,910.9756097560976,40.1,3.032210111618042
1365889926.4006279,705.4878048780488,40.1,3.0162487030029297
1365889926.676162,806.0975609756098,40.1,3.0905401706695557
1365889926.9292428,871.3414634146342,40.1,3.0446314811706543
1365889927.1845682,790.2439024390244,40.6,3.0658931732177734
1365889927.457366,664.6341463414634,40.1,3.124216318130493
1365889927.73072,756.0975609756098,40.1,2.9846785068511963
1365889927.98454,887.1951219512196,40.6,3.0009994506835938
1365889928.238467,590.2439024390244,40.1,3.309528350830078
1365889928.5148532,749.390243902439,40.1,3.035137891769409
1365889928.767052,835.3658536585366,40.6,3.178469181060791
1365889929.0211258,752.439024390244,40.6,3.0158190727233887
1365889929.283082,628.6585365853658,40.1,3.0497124195098877
1365889929.561344,879.8780487804878,40.6,3.000270366668701
1365889929.8156521,835.9756097560976,40.6,2.986102342605591
1365889930.072856,921.3414634146342,40.1,3.0283002853393555
1365889930.3470001,821.951219512195,40.6,2.9885571002960205
1365889930.6018891,814.0243902439024,40.6,2.99351167678833
1365889930.858325,783.5365853658537,41.2,2.991542100906372
1365889931.116033,663.4146341463415,40.1,3.018411636352539
1365889931.39381,745.1219512195122,40.6,2.996290922164917
1365889931.648385,901.219512195122,40.1,3.0114829540252686
1365889931.901473,882.9268292682926,40.1,3.010321855545044
1365889932.1676002,912.1951219512196,40.6,2.9916744232177734
1365889932.426029,917.0731707317074,40.1,2.9921748638153076
1365889932.679297,890.8536585365854,40.1,2.996080160140991
1365889932.9336882,676.219512195122,40.1,3.023949384689331
1365889933.2112179,915.8536585365854,40.1,2.982813596725464
1365889933.466725,848.170731707317,40.1,2.997744560241699
1365889933.720528,873.170731707317,40.6,2.989182710647583
1365889933.981719,705.4878048780488,40.1,3.030153751373291
1365889934.257036,926.219512195122,40.1,2.983004331588745
1365889934.511512,815.2439024390243,40.6,2.990114212036133
1365889934.764752,769.5121951219512,40.1,3.0903000831604004
1365889935.0349052,825.0,40.1,3.0733468532562256
1365889935.287904,896.9512195121952,40.1,3.0003697872161865
1365889935.544498,950.0,40.1,2.998112678527832
1365889935.805661,601.219512195122,40.1,3.01845383644104
1365889936.0752761,849.390243902439,40.6,2.9831430912017822
1365889936.328346,866.4634146341464,40.1,2.990839719772339
1365889936.5821419,610.3658536585366,40.1,3.012725353240967
1365889936.856413,731.0975609756098,40.1,3.029263973236084
1365889937.1106071,727.4390243902438,40.6,2.9854660034179688
1365889937.36556,850.0,40.1,3.0076844692230225
1365889937.640173,834.1463414634146,40.6,2.985778331756592
1365889937.8932962,838.4146341463414,40.6,2.9825754165649414
1365889938.145973,856.0975609756098,40.1,3.00138258934021
1365889938.408994,708.5365853658536,40.1,3.007479667663574
1365889938.688517,740.2439024390244,40.6,2.993865728378296
1365889938.941885,842.0731707317073,40.6,3.0006966590881348
1365889939.198573,878.0487804878048,40.1,3.045090913772583
1365889939.480246,921.9512195121952,40.6,2.9892220497131348
1365889939.7351859,776.219512195122,40.1,3.2391693592071533
1365889939.990043,893.9024390243902,40.1,3.0769524574279785
1365889940.254539,686.5853658536586,40.1,3.0147507190704346
1365889940.5287511,864.0243902439024,40.6,2.996605634689331
1365889940.784364,747.560975609756,40.6,3.0011134147644043
1365889941.039488,685.3658536585366,40.1,3.0436363220214844
1365889941.313558,876.219512195122,40.1,2.9817256927490234
1365889941.566474,809.1463414634147,40.6,2.9839534759521484
1365889941.822162,902.439024390244,40.1,3.0432090759277344
1365889942.091486,664.6341463414634,40.6,3.0085675716400146
1365889942.36705,913.4146341463415,40.1,2.9811205863952637
1365889942.6210291,873.170731707317,40.1,2.997575521469116
1365889942.887994,875.0,40.1,3.011260747909546
1365889943.163796,839.0243902439024,40.1,2.9827260971069336
1365889943.418257,915.8536585365854,40.6,3.016569137573242
1365889943.6726348,849.390243902439,40.1,3.0099618434906006
1365889943.942038,777.439024390244,40.6,2.983849287033081
1365889944.196876,910.9756097560976,40.6,2.995959520339966
1365889944.455195,851.219512195122,41.2,2.997872829437256
1365889944.708624,698.170731707317,40.1,3.014122247695923
1365889944.987304,956.0975609756097,40.1,2.986696243286133
1365889945.244682,946.3414634146341,41.2,3.00534725189209
1365889945.4991171,906.0975609756098,40.6,3.004601240158081
1365889945.7647738,651.219512195122,40.1,3.0172007083892822
1365889946.045068,932.3170731707318,40.6,2.988072156906128
1365889946.3000162,830.4878048780488,41.2,3.0128865242004395
1365889946.5532959,882.9268292682926,40.6,3.002095937728882
1365889946.825262,1000.0,40.1,3.011204957962036
1365889947.0795588,756.0975609756098,40.1,3.0002431869506836
1365889947.332649,720.1219512195122,40.1,3.0181267261505127
1365889947.593456,668.2926829268293,40.1,3.024674654006958
1365889947.8692942,815.2439024390243,40.1,2.994537353515625
1365889948.123817,915.2439024390244,40.6,2.9895615577697754
1365889948.378332,785.9756097560976,40.6,3.1132943630218506
1365889948.647794,734.1463414634146,40.1,3.019191026687622
1365889948.900821,723.170731707317,40.6,3.038769006729126
1365889949.1565409,904.2682926829268,40.1,2.9933533668518066
1365889949.413492,699.390243902439,40.1,3.00896954536438
1365889949.687237,801.219512195122,40.6,3.0021984577178955
1365889949.940199,893.9024390243902,40.1,3.0672266483306885
1365889950.1951091,710.3658536585366,40.1,3.048358917236328
1365889950.473331,743.2926829268292,40.1,2.9961533546447754
1365889950.728012,912.1951219512196,40.6,2.993731737136841
1365889950.9820511,925.0,40.6,2.998624801635742
1365889951.24963,698.170731707317,40.1,3.0118980407714844
1365889951.524686,799.3902439024391,40.6,3.000195026397705
1365889951.778949,848.170731707317,40.6,3.024003028869629
1365889952.032143,614.6341463414634,40.1,3.074692487716675
1365889952.309859,875.0,40.6,3.000255823135376
1365889952.563009,825.0,40.6,3.036393880844116
1365889952.817389,918.9024390243903,40.6,3.013059616088867
1365889953.0888698,915.8536585365854,40.6,2.989982843399048
1365889953.344683,747.560975609756,40.6,2.9874894618988037
1365889953.5993888,917.0731707317074,40.1,3.011796712875366
1365889953.859576,601.219512195122,40.1,3.1518595218658447
1365889954.1337879,863.4146341463414,40.1,3.015104055404663
1365889954.391329,873.170731707317,40.1,2.9848849773406982
1365889954.6450508,900.0,40.6,3.0046586990356445
1365889954.909467,686.5853658536586,40.1,3.071908712387085
1365889955.185075,817.0731707317073,40.6,3.04402756690979
1365889955.443601,796.9512195121952,40.6,2.9934260845184326
1365889955.696807,760.3658536585366,40.6,3.0044639110565186
1365889955.971356,932.3170731707318,41.2,3.0177996158599854
1365889956.228461,914.0243902439024,40.6,3.010698080062866
1365889956.489645,832.3170731707316,40.1,3.020151138305664
1365889956.756355,682.3170731707318,40.1,3.0116608142852783
1365889957.0312471,760.9756097560976,41.2,2.9903502464294434
1365889957.285342,787.1951219512196,40.6,2.995948076248169
1365889957.541384,671.3414634146342,40.1,3.0463600158691406
1365889957.817045,918.9024390243903,40.1,3.061523199081421
1365889958.0713768,868.2926829268292,40.6,3.13857102394104
1365889958.3263528,890.8536585365854,40.1,3.06756591796875
1365889958.597891,710.3658536585366,40.1,3.00154185295105
1365889958.870007,865.2439024390244,40.6,3.0111734867095947
1365889959.123183,821.951219512195,40.1,2.983640432357788
1365889959.376844,826.2195121951219,40.1,3.0096352100372314
1365889959.6555352,918.2926829268293,40.1,2.9907186031341553
1365889959.910007,721.3414634146342,40.6,3.0097029209136963
1365889960.163334,736.5853658536586,40.6,2.9964473247528076
1365889960.4257548,691.4634146341463,40.1,3.0184500217437744
1365889960.702322,909.1463414634146,40.6,2.9843082427978516
1365889960.957283,812.1951219512194,40.6,3.013498306274414
1365889961.211537,634.1463414634146,40.1,3.0447237491607666
1365889961.4906108,884.1463414634146,40.6,2.989431381225586
1365889961.744789,865.2439024390244,40.1,2.986816644668579
1365889962.000101,915.2439024390244,40.1,3.002258062362671
1365889962.2668428,849.390243902439,40.1,3.035092830657959
1365889962.540679,868.9024390243902,40.1,3.0165951251983643
1365889962.795189,874.390243902439,40.6,2.9877045154571533
1365889963.0494561,1040.2439024390244,40.1,3.10443115234375
1365889963.32382,918.9024390243903,40.1,3.1412220001220703
1365889963.579777,796.3414634146342,40.6,3.003870725631714
1365889963.8362849,843.2926829268292,40.6,2.998831272125244
1365889964.102585,696.3414634146341,40.1,3.0638489723205566
1365889964.3758159,825.0,40.6,3.0202112197875977
1365889964.632811,935.9756097560976,40.1,2.994591236114502
1365889964.887039,765.2439024390244,40.1,3.0286033153533936
1365889965.1597471,892.0731707317074,40.6,3.0049309730529785
1365889965.414098,837.1951219512194,40.6,3.031324625015259
1365889965.67007,967.0731707317073,41.2,3.0093376636505127
1365889965.93966,610.3658536585366,40.1,3.0473761558532715
1365889966.2150369,764.0243902439024,40.6,3.0382981300354004
1365889966.4735339,741.4634146341464,40.6,2.981419086456299
1365889966.729297,832.9268292682926,40.1,3.016629695892334
1365889967.004928,1208.5365853658536,40.6,3.004847764968872
1365889967.258044,864.0243902439024,40.6,2.993950605392456
1365889967.513299,870.1219512195122,40.6,2.993048906326294
1365889967.7794182,903.048780487805,40.1,3.0069563388824463
1365889968.0562088,987.8048780487804,40.6,2.991124153137207
1365889968.309206,854.8780487804878,40.1,2.9927639961242676
1365889968.56247,577.4390243902438,40.1,3.0296061038970947
1365889968.840204,915.8536585365854,41.2,2.9951589107513428
1365889969.0969658,845.1219512195122,40.1,2.989532232284546
1365889969.350064,803.048780487805,40.6,3.0019288063049316
1365889969.61658,653.6585365853658,40.1,3.0037591457366943
1365889969.890153,834.1463414634146,40.1,2.9920904636383057
1365889970.145039,784.1463414634146,40.1,2.9920108318328857
1365889970.398051,782.3170731707318,40.1,3.0432257652282715
1365889970.675183,758.5365853658536,40.6,2.9952492713928223
1365889970.9307442,882.3170731707318,41.2,2.991325616836548
1365889971.184821,835.3658536585366,40.6,3.020530939102173
1365889971.453485,845.1219512195122,40.6,2.9838337898254395
1365889971.707835,783.5365853658537,40.6,3.0128235816955566
1365889971.9626849,924.3902439024391,40.6,3.04268479347229
1365889972.219473,715.2439024390244,40.1,3.021361827850342
1365889972.498352,783.5365853658537,40.6,2.9874515533447266
1365889972.751105,915.2439024390244,40.1,2.98732328414917
1365889973.006742,818.2926829268292,40.1,2.998955249786377
1365889973.275805,702.4390243902438,40.1,3.0080785751342773
1365889973.54827,853.0487804878048,40.1,2.9841959476470947
1365889973.803102,850.0,40.1,2.9875805377960205
1365889974.058538,575.6097560975609,40.1,3.0115044116973877
1365889974.334156,879.8780487804878,40.6,2.991248607635498
1365889974.588236,1215.8536585365853,40.1,2.9923417568206787
1365889974.842428,887.1951219512196,40.6,2.9971721172332764
1365889975.1136389,771.3414634146342,40.1,2.9936816692352295
1365889975.3667998,779.2682926829268,40.6,2.9861629009246826
1365889975.622384,924.3902439024391,40.1,3.0336031913757324
1365889975.879862,1828.0487804878048,40.6,3.0057525634765625
1365889976.1583638,899.390243902439,40.1,3.0142385959625244
1365889976.4137988,850.0,40.6,2.9853482246398926
1365889976.671103,794.5121951219512,40.1,3.0078766345977783
1365889976.9379299,705.4878048780488,40.1,3.010319948196411
1365889977.216873,759.1463414634146,40.6,2.988715410232544
1365889977.473359,733.5365853658536,40.1,2.996422052383423
1365889977.726908,910.9756097560976,40.1,3.015061378479004
1365889978.000212,1256.7073170731705,40.6,2.993086338043213
1365889978.2549171,1677.439024390244,40.1,2.9882776737213135
1365889978.516138,982.9268292682926,40.6,3.0106019973754883
1365889978.786334,776.219512195122,40.1,2.9910945892333984
1365889979.040243,1940.2439024390244,40.6,2.9932711124420166
1365889979.295598,737.1951219512194,40.6,3.0476584434509277
1365889979.5543559,634.1463414634146,40.1,3.0105690956115723
1365889979.830503,887.1951219512196,40.1,3.032017230987549
1365889980.085732,910.3658536585366,40.1,3.0441384315490723
1365889980.341215,801.219512195122,40.6,2.9960646629333496
1365889980.60559,638.4146341463414,40.1,3.004033088684082
1365889980.881866,821.951219512195,40.6,3.106992721557617
1365889981.134681,914.0243902439024,41.2,2.9952051639556885
1365889981.39352,701.2195121951219,40.6,3.020004987716675
1365889981.669166,854.8780487804878,40.1,2.9944236278533936
1365889981.9233038,842.0731707317073,40.1,2.983626127243042
1365889982.176525,943.2926829268292,40.6,2.997568368911743
1365889982.4461372,653.6585365853658,40.1,3.01206111907959
1365889982.719656,828.0487804878048,40.6,3.0419440269470215
1365889982.9726121,738.4146341463414,40.6,2.9942338466644287
1365889983.229604,703.0487804878048,40.1,3.027324676513672
1365889983.5105631,907.9268292682927,40.6,2.991826057434082
1365889983.764735,910.9756097560976,41.2,2.981820583343506
1365889984.020004,1247.560975609756,40.1,3.0400378704071045
1365889984.2932448,921.9512195121952,40.1,2.9887516498565674
1365889984.548844,918.9024390243903,40.6,3.0709140300750732
1365889984.803494,739.0243902439024,41.2,3.0096700191497803
1365889985.0653272,693.2926829268292,40.1,3.0064501762390137
1365889985.340977,900.0,40.6,3.027462959289551
1365889985.595031,776.219512195122,40.6,2.9981305599212646
1365889985.84931,756.0975609756098,40.6,3.104808807373047
1365889986.121301,914.0243902439024,40.6,2.9930596351623535
1365889986.374603,859.1463414634146,41.2,2.9861466884613037
1365889986.63169,899.390243902439,40.6,2.9957282543182373
1365889986.8882618,703.0487804878048,40.1,3.005333423614502
1365889987.1627688,920.1219512195122,40.6,2.983992338180542
1365889987.4182558,859.1463414634146,41.2,2.983872890472412
1365889987.676139,792.0731707317074,40.6,3.0036466121673584
1365889987.940812,689.6341463414634,40.6,3.006469964981079
1365889988.215879,845.1219512195122,40.1,2.983264684677124
1365889988.470996,925.0,40.1,2.9960479736328125
1365889988.7276192,896.3414634146342,40.1,3.0724353790283203
1365889989.0008361,762.1951219512196,40.6,2.980344772338867
1365889989.256033,796.3414634146342,40.6,2.9952552318573
1365889989.5137012,842.0731707317073,40.1,3.001405954360962
1365889989.786288,709.1463414634146,40.1,3.0181572437286377
1365889990.0633879,874.390243902439,40.1,2.9866628646850586
1365889990.3173,885.9756097560976,40.6,3.0191667079925537
1365889990.5724149,620.1219512195122,40.6,3.031801223754883
1365889990.847937,779.2682926829268,40.6,3.0112833976745605
1365889991.102653,904.2682926829268,40.1,2.986170530319214
1365889991.3557,903.048780487805,40.1,3.0020759105682373
1365889991.623631,862.1951219512194,40.1,2.992920398712158
1365889991.8805919,767.0731707317074,41.2,2.993342876434326
1365889992.1338098,735.3658536585366,40.6,2.9865832328796387
1365889992.389348,688.4146341463414,40.1,3.006843090057373
1365889992.6647549,747.560975609756,40.1,2.9858665466308594
1365889992.9199018,737.1951219512194,40.1,2.98232102394104
1365889993.172906,799.3902439024391,40.1,2.993703842163086
1365889993.432321,704.2682926829268,40.1,3.041661024093628
1365889993.7118971,805.4878048780488,40.1,2.981640577316284
1365889993.9670599,783.5365853658537,40.6,2.9882218837738037
1365889994.223836,698.170731707317,40.6,3.030665397644043
1365889994.5040169,843.2926829268292,40.1,2.99452805519104
1365889994.759238,929.2682926829269,40.6,2.990264415740967
1365889995.013118,879.8780487804878,40.6,3.0471508502960205
1365889995.276393,698.170731707317,40.1,3.010448932647705
1365889995.558041,871.3414634146342,40.1,2.9826500415802
1365889995.814942,1001.8292682926829,40.6,2.982537031173706
1365889996.0697238,696.3414634146341,40.6,3.0220134258270264
1365889996.3441799,831.0975609756097,40.6,2.9948341846466064
1365889996.597214,784.1463414634146,40.6,2.9879136085510254
1365889996.8546848,940.2439024390243,40.6,3.1025705337524414
1365889997.124544,710.3658536585366,40.1,3.0704126358032227
1365889997.398886,1162.8048780487804,40.1,2.9908761978149414
1365889997.651673,827.4390243902438,40.6,2.9958534240722656
1365889997.907031,868.2926829268292,40.1,3.0138275623321533
1365889998.18155,793.2926829268293,40.6,2.994523048400879
1365889998.4365609,854.2682926829268,40.6,2.993790864944458
1365889998.692173,870.1219512195122,40.6,2.997485637664795
1365889998.953095,699.390243902439,40.1,3.007718563079834
1365889999.230528,827.4390243902438,40.6,2.983656644821167
1365889999.485248,859.1463414634146,40.6,2.991562604904175
1365889999.7391129,595.7317073170732,40.1,3.00883150100708
1365890000.015842,882.9268292682926,40.1,3.0250296592712402
1365890000.2690492,1404.8780487804877,40.6,2.99613094329834
1365890000.5242722,893.2926829268292,40.1,3.0066118240356445
1365890000.792629,917.0731707317074,41.2,3.0907716751098633
1365890001.048064,840.2439024390244,40.1,3.0974812507629395
1365890001.304683,743.2926829268292,40.6,2.9856691360473633
1365890001.561995,703.0487804878048,40.6,3.0071938037872314
1365890001.835996,851.219512195122,40.1,2.9900612831115723
1365890002.092505,953.0487804878048,41.2,3.1020169258117676
1365890002.3460748,765.2439024390244,41.2,2.990703582763672
1365890002.606935,668.2926829268293,40.1,3.0054779052734375
1365890002.882755,823.170731707317,41.2,2.988325357437134
1365890003.138773,757.3170731707318,40.1,3.0012905597686768
1365890003.392128,785.3658536585366,40.1,3.0227818489074707
1365890003.663429,675.609756097561,40.1,3.007542848587036
1365890003.9359848,781.0975609756098,41.2,2.9832847118377686
1365890004.192029,789.0243902439024,40.1,2.98830246925354
1365890004.446975,697.560975609756,40.6,3.0041329860687256
1365890004.721767,831.0975609756097,40.6,2.991581439971924
1365890004.974848,867.0731707317074,40.6,2.986943006515503
1365890005.23011,817.0731707317073,40.1,3.0022776126861572
1365890005.4981172,711.5853658536585,40.1,3.0066206455230713
1365890005.7733262,729.2682926829268,40.6,2.992628335952759
1365890006.02641,743.2926829268292,40.1,2.991626739501953
1365890006.2832708,912.1951219512196,40.6,3.008098840713501
1365890006.558552,760.9756097560976,40.1,2.989001750946045
1365890006.811994,920.1219512195122,40.6,3.013200283050537
1365890007.067359,917.0731707317074,40.6,3.0293896198272705
1365890007.3290849,700.6097560975609,40.1,3.021225690841675
1365890007.605045,926.219512195122,40.6,3.080873489379883
1365890007.860268,812.1951219512194,41.2,3.0073580741882324
1365890008.114104,917.0731707317074,40.1,3.0657784938812256
1365890008.3877609,921.9512195121952,40.1,2.9817471504211426
1365890008.6421099,866.4634146341464,40.6,3.0201003551483154
1365890008.8973389,863.4146341463414,40.1,3.077690601348877
1365890009.1645591,701.2195121951219,40.1,3.0059804916381836
1365890009.439275,888.4146341463414,40.1,3.0002148151397705
1365890009.697757,765.2439024390244,40.6,2.9988038539886475
1365890009.953588,597.560975609756,40.6,3.0056312084198
1365890010.227516,857.9268292682926,40.1,2.985673189163208
1365890010.4842398,741.4634146341464,40.6,3.028719902038574
1365890010.7402701,796.9512195121952,40.1,3.040029525756836
1365890011.0135849,914.0243902439024,40.6,2.985003709793091
1365890011.2686331,873.170731707317,41.2,2.9913265705108643
1365890011.5275462,821.951219512195,40.6,2.9862008094787598
1365890011.78418,686.5853658536586,40.6,3.016026496887207
1365890012.0609028,1609.7560975609756,40.6,2.9845478534698486
1365890012.315704,914.0243902439024,41.2,3.0361695289611816
1365890012.573357,828.0487804878048,40.6,3.0429952144622803
1365890012.83576,598.170731707317,40.1,3.009735107421875
1365890013.1141188,783.5365853658537,40.6,2.9834518432617188
1365890013.367029,870.1219512195122,40.6,2.9927875995635986
1365890013.622622,743.2926829268292,40.6,3.0196614265441895
1365890013.8933399,881.0975609756098,41.2,2.988772392272949
1365890014.146701,889.0243902439024,41.2,2.9815220832824707
1365890014.399885,835.9756097560976,40.6,3.0239109992980957
1365890014.657571,691.4634146341463,40.6,3.011875867843628
1365890014.9349608,913.4146341463415,40.6,2.9854531288146973
1365890015.1877592,819.5121951219512,40.1,2.993248462677002
1365890015.443668,819.5121951219512,41.2,3.013819694519043
1365890015.716144,812.1951219512194,40.6,2.9839401245117188
1365890015.9698648,906.0975609756098,41.2,2.984299421310425
1365890016.2231529,918.2926829268293,40.6,2.9903883934020996
1365890016.478817,702.4390243902438,40.6,3.011591672897339
1365890016.757153,870.1219512195122,40.1,2.982912302017212
1365890017.011327,879.2682926829268,40.1,2.9917826652526855
1365890017.2661052,773.1707317073171,40.1,3.0390677452087402
1365890017.5395908,800.0,40.1,2.982163429260254
1365890017.79523,800.0,41.2,2.9815704822540283
1365890018.0479932,780.4878048780488,40.1,2.9989867210388184
1365890018.305213,702.4390243902438,40.1,3.0465750694274902
1365890018.587594,700.6097560975609,40.1,3.0091161727905273
1365890018.864904,885.9756097560976,40.6,2.9819846153259277
1365890019.118173,915.2439024390244,40.1,2.9875574111938477
1365890019.371048,570.7317073170731,40.6,3.008601665496826
1365890019.646345,766.4634146341464,40.6,3.0566248893737793
1365890019.903511,856.0975609756098,40.6,3.0037689208984375
1365890020.15802,731.0975609756098,40.6,3.0153610706329346
1365890020.427296,751.219512195122,40.6,2.98242449760437
1365890020.680168,943.9024390243902,40.1,2.9883546829223633
1365890020.937928,760.9756097560976,40.6,3.0247087478637695
1365890021.193546,572.560975609756,40.1,3.0940651893615723
1365890021.4675488,834.1463414634146,40.6,2.9893174171447754
1365890021.724777,1773.1707317073171,40.1,2.9822070598602295
1365890021.980206,768.2926829268292,40.6,3.009702444076538
1365890022.240031,638.4146341463414,40.1,3.0080950260162354
1365890022.5144162,777.439024390244,40.1,2.981032133102417
1365890022.767741,763.4146341463414,40.6,2.9848339557647705
1365890023.023531,909.1463414634146,40.1,3.0025854110717773
1365890023.2887502,685.3658536585366,40.1,3.005049228668213
1365890023.566315,912.1951219512196,41.2,2.9912335872650146
1365890023.819277,923.1707317073171,41.2,2.995802164077759
1365890024.074242,701.2195121951219,40.6,3.0462214946746826
1365890024.351295,882.9268292682926,40.6,2.986830472946167
1365890024.60558,910.3658536585366,40.6,2.9836065769195557
1365890024.861491,932.3170731707318,40.1,3.0281689167022705
1365890025.1372302,768.2926829268292,41.2,3.0316927433013916
1365890025.3914602,776.219512195122,40.6,2.98469877243042
1365890025.64657,742.0731707317074,40.6,2.992253303527832
1365890025.907441,633.5365853658536,40.1,3.0063068866729736
1365890026.1852238,780.4878048780488,40.6,2.9929120540618896
1365890026.437909,832.3170731707316,40.6,2.9859673976898193
1365890026.6931179,841.4634146341463,40.1,3.0231616497039795
1365890026.9686,921.3414634146342,40.6,2.9854700565338135
1365890027.223597,832.3170731707316,40.6,2.9843249320983887
1365890027.478067,904.8780487804878,40.1,2.992417335510254
1365890027.737517,738.4146341463414,40.6,3.0049686431884766
1365890028.012161,910.9756097560976,40.1,2.983059883117676
1365890028.268407,918.9024390243903,41.2,2.982846736907959
1365890028.525821,875.0,40.1,3.029672622680664
1365890028.7944472,821.3414634146341,40.6,2.9817137718200684
1365890029.049751,951.8292682926829,40.1,3.0369455814361572
1365890029.306696,893.9024390243902,40.1,3.0269792079925537
1365890029.562923,614.6341463414634,40.1,3.086150884628296
1365890029.8385532,805.4878048780488,40.1,2.9845571517944336
1365890030.096309,912.1951219512196,40.6,2.984086513519287
1365890030.352957,810.3658536585366,40.1,3.014280319213867
1365890030.61198,614.6341463414634,40.1,3.0090649127960205
1365890030.888457,746.3414634146342,40.6,2.9865543842315674
1365890031.1434398,829.2682926829268,41.2,2.990007162094116
1365890031.397919,748.170731707317,40.1,3.007404327392578
1365890031.666403,863.4146341463414,40.6,3.006216287612915
1365890031.922693,853.0487804878048,40.6,3.0150060653686523
1365890032.176736,795.1219512195122,40.6,3.011343002319336
1365890032.434728,703.0487804878048,40.1,3.028061628341675
1365890032.709933,884.1463414634146,40.6,2.987842321395874
1365890032.963356,1802.439024390244,40.1,2.991060972213745
1365890033.2175481,909.1463414634146,40.6,3.014676809310913
1365890033.487228,702.4390243902438,40.1,3.026951551437378
1365890033.762112,779.2682926829268,40.6,2.9938385486602783
1365890034.01489,780.4878048780488,40.6,2.984551429748535
1365890034.270608,830.4878048780488,40.6,3.001286745071411
1365890034.545743,841.4634146341463,40.6,2.991192102432251
1365890034.799562,913.4146341463415,40.6,3.0399415493011475
1365890035.054132,827.4390243902438,40.6,3.0263736248016357
1365890035.3174698,701.2195121951219,40.1,3.0560128688812256
1365890035.5955908,907.3170731707318,40.6,2.9878787994384766
1365890035.850967,889.0243902439024,41.2,3.009603500366211
1365890036.106188,913.4146341463415,41.2,3.009376049041748
1365890036.3733382,700.6097560975609,40.1,3.0090017318725586
1365890036.649357,755.4878048780488,40.1,2.9858131408691406
1365890036.9050891,870.1219512195122,40.6,2.9832282066345215
1365890037.1617439,700.6097560975609,40.1,3.0118374824523926
1365890037.439048,763.4146341463414,40.6,2.9874048233032227
1365890037.694676,918.2926829268293,40.6,2.986731767654419
1365890037.9501739,829.2682926829268,40.6,2.998854160308838
1365890038.2167208,655.4878048780488,40.1,3.009432315826416
1365890038.4916549,906.0975609756098,40.1,3.0573458671569824
1365890038.748807,819.5121951219512,41.2,2.999279260635376
1365890039.002232,903.048780487805,40.1,3.0031723976135254
1365890039.273014,742.0731707317074,40.6,2.9850616455078125
1365890039.5293481,748.170731707317,41.2,2.9811882972717285
1365890039.784298,867.0731707317074,40.6,3.0154592990875244
1365890040.048681,712.1951219512194,40.6,3.08270263671875
1365890040.325214,774.390243902439,40.1,2.9821395874023438
1365890040.5825028,823.170731707317,41.2,2.9918906688690186
1365890040.83636,928.048780487805,40.1,3.032663583755493
1365890041.110661,779.2682926829268,40.1,2.9916937351226807
1365890041.364654,749.390243902439,41.2,2.9810829162597656
1365890041.620641,939.0243902439024,40.1,2.9995079040527344
1365890041.885879,692.0731707317073,40.1,3.0174202919006348
1365890042.1598258,918.2926829268293,40.6,2.9826135635375977
1365890042.4130828,914.0243902439024,40.1,2.9873180389404297
1365890042.668639,708.5365853658536,40.1,3.0263326168060303
1365890042.94643,871.3414634146342,40.6,2.979992151260376
1365890043.2016299,896.3414634146342,40.6,2.9825403690338135
1365890043.4573598,591.4634146341463,40.1,3.0532824993133545
1365890043.737518,798.1707317073171,40.1,3.007298469543457
1365890043.993233,1960.9756097560976,40.6,2.9924402236938477
1365890044.247995,783.5365853658537,40.1,3.0126821994781494
1365890044.513706,691.4634146341463,40.1,3.178128242492676
1365890044.793141,841.4634146341463,40.1,3.0176608562469482
1365890045.0494971,906.0975609756098,40.6,2.991647720336914
1365890045.302282,729.2682926829268,40.1,3.0999276638031006
1365890045.578194,805.4878048780488,40.6,2.9859306812286377
1365890045.833598,940.2439024390243,40.6,2.9908456802368164
1365890046.086795,923.1707317073171,40.6,3.0323212146759033
1365890046.351331,686.5853658536586,40.1,3.004748821258545
1365890046.630603,857.9268292682926,40.6,2.990448236465454
1365890046.8878138,785.3658536585366,40.6,2.9866080284118652
1365890047.143147,824.390243902439,40.1,3.0082688331604004
1365890047.415113,828.0487804878048,40.6,2.9830360412597656
1365890047.669773,876.219512195122,40.6,3.022871971130371
1365890047.9261582,832.9268292682926,41.2,3.151198387145996
1365890048.186951,606.7073170731708,40.1,3.022562265396118
1365890048.461601,903.048780487805,40.1,3.0505640506744385
1365890048.716301,773.1707317073171,40.6,2.983943223953247
1365890048.971585,764.0243902439024,40.1,3.0084421634674072
1365890049.24207,906.0975609756098,41.2,3.040581464767456
1365890049.4974039,829.2682926829268,41.2,2.9940755367279053
1365890049.751064,876.219512195122,40.1,3.010713577270508
1365890050.016792,601.219512195122,40.6,3.010800838470459
1365890050.292243,762.1951219512196,40.6,2.984844207763672
1365890050.547741,885.9756097560976,41.2,3.134796619415283
1365890050.8003032,611.5853658536586,40.6,3.1205198764801025
1365890051.077537,827.4390243902438,41.7,3.0023343563079834
1365890051.333032,1018.9024390243901,41.2,3.048281192779541
1365890051.59066,862.1951219512194,40.1,3.0030596256256104
1365890051.856649,882.9268292682926,40.6,2.9916844367980957
1365890052.113994,987.1951219512194,40.6,2.9868874549865723
1365890052.3689642,849.390243902439,40.6,2.9978387355804443
1365890052.62357,687.1951219512194,40.1,3.0042009353637695
1365890052.897815,885.3658536585366,40.6,2.9946916103363037
1365890053.155187,845.1219512195122,40.6,2.9846694469451904
1365890053.410586,1073.1707317073171,40.6,3.004582643508911
1365890053.673446,698.170731707317,40.1,3.0157370567321777
1365890053.947702,793.2926829268293,40.1,2.9880783557891846
1365890054.202616,778.048780487805,41.2,2.9966793060302734
1365890054.456793,698.170731707317,41.2,3.0131022930145264
1365890054.732912,821.951219512195,40.6,2.9787113666534424
1365890054.9872088,871.9512195121952,40.6,2.987433433532715
1365890055.243894,868.2926829268292,40.1,3.0225415229797363
1365890055.514409,807.9268292682927,40.1,2.985269069671631
1365890055.767966,826.2195121951219,40.6,2.982309341430664
1365890056.02037,863.4146341463414,41.2,3.078680992126465
1365890056.279468,810.9756097560976,40.6,3.0196433067321777
1365890056.5537689,785.3658536585366,40.1,2.989612340927124
1365890056.806926,766.4634146341464,41.2,2.9962291717529297
1365890057.061167,735.3658536585366,40.6,3.1539018154144287
1365890057.32141,696.3414634146341,40.1,3.027815818786621
1365890057.599159,907.9268292682927,40.1,3.049271583557129
1365890057.8526149,796.9512195121952,40.6,3.030021905899048
1365890058.1051068,831.0975609756097,40.6,3.042651653289795
1365890058.375993,846.3414634146342,40.1,2.998433828353882
1365890058.6292531,845.1219512195122,40.6,2.9850900173187256
1365890058.8833039,809.1463414634147,41.2,2.9827210903167725
1365890059.14146,693.2926829268292,40.1,3.0034162998199463
1365890059.417294,959.1463414634146,40.1,2.9874045848846436
1365890059.673429,900.0,40.6,3.035799980163574
1365890059.9281971,734.1463414634146,41.2,3.06488299369812
1365890060.184695,675.609756097561,40.1,3.013308525085449
1365890060.464719,772.5609756097562,40.6,2.981550931930542
1365890060.719834,744.5121951219512,40.6,2.9876208305358887
1365890060.974258,799.3902439024391,40.6,3.036423683166504
1365890061.23761,700.6097560975609,40.1,3.0234639644622803
1365890061.5149,789.0243902439024,40.6,3.0026984214782715
1365890061.768557,860.3658536585366,41.2,2.985976219177246
1365890062.0227342,700.6097560975609,40.6,3.0029714107513428
1365890062.297906,795.1219512195122,40.6,3.004878044128418
1365890062.554281,823.170731707317,41.2,2.9890096187591553
1365890062.807415,819.5121951219512,40.6,3.0038294792175293
1365890063.0811892,906.0975609756098,41.2,2.984684467315674
1365890063.336256,846.951219512195,41.2,2.9938981533050537
1365890063.595953,1059.7560975609756,40.6,2.9961092472076416
1365890063.862496,692.0731707317073,40.1,3.006859302520752
1365890064.136805,914.0243902439024,40.1,2.985344648361206
1365890064.389983,846.951219512195,40.6,2.994551181793213
1365890064.643986,912.1951219512196,40.1,3.059440851211548
1365890064.919337,791.4634146341464,40.6,3.050741195678711
1365890065.1725419,827.4390243902438,41.2,2.9813125133514404
1365890065.4257221,866.4634146341464,40.6,3.051255702972412
1365890065.68226,768.2926829268292,40.6,3.004009962081909
1365890065.957301,760.3658536585366,40.1,3.014098882675171
1365890066.214227,950.0,41.2,2.9918129444122314
1365890066.47121,741.4634146341464,40.6,3.006908655166626
1365890066.740757,610.3658536585366,40.1,3.0086898803710938
1365890067.014344,865.2439024390244,40.6,2.9951658248901367
1365890067.268688,912.1951219512196,40.6,3.0095725059509277
1365890067.524333,679.2682926829269,40.1,3.003095865249634
1365890067.8010838,810.3658536585366,40.6,2.9959182739257812
1365890068.05525,821.3414634146341,40.6,2.9810070991516113
1365890068.3098052,820.1219512195122,40.1,3.0113677978515625
1365890068.585709,849.390243902439,40.6,2.9817092418670654
1365890068.839993,910.9756097560976,41.2,3.000478506088257
1365890069.092994,870.1219512195122,41.2,3.008136034011841
1365890069.355218,692.0731707317073,40.1,3.015413761138916
1365890069.6356459,794.5121951219512,40.1,2.984590768814087
1365890069.89057,789.0243902439024,40.6,2.9796359539031982
1365890070.1452868,882.3170731707318,40.6,3.0050432682037354
1365890070.417978,910.9756097560976,40.6,2.983124256134033
1365890070.6739352,809.1463414634147,41.2,2.98270320892334
1365890070.929499,1826.219512195122,40.6,2.9992377758026123
1365890071.1914592,688.4146341463414,40.1,3.0073399543762207
1365890071.4656131,838.4146341463414,40.6,3.057947874069214
1365890071.722574,787.1951219512196,40.6,2.989548921585083
1365890071.9770691,781.0975609756098,40.1,3.022589683532715
1365890072.248,848.170731707317,41.2,2.9837162494659424
1365890072.504781,771.3414634146342,41.2,2.995032548904419
1365890072.759089,813.4146341463414,40.6,3.0047335624694824
1365890073.017557,638.4146341463414,40.6,3.016866445541382
1365890073.291786,792.0731707317074,40.6,2.9954934120178223
1365890073.545208,813.4146341463414,40.6,2.9931037425994873
1365890073.798191,737.1951219512194,41.2,2.9993953704833984
1365890074.0572941,679.2682926829269,40.1,3.0200250148773193
1365890074.3344371,1004.2682926829267,40.1,3.0045857429504395
1365890074.591955,716.4634146341463,40.6,2.999110698699951
1365890074.845133,760.9756097560976,40.6,2.9918763637542725
1365890075.109061,667.0731707317074,40.1,3.013671875
1365890075.385064,898.1707317073171,40.6,3.0035393238067627
1365890075.645631,859.1463414634146,41.2,3.0748727321624756
1365890075.902144,923.1707317073171,40.6,3.029782772064209
1365890076.17672,910.9756097560976,41.2,2.990222215652466
1365890076.4300082,870.1219512195122,41.2,2.99056339263916
1365890076.685314,945.1219512195122,40.6,3.000504493713379
1365890076.952523,708.5365853658536,40.1,3.0268807411193848
1365890077.229345,799.3902439024391,41.2,2.9830853939056396
1365890077.484077,856.0975609756098,40.6,2.9960274696350098
1365890077.740952,703.0487804878048,40.1,3.086087703704834
1365890078.018966,749.390243902439,40.1,2.986215114593506
1365890078.274226,755.4878048780488,40.6,3.0065393447875977
1365890078.528804,1087.8048780487807,41.2,3.013645887374878
1365890078.801057,845.1219512195122,40.6,2.983652114868164
1365890079.055915,868.9024390243902,41.2,2.9945244789123535
1365890079.312594,732.3170731707316,41.2,3.1392581462860107
1365890079.573493,614.6341463414634,40.1,3.153428316116333
1365890079.847903,743.2926829268292,40.6,3.114819049835205
1365890080.102866,953.0487804878048,40.6,3.0456840991973877
1365890080.3561652,740.2439024390244,40.6,2.9914133548736572
1365890080.615544,686.5853658536586,40.1,3.0149917602539062
1365890080.891386,749.390243902439,40.6,2.979945182800293
1365890081.146554,921.9512195121952,40.6,2.9785664081573486
1365890081.4023528,879.2682926829268,40.6,3.004417657852173
1365890081.664832,673.1707317073171,40.1,3.0171782970428467
1365890081.942863,824.390243902439,41.2,2.986952066421509
1365890082.1975281,867.0731707317074,40.1,2.9991984367370605
1365890082.452715,702.4390243902438,40.6,3.0132434368133545
1365890082.727999,825.0,40.6,2.980912685394287
1365890082.982631,884.1463414634146,40.1,2.9933841228485107
1365890083.238199,760.3658536585366,40.1,3.0263543128967285
1365890083.503654,591.4634146341463,40.1,3.063262939453125
1365890083.7765188,925.0,40.1,2.9903969764709473
1365890084.029512,890.8536585365854,41.2,2.9861702919006348
1365890084.285095,693.2926829268292,40.1,3.0374743938446045
1365890084.561246,866.4634146341464,40.6,2.986417293548584
1365890084.815648,925.0,40.6,2.9802215099334717
1365890085.0699651,829.2682926829268,40.1,3.059250831604004
1365890085.341103,598.170731707317,40.1,3.02139949798584
1365890085.617333,752.439024390244,41.2,2.998469591140747
1365890085.87065,737.1951219512194,40.6,3.003598928451538
1365890086.125644,705.4878048780488,40.1,3.0332374572753906
1365890086.404149,918.2926829268293,40.6,3.003908395767212
1365890086.661053,730.4878048780488,40.6,2.9886510372161865
1365890086.916245,766.4634146341464,40.1,3.0478897094726562
1365890087.186344,692.0731707317073,40.6,3.0065503120422363
1365890087.4644768,743.2926829268292,40.1,2.98262882232666
1365890087.721639,1137.1951219512196,40.6,2.992337942123413
1365890087.977122,702.4390243902438,40.6,3.0112392902374268
1365890088.251202,896.3414634146342,41.2,2.9883196353912354
1365890088.505499,914.0243902439024,40.1,2.9946393966674805
1365890088.7603252,896.3414634146342,40.6,2.999866008758545
1365890089.02663,591.4634146341463,40.1,3.016676425933838
1365890089.3038049,849.390243902439,40.6,2.995206356048584
1365890089.5617878,1496.341463414634,40.6,2.987924814224243
1365890089.815069,907.3170731707318,40.1,3.012500524520874
1365890090.07507,699.390243902439,40.1,3.020451784133911
1365890090.3544939,839.0243902439024,40.6,2.9951353073120117
1365890090.610506,738.4146341463414,40.6,2.9853975772857666
1365890090.86357,738.4146341463414,40.1,3.0595500469207764
1365890091.134845,810.3658536585366,40.6,2.9831364154815674
1365890091.389643,893.9024390243902,40.6,3.0009212493896484
1365890091.6514099,907.3170731707318,40.1,3.0277345180511475
1365890091.917878,715.2439024390244,40.1,3.0169007778167725
1365890092.192693,724.390243902439,40.6,2.9960854053497314
1365890092.445982,802.439024390244,41.2,3.0051181316375732
1365890092.7027562,694.5121951219512,40.6,3.016629457473755
1365890092.979007,747.560975609756,40.6,3.2955567836761475
1365890093.2330701,737.1951219512194,41.2,3.1665804386138916
1365890093.487023,828.0487804878048,40.1,3.034926414489746
1365890093.760266,915.2439024390244,40.6,3.015073776245117
1365890094.013494,900.0,40.6,2.9833028316497803
1365890094.2686431,940.2439024390243,41.2,2.9902782440185547
1365890094.5254211,700.6097560975609,40.1,3.027449607849121
1365890094.806033,907.9268292682927,40.1,2.984596014022827
1365890095.059055,885.9756097560976,40.6,2.97871994972229
1365890095.31283,734.1463414634146,40.6,2.9951999187469482
1365890095.580596,706.0975609756097,40.1,2.999701976776123
1365890095.856111,904.8780487804878,41.2,2.9845163822174072
1365890096.112394,879.2682926829268,40.6,2.9853556156158447
1365890096.3688169,708.5365853658536,40.1,3.0895230770111084
1365890096.650211,810.3658536585366,41.2,2.979560375213623
1365890096.9055731,799.3902439024391,40.1,3.002110481262207
1365890097.1605382,915.8536585365854,40.6,3.0152335166931152
1365890097.43241,725.0,41.2,3.004988670349121
1365890097.6878772,796.3414634146342,40.6,2.982269525527954
1365890097.9449441,792.0731707317074,40.1,2.9950194358825684
1365890098.205716,692.0731707317073,40.6,3.020655393600464
1365890098.4827268,785.3658536585366,40.1,2.9813733100891113
1365890098.7388952,745.1219512195122,41.2,3.0059409141540527
1365890098.993098,747.560975609756,41.2,3.4123120307922363
1365890099.262605,613.4146341463414,40.1,3.158780097961426
1365890099.540194,763.4146341463414,40.1,2.982273578643799
1365890099.795545,777.439024390244,41.2,2.9789187908172607
1365890100.0505002,785.3658536585366,40.6,3.046380043029785
1365890100.3140612,699.390243902439,40.1,3.020167827606201
1365890100.591796,925.0,40.6,3.019191026687622
1365890100.84654,741.4634146341464,41.2,2.987029552459717
1365890101.1012962,570.7317073170731,40.6,3.029675245285034
1365890101.380039,868.2926829268292,40.6,2.995115280151367
1365890101.6350248,729.2682926829268,41.2,2.9869654178619385
1365890101.891403,752.439024390244,40.6,3.004415512084961
1365890102.168461,913.4146341463415,40.6,2.9865622520446777
1365890102.421254,713.4146341463414,40.6,2.9979496002197266
1365890102.6837099,848.170731707317,40.1,3.0094268321990967
1365890102.946332,700.6097560975609,40.6,3.0042221546173096
1365890103.2234712,767.0731707317074,41.2,2.9859354496002197
1365890103.476764,745.1219512195122,40.6,3.015993356704712
1365890103.733366,852.4390243902438,40.6,3.006422996520996
1365890104.008255,918.2926829268293,41.2,3.032020092010498
1365890104.262487,896.3414634146342,40.6,3.0133209228515625
1365890104.5179179,924.3902439024391,40.6,3.114457130432129
1365890104.781921,700.6097560975609,40.6,3.0097200870513916
