1365889805.215341,1196.9512195121952,42.8,2.6008267402648926
1365889805.47584,926.219512195122,43.3,2.6015870571136475
1365889805.729055,926.219512195122,42.8,2.5983405113220215
1365889805.986677,932.9268292682927,42.8,2.619662284851074
1365889806.264135,788.4146341463415,43.3,2.603677749633789
1365889806.5249002,801.219512195122,42.8,2.5954349040985107
1365889806.779588,1029.8780487804877,42.8,2.6185708045959473
1365889807.051966,766.4634146341464,42.8,2.600733995437622
1365889807.3130481,887.1951219512196,42.8,2.596684455871582
1365889807.5691981,791.4634146341464,42.2,2.610652446746826
1365889807.826282,737.1951219512194,42.2,2.692548990249634
1365889808.1069062,770.1219512195122,42.8,2.6007416248321533
1365889808.363162,1366.4634146341464,42.8,2.6006596088409424
1365889808.617548,821.3414634146341,42.2,2.6124045848846436
1365889808.887146,712.1951219512194,41.7,2.629880905151367
1365889809.162681,866.4634146341464,42.8,2.6019463539123535
1365889809.4161768,857.9268292682926,42.8,2.6061251163482666
1365889809.6725829,755.4878048780488,42.2,2.6199495792388916
1365889809.950598,984.7560975609756,42.2,2.597639799118042
1365889810.2050471,939.0243902439024,42.2,2.604109525680542
1365889810.46711,834.1463414634146,42.2,2.623709201812744
1365889810.750296,776.219512195122,42.2,2.5988423824310303
1365889811.0091698,878.0487804878048,42.8,2.59590744972229
1365889811.26448,820.1219512195122,42.2,2.618441581726074
1365889811.5399308,1178.658536585366,42.2,2.6045422554016113
1365889811.796459,809.1463414634147,42.8,2.603499174118042
1365889812.054901,998.780487804878,42.2,2.6124789714813232
1365889812.325005,647.5609756097562,42.2,2.6262624263763428
1365889812.606111,835.3658536585366,42.8,2.5983619689941406
1365889812.8613818,1060.9756097560976,42.2,2.6146020889282227
1365889813.1194408,816.4634146341463,42.2,2.6638708114624023
1365889813.397449,1003.0487804878047,42.2,2.6030826568603516
1365889813.657033,934.1463414634147,42.2,2.6011013984680176
1365889813.9170802,745.1219512195122,42.2,2.6923820972442627
1365889814.1975281,763.4146341463414,42.8,2.6700239181518555
1365889814.455364,962.1951219512194,42.2,2.616093397140503
1365889814.7165399,925.0,42.8,2.726694345474243
1365889814.991362,996.3414634146342,42.8,2.5978031158447266
1365889815.247668,940.8536585365853,42.2,2.600233316421509
1365889815.505374,885.3658536585366,42.2,2.6049132347106934
1365889815.769547,725.0,42.2,2.6214239597320557
1365889816.0439832,976.219512195122,42.2,2.600071668624878
1365889816.303849,923.1707317073171,42.2,2.5996785163879395
1365889816.560965,742.0731707317074,42.2,2.6228952407836914
1365889816.8377442,1028.0487804878048,42.8,2.601189374923706
1365889817.093698,982.9268292682926,42.2,2.6879184246063232
1365889817.353303,987.8048780487804,42.8,2.620465040206909
1365889817.633425,943.2926829268292,42.8,2.6088674068450928
1365889817.890785,875.0,42.8,2.610177755355835
1365889818.1494138,879.2682926829268,42.8,2.6076111793518066
1365889818.4069319,676.219512195122,42.2,2.651589870452881
1365889818.6830451,957.3170731707316,42.8,2.6280391216278076
1365889818.937218,885.9756097560976,42.2,2.598156690597534
1365889819.1933482,771.3414634146342,42.2,2.926011085510254
1365889819.4661918,849.390243902439,42.2,2.65417742729187
1365889819.723992,953.0487804878048,42.8,2.6019270420074463
1365889819.977959,854.2682926829268,42.2,2.602618455886841
1365889820.240721,893.9024390243902,42.2,2.628573417663574
1365889820.525867,935.9756097560976,42.2,2.59365177154541
1365889820.7797298,823.170731707317,42.8,2.5974347591400146
1365889821.036111,979.8780487804878,42.2,2.622631072998047
1365889821.31298,785.9756097560976,42.2,2.594179630279541
1365889821.5672991,843.9024390243902,43.3,2.601001262664795
1365889821.820556,781.0975609756098,42.2,2.871081590652466
1365889822.079823,737.1951219512194,42.2,2.6809604167938232
1365889822.3562949,819.5121951219512,43.3,2.6557798385620117
1365889822.6118348,921.9512195121952,42.8,2.6283180713653564
1365889822.8657322,751.219512195122,42.8,2.6235511302948
1365889823.1442308,926.219512195122,42.2,2.605231285095215
1365889823.3993778,1315.8536585365855,42.8,2.5963175296783447
1365889823.6545181,968.9024390243902,42.2,2.670133113861084
1365889823.923776,723.170731707317,42.8,2.649013042449951
1365889824.198953,821.3414634146341,42.2,2.645576238632202
1365889824.455725,950.0,42.8,2.603304862976074
1365889824.709631,732.3170731707316,42.2,2.693784236907959
1365889824.988682,878.0487804878048,42.2,2.641657590866089
1365889825.241386,934.1463414634147,42.8,2.6033217906951904
1365889825.498,1092.0731707317073,42.8,2.6207902431488037
1365889825.7784,807.3170731707318,42.2,2.599388360977173
1365889826.0314581,839.0243902439024,42.8,2.605785369873047
1365889826.285225,846.951219512195,42.8,2.6061832904815674
1365889826.545424,737.1951219512194,42.2,2.6242313385009766
1365889826.821109,934.1463414634147,42.8,2.607851505279541
1365889827.0760682,998.780487804878,43.3,2.6003594398498535
1365889827.3361778,953.0487804878048,42.8,2.6134634017944336
1365889827.607243,781.0975609756098,42.2,2.593456745147705
1365889827.861264,1128.658536585366,42.8,2.598963737487793
1365889828.119904,873.170731707317,43.3,2.6133265495300293
1365889828.382865,734.1463414634146,42.2,2.6225483417510986
1365889828.658287,1020.7317073170732,42.8,2.60121488571167
1365889828.918302,1001.219512195122,42.8,2.599177360534668
1365889829.1772301,807.9268292682927,42.2,2.63550066947937
1365889829.453244,773.1707317073171,42.8,2.5984902381896973
1365889829.712062,863.4146341463414,42.8,2.596266984939575
1365889829.967935,900.0,42.2,2.6088874340057373
1365889830.2361972,725.0,42.8,2.6322970390319824
1365889830.5286589,773.1707317073171,42.8,2.601008415222168
1365889830.783689,909.1463414634146,43.3,2.600921630859375
1365889831.037305,756.0975609756098,42.8,2.6110832691192627
1365889831.309003,873.170731707317,42.2,2.597749948501587
1365889831.5646,882.9268292682926,42.8,2.5997061729431152
1365889831.817867,917.0731707317074,42.8,2.59824800491333
1365889832.077142,652.439024390244,42.2,2.6265015602111816
1365889832.362066,915.2439024390244,43.3,2.5962679386138916
1365889832.615602,1760.3658536585365,42.2,2.6159110069274902
1365889832.8747132,807.3170731707318,42.2,2.6146488189697266
1365889833.146503,1242.6829268292684,42.8,2.5981950759887695
1365889833.404122,918.2926829268293,42.8,2.595792293548584
1365889833.66005,793.2926829268293,42.2,2.6039528846740723
1365889833.921247,729.2682926829268,42.2,2.620429515838623
1365889834.1993291,896.9512195121952,43.3,2.603945255279541
1365889834.454475,793.2926829268293,42.8,2.602365732192993
1365889834.709972,1001.219512195122,42.2,2.621121406555176
1365889834.9899452,771.3414634146342,42.8,2.601536273956299
1365889835.243553,890.8536585365854,42.8,2.605947732925415
1365889835.508523,846.3414634146342,42.2,2.6100540161132812
1365889835.779347,737.1951219512194,42.2,2.624852180480957
1365889836.056214,949.390243902439,42.8,2.599372148513794
1365889836.312545,903.048780487805,42.8,2.5990121364593506
1365889836.569132,738.4146341463414,42.8,2.622962713241577
1365889836.844358,813.4146341463414,42.8,2.5996832847595215
1365889837.101881,915.2439024390244,42.8,2.597780704498291
1365889837.360141,950.0,42.2,2.616328001022339
1365889837.635764,942.0731707317073,42.2,2.6012446880340576
1365889837.8889458,843.9024390243902,42.8,2.6402008533477783
1365889838.144732,942.0731707317073,42.8,2.6040685176849365
1365889838.408277,1480.4878048780488,42.2,2.63031268119812
1365889838.685583,950.0,42.2,2.5980310440063477
1365889838.9437041,771.3414634146342,43.3,2.6012816429138184
1365889839.199224,814.0243902439024,42.2,2.6742489337921143
1365889839.47881,1034.7560975609756,42.8,2.600557804107666
1365889839.736321,945.1219512195122,42.8,2.596900701522827
1365889839.992159,771.3414634146342,42.8,2.606691360473633
1365889840.252775,746.3414634146342,42.2,2.630709409713745
1365889840.540467,852.4390243902438,42.8,2.5986649990081787
1365889840.797452,848.170731707317,42.2,2.5933778285980225
1365889841.051392,731.0975609756098,42.2,3.887481927871704
1365889841.3288362,904.2682926829268,43.3,3.622419834136963
1365889841.582047,892.0731707317074,42.8,3.3889968395233154
1365889841.8356822,873.170731707317,42.8,3.1512694358825684
1365889842.106865,903.048780487805,42.8,2.8970577716827393
1365889842.362083,901.219512195122,43.3,2.6599063873291016
1365889842.61998,953.0487804878048,42.2,2.622976541519165
1365889842.881571,807.3170731707318,42.2,2.6211695671081543
1365889843.158484,876.219512195122,42.8,2.5993905067443848
1365889843.414975,857.9268292682926,42.8,2.597551107406616
1365889843.671341,953.0487804878048,42.2,2.6144859790802
1365889843.946269,853.0487804878048,43.3,2.6000025272369385
1365889844.2000031,868.9024390243902,42.8,2.594111204147339
1365889844.4547358,813.4146341463414,42.8,2.605119466781616
1365889844.72041,740.2439024390244,42.8,2.6161203384399414
1365889844.996285,902.439024390244,42.8,2.599060535430908
1365889845.2498298,757.3170731707318,43.3,2.597477436065674
1365889845.507009,929.8780487804878,42.8,2.783857822418213
1365889845.778962,971.951219512195,43.3,2.6040947437286377
1365889846.034525,817.0731707317073,42.8,2.599897861480713
1365889846.28833,1028.0487804878048,42.8,2.6002933979034424
1365889846.547909,727.4390243902438,42.8,2.6235055923461914
1365889846.825116,826.2195121951219,42.8,2.598814010620117
1365889847.0785222,783.5365853658537,42.2,2.6008236408233643
1365889847.338923,935.9756097560976,43.3,2.616276502609253
1365889847.616141,818.2926829268292,42.2,2.595550775527954
1365889847.8710961,934.1463414634147,42.8,2.6037659645080566
1365889848.128232,773.1707317073171,42.8,2.609583616256714
1365889848.3932002,738.4146341463414,42.2,2.6257855892181396
1365889848.6761348,945.1219512195122,42.8,2.5975396633148193
1365889848.932079,760.9756097560976,42.2,2.598883628845215
1365889849.18612,731.0975609756098,42.8,2.6186060905456543
1365889849.465332,805.4878048780488,43.3,2.6012861728668213
1365889849.722868,1546.3414634146343,43.3,2.5969247817993164
1365889849.97991,943.2926829268292,42.8,2.620056390762329
1365889850.260031,881.0975609756098,42.8,2.6062824726104736
1365889850.5161002,1023.7804878048779,43.3,2.5974724292755127
1365889850.775306,937.8048780487804,43.3,2.6146609783172607
1365889851.050312,890.2439024390244,43.3,2.600109100341797
1365889851.308892,918.9024390243903,42.8,2.598829746246338
1365889851.567819,779.2682926829268,43.3,2.6052780151367188
1365889851.8336651,713.4146341463414,42.8,2.6257283687591553
1365889852.116692,1187.8048780487804,43.3,2.6025500297546387
1365889852.378622,1945.121951219512,42.8,2.5990896224975586
1365889852.635374,725.0,43.3,2.620725631713867
1365889852.916679,931.0975609756098,42.8,2.599205732345581
1365889853.1729972,954.2682926829268,42.8,2.596635103225708
1365889853.430152,800.0,42.2,2.6214473247528076
1365889853.7097611,1792.0731707317073,42.8,2.598156452178955
1365889853.968009,845.1219512195122,42.8,2.611234188079834
1365889854.223576,917.0731707317074,43.3,2.61348295211792
1365889854.49734,733.5365853658536,42.8,2.621142625808716
1365889854.779403,842.0731707317073,42.8,2.6010806560516357
1365889855.037131,918.9024390243903,42.8,2.5968539714813232
1365889855.294584,820.1219512195122,42.8,2.705317258834839
1365889855.575219,915.8536585365854,42.8,2.634587526321411
1365889855.8326871,932.9268292682927,43.3,2.596761465072632
1365889856.089462,747.560975609756,43.3,2.6203677654266357
1365889856.3649101,1018.2926829268292,42.8,2.5990171432495117
1365889856.6221728,843.2926829268292,43.3,2.603335380554199
1365889856.878762,892.0731707317074,43.3,2.617159605026245
1365889857.156152,860.9756097560976,43.3,2.6029844284057617
1365889857.414709,896.9512195121952,42.8,2.596125364303589
1365889857.6707468,873.170731707317,43.3,2.606290102005005
1365889857.937191,732.3170731707316,42.8,2.649210214614868
1365889858.215487,856.0975609756098,43.3,2.5982816219329834
1365889858.4727428,956.0975609756097,43.3,2.5991084575653076
1365889858.729973,805.4878048780488,42.2,2.6245193481445312
1365889859.010654,932.3170731707318,43.3,2.5944759845733643
1365889859.2650082,904.8780487804878,42.8,2.605377197265625
1365889859.527594,884.1463414634146,42.8,2.6257903575897217
1365889859.80775,910.9756097560976,43.3,2.595914840698242
1365889860.061465,1584.7560975609756,42.8,2.5987277030944824
1365889860.314977,780.4878048780488,42.8,2.620567560195923
1365889860.5928268,819.5121951219512,43.3,2.600846529006958
1365889860.848275,785.9756097560976,43.3,2.6011152267456055
1365889861.1054158,957.3170731707316,42.8,2.603562355041504
1365889861.370004,729.2682926829268,42.2,2.620673656463623
1365889861.649251,852.4390243902438,42.8,2.593404531478882
1365889861.9042518,829.2682926829268,43.3,2.6223578453063965
1365889862.1609652,1521.341463414634,42.8,2.6237142086029053
1365889862.4389892,781.0975609756098,42.8,2.603018045425415
1365889862.6996548,772.5609756097562,43.3,2.603508472442627
1365889862.9589639,931.0975609756098,43.3,2.6434290409088135
1365889863.240213,940.2439024390243,42.8,2.6099298000335693
1365889863.501344,762.1951219512196,43.3,2.59844970703125
1365889863.758222,875.0,43.3,2.609327554702759
1365889864.025496,649.390243902439,42.2,2.616403102874756
1365889864.299381,962.8048780487804,42.8,2.8023672103881836
1365889864.5542002,781.0975609756098,42.2,2.6237545013427734
1365889864.8110678,719.5121951219512,42.8,2.6220948696136475
1365889865.08987,766.4634146341464,43.3,2.6006946563720703
1365889865.349416,804.2682926829269,43.3,2.5961484909057617
1365889865.604975,791.4634146341464,42.8,2.6182808876037598
1365889865.8779619,926.219512195122,43.3,2.5985724925994873
1365889866.136947,884.1463414634146,42.8,2.600313425064087
1365889866.394999,819.5121951219512,42.8,2.6102335453033447
1365889866.659494,729.2682926829268,42.2,2.6245920658111572
1365889866.940639,942.0731707317073,42.8,2.5999820232391357
1365889867.2003908,965.8536585365854,43.3,2.5965328216552734
1365889867.457763,913.4146341463415,42.8,2.6217305660247803
1365889867.73333,799.3902439024391,43.3,2.5965452194213867
1365889867.990368,962.8048780487804,42.8,2.6029131412506104
1365889868.249533,807.3170731707318,42.8,2.6180241107940674
1365889868.528573,789.0243902439024,43.3,2.6010091304779053
1365889868.786222,798.1707317073171,43.3,2.603931188583374
1365889869.043864,954.2682926829268,42.8,2.605290651321411
1365889869.30639,742.0731707317074,42.2,2.619255304336548
1365889869.586366,1211.5853658536587,42.8,2.598491907119751
1365889869.84539,772.5609756097562,43.3,2.5991454124450684
1365889870.103169,846.951219512195,42.2,2.618495464324951
1365889870.378456,882.3170731707318,43.3,2.5958333015441895
1365889870.635048,979.8780487804878,43.3,2.7174534797668457
1365889870.888754,868.9024390243902,42.8,2.666693687438965
1365889871.146104,733.5365853658536,42.8,2.6228668689727783
1365889871.425675,1965.2439024390244,43.3,2.5992186069488525
1365889871.6838741,834.1463414634146,43.3,2.605891466140747
1365889871.939252,788.4146341463415,43.3,2.613551378250122
1365889872.20944,825.0,42.8,2.604581594467163
1365889872.465266,964.0243902439024,42.8,2.5976979732513428
1365889872.7230122,1262.8048780487804,42.8,2.6142733097076416
1365889872.98722,731.0975609756098,42.2,2.6183767318725586
1365889873.26617,950.0,43.3,2.5992884635925293
1365889873.526433,1092.6829268292684,43.3,2.5996382236480713
1365889873.7828429,1639.6341463414635,42.8,2.6167807579040527
1365889874.054705,832.9268292682926,43.3,2.5966837406158447
1365889874.3095071,918.9024390243903,43.3,2.597139835357666
1365889874.567243,981.0975609756098,42.8,2.604593515396118
1365889874.8268669,743.2926829268292,42.8,2.626997470855713
1365889875.105831,1009.7560975609756,43.3,2.597485303878784
1365889875.361853,840.2439024390244,43.3,2.629751443862915
1365889875.616501,889.0243902439024,42.8,2.618903160095215
1365889875.894699,949.390243902439,43.3,2.6076507568359375
1365889876.152172,946.951219512195,42.8,2.596353530883789
1365889876.406604,893.9024390243902,43.3,2.6153531074523926
1365889876.68346,918.9024390243903,43.3,2.593731164932251
1365889876.938661,932.9268292682927,42.8,2.6013906002044678
1365889877.193661,760.9756097560976,43.3,2.6044609546661377
1365889877.453194,1505.4878048780486,42.8,2.6596243381500244
1365889877.731373,957.3170731707316,43.3,2.6016743183135986
1365889877.986219,951.2195121951219,43.3,2.5999035835266113
1365889878.2402408,860.9756097560976,42.8,2.617133378982544
1365889878.510272,826.2195121951219,43.3,2.6063246726989746
1365889878.769996,818.2926829268292,42.8,2.5996320247650146
1365889879.024011,950.0,42.8,2.601339101791382
1365889879.2857332,742.0731707317074,42.8,2.6267237663269043
1365889879.573567,942.0731707317073,42.8,2.5936198234558105
1365889879.828625,864.0243902439024,43.3,2.5984489917755127
1365889880.0820942,935.3658536585366,43.3,2.609037160873413
1365889880.35176,860.3658536585366,43.3,2.595925807952881
1365889880.608683,951.8292682926829,43.3,2.6012120246887207
1365889880.863244,910.9756097560976,42.8,2.6086373329162598
1365889881.125364,735.3658536585366,42.2,2.6224634647369385
1365889881.402915,824.390243902439,43.3,2.5995638370513916
1365889881.657334,856.0975609756098,43.3,2.598447799682617
1365889881.915989,670.1219512195122,42.8,2.617600917816162
1365889882.194365,934.1463414634147,42.8,2.595257520675659
1365889882.449863,890.2439024390244,43.3,2.599470615386963
1365889882.703459,757.3170731707318,42.8,2.611492872238159
1365889882.973454,948.170731707317,43.3,2.595170021057129
1365889883.2299578,935.9756097560976,43.3,2.6003599166870117
1365889883.483794,812.1951219512194,43.3,2.598376750946045
1365889883.742174,788.4146341463415,42.8,2.6228084564208984
1365889884.019379,796.9512195121952,43.3,2.5951879024505615
1365889884.275737,777.439024390244,43.3,2.605175495147705
1365889884.535404,771.3414634146342,43.3,2.6151392459869385
1365889884.802149,725.0,42.8,2.617576837539673
1365889885.078723,889.0243902439024,42.8,2.6020665168762207
1365889885.3344152,951.2195121951219,43.3,2.6157901287078857
1365889885.5938392,848.170731707317,43.3,2.613291025161743
1365889885.8681788,818.2926829268292,43.3,2.601879835128784
1365889886.1240819,888.4146341463414,42.8,2.5953195095062256
1365889886.379895,943.2926829268292,42.8,2.60660457611084
1365889886.642069,774.390243902439,42.2,2.6583211421966553
1365889886.917599,899.390243902439,43.3,2.619264841079712
1365889887.17518,887.1951219512196,42.8,2.5969560146331787
1365889887.4304798,975.0,42.8,2.617525339126587
1365889887.709152,860.9756097560976,42.8,2.59804368019104
1365889887.962537,907.3170731707318,43.3,2.5966033935546875
1365889888.220109,1713.4146341463415,43.3,2.6113314628601074
1365889888.486619,739.0243902439024,42.8,2.6518771648406982
1365889888.76668,937.8048780487804,43.3,2.5974388122558594
1365889889.0237482,805.4878048780488,43.3,2.5993006229400635
1365889889.277802,796.3414634146342,43.3,2.6321940422058105
1365889889.5582159,776.219512195122,43.3,2.595860242843628
1365889889.815475,802.439024390244,43.3,2.5955872535705566
1365889890.071161,887.1951219512196,43.3,2.610125780105591
1365889890.343081,937.8048780487804,43.3,2.5969643592834473
1365889890.598204,845.1219512195122,43.3,2.595186233520508
1365889890.851757,925.0,43.3,2.604071617126465
1365889891.110544,733.5365853658536,42.8,2.625605583190918
1365889891.392677,942.0731707317073,42.8,2.687502861022949
1365889891.646213,857.9268292682926,42.8,2.6150710582733154
1365889891.900382,926.219512195122,43.3,2.6101479530334473
1365889892.171586,740.2439024390244,42.2,2.6422581672668457
1365889892.444175,845.1219512195122,42.8,2.6225805282592773
1365889892.698703,926.829268292683,42.8,2.598370313644409
1365889892.956268,733.5365853658536,42.8,2.6236045360565186
1365889893.237268,854.8780487804878,43.3,2.5966968536376953
1365889893.493731,1046.9512195121952,42.8,2.5964152812957764
1365889893.750196,1031.0975609756097,42.8,2.6236960887908936
1365889894.027382,921.3414634146342,42.8,2.5999810695648193
1365889894.2825332,825.0,43.3,2.6034648418426514
1365889894.543092,762.1951219512196,42.8,2.6128218173980713
1365889894.810285,778.048780487805,42.8,2.59959077835083
1365889895.065274,929.8780487804878,43.3,2.602372646331787
1365889895.3208032,865.2439024390244,43.3,2.613292932510376
1365889895.589002,727.4390243902438,42.2,2.6382648944854736
1365889895.864208,758.5365853658536,42.8,2.6478378772735596
1365889896.119671,793.2926829268293,42.8,2.597607135772705
1365889896.375356,968.2926829268292,43.3,2.6031434535980225
1365889896.637308,725.0,42.8,2.6201488971710205
1365889896.912055,957.9268292682926,42.8,2.596283435821533
1365889897.168154,772.5609756097562,43.3,2.598372459411621
1365889897.424778,816.4634146341463,42.2,2.6163840293884277
1365889897.7011788,881.0975609756098,43.3,2.6949493885040283
1365889897.957154,825.0,43.3,2.6106514930725098
1365889898.216067,932.3170731707318,43.3,2.6170613765716553
1365889898.486578,957.3170731707316,43.3,2.5986759662628174
1365889898.746805,774.390243902439,43.3,2.596400022506714
1365889899.0009542,834.1463414634146,43.3,2.6028990745544434
1365889899.259327,747.560975609756,43.3,2.6311004161834717
1365889899.541235,957.9268292682926,42.8,2.5983989238739014
1365889899.799386,848.170731707317,43.3,2.6028003692626953
1365889900.057695,928.048780487805,42.8,2.613154411315918
1365889900.332866,839.0243902439024,43.3,2.604897975921631
1365889900.598918,893.2926829268292,43.3,2.6000587940216064
1365889900.853749,814.0243902439024,42.8,2.6107945442199707
1365889901.126435,870.1219512195122,43.3,2.59854793548584
1365889901.3795462,793.2926829268293,43.3,2.601350784301758
1365889901.6383328,846.951219512195,43.3,2.5927534103393555
1365889901.893439,724.390243902439,42.2,2.6157753467559814
1365889902.170269,810.3658536585366,43.3,2.5965187549591064
1365889902.428378,923.1707317073171,43.3,2.593308210372925
1365889902.683476,807.9268292682927,42.8,2.6096384525299072
1365889902.954002,806.0975609756098,43.3,2.5942089557647705
1365889903.209547,885.9756097560976,43.3,2.5975091457366943
1365889903.4650052,910.9756097560976,43.3,2.604735851287842
1365889903.72125,655.4878048780488,42.2,2.6233131885528564
1365889904.000117,779.2682926829268,43.3,2.5987749099731445
1365889904.253351,779.2682926829268,43.3,2.59816575050354
1365889904.5070379,882.9268292682926,42.8,2.6075830459594727
1365889904.7767239,719.5121951219512,42.8,2.6170156002044678
1365889905.0528178,829.2682926829268,43.3,2.597299575805664
1365889905.30627,749.390243902439,43.3,2.5998380184173584
1365889905.5677178,956.0975609756097,43.3,2.619860887527466
1365889905.8489401,929.2682926829269,42.8,2.59873628616333
1365889906.102633,760.3658536585366,43.3,2.5950188636779785
1365889906.35804,959.1463414634146,43.3,2.6102452278137207
1365889906.626982,782.3170731707318,42.8,2.619570016860962
1365889906.907418,795.1219512195122,42.8,2.597519636154175
1365889907.162591,924.3902439024391,43.3,2.598623514175415
1365889907.420545,731.0975609756098,42.2,2.6204984188079834
1365889907.694853,942.0731707317073,43.3,2.5966219902038574
1365889907.952848,787.1951219512196,42.8,2.7334554195404053
1365889908.209097,852.4390243902438,42.8,2.609222888946533
1365889908.480202,906.0975609756098,43.3,2.5978782176971436
1365889908.735223,755.4878048780488,43.3,2.5960237979888916
1365889908.993165,904.2682926829268,43.3,2.6041219234466553
1365889909.25266,677.439024390244,42.8,2.6177263259887695
1365889909.5318668,907.3170731707318,42.8,2.59440541267395
1365889909.7870731,913.4146341463415,43.3,2.630561113357544
1365889910.045156,899.390243902439,42.8,2.618332862854004
1365889910.322707,817.0731707317073,43.3,2.600630521774292
1365889910.583333,785.3658536585366,43.3,2.5988309383392334
1365889910.837675,805.4878048780488,43.3,2.6078391075134277
1365889911.106667,732.3170731707316,42.8,2.618952989578247
1365889911.383459,946.3414634146341,42.8,2.5975894927978516
1365889911.6415098,821.3414634146341,43.3,2.5973241329193115
1365889911.899425,915.8536585365854,43.3,2.619058847427368
1365889912.177993,802.439024390244,43.3,2.6024281978607178
1365889912.4345129,982.3170731707316,43.3,2.604094982147217
1365889912.6911402,812.1951219512194,42.8,2.605494499206543
1365889912.957494,674.3902439024391,42.2,2.617218255996704
1365889913.236185,837.1951219512194,43.3,2.5962469577789307
1365889913.494056,806.0975609756098,43.3,2.623420000076294
1365889913.751626,650.609756097561,42.2,2.6228716373443604
1365889914.035199,903.048780487805,43.3,2.6001789569854736
1365889914.2888288,896.3414634146342,43.3,2.5981080532073975
1365889914.5421069,871.3414634146342,43.3,2.6168453693389893
1365889914.8210392,1134.1463414634145,43.3,2.598341703414917
1365889915.075824,781.0975609756098,42.8,2.598942995071411
1365889915.331133,755.4878048780488,43.3,2.617994785308838
1365889915.604807,735.3658536585366,42.8,2.622772455215454
1365889915.885014,785.9756097560976,43.3,2.596014976501465
1365889916.14019,990.2439024390244,43.3,2.599273443222046
1365889916.394117,1023.1707317073171,42.8,2.6171326637268066
1365889916.667188,965.2439024390244,43.3,2.6004080772399902
1365889916.921888,846.3414634146342,43.3,2.5979719161987305
1365889917.1781042,787.1951219512196,43.3,2.607187509536743
1365889917.447669,726.219512195122,42.8,2.6417417526245117
1365889917.727535,857.3170731707316,42.8,2.599048376083374
1365889917.980947,799.3902439024391,43.3,2.6132030487060547
1365889918.236599,700.6097560975609,42.8,2.6280157566070557
1365889918.5195389,862.1951219512194,43.3,2.595409631729126
1365889918.776265,750.0,42.8,2.5995609760284424
1365889919.0296419,982.3170731707316,43.3,2.618472099304199
1365889919.3092952,926.829268292683,43.3,2.608699321746826
1365889919.5682619,838.4146341463414,42.8,2.596867799758911
1365889919.826408,946.951219512195,43.3,2.609283447265625
1365889920.0967,653.6585365853658,42.8,2.6187222003936768
1365889920.3717172,926.219512195122,43.3,2.596752643585205
1365889920.629212,946.951219512195,43.3,2.6304335594177246
1365889920.885642,949.390243902439,43.3,2.6435961723327637
1365889921.163593,907.3170731707318,43.3,2.5968639850616455
1365889921.421961,798.1707317073171,43.3,2.5941638946533203
1365889921.6776152,1023.7804878048779,43.3,2.621708631515503
1365889921.9487,764.0243902439024,43.3,2.5988781452178955
1365889922.205856,1051.8292682926829,43.3,2.596667528152466
1365889922.462085,909.1463414634146,42.8,2.5957305431365967
1365889922.719726,726.219512195122,42.8,2.6156530380249023
1365889922.996021,826.2195121951219,43.3,2.615649700164795
1365889923.251159,1034.7560975609756,43.3,2.5936696529388428
1365889923.505994,774.390243902439,42.8,2.64920711517334
1365889923.7779899,737.1951219512194,43.3,2.6214349269866943
1365889924.054742,878.0487804878048,42.8,2.597879648208618
1365889924.30816,1034.1463414634147,43.3,2.799778461456299
1365889924.564414,943.9024390243902,43.3,2.626434087753296
1365889924.8509362,829.2682926829268,43.3,2.598667621612549
1365889925.104692,921.3414634146342,42.8,2.600167751312256
1365889925.358697,893.9024390243902,43.3,2.62811541557312
1365889925.6491241,823.170731707317,42.8,2.594888687133789
1365889925.9060612,1746.341463414634,43.3,2.5973997116088867
1365889926.160013,760.9756097560976,43.3,2.619142770767212
1365889926.435124,868.2926829268292,43.3,2.5989990234375
1365889926.692456,776.219512195122,43.3,2.6031317710876465
1365889926.948106,878.0487804878048,43.3,2.6059579849243164
1365889927.214468,737.1951219512194,42.8,2.6219756603240967
1365889927.491443,918.9024390243903,43.3,2.5948498249053955
1365889927.748383,772.5609756097562,43.3,2.598677396774292
1365889928.002829,783.5365853658537,42.8,2.618528127670288
1365889928.279683,759.1463414634146,43.3,2.5952765941619873
1365889928.537555,888.4146341463414,43.3,2.5979435443878174
1365889928.7907221,843.2926829268292,43.3,2.7187042236328125
1365889929.050175,745.1219512195122,42.8,2.616706132888794
1365889929.327692,940.8536585365853,43.3,2.6520047187805176
1365889929.585511,862.1951219512194,43.3,2.5981321334838867
1365889929.844691,968.9024390243902,43.3,2.649456024169922
1365889930.1195462,926.219512195122,43.3,2.5959346294403076
1365889930.376693,1054.2682926829268,43.3,2.601001739501953
1365889930.6386712,843.9024390243902,43.3,2.6133859157562256
1365889930.9108229,906.0975609756098,43.3,2.5974280834198
1365889931.1643672,785.3658536585366,43.3,2.5969009399414062
1365889931.4233851,878.0487804878048,43.3,2.597773790359497
1365889931.682133,629.2682926829268,42.8,2.6260313987731934
1365889931.965329,827.4390243902438,43.3,2.597252368927002
1365889932.222831,821.3414634146341,42.8,2.596611261367798
1365889932.4788742,857.3170731707316,43.3,2.6181530952453613
1365889932.75369,846.3414634146342,43.3,2.6032357215881348
1365889933.0150661,907.3170731707318,43.3,2.6003901958465576
1365889933.272476,834.1463414634146,43.3,2.5997908115386963
1365889933.5343869,647.5609756097562,42.8,2.626514434814453
1365889933.8212569,945.1219512195122,43.3,2.5988786220550537
1365889934.078451,810.9756097560976,43.3,2.603886365890503
1365889934.3351371,890.2439024390244,43.3,2.622516393661499
1365889934.619395,791.4634146341464,43.3,2.5972070693969727
1365889934.876392,907.3170731707318,43.3,2.5968503952026367
1365889935.134542,825.0,43.3,2.6149964332580566
1365889935.405072,681.0975609756098,43.3,2.6190004348754883
1365889935.6836538,985.9756097560976,43.3,2.5986642837524414
1365889935.943499,807.9268292682927,43.3,2.603283405303955
1365889936.205601,896.9512195121952,43.3,2.617459535598755
1365889936.4826849,968.2926829268292,43.3,2.594651460647583
1365889936.739237,1161.5853658536585,43.3,2.5942940711975098
1365889936.995074,879.2682926829268,43.3,2.618778705596924
1365889937.268182,704.2682926829268,43.3,2.6228110790252686
1365889937.545509,973.170731707317,43.3,2.602864980697632
1365889937.804095,949.390243902439,43.3,2.594412088394165
1365889938.059374,796.3414634146342,43.3,2.622164249420166
1365889938.336941,770.1219512195122,43.3,2.604670524597168
1365889938.597825,782.3170731707318,43.3,2.598022699356079
1365889938.857911,914.0243902439024,43.3,2.6173675060272217
1365889939.1355531,995.1219512195122,43.3,2.598151922225952
1365889939.391498,962.1951219512194,43.3,2.602097272872925
1365889939.648729,878.0487804878048,43.3,2.6102771759033203
1365889939.921241,637.1951219512196,43.3,2.6178231239318848
1365889940.200552,1162.8048780487804,43.3,2.769137144088745
1365889940.4549718,1096.9512195121952,43.3,2.6068005561828613
1365889940.711881,729.2682926829268,43.3,2.623330593109131
1365889940.991235,896.3414634146342,43.3,2.5979812145233154
1365889941.2487738,954.8780487804878,43.3,2.595686674118042
1365889941.50508,798.1707317073171,43.3,2.613337755203247
1365889941.779993,837.1951219512194,42.8,2.60019588470459
1365889942.0381691,917.0731707317074,42.8,2.5979020595550537
1365889942.291748,825.0,43.3,2.597837209701538
1365889942.552162,924.3902439024391,43.3,2.627713918685913
1365889942.83916,788.4146341463415,43.3,2.5977447032928467
1365889943.0927832,942.0731707317073,43.3,2.5988779067993164
1365889943.348225,951.2195121951219,43.3,2.6375467777252197
1365889943.648455,890.8536585365854,43.3,2.5943565368652344
1365889943.905022,767.0731707317074,43.3,2.594989538192749
1365889944.1594849,976.8292682926829,43.3,2.620415449142456
1365889944.43512,778.048780487805,43.3,2.6004769802093506
1365889944.690363,835.3658536585366,43.3,2.592409610748291
1365889944.944625,965.2439024390244,43.9,2.5979766845703125
1365889945.203435,780.4878048780488,42.8,2.628023147583008
1365889945.4813418,777.439024390244,42.8,2.6043269634246826
1365889945.736955,781.0975609756098,43.3,2.6026110649108887
1365889945.991837,920.1219512195122,43.3,2.6088430881500244
1365889946.259068,741.4634146341464,42.8,2.6159517765045166
1365889946.5378501,849.390243902439,43.3,2.596118450164795
1365889946.79485,877.439024390244,42.8,2.598590850830078
1365889947.049268,825.0,43.3,2.6185410022735596
1365889947.328655,813.4146341463414,43.9,2.5967748165130615
1365889947.587722,943.9024390243902,43.9,2.597916841506958
1365889947.8451111,910.3658536585366,43.3,2.6075475215911865
1365889948.1090481,727.4390243902438,42.2,2.6158039569854736
1365889948.3875499,878.0487804878048,43.3,2.6008377075195312
1365889948.650214,932.3170731707318,42.8,2.5931222438812256
1365889948.9056692,779.2682926829268,43.3,2.6354713439941406
1365889949.186362,780.4878048780488,42.8,2.5950188636779785
1365889949.441857,918.9024390243903,42.8,2.6122474670410156
1365889949.6953118,885.3658536585366,43.3,2.611602306365967
1365889949.969096,914.0243902439024,43.3,2.59356951713562
1365889950.224637,943.9024390243902,43.3,2.598402976989746
1365889950.47894,1753.0487804878048,43.3,2.6007189750671387
1365889950.736116,893.2926829268292,42.2,2.625441312789917
1365889951.0168629,860.9756097560976,43.3,2.596141815185547
1365889951.272565,767.0731707317074,43.3,2.5939109325408936
1365889951.527859,801.219512195122,43.3,2.6188602447509766
1365889951.805059,892.0731707317074,42.8,2.5975077152252197
1365889952.058742,926.219512195122,43.3,2.597865581512451
1365889952.311976,946.951219512195,43.3,2.605539083480835
1365889952.5793831,740.2439024390244,43.3,2.6179165840148926
1365889952.860448,940.2439024390243,43.3,2.5990593433380127
1365889953.113857,896.3414634146342,42.8,2.5956344604492188
1365889953.3680809,734.1463414634146,43.3,2.624924898147583
1365889953.6553779,813.4146341463414,43.3,2.59745454788208
1365889953.9091399,876.219512195122,43.3,2.5958101749420166
1365889954.163643,794.5121951219512,43.3,2.6239895820617676
1365889954.436495,769.5121951219512,43.3,2.6393308639526367
1365889954.6971111,779.2682926829268,43.3,2.6029653549194336
1365889954.950976,932.3170731707318,43.3,2.6113696098327637
1365889955.219077,717.0731707317073,42.8,2.6207501888275146
1365889955.4959722,849.390243902439,43.3,2.5970070362091064
1365889955.754526,812.1951219512194,43.3,2.5998003482818604
1365889956.011193,720.1219512195122,43.3,2.617356538772583
1365889956.290533,924.3902439024391,43.3,2.593780040740967
1365889956.545921,953.0487804878048,43.3,2.6087682247161865
1365889956.806116,914.0243902439024,43.3,2.6179752349853516
1365889957.085415,837.1951219512194,43.3,2.595578908920288
1365889957.340839,1289.6341463414633,43.9,2.5954015254974365
1365889957.597619,948.170731707317,43.3,2.603611469268799
1365889957.863652,730.4878048780488,43.3,2.628225326538086
1365889958.142783,907.3170731707318,43.3,2.655012607574463
1365889958.396338,878.0487804878048,43.3,2.736945152282715
1365889958.653982,841.4634146341463,43.3,2.617525339126587
1365889958.931638,943.9024390243902,42.8,2.597342014312744
1365889959.188304,915.8536585365854,43.3,2.593250036239624
1365889959.443923,815.2439024390243,43.3,2.6026530265808105
1365889959.7044349,739.0243902439024,42.8,2.618515729904175
1365889959.984672,907.3170731707318,43.3,2.6058413982391357
1365889960.240136,985.9756097560976,43.3,2.5965850353240967
1365889960.4971,823.170731707317,43.3,2.6167612075805664
1365889960.770006,951.8292682926829,43.3,2.5948727130889893
1365889961.026819,868.2926829268292,43.3,2.5979769229888916
1365889961.280289,744.5121951219512,43.3,2.6792049407958984
1365889961.5519629,755.4878048780488,42.8,2.616187572479248
1365889961.829355,949.390243902439,43.3,2.5941355228424072
1365889962.083979,854.2682926829268,43.9,2.59269642829895
1365889962.339297,734.1463414634146,43.3,2.6136419773101807
1365889962.620118,1018.2926829268292,42.8,2.6045548915863037
1365889962.8824651,848.170731707317,43.3,2.5951507091522217
1365889963.140024,841.4634146341463,43.3,2.6249170303344727
1365889963.4204211,814.0243902439024,43.3,2.7031211853027344
1365889963.677353,956.0975609756097,43.3,2.5989251136779785
1365889963.934666,960.3658536585366,42.8,2.6112136840820312
1365889964.208828,925.0,43.3,2.5940237045288086
1365889964.46484,946.3414634146341,43.3,2.597243070602417
1365889964.718644,1031.7073170731708,43.9,2.6013681888580322
1365889964.98252,710.3658536585366,42.8,2.62258243560791
1365889965.2643101,962.8048780487804,43.3,2.602083444595337
1365889965.522136,896.3414634146342,43.3,2.5951945781707764
1365889965.778954,989.0243902439024,43.3,2.6160409450531006
1365889966.053834,871.3414634146342,43.3,2.59623646736145
1365889966.309979,950.0,43.3,2.603419542312622
1365889966.566717,898.1707317073171,43.3,2.603518009185791
1365889966.825818,704.2682926829268,42.8,2.6217286586761475
1365889967.1043358,951.8292682926829,43.3,2.5919759273529053
1365889967.359275,1070.7317073170732,43.3,2.6019480228424072
1365889967.618701,793.2926829268293,43.3,2.6231276988983154
1365889967.898668,887.1951219512196,43.3,2.5972115993499756
1365889968.151864,873.170731707317,43.3,2.5995185375213623
1365889968.407403,976.219512195122,43.3,2.615122079849243
1365889968.6780758,738.4146341463414,43.3,2.6185519695281982
1365889968.953353,929.8780487804878,43.3,2.6009747982025146
1365889969.210003,918.9024390243903,43.3,2.594057083129883
1365889969.467059,807.9268292682927,43.3,2.6181113719940186
1365889969.742004,854.2682926829268,43.3,2.5964624881744385
1365889969.996037,1045.1219512195123,43.3,2.6004798412323
1365889970.2518249,954.2682926829268,43.3,2.60973858833313
1365889970.518684,719.5121951219512,42.8,2.6259899139404297
1365889970.7932742,810.3658536585366,43.3,2.644134521484375
1365889971.04813,904.8780487804878,43.3,2.601694107055664
1365889971.301643,724.390243902439,43.3,2.622865676879883
1365889971.580776,918.2926829268293,43.3,2.59853196144104
1365889971.8338912,945.1219512195122,43.3,2.5923492908477783
1365889972.088706,762.1951219512196,43.3,2.613251209259033
1365889972.354704,713.4146341463414,42.8,2.621407985687256
1365889972.6314209,946.3414634146341,43.3,2.59294056892395
1365889972.8872828,764.0243902439024,43.3,2.5910890102386475
1365889973.1415,715.2439024390244,43.3,2.6163136959075928
1365889973.419876,1004.2682926829267,43.3,2.604112386703491
1365889973.6850948,937.1951219512194,43.3,2.597717523574829
1365889973.939287,860.3658536585366,42.8,2.622642755508423
1365889974.217925,815.2439024390243,43.3,2.5953946113586426
1365889974.475434,814.0243902439024,43.3,2.5956339836120605
1365889974.729988,760.9756097560976,43.3,2.60970401763916
1365889974.99986,735.3658536585366,42.8,2.6234195232391357
1365889975.281098,946.3414634146341,43.3,2.5955162048339844
1365889975.539466,840.2439024390244,43.3,2.595935344696045
1365889975.798783,828.0487804878048,43.3,2.6202926635742188
1365889976.078727,917.0731707317074,43.3,2.593447685241699
1365889976.3340218,946.3414634146341,43.3,2.595571756362915
1365889976.591459,939.0243902439024,42.8,2.615806818008423
1365889976.8698711,834.1463414634146,43.3,2.59810471534729
1365889977.1255622,948.170731707317,43.3,2.598975419998169
1365889977.386739,948.170731707317,43.9,2.6139626502990723
1365889977.6620328,862.1951219512194,42.8,2.616366147994995
1365889977.934183,1101.219512195122,43.3,2.5990734100341797
1365889978.18945,899.390243902439,43.3,2.5974981784820557
1365889978.449007,791.4634146341464,43.3,2.618436336517334
1365889978.725861,1306.7073170731708,43.3,2.613154411315918
1365889978.980054,803.048780487805,43.3,2.620802879333496
1365889979.236396,742.0731707317074,43.3,2.621032476425171
1365889979.514365,821.951219512195,43.3,2.5978200435638428
1365889979.770952,757.3170731707318,43.3,2.5994622707366943
1365889980.028642,967.0731707317073,43.3,2.6130616664886475
1365889980.304081,898.1707317073171,43.3,2.5963635444641113
1365889980.562537,943.9024390243902,43.3,2.599428415298462
1365889980.820572,767.0731707317074,43.3,2.599565029144287
1365889981.0835872,730.4878048780488,42.8,2.622985601425171
1365889981.360558,798.1707317073171,43.3,2.6803483963012695
1365889981.616786,818.2926829268292,43.3,2.5983917713165283
1365889981.875747,1057.9268292682925,43.9,2.6180901527404785
1365889982.150822,926.829268292683,43.3,2.600646734237671
1365889982.407161,949.390243902439,43.9,2.598917245864868
1365889982.668499,1048.170731707317,43.3,2.6036441326141357
1365889982.935243,643.2926829268292,42.8,2.6210269927978516
1365889983.2139468,795.1219512195122,42.8,2.6008224487304688
1365889983.47363,774.390243902439,43.9,2.594613552093506
1365889983.728647,896.9512195121952,43.3,2.617877721786499
1365889984.008731,931.0975609756098,43.3,2.59389066696167
1365889984.265558,816.4634146341463,43.3,2.5983171463012695
1365889984.519213,835.9756097560976,43.3,2.6168665885925293
1365889984.797802,859.1463414634146,43.3,2.5972373485565186
1365889985.051861,865.2439024390244,43.3,2.597466468811035
1365889985.309966,771.3414634146342,43.3,2.618013858795166
1365889985.581007,962.1951219512194,43.3,2.603114604949951
1365889985.836458,1184.1463414634145,43.3,2.595770835876465
1365889986.0917618,849.390243902439,43.3,2.597775459289551
1365889986.348844,1394.5121951219512,42.8,2.6430323123931885
1365889986.628491,1309.7560975609756,42.8,2.5990991592407227
1365889986.8870358,935.9756097560976,43.3,2.592433214187622
1365889987.14273,816.4634146341463,43.3,2.6077089309692383
1365889987.410395,688.4146341463414,42.8,2.6198246479034424
1365889987.6930041,951.8292682926829,43.3,2.596836805343628
1365889987.947972,792.0731707317074,43.9,2.5975325107574463
1365889988.204795,631.0975609756098,43.3,2.6578359603881836
1365889988.482187,849.390243902439,43.3,2.5954573154449463
1365889988.7386172,862.1951219512194,43.9,2.595965623855591
1365889988.995614,849.390243902439,43.3,2.609525680541992
1365889989.2667189,1220.1219512195123,43.3,2.5953524112701416
1365889989.5246751,813.4146341463414,43.3,2.595168352127075
1365889989.782238,838.4146341463414,43.3,2.599992275238037
1365889990.0446458,734.1463414634146,42.8,2.615738868713379
1365889990.3236978,890.8536585365854,43.3,2.604527235031128
1365889990.581302,830.4878048780488,43.3,2.5983896255493164
1365889990.8387341,910.9756097560976,43.3,2.7168736457824707
1365889991.11384,767.0731707317074,43.9,2.594571352005005
1365889991.3710668,971.3414634146342,43.3,2.5958352088928223
1365889991.628288,877.439024390244,43.3,2.6132805347442627
1365889991.904617,865.2439024390244,43.3,2.596966505050659
1365889992.1620429,967.0731707317073,43.3,2.59623384475708
1365889992.420065,770.1219512195122,43.3,2.613248825073242
1365889992.689543,704.2682926829268,42.8,2.619933605194092
1365889992.96601,889.0243902439024,43.3,2.594416856765747
1365889993.2230132,835.3658536585366,43.3,2.5949959754943848
1365889993.48119,731.0975609756098,43.3,2.6186037063598633
1365889993.757793,946.951219512195,43.3,2.593348979949951
1365889994.013632,821.3414634146341,43.3,2.6062371730804443
1365889994.2713091,780.4878048780488,43.3,2.6285324096679688
1365889994.542014,842.0731707317073,43.3,2.5984177589416504
1365889994.7960541,785.9756097560976,43.9,2.5945334434509277
1365889995.052694,921.9512195121952,43.3,2.6002166271209717
1365889995.311636,738.4146341463414,42.8,2.655907392501831
1365889995.5857909,832.3170731707316,43.3,2.6450726985931396
1365889995.8474839,914.0243902439024,43.9,2.5966057777404785
1365889996.101034,1220.7317073170732,43.3,2.6210708618164062
1365889996.375398,946.3414634146341,43.3,2.5973665714263916
1365889996.633089,931.0975609756098,43.3,2.5963261127471924
1365889996.8902552,900.0,43.9,2.600816488265991
1365889997.148376,724.390243902439,42.2,2.6493561267852783
1365889997.4263282,1053.0487804878048,43.3,2.601266622543335
1365889997.684014,985.9756097560976,43.3,2.6004016399383545
1365889997.941185,907.3170731707318,43.3,2.6212751865386963
1365889998.218781,810.9756097560976,43.3,2.6293442249298096
1365889998.476446,1037.8048780487804,43.3,2.598151206970215
1365889998.732406,863.4146341463414,43.3,2.611684560775757
1365889999.0009432,724.390243902439,43.3,2.616438150405884
1365889999.279833,852.4390243902438,43.3,2.5948288440704346
1365889999.534668,843.2926829268292,43.3,2.5984046459198
1365889999.7883708,895.1219512195122,43.3,2.616295099258423
1365890000.064383,839.0243902439024,43.3,2.592583656311035
1365890000.3196611,892.0731707317074,43.3,2.595329999923706
1365890000.575849,937.1951219512194,42.8,2.6682097911834717
1365890000.8405938,692.0731707317073,42.8,2.62443208694458
1365890001.119149,917.0731707317074,43.3,2.591733932495117
1365890001.3737018,840.2439024390244,43.3,2.5962791442871094
1365890001.6270778,776.219512195122,43.3,2.6150760650634766
1365890001.902245,873.170731707317,43.3,2.597470283508301
1365890002.1572711,778.048780487805,43.3,2.5940256118774414
1365890002.413504,868.2926829268292,43.3,2.6495683193206787
1365890002.678766,745.1219512195122,42.8,2.6211416721343994
1365890002.957503,826.2195121951219,43.3,2.5931668281555176
1365890003.2133949,787.1951219512196,44.4,2.598889112472534
1365890003.469292,728.0487804878048,43.3,2.6241183280944824
1365890003.7475939,849.390243902439,42.8,2.5970335006713867
1365890004.000845,846.951219512195,43.3,2.6050825119018555
1365890004.2563698,792.0731707317074,43.3,2.613175392150879
1365890004.526708,860.3658536585366,43.3,2.6049418449401855
1365890004.785014,937.1951219512194,43.9,2.5930936336517334
1365890005.041301,948.170731707317,43.3,2.601269483566284
1365890005.2986,704.2682926829268,43.3,2.61549711227417
1365890005.577939,866.4634146341464,43.3,2.593083381652832
1365890005.8344488,885.3658536585366,43.3,2.5972249507904053
1365890006.090121,945.1219512195122,43.3,2.6098599433898926
1365890006.356514,721.3414634146342,42.8,2.6328115463256836
1365890006.636441,943.9024390243902,43.3,2.6320457458496094
1365890006.8899388,846.951219512195,43.3,2.5970568656921387
1365890007.143737,671.3414634146342,43.3,2.6154792308807373
1365890007.4209018,943.2926829268292,43.3,2.6029441356658936
1365890007.6810958,804.2682926829269,43.9,2.592240571975708
1365890007.936227,879.8780487804878,43.3,2.61283540725708
1365890008.2108328,940.8536585365853,43.3,2.591440439224243
1365890008.46495,921.3414634146342,43.3,2.6297881603240967
1365890008.725562,832.3170731707316,43.3,2.604525566101074
1365890008.9907541,731.0975609756098,42.8,2.6175289154052734
1365890009.270229,1828.0487804878048,44.4,2.5906593799591064
1365890009.524097,868.9024390243902,43.9,2.608942747116089
1365890009.777645,942.0731707317073,43.3,2.6165332794189453
1365890010.0521321,848.170731707317,42.8,2.5961077213287354
1365890010.3053749,846.951219512195,43.9,2.5904972553253174
1365890010.558954,929.8780487804878,43.3,2.596937894821167
1365890010.8175402,756.0975609756098,43.3,2.618732213973999
1365890011.099963,934.1463414634147,43.3,2.596702814102173
1365890011.353477,803.048780487805,43.3,2.5974788665771484
1365890011.612704,1940.8536585365855,43.3,2.6077489852905273
1365890011.8840718,856.0975609756098,43.3,2.5936386585235596
1365890012.138218,780.4878048780488,43.3,2.600580930709839
1365890012.3916538,914.0243902439024,43.3,2.6002867221832275
1365890012.650889,724.390243902439,43.3,2.6352691650390625
1365890012.9331222,874.390243902439,43.3,2.596170425415039
1365890013.1865711,765.2439024390244,43.3,2.5914971828460693
1365890013.44171,842.0731707317073,42.8,2.6095645427703857
1365890013.714466,710.3658536585366,43.3,2.6098406314849854
1365890013.987419,774.390243902439,43.9,2.5923964977264404
1365890014.243399,904.8780487804878,43.3,2.6031157970428467
1365890014.4999208,734.1463414634146,43.3,2.617220640182495
1365890014.774512,932.9268292682927,43.3,2.5918633937835693
1365890015.0293272,781.0975609756098,43.3,2.5965590476989746
1365890015.2831428,934.1463414634147,43.3,2.614865779876709
1365890015.554487,892.0731707317074,43.3,2.5938498973846436
1365890015.808885,935.3658536585366,43.3,2.5981435775756836
1365890016.064322,1073.1707317073171,44.4,2.6000452041625977
1365890016.324545,736.5853658536586,43.3,2.6162469387054443
1365890016.5993059,799.3902439024391,43.3,2.6009559631347656
1365890016.855973,921.3414634146342,43.3,2.5937416553497314
1365890017.11277,898.1707317073171,43.3,2.610297203063965
1365890017.385056,962.1951219512194,43.3,2.6001086235046387
1365890017.6420171,946.951219512195,43.3,2.5978546142578125
1365890017.897213,890.8536585365854,43.3,2.6129815578460693
1365890018.158386,735.3658536585366,43.3,2.6142961978912354
1365890018.4341052,934.1463414634147,43.3,2.597669839859009
1365890018.6897652,854.8780487804878,42.8,2.636658191680908
1365890018.9447858,950.0,42.8,2.6226553916931152
1365890019.219125,760.3658536585366,43.3,2.5963854789733887
1365890019.47296,1067.6829268292684,43.3,2.599503993988037
1365890019.729318,968.9024390243902,43.3,2.59604549407959
1365890019.982978,722.560975609756,42.8,2.616926670074463
1365890020.2615669,959.1463414634146,43.3,2.590773105621338
1365890020.515748,868.9024390243902,43.3,2.5971920490264893
1365890020.769509,867.0731707317074,43.3,2.605381488800049
1365890021.0355148,734.1463414634146,42.8,2.62912917137146
1365890021.3117068,767.0731707317074,43.3,2.6049866676330566
1365890021.566499,915.8536585365854,43.3,2.635493516921997
1365890021.819488,804.2682926829269,42.8,2.6151068210601807
1365890022.0967948,948.170731707317,43.3,2.600026845932007
1365890022.3523378,945.1219512195122,43.3,2.591141939163208
1365890022.607268,804.2682926829269,43.3,2.605123996734619
1365890022.8756192,794.5121951219512,44.4,2.595830202102661
1365890023.1289332,853.0487804878048,43.3,2.59083890914917
1365890023.3826501,903.048780487805,43.9,2.5940656661987305
1365890023.639484,725.0,42.8,2.619781494140625
1365890023.91692,1800.0,43.3,2.591834306716919
1365890024.17258,871.9512195121952,42.8,2.607959747314453
1365890024.429754,943.2926829268292,43.3,2.599238157272339
1365890024.689445,737.1951219512194,42.8,2.6190528869628906
1365890024.96749,915.8536585365854,43.9,2.591593027114868
1365890025.2224572,767.0731707317074,43.3,2.595973491668701
1365890025.476303,725.0,43.3,2.6236801147460938
1365890025.76123,752.439024390244,43.3,2.5966808795928955
1365890026.014715,832.3170731707316,43.3,2.600423812866211
1365890026.2681222,951.8292682926829,43.3,2.609672784805298
1365890026.534712,730.4878048780488,43.3,2.6220905780792236
1365890026.8079512,1059.7560975609756,43.3,2.5969889163970947
1365890027.064723,929.2682926829269,43.3,2.5945372581481934
1365890027.32015,735.3658536585366,42.8,2.617108106613159
1365890027.596398,770.1219512195122,43.3,2.5923988819122314
1365890027.853442,953.0487804878048,43.3,2.59285569190979
1365890028.109237,792.0731707317074,43.9,2.616666078567505
1365890028.38272,866.4634146341464,43.3,2.5936648845672607
1365890028.640147,951.2195121951219,43.3,2.5959725379943848
1365890028.899232,774.390243902439,42.8,2.605441093444824
1365890029.168405,732.3170731707316,42.2,2.6142489910125732
1365890029.446239,931.0975609756098,43.3,2.597111463546753
1365890029.706128,852.4390243902438,43.3,2.6035664081573486
1365890029.960629,723.170731707317,43.3,2.6142611503601074
1365890030.238524,842.0731707317073,43.3,2.595888614654541
1365890030.4977121,1242.6829268292684,43.3,2.603135585784912
1365890030.760951,1719.5121951219512,43.3,2.6241989135742188
1365890031.0486631,937.1951219512194,43.3,2.599013566970825
1365890031.307196,945.1219512195122,43.3,2.596978187561035
1365890031.565751,940.8536585365853,43.3,2.635382890701294
1365890031.846076,926.829268292683,43.9,2.6013145446777344
1365890032.110584,796.9512195121952,43.3,2.5937676429748535
1365890032.367913,821.951219512195,43.3,2.6169240474700928
1365890032.642207,1090.2439024390244,43.3,2.5976293087005615
1365890032.903119,940.8536585365853,43.9,2.596635341644287
1365890033.161288,1071.9512195121952,43.3,2.605139970779419
1365890033.4267452,738.4146341463414,42.2,2.62355637550354
1365890033.7067451,852.4390243902438,43.3,2.6008217334747314
1365890033.9617128,796.9512195121952,43.9,2.596731185913086
1365890034.21688,734.1463414634146,42.8,2.6256392002105713
1365890034.499376,852.4390243902438,43.3,2.595797538757324
1365890034.759104,960.3658536585366,43.3,2.5969295501708984
1365890035.0127912,849.390243902439,43.3,2.6111068725585938
1365890035.2800179,737.1951219512194,42.8,2.6175718307495117
1365890035.558635,857.3170731707316,43.3,2.594496488571167
1365890035.8140318,854.8780487804878,43.3,2.5933632850646973
1365890036.070376,772.5609756097562,42.8,2.629642963409424
1365890036.3460228,996.9512195121952,43.3,2.610687255859375
1365890036.600852,853.0487804878048,44.4,2.5986032485961914
1365890036.85692,951.8292682926829,43.3,2.6249637603759766
1365890037.12799,790.2439024390244,43.3,2.5966129302978516
1365890037.3811898,824.390243902439,43.9,2.595090866088867
1365890037.638391,968.9024390243902,43.3,2.602431058883667
1365890037.9034948,733.5365853658536,42.8,2.6204466819763184
1365890038.179561,782.3170731707318,43.3,2.5917856693267822
1365890038.433814,857.9268292682926,43.3,2.599207878112793
1365890038.6908119,918.9024390243903,43.3,2.608457565307617
1365890038.963104,728.0487804878048,43.3,2.6223013401031494
1365890039.239657,890.2439024390244,43.9,2.5960965156555176
1365890039.49294,885.3658536585366,43.3,2.6024770736694336
1365890039.750274,737.1951219512194,43.3,2.618934154510498
1365890040.0265322,813.4146341463414,43.3,2.5929079055786133
1365890040.281445,926.219512195122,43.3,2.596750259399414
1365890040.5384471,788.4146341463415,43.3,2.6227190494537354
1365890040.81677,884.1463414634146,43.3,2.6014819145202637
1365890041.0773,767.0731707317074,43.3,2.5975184440612793
1365890041.332161,815.2439024390243,43.3,2.6161725521087646
1365890041.5989199,703.0487804878048,43.3,2.6124634742736816
1365890041.87511,943.9024390243902,43.3,2.5993828773498535
1365890042.13024,792.0731707317074,43.3,2.59598708152771
1365890042.38408,734.1463414634146,43.3,2.618089199066162
1365890042.665718,779.2682926829268,43.3,2.597622871398926
1365890042.922951,888.4146341463414,43.9,2.5958681106567383
1365890043.176468,741.4634146341464,43.3,2.6145224571228027
1365890043.454976,939.0243902439024,43.3,2.5981101989746094
1365890043.7091231,860.9756097560976,43.3,2.5935044288635254
1365890043.963875,910.9756097560976,43.3,2.639892578125
1365890044.235348,737.1951219512194,43.3,2.6143720149993896
1365890044.513088,877.439024390244,43.3,2.604865312576294
1365890044.7798169,845.1219512195122,43.9,2.6341421604156494
1365890045.034928,926.829268292683,43.3,2.6158297061920166
1365890045.307276,890.2439024390244,43.3,2.6838572025299072
1365890045.5607371,931.0975609756098,43.3,2.706851005554199
1365890045.815016,948.170731707317,43.3,2.6120951175689697
1365890046.07633,807.9268292682927,43.3,2.621555805206299
1365890046.353251,777.439024390244,43.3,2.595578670501709
1365890046.606605,774.390243902439,43.3,2.5941057205200195
1365890046.861894,779.2682926829268,43.3,2.6031174659729004
1365890047.1290848,728.0487804878048,43.3,2.623328924179077
1365890047.403532,921.3414634146342,43.3,2.6007325649261475
1365890047.66111,806.0975609756098,43.3,2.5935723781585693
1365890047.9179761,742.0731707317074,43.3,2.6185035705566406
1365890048.1945589,907.9268292682927,43.3,2.593508720397949
1365890048.450486,785.3658536585366,43.3,2.604614019393921
1365890048.7039082,889.0243902439024,43.3,2.6166610717773438
1365890048.98161,790.2439024390244,43.9,2.5991973876953125
1365890049.238508,937.8048780487804,43.9,2.6018662452697754
1365890049.494687,809.1463414634147,42.8,2.6106364727020264
1365890049.761899,812.1951219512194,43.3,2.619504451751709
1365890050.038851,812.1951219512194,43.3,2.5991859436035156
1365890050.29597,889.0243902439024,43.3,2.592205286026001
1365890050.550466,796.3414634146342,43.3,2.673288345336914
1365890050.829056,928.048780487805,42.8,2.601468563079834
1365890051.084384,885.9756097560976,43.9,2.60243558883667
1365890051.342059,940.2439024390243,43.3,2.608766555786133
1365890051.6132212,698.170731707317,43.3,2.6157870292663574
1365890051.88882,1669.5121951219512,43.3,2.593569755554199
1365890052.144264,798.1707317073171,43.3,2.5957677364349365
1365890052.398468,843.9024390243902,43.3,2.6210756301879883
1365890052.67585,841.4634146341463,43.3,2.5960233211517334
1365890052.9340081,926.829268292683,43.3,2.5959830284118652
1365890053.1886568,767.0731707317074,43.3,2.6116113662719727
1365890053.456918,739.0243902439024,43.3,2.6165852546691895
1365890053.7344818,929.2682926829269,43.3,2.604689121246338
1365890053.991233,782.3170731707318,43.3,2.594428777694702
1365890054.249092,708.5365853658536,43.3,2.6173555850982666
1365890054.52836,860.9756097560976,43.3,2.5991082191467285
1365890054.7905111,942.0731707317073,43.9,2.5930392742156982
1365890055.046701,962.8048780487804,43.3,2.617626905441284
1365890055.326383,805.4878048780488,43.3,2.5988450050354004
1365890055.586569,875.0,43.3,2.5964279174804688
1365890055.842011,951.2195121951219,42.8,2.6035804748535156
1365890056.10922,748.170731707317,42.8,2.614792585372925
1365890056.3874729,934.1463414634147,43.3,2.596707820892334
1365890056.64625,1204.8780487804877,43.3,2.601874351501465
1365890056.90371,731.0975609756098,43.3,2.622197389602661
1365890057.184863,953.0487804878048,43.9,2.6011016368865967
1365890057.43929,820.1219512195122,43.3,2.7751786708831787
1365890057.695594,979.2682926829268,43.3,2.6144752502441406
1365890057.973509,1056.09756097561,43.9,2.5994391441345215
1365890058.229002,932.3170731707318,43.3,2.6404783725738525
1365890058.482156,887.1951219512196,43.3,2.6059107780456543
1365890058.749026,723.170731707317,43.3,2.6198172569274902
1365890059.031701,1006.0975609756098,43.3,2.596757411956787
1365890059.29009,984.7560975609756,43.3,2.596788167953491
1365890059.5472598,737.1951219512194,42.8,2.619109630584717
1365890059.8288472,760.3658536585366,43.9,2.7370035648345947
1365890060.0848808,968.9024390243902,43.3,2.6271615028381348
1365890060.340854,741.4634146341464,43.3,2.6463747024536133
1365890060.61477,898.1707317073171,43.3,2.598345994949341
1365890060.87677,957.3170731707316,43.3,2.598487138748169
1365890061.134906,973.170731707317,43.3,2.649196147918701
1365890061.409722,773.1707317073171,43.9,2.601999521255493
1365890061.665304,838.4146341463414,43.3,2.6001574993133545
1365890061.9238012,1004.8780487804878,43.3,2.598686695098877
1365890062.184704,723.170731707317,43.3,2.6232714653015137
1365890062.466435,920.1219512195122,43.3,2.5988712310791016
1365890062.727293,898.1707317073171,43.3,2.599010944366455
1365890062.987423,787.1951219512196,43.9,2.6203887462615967
1365890063.2682428,899.390243902439,43.3,2.5964417457580566
1365890063.529021,909.1463414634146,43.3,2.6032423973083496
1365890063.793979,962.1951219512194,43.3,2.611807107925415
1365890064.0690198,859.1463414634146,43.9,2.592541456222534
1365890064.325582,957.9268292682926,43.9,2.5999279022216797
1365890064.582031,826.2195121951219,43.3,2.6081340312957764
1365890064.852832,777.439024390244,43.3,2.6147658824920654
1365890065.130334,915.8536585365854,43.9,2.7500646114349365
1365890065.3867898,929.2682926829269,43.9,2.5923941135406494
1365890065.643687,724.390243902439,43.3,2.615551233291626
1365890065.92322,949.390243902439,43.3,2.595547914505005
1365890066.181702,907.9268292682927,43.3,2.5963056087493896
1365890066.435533,795.1219512195122,43.3,2.6167819499969482
1365890066.714499,882.3170731707318,43.3,2.598663806915283
1365890066.967744,926.219512195122,43.3,2.5891778469085693
1365890067.221548,890.8536585365854,43.3,2.6082193851470947
1365890067.493276,794.5121951219512,43.3,2.615041971206665
1365890067.772654,998.170731707317,43.3,2.5963387489318848
1365890068.0266979,937.1951219512194,43.3,2.5917413234710693
1365890068.2829702,920.1219512195122,43.3,2.621502161026001
1365890068.5620449,845.1219512195122,43.9,2.5915162563323975
1365890068.8181021,832.3170731707316,43.3,2.595210552215576
1365890069.07527,951.8292682926829,43.3,2.618945598602295
1365890069.347492,789.0243902439024,43.3,2.5980260372161865
1365890069.602858,770.1219512195122,43.3,2.6022331714630127
1365890069.8579571,865.2439024390244,42.8,2.60002064704895
1365890070.1227891,739.0243902439024,43.3,2.6207895278930664
1365890070.397166,800.0,43.3,2.5961780548095703
1365890070.6528199,982.3170731707316,43.3,2.590731620788574
1365890070.9081879,896.9512195121952,43.3,2.610210418701172
1365890071.18256,775.0,43.3,2.5971481800079346
1365890071.436193,889.0243902439024,43.3,2.597656011581421
1365890071.6917381,943.9024390243902,43.3,2.6116888523101807
1365890071.963028,1677.439024390244,43.3,2.5927720069885254
1365890072.2202408,795.1219512195122,43.9,2.5917446613311768
1365890072.475429,889.0243902439024,43.3,2.647329092025757
1365890072.737644,722.560975609756,43.3,2.622692823410034
1365890073.019988,804.2682926829269,43.3,2.593343734741211
1365890073.2748952,934.1463414634147,43.9,2.592226266860962
1365890073.530381,987.8048780487804,43.3,2.611738443374634
1365890073.8046238,744.5121951219512,42.8,2.610527276992798
1365890074.077894,860.9756097560976,43.3,2.597805976867676
1365890074.3381782,875.0,43.9,2.650118350982666
1365890074.591646,729.2682926829268,43.3,2.615189552307129
1365890074.8712902,804.2682926829269,43.3,2.59871506690979
1365890075.126344,881.0975609756098,43.9,2.597125768661499
1365890075.38292,737.1951219512194,43.3,2.61932373046875
1365890075.660748,932.9268292682927,43.3,2.595593214035034
1365890075.91605,948.170731707317,43.3,2.597217321395874
1365890076.169742,798.1707317073171,43.3,2.6621768474578857
1365890076.43932,830.4878048780488,43.3,2.6170601844787598
1365890076.7205398,776.219512195122,43.3,2.59108304977417
1365890076.97605,805.4878048780488,43.3,2.5978212356567383
1365890077.231654,719.5121951219512,43.3,2.617311716079712
1365890077.510427,771.3414634146342,43.3,2.5974440574645996
1365890077.768123,828.0487804878048,43.3,2.6118826866149902
1365890078.024927,943.2926829268292,43.3,2.6155645847320557
1365890078.2962508,912.1951219512196,43.9,2.5941503047943115
1365890078.554444,937.8048780487804,43.3,2.60550594329834
1365890078.816948,945.1219512195122,43.3,2.602961778640747
1365890079.084914,695.1219512195122,42.8,2.610609531402588
1365890079.359667,807.3170731707318,43.3,2.597799062728882
1365890079.613754,793.2926829268293,43.3,2.5964596271514893
1365890079.871261,653.6585365853658,43.3,2.6210248470306396
1365890080.1484108,770.1219512195122,43.9,2.593494415283203
1365890080.405503,1383.5365853658536,43.3,2.5919556617736816
1365890080.6588538,909.1463414634146,43.3,2.6228795051574707
1365890080.937484,1860.3658536585365,43.9,2.5930299758911133
1365890081.1920419,943.2926829268292,43.3,2.5910754203796387
1365890081.446642,929.8780487804878,43.3,2.5965495109558105
1365890081.706591,959.1463414634146,43.3,2.6188812255859375
1365890081.9870138,845.1219512195122,43.3,2.5943126678466797
1365890082.244603,852.4390243902438,43.9,2.593204975128174
1365890082.5031512,821.3414634146341,43.3,2.6264426708221436
1365890082.787083,902.439024390244,43.3,2.5993447303771973
1365890083.0441349,829.2682926829268,43.3,2.6292757987976074
1365890083.300939,937.1951219512194,43.3,2.6106717586517334
1365890083.575576,732.3170731707316,43.3,2.6149744987487793
1365890083.8515992,1001.219512195122,43.3,2.71418833732605
1365890084.106314,819.5121951219512,43.3,2.5975568294525146
1365890084.3616462,740.2439024390244,43.3,2.6277883052825928
1365890084.639339,953.0487804878048,43.9,2.592073678970337
1365890084.8959968,909.1463414634146,43.3,2.619833469390869
1365890085.151288,909.1463414634146,43.3,2.6104846000671387
1365890085.426843,956.0975609756097,43.9,2.594388246536255
1365890085.6858392,1010.9756097560976,43.9,2.598522663116455
1365890085.944503,1031.7073170731708,43.3,2.6074917316436768
1365890086.210774,727.4390243902438,42.8,2.612332344055176
1365890086.487524,1032.9268292682927,43.3,2.598397970199585
1365890086.743964,959.1463414634146,43.3,2.6019623279571533
1365890086.9986298,748.170731707317,43.3,2.618163585662842
1365890087.2755961,987.1951219512194,43.3,2.594248056411743
1365890087.531518,929.8780487804878,43.9,2.596341133117676
1365890087.792413,1081.7073170731708,43.3,2.6205103397369385
1365890088.066937,832.3170731707316,43.3,2.594381332397461
1365890088.3246112,863.4146341463414,43.3,2.5929136276245117
1365890088.581008,965.8536585365854,44.4,2.64383602142334
1365890088.84218,734.1463414634146,43.3,2.6166324615478516
1365890089.1202528,918.2926829268293,43.3,2.59716796875
1365890089.3738189,783.5365853658537,43.3,2.593611240386963
1365890089.628587,899.390243902439,43.3,2.6184380054473877
1365890089.89653,731.0975609756098,43.3,2.6229898929595947
1365890090.175274,1001.8292682926829,43.3,2.5944926738739014
1365890090.428975,795.1219512195122,43.3,2.59234356880188
1365890090.685772,629.2682926829268,43.3,2.6162109375
1365890090.966775,803.048780487805,44.4,2.59468150138855
1365890091.219926,784.1463414634146,43.3,2.5954201221466064
1365890091.473558,945.1219512195122,43.3,2.606337785720825
1365890091.7435288,776.219512195122,43.3,2.589676856994629
1365890091.9981031,845.1219512195122,43.3,2.595735788345337
1365890092.252631,913.4146341463415,43.9,2.605910539627075
1365890092.512025,728.0487804878048,42.8,2.6156554222106934
1365890092.7919009,796.3414634146342,43.9,2.5925519466400146
1365890093.048973,921.3414634146342,43.9,2.5985825061798096
1365890093.304074,981.0975609756098,43.3,2.603557825088501
1365890093.567932,732.3170731707316,43.3,2.707909107208252
1365890093.84925,902.439024390244,43.9,2.6084280014038086
1365890094.1092649,1118.9024390243903,42.8,2.6511435508728027
1365890094.3629289,736.5853658536586,43.3,2.616593360900879
1365890094.637378,898.1707317073171,43.9,2.592752695083618
1365890094.894306,850.0,43.9,2.5929718017578125
1365890095.152044,742.0731707317074,43.9,2.6167991161346436
1365890095.427666,885.3658536585366,43.3,2.5902822017669678
1365890095.6824908,1325.0,43.9,2.603576183319092
1365890095.942434,926.829268292683,43.3,2.607435464859009
1365890096.211164,903.048780487805,43.3,2.596761465072632
1365890096.464876,828.0487804878048,43.3,2.5968077182769775
1365890096.724434,771.3414634146342,43.3,2.6642961502075195
1365890096.9877918,728.0487804878048,43.3,2.619192600250244
1365890097.265472,779.2682926829268,43.3,2.5918991565704346
1365890097.520758,877.439024390244,43.3,2.6057207584381104
1365890097.776394,857.3170731707316,43.3,2.6372880935668945
1365890098.044063,733.5365853658536,42.8,2.617605209350586
1365890098.323393,824.390243902439,43.3,2.5965380668640137
1365890098.578043,814.0243902439024,43.9,2.619568109512329
1365890098.8363361,729.2682926829268,43.3,2.6156821250915527
1365890099.116321,973.780487804878,43.9,2.5945041179656982
1365890099.370564,957.3170731707316,43.3,3.0329296588897705
1365890099.6242838,737.1951219512194,43.3,2.7937769889831543
1365890099.903401,765.2439024390244,43.3,2.593428611755371
1365890100.16101,796.3414634146342,44.4,2.597773313522339
1365890100.4164128,787.1951219512196,43.3,2.639677047729492
1365890100.6857011,730.4878048780488,43.3,2.6469709873199463
1365890100.962982,965.8536585365854,43.9,2.594351291656494
1365890101.219035,804.2682926829269,43.9,2.5944507122039795
1365890101.474167,739.0243902439024,44.4,2.617764949798584
1365890101.7562182,913.4146341463415,43.9,2.596223831176758
1365890102.0099468,973.780487804878,43.9,2.594820499420166
1365890102.266113,954.2682926829268,43.9,2.616831064224243
1365890102.544926,1135.9756097560976,43.3,2.589264154434204
1365890102.799123,815.2439024390243,43.9,2.5923056602478027
1365890103.056065,962.1951219512194,43.3,2.6007165908813477
1365890103.317268,735.3658536585366,42.8,2.6176278591156006
1365890103.5961332,867.0731707317074,43.3,2.60221791267395
1365890103.856883,888.4146341463414,43.3,2.590909481048584
1365890104.112472,960.9756097560976,43.3,2.6202175617218018
1365890104.387307,1618.2926829268295,43.3,2.6164710521698
1365890104.6414888,810.9756097560976,43.3,2.591350793838501
1365890104.896698,1110.9756097560976,43.9,2.605823040008545
1365890105.160525,737.1951219512194,43.3,2.616295099258423
