1365889803.2997224,2294.512195121951,54.8,1.516524076461792
1365889803.5155249,1591.4634146341464,54.2,1.47770357131958
1365889803.7311783,1680.4878048780488,54.2,1.4897117614746094
1365889803.9595826,2400.609756097561,53.7,1.4822719097137451
1365889804.18758,1953.0487804878048,53.7,1.4827449321746826
1365889804.416042,1634.1463414634145,53.7,1.4977705478668213
1365889804.6436746,1643.2926829268292,53.7,1.4797697067260742
1365889804.8716953,2640.243902439024,53.7,1.4856171607971191
1365889805.0997853,1489.6341463414635,53.7,1.5022132396697998
1365889805.3280184,1474.390243902439,53.7,1.53623366355896
1365889805.5557299,1692.0731707317075,53.2,1.514570951461792
1365889805.7836585,1469.5121951219512,53.2,1.4826126098632812
1365889806.0118232,1518.2926829268292,53.2,1.6071133613586426
1365889806.2395225,1617.6829268292684,53.2,1.500309705734253
1365889806.4673717,1562.8048780487804,53.2,1.4920213222503662
1365889806.6953068,1632.3170731707316,53.7,1.5483531951904297
1365889806.9236042,1712.1951219512196,53.7,1.4731686115264893
1365889807.1475394,1605.4878048780488,53.7,1.4693515300750732
1365889807.3631804,2151.829268292683,53.7,1.4941308498382568
1365889807.5788853,1591.4634146341464,53.7,1.4832308292388916
1365889807.8069737,1488.4146341463415,53.2,1.4911408424377441
1365889808.0344076,1556.7073170731708,52.6,1.5287599563598633
1365889808.2621696,1606.7073170731708,53.7,1.486788272857666
1365889808.490134,1653.6585365853657,53.2,1.506289005279541
1365889808.718164,1488.4146341463415,53.2,1.5737056732177734
1365889808.9466383,1490.8536585365855,53.2,1.5019221305847168
1365889809.1746757,1490.8536585365855,53.2,1.4887185096740723
1365889809.404821,1751.219512195122,52.6,1.5042273998260498
1365889809.6333423,1579.2682926829268,52.6,1.5000104904174805
1365889809.8616364,1612.1951219512196,53.2,1.5099377632141113
1365889810.089705,1679.2682926829268,52.6,1.4931395053863525
1365889810.3184056,1578.6585365853657,52.6,1.521507740020752
1365889810.5479922,2053.048780487805,53.2,1.4957149028778076
1365889810.777577,1682.3170731707316,52.6,1.5133581161499023
1365889810.9933343,1881.0975609756097,52.6,1.4842782020568848
1365889811.2232502,1587.1951219512196,52.6,1.4875004291534424
1365889811.4515853,1582.3170731707316,52.6,1.4813439846038818
1365889811.6801932,1509.7560975609756,53.2,1.5013694763183594
1365889811.9088087,1907.9268292682927,53.2,1.4781174659729004
1365889812.1373534,1703.6585365853657,52.6,1.4831936359405518
1365889812.3696709,1516.4634146341461,52.6,1.508558750152588
1365889812.5974655,1989.0243902439024,52.6,1.4843487739562988
1365889812.8269305,1579.2682926829268,52.6,1.5401954650878906
1365889813.0552185,1601.219512195122,53.7,1.4911015033721924
1365889813.28323,1662.1951219512193,52.6,1.4865679740905762
1365889813.510972,1520.7317073170732,52.6,1.5151803493499756
1365889813.739292,1515.2439024390244,52.6,1.4829177856445312
1365889813.969687,1606.7073170731708,53.2,1.4803378582000732
1365889814.1989763,1793.2926829268292,52.6,1.5824356079101562
1365889814.416968,1960.9756097560976,53.7,1.530548095703125
1365889814.6327178,1817.0731707317075,53.2,1.497673749923706
1365889814.8487742,1750.6097560975609,53.2,1.5230159759521484
1365889815.077285,1656.7073170731708,52.6,1.538210391998291
1365889815.305087,1545.7317073170732,52.6,1.744739055633545
1365889815.5330586,1560.3658536585365,52.6,1.5184524059295654
1365889815.7614202,1563.4146341463415,52.6,1.4994869232177734
1365889815.9896967,1610.3658536585365,53.2,1.5083017349243164
1365889816.218342,1505.4878048780486,53.2,1.613114595413208
1365889816.4462073,1803.0487804878048,52.6,1.4990956783294678
1365889816.673979,1488.4146341463415,53.2,1.4781184196472168
1365889816.901891,1778.0487804878048,52.6,1.499211311340332
1365889817.129914,2502.439024390244,52.6,1.482076644897461
1365889817.359163,1589.6341463414633,52.6,1.481999397277832
1365889817.588629,1552.439024390244,52.1,1.481184482574463
1365889817.8179219,1484.7560975609756,52.6,1.490502119064331
1365889818.0458415,2189.6341463414633,53.2,1.5430197715759277
1365889818.2617323,1849.390243902439,53.7,1.527040958404541
1365889818.4775517,1609.7560975609756,53.2,1.5154263973236084
1365889818.693824,2028.0487804878046,53.7,1.4791960716247559
1365889818.9098284,1554.2682926829268,53.2,1.557593584060669
1365889819.1378818,1472.5609756097563,53.2,1.488232135772705
1365889819.367167,1544.5121951219512,52.6,1.5356321334838867
1365889819.5968475,1471.3414634146343,52.6,1.4888041019439697
1365889819.8248317,1594.5121951219512,53.2,1.576444387435913
1365889820.052704,1601.219512195122,53.2,1.4815988540649414
1365889820.2805014,1523.780487804878,52.6,1.5253570079803467
1365889820.5095048,1659.1463414634147,52.6,1.6084442138671875
1365889820.7375698,1518.2926829268292,52.6,1.4817962646484375
1365889820.9657006,1487.8048780487804,52.6,1.5860214233398438
1365889821.1940403,1473.7804878048782,52.6,1.507028341293335
1365889821.4223452,1960.9756097560976,52.6,1.4859728813171387
1365889821.650618,1526.8292682926829,53.2,1.4927968978881836
1365889821.878239,1508.5365853658536,52.6,1.4823393821716309
1365889822.106879,1778.0487804878048,53.2,1.4756929874420166
1365889822.322466,1633.5365853658536,53.2,1.4726166725158691
1365889822.5381033,1766.4634146341461,52.6,1.5147693157196045
1365889822.7662892,1646.341463414634,52.6,1.5264575481414795
1365889822.9941154,1508.5365853658536,52.6,1.7005822658538818
1365889823.2219782,1652.4390243902437,52.6,1.5883331298828125
1365889823.4495177,1630.4878048780486,52.6,1.5614674091339111
1365889823.6774242,1904.8780487804877,52.6,1.6380224227905273
1365889823.9050233,1752.439024390244,52.6,1.5647344589233398
1365889824.1326382,1507.3170731707316,52.1,2.322397470474243
1365889824.3606298,1746.341463414634,52.6,2.0961527824401855
1365889824.5886035,1485.3658536585365,52.6,1.9865977764129639
1365889824.8162076,1683.5365853658536,52.6,1.7611794471740723
1365889825.0434842,1692.0731707317075,52.6,1.5364410877227783
1365889825.2714646,1491.4634146341464,52.1,1.531745195388794
1365889825.499101,1740.2439024390244,52.6,2.460658550262451
1365889825.7268062,1982.9268292682927,52.6,2.233924150466919
1365889825.942529,1981.09756097561,52.6,2.1533446311950684
1365889826.1585922,1589.6341463414633,53.7,1.938873291015625
1365889826.3740597,1588.4146341463415,53.7,1.7250399589538574
1365889826.5898142,1600.6097560975609,53.2,1.5112919807434082
1365889826.8052719,1579.2682926829268,53.2,1.4705359935760498
1365889827.0214758,1935.9756097560976,53.7,1.4835536479949951
1365889827.237167,1486.5853658536585,53.2,1.5140962600708008
1365889827.4647343,2548.7804878048782,52.6,1.525432825088501
1365889827.6926208,1543.2926829268292,52.6,1.4981293678283691
1365889827.9205627,1718.2926829268292,53.2,1.4972951412200928
1365889828.148314,1485.3658536585365,52.6,1.4893848896026611
1365889828.3762534,1708.5365853658536,52.6,1.7363066673278809
1365889828.604129,1486.5853658536585,52.6,1.515385627746582
1365889828.8321629,1577.439024390244,53.2,1.572338342666626
1365889829.0597806,1499.390243902439,53.2,1.57938814163208
1365889829.2877574,1565.2439024390244,52.6,1.5428986549377441
1365889829.5152733,1490.8536585365855,53.2,1.4911768436431885
1365889829.7430024,1668.2926829268292,53.2,1.4904420375823975
1365889829.9713368,1674.390243902439,52.6,1.4961683750152588
1365889830.199269,1476.8292682926829,53.2,1.4854152202606201
1365889830.4285643,1464.6341463414633,52.6,1.4828946590423584
1365889830.6487575,1610.3658536585365,53.2,1.4664769172668457
1365889830.8643765,1605.4878048780488,53.2,1.475285530090332
1365889831.0802073,1715.2439024390244,52.6,1.4955065250396729
1365889831.308058,1479.878048780488,52.6,1.5245506763458252
1365889831.537712,1583.5365853658536,52.6,1.4994189739227295
1365889831.7696545,1621.341463414634,52.6,1.4859187602996826
1365889831.9982703,1493.2926829268295,53.2,1.4823040962219238
1365889832.2263002,1764.0243902439024,52.6,1.4989352226257324
1365889832.4540598,2175.0,52.6,1.4947824478149414
1365889832.6824753,1487.8048780487804,52.6,1.5185108184814453
1365889832.91117,1714.6341463414633,52.6,1.4883897304534912
1365889833.1387725,1553.658536585366,52.6,1.4982023239135742
1365889833.3675575,1506.7073170731705,52.6,1.4848523139953613
1365889833.5979636,1504.2682926829268,53.2,1.559412956237793
1365889833.826331,1489.6341463414635,52.6,1.5059876441955566
1365889834.0542464,1586.5853658536587,52.6,1.5633533000946045
1365889834.2819893,1611.5853658536585,52.6,1.4852757453918457
1365889834.4977856,1646.341463414634,52.1,1.5312025547027588
1365889834.7255201,1544.5121951219512,52.6,1.4941296577453613
1365889834.955464,1628.658536585366,52.6,1.4833674430847168
1365889835.1834943,1478.658536585366,52.6,1.4831006526947021
1365889835.4114914,1602.439024390244,52.6,1.4908866882324219
1365889835.6412652,1485.3658536585365,52.6,1.5375909805297852
1365889835.8690846,1766.4634146341461,52.6,1.5777113437652588
1365889836.096786,1490.8536585365855,52.6,1.4958584308624268
1365889836.3244634,1609.7560975609756,52.1,1.4924561977386475
1365889836.5522633,1515.2439024390244,52.6,1.4891078472137451
1365889836.78118,1632.3170731707316,52.6,1.4921464920043945
1365889837.0093143,1475.6097560975609,52.1,1.4920921325683594
1365889837.2394547,1543.2926829268292,52.1,1.4889886379241943
1365889837.469128,1488.4146341463415,51.5,1.5125019550323486
1365889837.6972284,1489.6341463414635,52.1,1.5362772941589355
1365889837.9150012,1459.7560975609756,52.6,1.4877784252166748
1365889838.1430776,1623.1707317073171,52.1,1.488044023513794
1365889838.3722813,1882.3170731707316,52.6,1.4816763401031494
1365889838.6006675,1712.1951219512196,52.6,1.4826109409332275
1365889838.8285854,1498.780487804878,52.6,1.4815123081207275
1365889839.0567174,1495.7317073170732,52.6,1.514089584350586
1365889839.2843866,1590.2439024390244,52.6,1.552154302597046
1365889839.5120735,1618.2926829268295,52.6,1.5707385540008545
1365889839.7397828,1488.4146341463415,52.6,1.504345417022705
1365889839.9691749,1483.5365853658539,52.6,1.4778625965118408
1365889840.197153,1829.2682926829268,53.2,1.483902931213379
1365889840.4248269,1527.4390243902437,52.6,1.5287714004516602
1365889840.654826,1701.219512195122,52.6,1.4794538021087646
1365889840.8827116,1632.3170731707316,52.6,1.4842069149017334
1365889841.1109009,1481.7073170731708,52.6,1.4896900653839111
1365889841.3360133,1773.1707317073171,52.6,1.5924959182739258
1365889841.5517402,1569.5121951219512,52.6,1.4864692687988281
1365889841.7801843,1561.5853658536585,52.6,1.491234540939331
1365889842.0100653,1605.4878048780488,52.6,2.9220850467681885
1365889842.2382977,1770.121951219512,53.2,2.7080888748168945
1365889842.4679408,1523.780487804878,53.2,2.4956061840057373
1365889842.6969314,1680.4878048780488,52.1,2.275502920150757
1365889842.9250824,1578.6585365853657,52.6,2.060389995574951
1365889843.1530225,1485.3658536585365,52.6,1.8477506637573242
1365889843.3818414,1704.2682926829268,52.6,1.6352393627166748
1365889843.6117697,1507.3170731707316,52.1,1.626720905303955
1365889843.839788,1726.219512195122,52.6,1.5361425876617432
1365889844.0697842,1756.0975609756097,52.6,1.4830763339996338
1365889844.2982013,1502.439024390244,52.6,1.4828197956085205
1365889844.5262587,1474.390243902439,52.1,1.4835758209228516
1365889844.754496,1539.6341463414633,52.6,1.5116419792175293
1365889844.983244,1618.2926829268295,52.6,1.4713492393493652
1365889845.1993008,2443.9024390243903,53.2,1.468851089477539
1365889845.4150512,1632.3170731707316,52.6,1.484837532043457
1365889845.6451092,1609.7560975609756,52.6,1.5011875629425049
1365889845.8733974,1590.2439024390244,52.6,1.5013694763183594
1365889846.1014848,1487.8048780487804,52.6,1.6349902153015137
1365889846.3294356,1590.2439024390244,52.6,1.6070713996887207
1365889846.55861,1762.1951219512196,52.1,1.7296411991119385
1365889846.7872841,1556.7073170731708,52.6,1.6093206405639648
1365889847.016397,1794.5121951219512,52.1,1.4848346710205078
1365889847.244532,1622.560975609756,52.6,1.4789764881134033
1365889847.4742165,1529.2682926829268,53.2,1.4781477451324463
1365889847.7022412,1633.5365853658536,52.6,1.53084135055542
1365889847.9306734,1662.1951219512193,52.6,1.6815359592437744
1365889848.158799,2523.7804878048782,52.6,1.4800686836242676
1365889848.387171,1547.560975609756,52.6,1.5061278343200684
1365889848.6172588,1498.780487804878,52.6,1.485809087753296
1365889848.8453124,1943.90243902439,52.6,1.4739561080932617
1365889849.061807,1758.5365853658536,53.7,1.4707567691802979
1365889849.2782228,2766.4634146341464,53.2,1.4772498607635498
1365889849.494119,1870.121951219512,52.6,1.468752145767212
1365889849.7098138,1923.170731707317,53.7,1.4741573333740234
1365889849.9253612,1875.0,53.2,1.5204977989196777
1365889850.140984,1907.3170731707316,53.7,1.4790699481964111
1365889850.3568885,1960.3658536585367,53.7,1.478118896484375
1365889850.5742974,1896.9512195121952,53.2,1.552614688873291
1365889850.7901108,2017.0731707317073,53.7,1.5170457363128662
1365889851.0062156,1594.5121951219512,53.7,1.4994022846221924
1365889851.2219486,1606.7073170731708,53.7,1.4960098266601562
1365889851.4377325,1912.1951219512193,53.7,1.6732385158538818
1365889851.6536546,2529.268292682927,53.7,1.5211694240570068
1365889851.869364,1874.390243902439,53.7,1.476623296737671
1365889852.0850723,1738.4146341463415,52.6,1.4654629230499268
1365889852.3010678,1920.1219512195123,52.6,1.4705259799957275
1365889852.5170302,1527.4390243902437,53.7,1.4787287712097168
1365889852.744991,1691.4634146341464,53.2,1.4859254360198975
1365889852.973552,1772.560975609756,53.2,1.4792754650115967
1365889853.20171,1681.09756097561,53.7,1.4857861995697021
1365889853.4298494,1616.4634146341464,53.2,1.497598648071289
1365889853.658284,2145.731707317073,53.2,1.477843999862671
1365889853.8879285,1766.4634146341461,52.6,1.495309829711914
1365889854.1159196,1611.5853658536585,52.6,1.49369478225708
1365889854.343926,1488.4146341463415,52.6,1.5080103874206543
1365889854.5728137,1915.2439024390244,52.6,1.4876770973205566
1365889854.803555,1852.439024390244,52.6,1.4790995121002197
1365889855.0323956,1490.8536585365855,53.2,1.5455260276794434
1365889855.2625709,2073.780487804878,53.2,1.5278172492980957
1365889855.490849,2570.7317073170734,52.6,1.5510010719299316
1365889855.7192912,1485.3658536585365,53.2,1.4839229583740234
1365889855.9472792,2007.3170731707316,52.6,1.4642577171325684
1365889856.163201,1466.4634146341464,52.6,1.4770383834838867
1365889856.3917704,1499.390243902439,53.2,1.4809811115264893
1365889856.6214657,1643.2926829268292,52.6,1.5061366558074951
1365889856.8507292,1589.6341463414633,52.6,1.543590784072876
1365889857.0799189,1491.4634146341464,52.6,1.4806866645812988
1365889857.3077788,1781.0975609756097,52.1,1.572633981704712
1365889857.535783,1660.3658536585367,52.6,1.5307931900024414
1365889857.7636764,1486.5853658536585,52.6,1.4907467365264893
1365889857.9919574,1522.560975609756,52.6,1.4913005828857422
1365889858.2228708,1541.4634146341464,53.2,1.4803543090820312
1365889858.4517624,1564.6341463414635,53.2,1.4891018867492676
1365889858.679989,1796.3414634146343,52.6,1.5476670265197754
1365889858.9080586,1660.3658536585367,52.6,1.4850938320159912
1365889859.1362007,2559.7560975609754,52.6,1.5076267719268799
1365889859.3639019,2352.439024390244,52.6,1.492844820022583
1365889859.5879498,1865.2439024390244,53.2,1.477653980255127
1365889859.8034892,1805.4878048780488,53.2,1.4743976593017578
1365889860.0196176,1828.0487804878048,53.2,1.5928854942321777
1365889860.2480016,1479.878048780488,53.7,1.570209264755249
1365889860.4775286,1508.5365853658536,53.2,1.5008668899536133
1365889860.7059474,1597.5609756097563,53.2,1.479487419128418
1365889860.933899,1514.6341463414635,52.6,1.4907042980194092
1365889861.1623204,1473.7804878048782,52.6,1.5156378746032715
1365889861.3907115,1473.7804878048782,52.6,1.514237880706787
1365889861.6188183,1567.6829268292684,52.6,1.509059190750122
1365889861.8470192,1635.3658536585365,52.6,1.5031042098999023
1365889862.0750756,1641.4634146341461,52.6,1.504432201385498
1365889862.3034852,1675.6097560975609,52.6,1.4843006134033203
1365889862.5319996,1789.0243902439024,52.6,1.4813878536224365
1365889862.760976,1611.5853658536585,53.2,1.5460641384124756
1365889862.9908257,1775.0,52.6,1.5295207500457764
1365889863.2209527,1810.3658536585365,52.6,1.4774184226989746
1365889863.4369872,2051.829268292683,53.2,1.5814757347106934
1365889863.652828,1900.0,52.6,1.5959811210632324
1365889863.8698604,1647.560975609756,53.2,1.4706127643585205
1365889864.0858715,2209.1463414634145,53.2,1.4666106700897217
1365889864.3017466,1493.2926829268295,52.6,1.5084335803985596
1365889864.5297928,1628.658536585366,53.2,1.4823076725006104
1365889864.7578442,1651.2195121951218,52.6,1.4866187572479248
1365889864.986059,1670.1219512195123,52.1,1.5431060791015625
1365889865.2170637,1634.1463414634145,52.6,1.4835278987884521
1365889865.4455774,1483.5365853658539,52.6,1.66925048828125
1365889865.675378,1720.1219512195123,52.6,1.5454471111297607
1365889865.9033546,1538.4146341463413,52.6,1.527660846710205
1365889866.131236,1731.09756097561,52.6,1.4997389316558838
1365889866.3589694,1492.6829268292684,53.2,1.4908652305603027
1365889866.5890245,1731.09756097561,52.6,1.537174940109253
1365889866.8183572,1900.0,52.6,1.5513880252838135
1365889867.0471416,1769.5121951219512,52.6,1.4863996505737305
1365889867.2777126,1503.658536585366,52.6,1.4784536361694336
1365889867.5062757,1559.7560975609756,52.6,1.5001165866851807
1365889867.733797,1765.2439024390244,53.2,1.4760189056396484
1365889867.9495645,1928.0487804878048,53.2,1.4763131141662598
1365889868.174056,1478.658536585366,52.6,1.4825613498687744
1365889868.4040341,1733.5365853658539,52.6,1.5004408359527588
1365889868.6332865,1608.5365853658539,52.6,1.5020289421081543
1365889868.861255,1531.7073170731708,52.6,1.495845079421997
1365889869.0907702,1494.5121951219514,52.6,1.4797778129577637
1365889869.3186753,1597.5609756097563,52.6,1.4833405017852783
1365889869.546338,1797.560975609756,52.6,1.4790675640106201
1365889869.7742634,1608.5365853658539,52.6,1.4786405563354492
1365889870.0023577,1671.3414634146343,52.6,1.4971842765808105
1365889870.231344,1487.8048780487804,52.6,1.478452205657959
1365889870.4595773,2021.9512195121952,52.6,1.51473069190979
1365889870.689449,1648.1707317073171,53.2,1.477473258972168
1365889870.91823,1527.4390243902437,52.6,1.4829566478729248
1365889871.1459863,1594.5121951219512,52.6,1.5534758567810059
1365889871.3740766,1778.0487804878048,52.6,1.5346040725708008
1365889871.5900674,2084.756097560976,52.6,1.491417646408081
1365889871.805522,2654.268292682927,52.6,1.5517141819000244
1365889872.0344265,1538.4146341463413,53.2,1.5565464496612549
1365889872.2619693,1501.8292682926829,52.6,1.5180659294128418
1365889872.489975,1575.609756097561,52.6,1.483579158782959
1365889872.7181504,1755.4878048780486,52.6,1.4917089939117432
1365889872.9466505,1583.5365853658536,52.6,1.4972774982452393
1365889873.1745193,1598.1707317073171,52.6,1.4820353984832764
1365889873.4032044,1530.4878048780488,52.6,1.4833745956420898
1365889873.6330438,1468.2926829268292,52.6,1.5079777240753174
1365889873.861586,1508.5365853658536,52.6,1.493626594543457
1365889874.0909276,1493.2926829268295,52.6,1.4827089309692383
1365889874.318968,1535.3658536585367,52.6,1.4789588451385498
1365889874.547408,1466.4634146341464,52.6,1.5082802772521973
1365889874.775262,2679.2682926829266,52.1,1.492316722869873
1365889875.0039308,1536.5853658536585,52.6,1.4915292263031006
1365889875.2242677,1586.5853658536587,53.2,1.481738805770874
1365889875.4406445,1798.170731707317,52.6,1.4676899909973145
1365889875.6569521,1973.1707317073171,53.2,1.4637069702148438
1365889875.872912,1819.5121951219512,53.2,1.4938452243804932
1365889876.0890827,2226.829268292683,53.7,1.4663422107696533
1365889876.3049529,2015.853658536585,53.2,1.4936137199401855
1365889876.520695,1863.4146341463415,53.7,1.5908315181732178
1365889876.7366116,1591.4634146341464,53.7,1.4782357215881348
1365889876.9524846,1809.1463414634145,53.7,1.478346586227417
1365889877.1684444,2010.9756097560974,53.7,1.509812355041504
1365889877.3842924,1462.8048780487807,52.6,1.5889246463775635
1365889877.612678,1494.5121951219514,53.2,1.512244462966919
1365889877.8410575,1621.341463414634,52.6,1.5412907600402832
1365889878.0703447,1475.6097560975609,52.6,1.4936649799346924
1365889878.2984438,1544.5121951219512,52.6,1.5818850994110107
1365889878.5266507,1575.609756097561,52.6,1.6577086448669434
1365889878.7540562,1519.5121951219512,52.6,1.4803123474121094
1365889878.982683,1505.4878048780486,52.6,1.4958217144012451
1365889879.2136989,1794.5121951219512,52.6,1.4977478981018066
1365889879.4431531,1750.6097560975609,52.6,1.5344595909118652
1365889879.6714375,1748.1707317073171,52.6,1.4974617958068848
1365889879.8994632,1566.4634146341464,52.6,1.4860222339630127
1365889880.1276522,1544.5121951219512,52.6,1.4921634197235107
1365889880.355509,1643.2926829268292,52.6,1.4813921451568604
1365889880.5833254,1594.5121951219512,53.2,1.467226266860962
1365889880.799683,1924.390243902439,52.6,1.466963529586792
1365889881.015689,1579.2682926829268,53.7,1.465409517288208
1365889881.231488,1733.5365853658539,53.2,1.4852373600006104
1365889881.44791,1579.2682926829268,53.7,1.4738926887512207
1365889881.6640096,2020.121951219512,53.7,1.4740478992462158
1365889881.8799257,1795.1219512195123,53.7,1.469977855682373
1365889882.0958178,1598.1707317073171,53.2,1.4718811511993408
1365889882.3116946,1870.121951219512,53.2,1.4727351665496826
1365889882.52747,2046.3414634146343,53.7,1.4767913818359375
1365889882.743399,1761.5853658536585,53.2,1.4738829135894775
1365889882.9593062,1604.2682926829268,53.2,1.4663491249084473
1365889883.1750712,1856.09756097561,53.7,1.4790115356445312
1365889883.3908389,2146.951219512195,53.7,1.534487247467041
1365889883.607873,1788.4146341463413,53.7,1.4827325344085693
1365889883.8237448,1580.4878048780488,53.7,1.4742646217346191
1365889884.0411038,2079.2682926829266,53.7,1.4756522178649902
1365889884.2568214,1758.5365853658536,53.7,1.467069149017334
1365889884.4723296,1843.2926829268292,53.7,1.4687325954437256
1365889884.6881495,1700.609756097561,53.7,1.4711017608642578
1365889884.9037395,1639.6341463414635,53.7,1.467820167541504
1365889885.1197734,1868.9024390243903,53.7,1.4757945537567139
1365889885.3353539,1857.3170731707319,53.7,1.5277504920959473
1365889885.5511744,1528.6585365853657,53.7,1.5079679489135742
1365889885.7789018,1526.8292682926829,53.2,1.4785420894622803
1365889886.0074508,1629.2682926829268,53.7,1.5661439895629883
1365889886.2354295,1690.2439024390244,53.2,1.5080764293670654
1365889886.4665394,1857.3170731707319,53.2,1.5112833976745605
1365889886.6949983,1773.1707317073171,52.6,1.4974100589752197
1365889886.922872,1603.658536585366,53.7,1.476938009262085
1365889887.1515388,1777.4390243902437,53.2,1.4828739166259766
1365889887.3792317,1467.6829268292684,53.2,1.5124647617340088
1365889887.609374,1827.439024390244,52.6,1.509779930114746
1365889887.838186,1477.439024390244,52.6,1.6647453308105469
1365889888.066917,1690.2439024390244,52.6,1.493098497390747
1365889888.295571,1541.4634146341464,53.2,1.503342628479004
1365889888.5238564,1539.6341463414633,52.6,1.505491018295288
1365889888.752315,1506.7073170731705,52.6,1.6421754360198975
1365889888.9803672,1926.219512195122,53.7,1.5118281841278076
1365889889.1961842,2387.80487804878,53.2,1.4741854667663574
1365889889.4136631,1860.9756097560976,53.7,1.567328691482544
1365889889.629497,2084.1463414634145,53.7,1.6285202503204346
1365889889.8451028,2048.1707317073174,53.2,1.4990410804748535
1365889890.0608835,1833.5365853658536,53.7,1.4703688621520996
1365889890.2771354,1887.1951219512196,53.7,1.469717264175415
1365889890.4927077,1965.2439024390244,53.7,1.4797508716583252
1365889890.7083795,1951.829268292683,53.7,1.5463171005249023
1365889890.9238622,1807.3170731707316,53.7,1.5103397369384766
1365889891.1395915,1982.3170731707319,53.7,1.4743313789367676
1365889891.3552365,2012.8048780487804,53.7,1.4758739471435547
1365889891.5709324,2012.8048780487804,53.7,1.4716737270355225
1365889891.7867768,1769.5121951219512,53.7,1.486311912536621
1365889892.0027294,2426.829268292683,53.7,1.5129997730255127
1365889892.2188265,2014.0243902439026,53.2,1.4824702739715576
1365889892.4344072,2015.2439024390244,53.7,1.481304407119751
1365889892.6501386,2100.0,53.7,1.468327283859253
1365889892.8675919,1587.1951219512196,53.7,1.4786152839660645
1365889893.0954955,1639.6341463414635,53.7,1.4907560348510742
1365889893.3234766,1462.8048780487807,53.2,1.5839793682098389
1365889893.55208,1532.3170731707316,53.2,1.5163969993591309
1365889893.780133,1463.4146341463415,53.7,1.5049102306365967
1365889894.0089366,1716.4634146341464,53.2,1.4956870079040527
1365889894.2369561,1464.6341463414633,52.6,1.5928847789764404
1365889894.4661834,1493.2926829268295,52.6,1.5629148483276367
1365889894.6938727,1557.3170731707316,53.7,1.4820904731750488
1365889894.9215903,1618.2926829268295,53.2,1.489384651184082
1365889895.149279,1473.7804878048782,52.6,1.5565285682678223
1365889895.377212,1605.4878048780488,52.6,1.5153398513793945
1365889895.6046052,1523.780487804878,53.2,1.5812458992004395
1365889895.8323693,1525.609756097561,52.6,1.5167479515075684
1365889896.0621965,1770.121951219512,52.6,1.4855625629425049
1365889896.28565,1762.1951219512196,53.7,1.498988151550293
1365889896.5011725,2090.2439024390246,53.7,1.4691932201385498
1365889896.7169166,1684.1463414634145,53.2,1.5374119281768799
1365889896.9326322,1589.6341463414633,53.7,1.4798080921173096
1365889897.1483738,1609.7560975609756,53.2,1.4866833686828613
1365889897.376281,1478.658536585366,53.7,1.5140650272369385
1365889897.6052341,2017.0731707317073,53.2,1.47920560836792
1365889897.8332765,1523.780487804878,53.2,1.4799950122833252
1365889898.06112,1827.439024390244,53.2,1.5441043376922607
1365889898.2893143,1788.4146341463413,52.6,1.4785966873168945
1365889898.5171523,1462.8048780487807,52.6,1.4950096607208252
1365889898.744756,1673.170731707317,52.6,1.4935028553009033
1365889898.9725354,1473.7804878048782,52.6,1.546511173248291
1365889899.2002826,2010.3658536585365,52.6,1.4781100749969482
1365889899.4285789,1577.439024390244,53.2,1.503861427307129
1365889899.6568415,1536.5853658536585,53.2,1.5002481937408447
1365889899.8847494,1526.8292682926829,52.6,1.4858601093292236
1365889900.1122959,1484.7560975609756,52.6,1.4983584880828857
1365889900.340224,1595.7317073170732,52.6,1.4928412437438965
1365889900.5682292,1638.4146341463415,52.6,1.5244646072387695
1365889900.7958276,1568.2926829268292,52.6,1.4957447052001953
1365889901.0237002,1528.6585365853657,52.6,1.5020809173583984
1365889901.2516582,1502.439024390244,52.6,1.5207760334014893
1365889901.4798613,1579.2682926829268,52.6,1.483189582824707
1365889901.7080889,1787.1951219512193,52.6,1.5232057571411133
1365889901.9360514,1593.2926829268292,52.1,1.4882197380065918
1365889902.164132,1467.6829268292684,52.6,1.4921362400054932
1365889902.3922398,1535.3658536585367,52.6,1.6998250484466553
1365889902.619984,1585.3658536585367,53.7,1.4735686779022217
1365889902.8355267,1658.5365853658536,52.6,1.4727396965026855
1365889903.0512354,1559.7560975609756,53.2,1.519324541091919
1365889903.2678485,1585.3658536585367,52.6,1.4692940711975098
1365889903.4834924,1860.3658536585365,53.7,1.4702320098876953
1365889903.69925,1586.5853658536587,52.6,1.5096652507781982
1365889903.9149337,1831.0975609756097,53.7,1.4713687896728516
1365889904.1306443,1975.0,53.7,1.4661757946014404
1365889904.3462873,1587.1951219512196,53.2,1.5245792865753174
1365889904.5739856,1497.560975609756,53.2,1.5055086612701416
1365889904.801734,1760.3658536585365,52.6,1.4773893356323242
1365889905.0298164,1556.7073170731708,53.2,1.4770448207855225
1365889905.2579334,1469.5121951219512,52.6,1.4772133827209473
1365889905.4858756,1538.4146341463413,52.6,1.4813473224639893
1365889905.7136316,1496.341463414634,52.6,1.529283046722412
1365889905.9417734,1482.3170731707319,53.2,1.479344367980957
1365889906.1697807,1702.439024390244,52.6,1.5277068614959717
1365889906.4042015,1628.658536585366,52.6,1.5031352043151855
1365889906.632498,1608.5365853658539,52.1,1.4826836585998535
1365889906.8608942,1626.219512195122,52.6,1.480884075164795
1365889907.0898373,1464.6341463414633,52.6,1.4933485984802246
1365889907.3179932,1565.2439024390244,52.6,1.4961624145507812
1365889907.5458975,1656.7073170731708,52.6,1.7535171508789062
1365889907.7741368,1573.780487804878,52.6,1.5268731117248535
1365889908.0019395,1556.7073170731708,52.6,1.537717580795288
1365889908.230333,1533.5365853658536,52.1,1.5036406517028809
1365889908.4586089,1557.3170731707316,52.6,1.4848690032958984
1365889908.6874454,1517.6829268292681,52.1,1.4827873706817627
1365889908.9176984,1484.7560975609756,52.6,1.5398280620574951
1365889909.1459548,1484.7560975609756,52.1,1.5535295009613037
1365889909.3739276,1765.2439024390244,52.6,1.487562894821167
1365889909.601842,1542.6829268292684,52.6,1.519474744796753
1365889909.830126,1473.7804878048782,52.6,1.5428342819213867
1365889910.0580814,1551.219512195122,52.6,1.576606273651123
1365889910.2875614,1673.170731707317,52.6,1.4839441776275635
1365889910.5156744,1576.219512195122,52.6,1.4929378032684326
1365889910.7436833,1605.4878048780488,53.2,1.480872392654419
1365889910.9724953,1555.4878048780488,52.1,1.5442559719085693
1365889911.201127,1453.6585365853657,52.1,1.4938123226165771
1365889911.4306803,1484.7560975609756,52.1,1.5894684791564941
1365889911.658482,1603.658536585366,52.1,1.547027587890625
1365889911.8878384,1593.2926829268292,52.6,1.5444047451019287
1365889912.1162639,1584.7560975609756,52.1,1.4869811534881592
1365889912.3448927,1476.8292682926829,52.6,1.4879143238067627
1365889912.572722,1723.1707317073171,52.6,1.4857330322265625
1365889912.8005166,1481.7073170731708,52.6,1.5869572162628174
1365889913.0304012,1663.4146341463413,52.6,1.5077285766601562
1365889913.2592883,1459.7560975609756,52.6,1.6855099201202393
1365889913.4877355,1463.4146341463415,52.1,1.6422491073608398
1365889913.7153656,1712.1951219512196,53.2,1.489518165588379
1365889913.943487,1493.2926829268295,52.1,1.4760589599609375
1365889914.171758,1830.4878048780488,52.6,1.4837455749511719
1365889914.3997471,1549.390243902439,52.6,1.568185567855835
1365889914.6276035,1582.3170731707316,53.2,1.491786241531372
1365889914.8433409,1591.4634146341464,52.6,1.4938335418701172
1365889915.0591846,1990.8536585365855,53.2,1.4833309650421143
1365889915.2751415,1790.2439024390244,53.2,1.472534418106079
1365889915.4910233,1580.4878048780488,53.2,1.4661576747894287
1365889915.7071037,2046.3414634146343,53.7,1.468562364578247
1365889915.9228754,1469.5121951219512,52.6,1.4975216388702393
1365889916.150959,1624.390243902439,53.2,1.478912353515625
1365889916.3793757,1570.7317073170732,52.1,1.5026538372039795
1365889916.6074758,1729.2682926829268,52.6,1.486520528793335
1365889916.8383384,2248.780487804878,52.6,1.502303123474121
1365889917.0666544,1503.658536585366,53.2,1.4888489246368408
1365889917.2970705,1539.6341463414633,52.6,1.4821226596832275
1365889917.5253038,1599.390243902439,52.6,2.0479485988616943
1365889917.7530813,1512.8048780487804,52.6,2.304535150527954
1365889917.9810033,1545.7317073170732,52.6,2.0777742862701416
1365889918.2090206,1715.2439024390244,52.6,1.8508706092834473
1365889918.4370596,1480.4878048780488,52.6,1.6240296363830566
1365889918.6649802,1518.2926829268292,52.6,1.4782662391662598
1365889918.8932164,1592.6829268292684,52.6,1.476466178894043
1365889919.1216197,2001.2195121951218,52.6,1.5169920921325684
1365889919.338091,1907.9268292682927,52.6,1.5135607719421387
1365889919.5537229,1998.780487804878,53.2,1.5505924224853516
1365889919.7693477,1963.4146341463415,53.7,1.4827194213867188
1365889919.9849305,2070.1219512195125,52.6,1.6163032054901123
1365889920.2004755,1904.8780487804877,52.6,1.506988525390625
1365889920.416028,2132.9268292682927,53.7,1.533815622329712
1365889920.6329927,2006.0975609756094,53.7,1.4897699356079102
1365889920.8487773,1795.1219512195123,53.2,1.497615098953247
1365889921.0644796,1678.658536585366,53.7,1.4828310012817383
1365889921.282371,1569.5121951219512,53.7,1.4705743789672852
1365889921.4980922,1571.341463414634,53.2,1.5325899124145508
1365889921.7135968,1589.6341463414633,54.2,1.4665946960449219
1365889921.9293494,1596.3414634146343,53.7,1.4790468215942383
1365889922.145064,1875.0,53.7,1.5828368663787842
1365889922.3607512,1959.1463414634147,53.7,1.4701893329620361
1365889922.5770016,1587.1951219512196,53.7,1.5024008750915527
1365889922.7927763,1585.3658536585367,53.7,1.5106103420257568
1365889923.0084627,1898.1707317073171,53.7,1.5219264030456543
1365889923.2242115,1755.4878048780486,53.7,1.514031171798706
1365889923.4523377,1663.4146341463413,53.2,1.5772466659545898
1365889923.6828117,1993.9024390243903,53.2,1.5373725891113281
1365889923.9110985,1657.3170731707316,52.6,1.497828483581543
1365889924.13921,1468.2926829268292,52.6,1.484706163406372
1365889924.3679593,1748.1707317073171,53.2,1.487156629562378
1365889924.5962899,1745.121951219512,53.2,1.4975855350494385
1365889924.824592,1888.4146341463415,53.7,1.478882074356079
1365889925.052914,1710.3658536585367,52.6,1.4912314414978027
1365889925.2827573,1463.4146341463415,52.6,1.4847989082336426
1365889925.5137496,1624.390243902439,52.6,1.6647453308105469
1365889925.741678,1481.7073170731708,52.6,1.4784700870513916
1365889925.9700377,1474.390243902439,52.6,1.5007567405700684
1365889926.1984732,1491.4634146341464,53.2,1.5073518753051758
1365889926.428416,1814.0243902439024,52.6,1.4794139862060547
1365889926.6445725,1624.390243902439,53.2,1.5703270435333252
1365889926.8603277,1584.7560975609756,53.7,1.5249688625335693
1365889927.0761786,1728.0487804878048,52.6,1.4948935508728027
1365889927.304977,1546.3414634146343,53.2,1.4793624877929688
1365889927.5334241,1480.4878048780488,53.7,1.4835829734802246
1365889927.761802,1482.3170731707319,52.6,1.4832603931427002
1365889927.9902663,1527.4390243902437,52.6,1.4781203269958496
1365889928.2187314,1774.3902439024391,52.6,1.5509066581726074
1365889928.448142,1573.780487804878,53.2,1.5300207138061523
1365889928.6758935,1474.390243902439,53.2,1.5621767044067383
1365889928.9050174,1743.2926829268295,52.1,1.6752898693084717
1365889929.1339476,1526.8292682926829,52.6,1.4982588291168213
1365889929.362012,1502.439024390244,52.6,1.4922034740447998
1365889929.590336,1490.8536585365855,52.6,1.9034416675567627
1365889929.8182652,1667.6829268292684,52.6,1.6764469146728516
1365889930.0484002,1472.5609756097563,52.6,1.6098332405090332
1365889930.2761931,1888.4146341463415,52.6,1.7259418964385986
1365889930.4921007,1942.0731707317075,52.6,2.2902779579162598
1365889930.7077465,1887.1951219512196,53.2,2.075510263442993
1365889930.9233859,1852.439024390244,52.6,1.8605759143829346
1365889931.1393156,1581.7073170731708,53.7,1.645294189453125
1365889931.354988,1582.3170731707316,53.2,1.5363399982452393
1365889931.5707517,1902.4390243902437,53.2,1.5686357021331787
1365889931.7866347,1534.7560975609756,53.7,1.521806001663208
1365889932.0144484,1592.6829268292684,52.6,1.4982893466949463
1365889932.2428436,1583.5365853658536,53.2,1.4778645038604736
1365889932.471138,1565.2439024390244,52.6,1.485271692276001
1365889932.6999552,1568.2926829268292,53.2,1.5144147872924805
1365889932.9284003,1513.4146341463415,52.6,1.4888732433319092
1365889933.1562312,1590.2439024390244,53.2,1.53847074508667
1365889933.3842125,1467.6829268292684,53.2,1.5300767421722412
1365889933.6120842,1763.4146341463415,53.2,1.488097906112671
1365889933.840647,1550.6097560975609,52.6,1.4771418571472168
1365889934.0692034,1470.7317073170732,52.6,1.5035395622253418
1365889934.299201,1824.3902439024391,52.6,1.4787352085113525
1365889934.527276,1951.829268292683,52.6,1.4835307598114014
1365889934.7558312,1779.2682926829268,52.1,1.4782743453979492
1365889934.9844596,1504.2682926829268,52.6,1.4915785789489746
1365889935.2122974,2162.80487804878,52.6,1.4743797779083252
1365889935.4291794,1826.219512195122,53.2,1.4700801372528076
1365889935.6449473,1949.3902439024391,53.2,1.4636342525482178
1365889935.86082,1462.8048780487807,53.2,1.4800684452056885
1365889936.0888777,1767.0731707317073,52.6,1.482088327407837
1365889936.3171582,1770.121951219512,53.7,1.539654016494751
1365889936.5450356,1544.5121951219512,52.6,1.6827921867370605
1365889936.7727478,1757.3170731707316,53.2,1.5332698822021484
1365889937.0007772,1555.4878048780488,52.6,1.5064294338226318
1365889937.2286627,1534.7560975609756,52.6,1.4848477840423584
1365889937.4563465,1493.2926829268295,52.6,1.5038118362426758
1365889937.6842892,1870.121951219512,52.1,1.477492332458496
1365889937.912385,1895.121951219512,52.1,1.5022764205932617
1365889938.1407657,1782.3170731707316,52.6,1.4957842826843262
1365889938.368672,1968.2926829268292,52.6,1.523522138595581
1365889938.5966237,1479.878048780488,52.6,1.4925203323364258
1365889938.8244455,1781.0975609756097,53.2,1.575972318649292
1365889939.0524633,1710.3658536585367,52.6,1.4873576164245605
1365889939.2683465,1580.4878048780488,53.2,1.4757294654846191
1365889939.4840484,1989.0243902439024,52.6,1.4645333290100098
1365889939.6999316,1998.170731707317,53.7,1.4709875583648682
1365889939.9155586,2253.048780487805,53.2,1.4744617938995361
1365889940.1312394,2018.9024390243903,53.2,1.465486764907837
1365889940.34697,1865.2439024390244,53.7,1.4732763767242432
1365889940.562567,1862.1951219512196,53.7,1.487534999847412
1365889940.7781193,1931.09756097561,53.7,1.474149465560913
1365889940.9938598,1775.0,53.2,1.4777491092681885
1365889941.2097604,1593.2926829268292,53.2,1.7577905654907227
1365889941.4254327,1584.7560975609756,53.7,1.5518419742584229
1365889941.6411302,1786.5853658536585,53.7,1.4735491275787354
1365889941.8569515,2001.829268292683,53.2,1.4887330532073975
1365889942.0726619,2167.0731707317073,53.7,1.468848705291748
1365889942.2886355,2325.609756097561,53.7,1.4946439266204834
1365889942.5044434,1571.341463414634,53.7,1.6229634284973145
1365889942.7201273,1584.7560975609756,53.7,1.4650437831878662
1365889942.9358404,2109.756097560976,53.7,1.4656143188476562
1365889943.151722,1535.3658536585367,53.7,1.508774757385254
1365889943.3801835,1471.3414634146343,53.7,1.4863059520721436
1365889943.6081755,1784.1463414634147,53.2,1.5120134353637695
1365889943.836968,1477.439024390244,53.2,1.517174482345581
1365889944.064911,1697.560975609756,52.6,1.4924073219299316
1365889944.293993,1615.2439024390244,53.7,1.4927000999450684
1365889944.5220025,1474.390243902439,53.2,1.486304521560669
1365889944.749961,1607.3170731707319,53.2,1.4828777313232422
1365889944.978314,1604.2682926829268,53.2,1.5252788066864014
1365889945.206742,1519.5121951219512,52.6,1.525916576385498
1365889945.435246,1496.341463414634,52.1,1.5489559173583984
1365889945.6627114,1474.390243902439,52.6,1.527440071105957
1365889945.8907413,1546.3414634146343,52.6,1.4773833751678467
1365889946.1184945,1538.4146341463413,52.6,1.4813706874847412
1365889946.3462932,1580.4878048780488,52.6,1.4890050888061523
1365889946.574021,1611.5853658536585,52.6,1.4833154678344727
1365889946.7897432,1587.1951219512196,53.2,1.4684367179870605
1365889947.0053754,1566.4634146341464,53.7,1.5008118152618408
1365889947.2363484,1560.3658536585365,53.2,1.5383410453796387
1365889947.4639635,1469.5121951219512,53.2,1.5071771144866943
1365889947.691956,1557.3170731707316,52.1,1.4908852577209473
1365889947.919949,1660.3658536585367,52.1,1.482645034790039
1365889948.1479013,1470.7317073170732,52.6,1.5019218921661377
1365889948.3757863,1591.4634146341464,52.6,1.508364200592041
1365889948.603832,1641.4634146341461,53.2,1.479335069656372
1365889948.8316593,1471.3414634146343,52.6,1.521376371383667
1365889949.059887,1559.7560975609756,52.6,1.5568561553955078
1365889949.2877789,1976.219512195122,52.6,1.4777746200561523
1365889949.5156286,1473.7804878048782,52.6,1.486389398574829
1365889949.7435927,1740.2439024390244,52.6,1.4904577732086182
1365889949.9712722,1493.2926829268295,52.1,1.5645239353179932
1365889950.1991088,1670.1219512195123,52.6,1.4869248867034912
1365889950.4265325,1768.2926829268292,52.6,1.5169203281402588
1365889950.6578147,1603.658536585366,52.6,1.4878106117248535
1365889950.8854654,1620.7317073170732,52.6,1.5386176109313965
1365889951.1132448,1471.3414634146343,52.6,1.475905179977417
1365889951.341338,1478.658536585366,52.6,1.5052154064178467
1365889951.569058,1618.2926829268295,52.1,1.6661560535430908
1365889951.796888,1499.390243902439,52.6,1.4805786609649658
1365889952.0252028,1503.658536585366,52.6,1.47749662399292
1365889952.2552042,1623.1707317073171,52.6,1.483414888381958
1365889952.483894,1583.5365853658536,52.1,1.5360326766967773
1365889952.7122438,1571.341463414634,52.6,1.5689020156860352
1365889952.94007,1545.7317073170732,52.1,1.4841368198394775
1365889953.1681552,1463.4146341463415,52.6,1.4903953075408936
1365889953.3960335,1803.0487804878048,52.6,1.4835870265960693
1365889953.6239243,2439.6341463414633,52.6,1.53360915184021
1365889953.8519654,1985.9756097560976,52.6,1.471022367477417
1365889954.0675695,1975.0,52.6,1.529921531677246
1365889954.2835307,1578.6585365853657,52.6,1.4727656841278076
1365889954.500643,1929.2682926829268,53.7,1.482555627822876
1365889954.716516,1954.8780487804877,53.7,1.4629220962524414
1365889954.9322135,1830.4878048780488,53.2,1.4752089977264404
1365889955.1480715,1516.4634146341461,52.6,1.4896068572998047
1365889955.3756955,1845.1219512195123,53.2,1.6368579864501953
1365889955.6040604,1783.5365853658536,53.2,1.5552728176116943
1365889955.8314943,1590.2439024390244,52.6,1.4773805141448975
1365889956.059566,1700.609756097561,52.6,1.4805142879486084
1365889956.2876465,1903.0487804878048,52.6,1.7906596660614014
1365889956.5156126,1472.5609756097563,52.6,1.5641388893127441
1365889956.7431846,1478.658536585366,52.6,1.4767541885375977
1365889956.9710913,1582.3170731707316,52.6,1.4890131950378418
1365889957.1987484,1466.4634146341464,52.6,1.5001585483551025
1365889957.4267063,1575.609756097561,52.6,1.4847018718719482
1365889957.6574814,1462.8048780487807,52.6,1.480179786682129
1365889957.885508,1608.5365853658539,53.2,1.478661060333252
1365889958.11407,1814.0243902439024,52.6,1.4783735275268555
1365889958.3418217,1582.3170731707316,52.1,1.4666450023651123
1365889958.5575314,1709.1463414634147,52.1,1.4835023880004883
1365889958.7854738,1477.439024390244,52.6,1.6039726734161377
1365889959.0140638,1625.6097560975609,52.6,1.572756290435791
1365889959.2440252,1521.341463414634,52.6,1.6296072006225586
1365889959.4716847,1492.6829268292684,52.1,1.6627938747406006
1365889959.699209,1657.3170731707316,52.6,1.6914172172546387
1365889959.9270236,1462.8048780487807,52.1,1.5207529067993164
1365889960.154607,1533.5365853658536,52.6,1.5166640281677246
1365889960.3826814,2403.658536585366,52.6,1.4996914863586426
1365889960.6105068,1718.2926829268292,52.6,1.4953246116638184
1365889960.838477,1495.7317073170732,52.6,1.4862966537475586
1365889961.0663316,1632.3170731707316,52.6,1.511915683746338
1365889961.294354,1636.5853658536585,52.6,1.4912729263305664
1365889961.522327,1896.341463414634,52.6,1.4855332374572754
1365889961.7506607,1789.0243902439024,52.6,1.4641599655151367
1365889961.966818,1866.4634146341464,52.6,1.4834911823272705
1365889962.182724,2007.9268292682925,52.6,1.4912123680114746
1365889962.3985326,1750.6097560975609,52.6,1.4754714965820312
1365889962.614189,1688.4146341463415,53.2,1.4943206310272217
1365889962.8300593,1639.6341463414635,52.6,1.4819233417510986
1365889963.0583131,1539.6341463414633,52.6,1.4843411445617676
1365889963.2866423,1550.6097560975609,52.6,1.4771130084991455
1365889963.5150414,1568.2926829268292,52.1,1.5385615825653076
1365889963.7428687,1521.341463414634,52.1,1.5745391845703125
1365889963.9717958,1636.5853658536585,52.6,1.4833354949951172
1365889964.2011104,1592.6829268292684,52.6,1.4932286739349365
1365889964.4292922,1486.5853658536585,52.6,1.4859859943389893
1365889964.6598933,1537.8048780487804,52.6,1.5680301189422607
1365889964.8874607,1706.0975609756097,52.1,1.580260992050171
1365889965.116291,1466.4634146341464,52.1,1.4776980876922607
1365889965.3443828,1573.780487804878,52.6,1.4946181774139404
1365889965.5724208,1722.5609756097563,52.6,1.675701379776001
1365889965.8006718,1631.7073170731705,52.1,1.4857912063598633
1365889966.0287368,1482.3170731707319,52.6,1.5095880031585693
1365889966.2571123,1614.6341463414635,52.6,1.5930171012878418
1365889966.47279,1585.3658536585367,52.6,1.5522441864013672
1365889966.6884916,1845.1219512195123,53.2,1.4809446334838867
1365889966.9042304,1752.439024390244,53.7,1.4815199375152588
1365889967.120212,1502.439024390244,52.6,1.4776625633239746
1365889967.3484511,2570.7317073170734,52.6,1.4956305027008057
1365889967.576721,1616.4634146341464,52.6,1.506821632385254
1365889967.8042803,1459.7560975609756,53.2,1.4807701110839844
1365889968.0321038,1677.439024390244,52.1,1.4805490970611572
1365889968.260407,1644.5121951219512,52.1,1.4900436401367188
1365889968.488396,1464.6341463414633,52.6,1.586127519607544
1365889968.716347,1599.390243902439,52.6,1.4794301986694336
1365889968.944586,1688.4146341463415,52.6,1.4742531776428223
1365889969.172479,1514.6341463414635,52.6,1.4976024627685547
1365889969.4005156,1471.3414634146343,52.1,1.4808719158172607
1365889969.62829,1708.5365853658536,52.6,1.4863650798797607
1365889969.8567278,1663.4146341463413,52.6,1.474041223526001
1365889970.084226,1617.6829268292684,52.1,1.5475106239318848
1365889970.3126245,1603.658536585366,52.6,1.4804601669311523
1365889970.541253,1796.3414634146343,52.6,1.4692308902740479
1365889970.756932,1730.4878048780488,53.2,1.4711802005767822
1365889970.9725363,1728.0487804878048,52.6,1.5426280498504639
1365889971.1883256,1596.3414634146343,52.6,1.4729986190795898
1365889971.4043648,1979.878048780488,53.7,1.4744181632995605
1365889971.6199872,1996.9512195121952,53.2,1.5304334163665771
1365889971.8355775,1534.7560975609756,53.7,1.4838709831237793
1365889972.0651698,1580.4878048780488,53.2,1.4795336723327637
1365889972.2931578,1723.1707317073171,53.2,1.492556095123291
1365889972.5219135,1463.4146341463415,52.6,1.4767098426818848
1365889972.7498627,1785.3658536585367,52.6,1.5220692157745361
1365889972.9778557,1596.3414634146343,52.6,1.4787194728851318
1365889973.205617,1550.6097560975609,52.6,1.8213286399841309
1365889973.4335852,1613.4146341463415,52.6,1.594583511352539
1365889973.6618361,1543.2926829268292,52.6,1.5063416957855225
1365889973.8897982,1480.4878048780488,53.2,1.4817626476287842
1365889974.1196604,1581.7073170731708,52.1,1.4820477962493896
1365889974.3480153,1606.7073170731708,52.6,1.4821076393127441
1365889974.576159,1496.341463414634,52.6,1.4953830242156982
1365889974.8036952,1635.3658536585365,52.6,1.4895305633544922
1365889975.03152,1466.4634146341464,52.6,1.4885098934173584
1365889975.248945,1904.2682926829268,53.2,1.4982805252075195
1365889975.4644468,1796.3414634146343,53.2,1.4657354354858398
1365889975.6803427,1517.6829268292681,52.6,1.4944274425506592
1365889975.9083261,1680.4878048780488,53.2,1.4792454242706299
1365889976.136978,1582.3170731707316,53.2,1.474139928817749
1365889976.3645883,1475.6097560975609,52.6,1.4806082248687744
1365889976.5924492,1793.2926829268292,52.6,1.5169601440429688
1365889976.8202937,1516.4634146341461,52.6,1.4920806884765625
1365889977.0482345,1833.5365853658536,52.6,1.477890968322754
1365889977.2766743,1511.5853658536585,52.1,1.4835612773895264
1365889977.5048718,1634.1463414634145,52.6,1.4806084632873535
1365889977.7328832,1646.341463414634,52.6,1.6132936477661133
1365889977.9606552,1494.5121951219514,52.6,1.4915404319763184
1365889978.1886284,1733.5365853658539,52.6,1.4928221702575684
1365889978.416556,1495.7317073170732,52.6,1.490668773651123
1365889978.644555,1512.8048780487804,52.6,1.478323221206665
1365889978.872552,1753.0487804878048,52.1,1.46938157081604
1365889979.0888236,1665.2439024390244,53.7,1.4691617488861084
1365889979.3047028,1570.7317073170732,53.2,1.4683587551116943
1365889979.5209498,1793.2926829268292,53.7,1.5490918159484863
1365889979.7370467,1800.0,53.7,1.480635643005371
1365889979.9528904,2018.9024390243903,53.7,1.4815928936004639
1365889980.1686428,2001.829268292683,53.7,1.4643404483795166
1365889980.3842757,1957.3170731707316,53.2,1.4981698989868164
1365889980.5999236,1461.5853658536587,52.6,1.4800097942352295
1365889980.8280115,1629.2682926829268,52.6,1.5175580978393555
1365889981.056038,1855.4878048780488,53.2,1.5216474533081055
1365889981.2840912,1468.2926829268292,52.6,1.5695974826812744
1365889981.5118737,2020.121951219512,53.2,1.6477665901184082
1365889981.739655,1479.878048780488,53.2,1.4804673194885254
1365889981.968161,1529.2682926829268,52.6,1.4924719333648682
1365889982.196322,1475.6097560975609,52.6,1.4842033386230469
1365889982.4239066,1634.1463414634145,52.6,1.6148817539215088
1365889982.6518352,1865.2439024390244,52.6,1.5171780586242676
1365889982.880716,1662.1951219512193,52.6,1.5344090461730957
1365889983.1084497,1491.4634146341464,52.1,1.4829280376434326
1365889983.3369188,1472.5609756097563,52.1,1.4798860549926758
1365889983.5647244,1718.2926829268292,52.6,1.486713171005249
1365889983.7921503,1649.3902439024391,52.6,1.4732866287231445
1365889984.0145054,1818.2926829268292,53.2,1.483694314956665
1365889984.2300823,1839.0243902439024,53.2,1.538508653640747
1365889984.4456892,1843.2926829268292,53.2,1.4881880283355713
1365889984.6615145,1569.5121951219512,53.2,1.4681622982025146
1365889984.8772583,1592.6829268292684,53.7,1.4659929275512695
1365889985.0927966,1585.3658536585367,53.7,1.4806132316589355
1365889985.30855,1586.5853658536587,53.2,1.4709618091583252
1365889985.5249348,1603.658536585366,53.7,1.5365004539489746
1365889985.7404742,1680.4878048780488,53.2,1.4696292877197266
1365889985.9564967,1782.3170731707316,53.7,1.4979791641235352
1365889986.172194,1896.341463414634,53.7,1.4698452949523926
1365889986.3879063,2043.2926829268295,53.7,1.4777753353118896
1365889986.603695,1462.8048780487807,53.7,1.5196068286895752
1365889986.8311641,1478.658536585366,52.6,1.5589375495910645
1365889987.0588937,1689.6341463414635,53.2,1.6261751651763916
1365889987.2867746,1468.2926829268292,52.6,1.4835205078125
1365889987.5145519,1695.121951219512,52.6,1.5587236881256104
1365889987.7422311,1501.8292682926829,52.6,1.4743809700012207
1365889987.9700563,1659.1463414634147,52.6,1.4806714057922363
1365889988.1979454,1472.5609756097563,52.6,1.491570234298706
1365889988.425719,1594.5121951219512,52.6,1.4871528148651123
1365889988.6538296,1605.4878048780488,52.6,1.4866008758544922
1365889988.8819308,1461.5853658536587,52.6,1.4875903129577637
1365889989.110145,1478.658536585366,52.6,1.478058099746704
1365889989.338431,1522.560975609756,52.6,1.5266122817993164
1365889989.5660887,1576.219512195122,52.6,1.4928598403930664
1365889989.7937713,1766.4634146341461,52.6,1.4841101169586182
1365889990.021611,1469.5121951219512,52.6,1.4748320579528809
1365889990.2494614,1641.4634146341461,52.6,1.5645437240600586
1365889990.4775486,1614.6341463414635,52.6,1.4982426166534424
1365889990.7053108,1513.4146341463415,52.6,1.478337287902832
1365889990.93357,1582.3170731707316,52.6,1.4907457828521729
1365889991.161457,1613.4146341463415,52.6,1.4831697940826416
1365889991.38911,1623.1707317073171,52.6,1.4906566143035889
1365889991.6171157,1634.1463414634145,52.6,1.4905211925506592
1365889991.8446345,1804.2682926829268,52.6,1.4801850318908691
1365889992.0726273,1530.4878048780488,52.6,1.5345959663391113
1365889992.3004112,1640.2439024390244,52.6,1.5526833534240723
1365889992.5284724,1682.3170731707316,52.6,1.480534315109253
1365889992.7562344,1478.658536585366,52.6,1.4763274192810059
1365889992.9839885,1631.7073170731705,52.6,1.4966962337493896
1365889993.2132764,1638.4146341463415,52.6,1.4922566413879395
1365889993.440983,2003.0487804878048,52.6,1.4654600620269775
1365889993.6567636,2007.3170731707316,53.2,1.477912425994873
1365889993.8723905,1996.341463414634,52.6,1.5280046463012695
1365889994.088043,1900.0,53.2,1.4623887538909912
1365889994.303538,2012.8048780487804,53.2,1.464186191558838
1365889994.519143,1964.0243902439024,53.2,1.4688606262207031
1365889994.7347748,1495.7317073170732,53.2,1.483320713043213
1365889994.962917,1774.3902439024391,52.6,1.5169527530670166
1365889995.1906004,2494.512195121951,52.6,1.4869520664215088
1365889995.418893,1464.6341463414633,52.6,1.491788387298584
1365889995.646827,2663.4146341463415,52.6,1.509385585784912
1365889995.8758435,1594.5121951219512,52.6,1.4744367599487305
1365889996.1040437,1467.6829268292684,52.1,1.486992359161377
1365889996.3322237,1462.8048780487807,52.6,1.6342439651489258
1365889996.5598686,1673.170731707317,52.6,1.5115864276885986
1365889996.7875583,1589.6341463414633,52.6,1.5124778747558594
1365889997.0154386,1558.5365853658536,52.6,1.486192226409912
1365889997.2431927,1584.7560975609756,52.6,1.4877099990844727
1365889997.4721456,1547.560975609756,52.6,1.475296974182129
1365889997.7001748,1464.6341463414633,52.6,1.4795691967010498
1365889997.9281597,1950.0,52.6,1.4637157917022705
1365889998.144054,1459.7560975609756,52.6,1.4854717254638672
1365889998.3725054,1480.4878048780488,52.6,1.591254472732544
1365889998.6001568,1661.5853658536585,52.6,1.6018142700195312
1365889998.827947,1508.5365853658536,52.6,1.4811556339263916
1365889999.0556245,1571.341463414634,52.6,1.4786720275878906
1365889999.283741,1476.8292682926829,52.6,1.4964022636413574
1365889999.5113838,1695.121951219512,52.1,1.5084056854248047
1365889999.7429264,1626.219512195122,52.6,1.5273847579956055
1365889999.9706867,1527.4390243902437,52.6,1.476776123046875
1365890000.1984313,1570.7317073170732,52.1,1.4925315380096436
1365890000.426362,1484.7560975609756,53.2,1.4878544807434082
1365890000.653969,1530.4878048780488,52.6,1.482262372970581
1365890000.884219,1466.4634146341464,52.1,1.4883849620819092
1365890001.11202,1698.1707317073171,52.1,1.4890468120574951
1365890001.3420997,1486.5853658536585,52.6,1.4788260459899902
1365890001.5625808,1573.780487804878,52.6,1.4981606006622314
1365890001.7901442,1465.8536585365853,52.6,1.4770739078521729
1365890002.0180616,1767.0731707317073,52.6,1.5223956108093262
1365890002.2460144,1751.219512195122,52.6,1.6767220497131348
1365890002.4739208,1515.2439024390244,52.6,1.9995601177215576
1365890002.7031493,1760.3658536585365,52.6,1.7716546058654785
1365890002.9306242,1541.4634146341464,52.6,1.6514513492584229
1365890003.1584039,1578.6585365853657,52.1,1.5030853748321533
1365890003.3862312,1540.2439024390244,52.6,1.4774913787841797
1365890003.613875,1496.341463414634,52.6,1.6073548793792725
1365890003.8414788,1712.1951219512196,52.6,1.4969627857208252
1365890004.0691655,1493.2926829268295,52.6,1.5490305423736572
1365890004.2981954,1682.3170731707316,52.6,1.5102944374084473
1365890004.5260255,1489.6341463414635,52.6,1.4975638389587402
1365890004.7540085,1780.4878048780488,52.6,1.4880731105804443
1365890004.9827685,1746.341463414634,52.6,1.4666805267333984
1365890005.1984363,1657.3170731707316,52.6,1.4938979148864746
1365890005.4141712,1595.7317073170732,53.2,1.4690353870391846
1365890005.6299245,1665.2439024390244,52.6,1.4837031364440918
1365890005.8578744,1471.3414634146343,52.6,1.4890453815460205
1365890006.088471,1466.4634146341464,52.6,1.4992940425872803
1365890006.3165393,1487.8048780487804,52.6,1.4779727458953857
1365890006.544495,1717.0731707317073,52.1,1.4815895557403564
1365890006.7727685,1663.4146341463413,52.6,1.4867558479309082
1365890007.0011384,1751.219512195122,52.1,1.5145413875579834
1365890007.228992,1463.4146341463415,52.6,1.5403118133544922
1365890007.45692,1637.1951219512196,52.6,1.5335440635681152
1365890007.6848638,1878.0487804878048,52.6,1.480729579925537
1365890007.9132977,1591.4634146341464,52.6,1.4838612079620361
1365890008.1413565,1466.4634146341464,52.1,1.4756879806518555
1365890008.369701,1477.439024390244,52.6,1.4778697490692139
1365890008.5974326,1732.3170731707319,52.6,1.5004894733428955
1365890008.8254673,1582.3170731707316,52.1,1.5204527378082275
1365890009.041329,1747.560975609756,53.2,1.5050199031829834
1365890009.257195,2034.7560975609756,52.6,1.4623472690582275
1365890009.4733162,1566.4634146341464,52.1,1.483109951019287
1365890009.7018397,1622.560975609756,52.6,1.5231785774230957
1365890009.929818,1452.439024390244,52.6,1.481170892715454
1365890010.1581385,1471.3414634146343,52.6,1.5054891109466553
1365890010.3867424,1596.3414634146343,52.1,1.6104280948638916
1365890010.6148267,1493.2926829268295,53.2,1.562105655670166
1365890010.8425016,1614.6341463414635,52.1,1.6280665397644043
1365890011.070167,1546.3414634146343,52.6,1.4750337600708008
1365890011.2985334,1562.8048780487804,52.6,1.4773268699645996
1365890011.5261803,1461.5853658536587,52.6,1.4834730625152588
1365890011.7543025,1475.6097560975609,52.6,1.48378324508667
1365890011.982426,1621.341463414634,52.1,1.528960943222046
1365890012.2104862,1734.1463414634147,52.1,1.5063698291778564
1365890012.438315,1461.5853658536587,52.1,1.4941956996917725
1365890012.6660676,1591.4634146341464,52.6,1.471015453338623
1365890012.8818238,1815.2439024390244,52.6,1.4653596878051758
1365890013.0978425,1881.0975609756097,52.6,1.4649662971496582
1365890013.3136265,1675.6097560975609,52.6,1.4880974292755127
1365890013.5294256,1594.5121951219512,52.6,1.5190625190734863
1365890013.7452655,1976.8292682926829,53.2,1.4847490787506104
1365890013.9610367,2021.9512195121952,53.2,1.4646379947662354
1365890014.1768568,1485.3658536585365,52.6,1.4819855690002441
1365890014.404681,1657.3170731707316,52.6,1.4748244285583496
1365890014.6325645,1461.5853658536587,52.6,1.48105788230896
1365890014.8602777,2542.682926829268,53.2,1.5537893772125244
1365890015.0884066,1471.3414634146343,52.6,1.5521571636199951
1365890015.316198,1780.4878048780488,52.6,1.4900085926055908
1365890015.5437841,1657.3170731707316,52.6,1.48716139793396
1365890015.7719457,1577.439024390244,52.1,1.4811956882476807
1365890015.9998443,1631.7073170731705,52.6,1.4812445640563965
1365890016.227791,1496.341463414634,52.1,1.4825379848480225
1365890016.4556665,1842.0731707317073,52.6,1.4952061176300049
1365890016.6836195,1576.219512195122,52.1,1.4892356395721436
1365890016.9114888,1587.1951219512196,52.6,1.557941198348999
1365890017.1396844,1757.3170731707316,52.6,1.488173484802246
1365890017.3680522,1757.3170731707316,52.6,1.4721431732177734
1365890017.59297,1593.2926829268292,52.6,1.4617455005645752
1365890017.8092048,1835.3658536585367,53.7,1.465590238571167
1365890018.0253453,1805.4878048780488,52.6,1.480372667312622
1365890018.241118,2065.8536585365855,52.6,1.4935531616210938
1365890018.4569385,1967.0731707317073,53.7,1.4714276790618896
1365890018.672637,1835.9756097560976,53.2,1.4861910343170166
1365890018.8889406,2889.0243902439024,53.7,1.5332489013671875
1365890019.1049812,1749.390243902439,53.2,1.4696931838989258
1365890019.320765,1509.7560975609756,53.7,1.4827690124511719
1365890019.5484688,1775.0,52.6,1.8742964267730713
1365890019.7774513,1546.3414634146343,52.6,1.6467564105987549
1365890020.0056016,1544.5121951219512,53.2,1.4826619625091553
1365890020.2333345,1691.4634146341464,52.6,1.4898481369018555
1365890020.461173,1464.6341463414633,52.6,1.5010974407196045
1365890020.6893952,1553.658536585366,52.6,1.4805185794830322
1365890020.9174993,1626.219512195122,53.2,1.4836604595184326
1365890021.1454334,1557.3170731707316,52.6,1.5589323043823242
1365890021.375763,1516.4634146341461,52.1,1.527815341949463
1365890021.6038935,1475.6097560975609,52.6,1.691418170928955
1365890021.8314934,1556.7073170731708,52.6,1.4927887916564941
1365890022.0606728,1461.5853658536587,52.6,1.4853506088256836
1365890022.2899244,1618.2926829268295,52.6,1.503483533859253
1365890022.517921,1738.4146341463415,52.6,1.5123364925384521
1365890022.739055,2070.7317073170734,53.2,1.5872654914855957
1365890022.9552312,1596.3414634146343,53.7,1.4782583713531494
1365890023.1715076,1889.0243902439024,53.2,1.4715886116027832
1365890023.3874063,1519.5121951219512,52.6,1.484199047088623
1365890023.615818,1632.3170731707316,52.6,1.4974980354309082
1365890023.843939,1482.3170731707319,52.6,1.4870238304138184
1365890024.0720463,1483.5365853658539,52.6,1.4874272346496582
1365890024.3026981,1474.390243902439,52.1,1.4764530658721924
1365890024.5306635,1605.4878048780488,53.7,1.5326485633850098
1365890024.7614107,1454.8780487804877,52.1,1.5568902492523193
1365890024.989619,1554.2682926829268,52.6,1.492671012878418
1365890025.2174826,1614.6341463414635,52.6,1.515014410018921
1365890025.445357,1464.6341463414633,52.1,1.4858181476593018
1365890025.6732495,1781.0975609756097,52.6,1.4751415252685547
1365890025.9018178,1607.3170731707319,52.6,1.4752283096313477
1365890026.1298957,1757.3170731707316,52.6,1.4772779941558838
1365890026.3582797,1725.6097560975609,52.6,1.5328021049499512
1365890026.5859735,1938.4146341463415,52.6,1.4678921699523926
1365890026.8018026,1695.121951219512,53.2,1.4860658645629883
1365890027.0177026,1581.7073170731708,52.6,1.4782063961029053
1365890027.2332313,1610.3658536585365,52.6,1.4762461185455322
1365890027.4613514,1511.5853658536585,52.6,1.4897522926330566
1365890027.6892588,1876.219512195122,52.6,1.4939258098602295
1365890027.9172626,1611.5853658536585,52.6,1.4795773029327393
1365890028.1450858,1534.7560975609756,52.6,1.519827127456665
1365890028.3732133,1622.560975609756,52.6,1.478391408920288
1365890028.6010718,1550.6097560975609,52.6,1.4809682369232178
1365890028.8288713,1587.1951219512196,52.6,1.5158698558807373
1365890029.057001,1718.2926829268292,52.6,1.4874961376190186
1365890029.2843158,1735.3658536585365,52.1,1.5036847591400146
1365890029.5126572,1718.2926829268292,52.6,1.4797873497009277
1365890029.7411122,1615.2439024390244,52.6,1.486241340637207
1365890029.9692624,1672.560975609756,52.6,1.5283887386322021
1365890030.1971996,1475.6097560975609,52.6,1.4818940162658691
1365890030.4251494,2037.1951219512193,52.1,1.4912607669830322
1365890030.6409013,1968.9024390243903,52.6,1.4667394161224365
1365890030.8567836,1461.5853658536587,52.6,1.4795868396759033
1365890031.084689,1568.2926829268292,52.6,1.5653696060180664
1365890031.3128798,1734.1463414634147,52.1,1.478623628616333
1365890031.5408163,1504.2682926829268,52.6,1.4956028461456299
1365890031.7685974,1601.219512195122,52.6,1.5716896057128906
1365890031.9963832,1541.4634146341464,52.6,1.4799580574035645
1365890032.224333,1544.5121951219512,52.1,1.4896442890167236
1365890032.4523067,1665.2439024390244,52.1,1.485872507095337
1365890032.6801813,1470.7317073170732,52.6,1.7488064765930176
1365890032.908776,1489.6341463414635,52.6,1.5215439796447754
1365890033.1365547,1597.5609756097563,52.6,1.480452060699463
1365890033.3648398,1746.341463414634,52.6,1.6480841636657715
1365890033.5931566,1766.4634146341461,52.6,1.5257515907287598
1365890033.821236,1609.7560975609756,52.1,1.4793155193328857
1365890034.04912,1904.8780487804877,52.6,1.4700894355773926
1365890034.2647443,1867.0731707317075,52.6,1.4930315017700195
1365890034.4804573,1751.219512195122,52.6,1.4762499332427979
1365890034.696332,2137.1951219512193,53.2,1.4616894721984863
1365890034.9122844,1950.0,53.2,1.4653964042663574
1365890035.1280286,1538.4146341463413,53.2,1.4919753074645996
1365890035.3561838,1692.0731707317075,52.6,1.4781181812286377
1365890035.5841455,1859.1463414634147,52.6,1.4759984016418457
1365890035.8125815,1603.658536585366,52.6,1.4833860397338867
1365890036.0403914,1510.3658536585365,52.6,1.49782395362854
1365890036.2682583,1657.3170731707316,52.6,1.490293264389038
1365890036.4963596,1777.4390243902437,52.6,1.4798624515533447
1365890036.7246804,1475.6097560975609,52.6,1.475994348526001
1365890036.9531584,1554.2682926829268,52.6,1.485926866531372
1365890037.1812382,1487.8048780487804,52.6,1.5204863548278809
1365890037.4094052,1504.2682926829268,52.1,1.49281907081604
1365890037.6374443,1791.4634146341464,52.6,1.555072546005249
1365890037.8650517,1489.6341463414635,52.1,1.5223748683929443
1365890038.0929406,1683.5365853658536,52.1,1.4815211296081543
1365890038.3213503,1688.4146341463415,52.6,1.521916389465332
1365890038.5493035,1632.3170731707316,52.6,1.515343189239502
1365890038.7653966,1935.3658536585365,53.2,1.4627697467803955
1365890038.9812436,2001.2195121951218,53.2,1.4647243022918701
1365890039.197076,1453.6585365853657,53.2,1.4773638248443604
1365890039.4252985,1627.439024390244,52.6,1.525604248046875
1365890039.6530333,1652.4390243902437,52.6,1.4887566566467285
1365890039.8808942,1470.7317073170732,52.1,1.5141561031341553
1365890040.111,1734.1463414634147,52.6,1.4785287380218506
1365890040.3389432,1513.4146341463415,52.1,1.4996070861816406
1365890040.567664,1705.4878048780488,52.1,1.595229148864746
1365890040.7950711,1523.780487804878,52.6,1.478616714477539
1365890041.0235298,1569.5121951219512,52.6,1.4760708808898926
1365890041.2516515,1779.2682926829268,52.6,1.50764799118042
1365890041.479461,1472.5609756097563,52.6,1.6472516059875488
1365890041.7076042,1466.4634146341464,52.6,1.4815804958343506
1365890041.9353135,1596.3414634146343,52.6,1.481261968612671
1365890042.163446,1539.6341463414633,52.6,1.4735872745513916
1365890042.3915176,1519.5121951219512,52.6,1.4798929691314697
1365890042.6104374,2570.7317073170734,52.6,1.500493049621582
1365890042.826084,1846.9512195121952,52.6,1.4992384910583496
1365890043.0419362,1580.4878048780488,52.6,1.4685871601104736
1365890043.2577944,1733.5365853658539,52.6,1.4841389656066895
1365890043.4855864,1476.8292682926829,52.1,1.4918203353881836
1365890043.7162263,1480.4878048780488,52.1,1.4791383743286133
1365890043.9448516,1632.3170731707316,52.1,1.4843213558197021
1365890044.175571,1632.3170731707316,52.6,1.5204899311065674
1365890044.403941,1603.658536585366,52.6,1.4900381565093994
1365890044.6318657,1547.560975609756,52.6,1.4752943515777588
1365890044.8600514,1473.7804878048782,52.6,1.6453182697296143
1365890045.0890977,1524.3902439024391,52.6,1.5550334453582764
1365890045.3171718,1730.4878048780488,52.6,1.4945292472839355
1365890045.5451224,1523.780487804878,52.6,1.4914565086364746
1365890045.775098,1582.3170731707316,52.6,1.4867844581604004
1365890046.003146,1699.3902439024391,51.5,1.689871072769165
1365890046.231334,1577.439024390244,52.1,1.5661470890045166
1365890046.4593194,1475.6097560975609,52.1,1.5380744934082031
1365890046.687383,1957.3170731707316,52.1,1.657374620437622
1365890046.9028902,1773.1707317073171,52.6,1.5017690658569336
1365890047.1319478,1554.2682926829268,52.6,1.4815919399261475
1365890047.3603098,1584.7560975609756,52.6,1.484818696975708
1365890047.5887058,1602.439024390244,52.6,1.5316860675811768
1365890047.8174913,1558.5365853658536,52.6,1.5463566780090332
1365890048.0457509,1576.219512195122,51.5,1.4842355251312256
1365890048.2739773,1748.1707317073171,51.5,1.480628252029419
1365890048.501964,1555.4878048780488,52.1,1.4848947525024414
1365890048.7303205,1599.390243902439,52.1,1.5232429504394531
1365890048.9587343,1604.2682926829268,52.6,1.4765684604644775
1365890049.187187,1631.7073170731705,52.1,1.506575345993042
1365890049.4154625,1819.5121951219512,52.6,1.6645750999450684
1365890049.6435552,1477.439024390244,52.6,1.5854909420013428
1365890049.872171,1640.2439024390244,52.1,1.4844245910644531
1365890050.100079,1846.9512195121952,52.1,1.4911611080169678
1365890050.3180141,1507.3170731707316,52.6,1.4883837699890137
1365890050.5466204,1686.5853658536585,52.1,1.5638892650604248
1365890050.7746108,1661.5853658536585,52.1,1.539198875427246
1365890051.0026412,1477.439024390244,52.1,1.4898574352264404
1365890051.231953,1580.4878048780488,52.6,1.5318942070007324
1365890051.460136,1751.219512195122,52.6,1.486180305480957
1365890051.6886263,1585.3658536585367,52.6,1.561621904373169
1365890051.920573,1470.7317073170732,52.6,1.7570452690124512
1365890052.1489367,1491.4634146341464,52.6,1.6061980724334717
1365890052.3779564,1624.390243902439,52.6,1.5566644668579102
1365890052.6055331,1957.3170731707316,51.5,1.4938769340515137
1365890052.8331993,1642.6829268292681,52.6,1.5508472919464111
1365890053.0613265,1505.4878048780486,52.6,1.5406017303466797
1365890053.2891936,1568.2926829268292,51.5,1.4859137535095215
1365890053.5171607,1581.7073170731708,52.6,1.5209369659423828
1365890053.7328584,1759.1463414634145,52.6,1.466813564300537
1365890053.9486752,1989.0243902439024,52.6,1.4612455368041992
1365890054.1643906,1996.341463414634,53.2,1.5065252780914307
1365890054.38046,1509.7560975609756,52.1,1.4843270778656006
1365890054.608502,1480.4878048780488,52.6,1.4984791278839111
1365890054.835868,1533.5365853658536,52.1,1.4996118545532227
1365890055.0636468,1706.0975609756097,52.6,1.4937822818756104
1365890055.2915463,1476.8292682926829,52.6,1.4764420986175537
1365890055.5197968,1464.6341463414633,52.6,1.4790151119232178
1365890055.7486603,1695.121951219512,52.6,1.4763438701629639
1365890055.9782221,1765.2439024390244,52.6,1.5199406147003174
1365890056.2061882,1560.3658536585365,51.5,1.4883530139923096
1365890056.4342237,1478.658536585366,52.6,1.472883701324463
1365890056.6621933,1627.439024390244,52.1,1.6239726543426514
1365890056.8905087,1786.5853658536585,52.6,1.4943914413452148
1365890057.1185777,2004.268292682927,52.1,1.4763917922973633
1365890057.3466847,1468.2926829268292,52.6,1.484525442123413
1365890057.576323,1585.3658536585367,52.6,1.6100749969482422
1365890057.7919834,1586.5853658536587,53.2,1.5106441974639893
1365890058.007691,1801.219512195122,52.6,1.46077299118042
1365890058.2232769,1784.1463414634147,53.2,1.4623429775238037
1365890058.4390037,1772.560975609756,52.6,1.4924376010894775
1365890058.6671667,1710.3658536585367,52.6,1.7009661197662354
1365890058.8951766,1480.4878048780488,52.6,1.4905774593353271
1365890059.1229587,1793.2926829268292,52.6,1.5276305675506592
1365890059.3513331,1771.341463414634,52.1,1.5366175174713135
1365890059.579247,1508.5365853658536,52.6,1.58406662940979
1365890059.8069224,2064.0243902439024,52.6,1.5044422149658203
1365890060.034564,1453.6585365853657,52.6,1.5196945667266846
1365890060.2623465,1672.560975609756,52.1,1.5006484985351562
1365890060.4902678,1472.5609756097563,52.1,1.5146174430847168
1365890060.7182498,1729.2682926829268,52.6,1.4793567657470703
1365890060.9472024,1519.5121951219512,52.6,1.6195068359375
1365890061.176666,1610.3658536585365,52.6,1.533935546875
1365890061.404562,1490.8536585365855,52.6,1.590681552886963
1365890061.632589,1761.5853658536585,52.1,1.5483205318450928
1365890061.8607914,2672.560975609756,52.6,1.474665880203247
1365890062.076708,2046.9512195121952,53.2,1.4781253337860107
1365890062.2926025,1459.7560975609756,53.2,1.501387357711792
1365890062.5205684,1597.5609756097563,52.1,1.49216890335083
1365890062.7508214,2239.6341463414633,53.2,1.5065443515777588
1365890062.9806035,1528.6585365853657,52.6,1.535059928894043
1365890063.2089224,1544.5121951219512,52.6,1.4909727573394775
1365890063.437304,1505.4878048780486,52.1,1.4790232181549072
1365890063.6653023,1710.3658536585367,52.6,1.5742835998535156
1365890063.893164,1475.6097560975609,52.1,1.4779424667358398
1365890064.1212234,1531.7073170731708,52.6,1.4765079021453857
1365890064.3511105,1517.6829268292681,52.6,1.489339828491211
1365890064.579274,1453.6585365853657,52.6,1.519237995147705
1365890064.8067217,1542.6829268292684,52.6,1.4870846271514893
1365890065.034617,2315.8536585365855,52.1,1.481907606124878
1365890065.2624793,1645.121951219512,52.1,1.4898838996887207
1365890065.4904175,1475.6097560975609,52.6,1.4795989990234375
1365890065.70835,1613.4146341463415,53.2,1.471832036972046
1365890065.923993,1664.6341463414633,52.6,1.4899959564208984
1365890066.1399891,1874.390243902439,52.6,1.5526776313781738
1365890066.3557363,1990.2439024390244,52.6,1.5266165733337402
1365890066.5713677,3221.951219512195,53.2,1.4717504978179932
1365890066.7872992,1703.6585365853657,53.7,1.4758498668670654
1365890067.0030093,2173.1707317073174,53.7,1.4753022193908691
1365890067.218831,1579.2682926829268,52.6,1.4695358276367188
1365890067.4344392,1579.2682926829268,53.7,1.4813499450683594
1365890067.6501174,1745.121951219512,53.7,1.5018670558929443
1365890067.865618,1752.439024390244,52.6,1.4726557731628418
1365890068.0937414,1489.6341463414635,52.6,1.4875812530517578
1365890068.3226254,1606.7073170731708,52.6,1.477452278137207
1365890068.550946,1771.341463414634,52.6,1.479140043258667
1365890068.7788856,1945.121951219512,52.6,1.5015194416046143
1365890069.0071974,1547.560975609756,52.6,1.5245907306671143
1365890069.235038,2156.0975609756097,52.6,1.4880013465881348
1365890069.4628825,1587.1951219512196,52.6,1.4841887950897217
1365890069.6907232,1526.8292682926829,52.6,1.4735620021820068
1365890069.9185703,1684.1463414634145,52.1,1.4734909534454346
1365890070.1468427,1561.5853658536585,52.6,1.6019740104675293
1365890070.3746336,1532.3170731707316,52.6,1.4862394332885742
1365890070.6030133,1543.2926829268292,52.1,1.5280101299285889
1365890070.8307617,1547.560975609756,52.6,1.5266993045806885
1365890071.0586178,1539.6341463414633,52.1,1.4759621620178223
1365890071.2867055,1870.121951219512,52.6,1.471989631652832
1365890071.5023677,2034.7560975609756,52.6,1.4896302223205566
1365890071.71864,1584.7560975609756,52.6,1.4676742553710938
1365890071.9348416,2109.756097560976,53.2,1.4674224853515625
1365890072.1504219,2010.3658536585365,53.7,1.4698693752288818
1365890072.3659897,2151.219512195122,52.6,1.4632651805877686
1365890072.5817144,2444.512195121951,53.7,1.4711761474609375
1365890072.797583,1494.5121951219514,53.2,1.5117006301879883
1365890073.0252554,1713.4146341463415,53.2,1.4994032382965088
1365890073.252994,1473.7804878048782,52.6,1.475400447845459
1365890073.480518,1549.390243902439,52.6,1.5097804069519043
1365890073.7080462,1649.3902439024391,52.6,1.4846856594085693
1365890073.9359858,1865.2439024390244,52.6,1.4825196266174316
1365890074.1639693,1603.658536585366,52.6,1.476301670074463
1365890074.39209,1690.2439024390244,52.6,1.478409767150879
1365890074.6196628,1570.7317073170732,52.6,1.474147081375122
1365890074.8479848,1571.341463414634,52.1,1.4907925128936768
1365890075.0762205,1626.219512195122,52.6,1.4784364700317383
1365890075.3040137,1471.3414634146343,52.6,1.495389461517334
1365890075.533463,1495.7317073170732,53.2,1.5765557289123535
1365890075.76273,1475.6097560975609,52.6,1.535325050354004
1365890075.990583,1902.4390243902437,52.6,1.4782588481903076
1365890076.2067509,1459.7560975609756,52.1,1.481980800628662
1365890076.4347892,1509.7560975609756,52.6,1.4794745445251465
1365890076.6632059,1485.3658536585365,52.6,1.5047595500946045
1365890076.8910325,1674.390243902439,51.5,1.5059483051300049
1365890077.1189826,1491.4634146341464,52.6,1.600553274154663
1365890077.3475325,1525.609756097561,52.1,1.5883088111877441
1365890077.5751677,1737.1951219512196,52.6,1.4789719581604004
1365890077.8032892,1614.6341463414635,52.1,1.482374668121338
1365890078.0318851,1760.3658536585365,52.6,1.4912075996398926
1365890078.259854,1553.658536585366,51.5,1.4740443229675293
1365890078.4883566,1657.3170731707316,52.1,1.4919354915618896
1365890078.7163012,1472.5609756097563,52.6,1.4946975708007812
1365890078.945775,1479.878048780488,52.1,1.4822478294372559
1365890079.1738193,1529.2682926829268,52.6,1.4879345893859863
1365890079.402619,1520.7317073170732,52.6,1.4681274890899658
1365890079.6218572,1948.1707317073171,52.6,1.4629733562469482
1365890079.8378956,1700.609756097561,53.2,1.4685745239257812
1365890080.054417,1882.9268292682925,52.6,1.5198149681091309
1365890080.2703547,1591.4634146341464,52.6,1.506272792816162
1365890080.4860144,1574.3902439024391,52.6,1.4839136600494385
1365890080.7017832,3021.951219512195,53.2,1.4813854694366455
1365890080.9175258,1945.121951219512,53.2,1.5543954372406006
1365890081.1332784,2029.8780487804877,53.2,1.5114309787750244
1365890081.3497322,1868.2926829268295,52.6,1.6140236854553223
1365890081.5654535,1973.1707317073171,53.7,1.5738437175750732
1365890081.7810156,1981.09756097561,53.2,1.4612221717834473
1365890081.9971046,1662.1951219512193,52.6,1.4617655277252197
1365890082.2128835,1580.4878048780488,53.7,1.4696669578552246
1365890082.428796,1910.9756097560976,53.2,1.4706745147705078
1365890082.6446416,1976.8292682926829,53.7,1.4760069847106934
1365890082.8606231,1512.8048780487804,53.2,1.4830048084259033
1365890083.0887895,1465.8536585365853,52.6,1.4806230068206787
1365890083.3170443,1459.7560975609756,52.6,1.4834387302398682
1365890083.546744,1920.1219512195123,53.2,1.535097360610962
1365890083.774814,1470.7317073170732,53.2,1.5074732303619385
1365890084.0027297,1724.390243902439,52.6,1.4849956035614014
1365890084.2306898,1503.658536585366,52.6,1.4819164276123047
1365890084.4588542,1476.8292682926829,52.6,1.5144474506378174
1365890084.687275,1473.7804878048782,52.1,1.5963420867919922
1365890084.9149776,1728.0487804878048,52.6,1.5649147033691406
1365890085.1430066,1547.560975609756,52.1,1.4741597175598145
1365890085.3714554,1577.439024390244,52.6,1.486959457397461
1365890085.5995436,1461.5853658536587,52.6,1.5452439785003662
1365890085.8273392,1772.560975609756,52.6,1.4963481426239014
1365890086.0549734,1484.7560975609756,52.6,1.5111067295074463
1365890086.2735744,2023.170731707317,53.2,1.4822180271148682
1365890086.489456,1835.3658536585367,52.6,1.463404655456543
1365890086.7050261,1840.2439024390244,52.6,1.514251708984375
1365890086.9205637,1918.9024390243903,53.7,1.4655463695526123
1365890087.1362433,1860.3658536585365,52.6,1.4805548191070557
1365890087.3521984,1572.560975609756,53.2,1.524040699005127
1365890087.5804312,1516.4634146341461,53.2,1.575899362564087
1365890087.809047,1689.6341463414635,52.6,1.479546070098877
1365890088.037505,1765.2439024390244,53.2,1.4810163974761963
1365890088.265406,1498.780487804878,52.6,1.487715721130371
1365890088.4933603,1542.6829268292684,52.6,1.4814894199371338
1365890088.7220106,1471.3414634146343,52.6,1.4914305210113525
1365890088.9500895,1775.0,52.6,1.4946849346160889
1365890089.1788168,1501.8292682926829,52.6,1.4763803482055664
1365890089.4079084,1477.439024390244,52.6,1.4823744297027588
1365890089.6356783,1873.170731707317,52.6,1.5150249004364014
1365890089.863745,1481.7073170731708,52.1,1.4822359085083008
1365890090.0915945,1620.7317073170732,52.6,1.488121747970581
1365890090.3194437,1511.5853658536585,52.6,1.4921324253082275
1365890090.5475912,1800.0,52.6,1.4734241962432861
1365890090.7641242,1453.6585365853657,52.6,1.4915461540222168
1365890090.9920218,1987.1951219512196,52.1,1.481029987335205
1365890091.220418,1705.4878048780488,52.1,1.4858477115631104
1365890091.4487123,1707.3170731707316,52.1,1.4791738986968994
1365890091.6768866,1592.6829268292684,52.1,1.4774622917175293
1365890091.905079,1517.6829268292681,52.1,1.47312331199646
1365890092.1332,1467.6829268292684,52.6,1.477112054824829
1365890092.3613546,1530.4878048780488,52.1,1.5700500011444092
1365890092.5894732,1745.121951219512,52.1,1.771329402923584
1365890092.8205118,1468.2926829268292,52.1,1.5416526794433594
1365890093.0485525,1479.878048780488,52.6,1.4848606586456299
1365890093.277466,1683.5365853658536,52.1,1.5557515621185303
1365890093.5061576,1565.2439024390244,52.6,1.4837517738342285
1365890093.7343376,1650.609756097561,52.1,1.4806666374206543
1365890093.9625509,1652.4390243902437,52.6,1.4992632865905762
1365890094.190694,1583.5365853658536,52.6,1.5135042667388916
1365890094.4072177,2501.829268292683,52.6,1.4896974563598633
1365890094.6229844,1579.2682926829268,53.7,1.7002394199371338
1365890094.8403585,1850.0,53.2,1.5758159160614014
1365890095.0569232,1984.1463414634147,53.7,1.4667510986328125
1365890095.2729998,1591.4634146341464,52.6,1.504488468170166
1365890095.4889262,1610.3658536585365,53.2,1.5025608539581299
1365890095.717253,1633.5365853658536,52.6,1.4908618927001953
1365890095.9453387,1681.09756097561,52.6,1.511925458908081
1365890096.1762972,1505.4878048780486,52.6,1.4813933372497559
1365890096.4048378,1466.4634146341464,52.6,1.4754664897918701
1365890096.633292,1483.5365853658539,52.6,1.4719040393829346
1365890096.8613787,1477.439024390244,52.6,1.478703260421753
1365890097.0894723,1634.1463414634145,52.1,1.499847173690796
1365890097.317548,1654.2682926829268,52.1,1.491800308227539
1365890097.545353,1468.2926829268292,52.6,1.4776172637939453
1365890097.7736325,1524.3902439024391,52.1,1.5176832675933838
1365890098.0032935,1456.7073170731708,52.6,1.4874095916748047
1365890098.2321765,1738.4146341463415,52.6,1.4828341007232666
1365890098.4599326,1464.6341463414633,52.1,1.5140681266784668
1365890098.688187,1462.8048780487807,52.1,1.4955265522003174
1365890098.9157023,1626.219512195122,52.6,1.5017943382263184
1365890099.1317694,1635.3658536585365,52.6,1.487607479095459
1365890099.3604555,1995.121951219512,52.6,1.4861805438995361
1365890099.5886412,1553.658536585366,52.1,1.4860265254974365
1365890099.8172243,1470.7317073170732,52.6,1.4733741283416748
1365890100.0458121,1605.4878048780488,52.1,1.4914278984069824
1365890100.2739172,1469.5121951219512,52.6,1.475665807723999
1365890100.502041,1526.8292682926829,52.1,1.9024686813354492
1365890100.729955,1633.5365853658536,52.6,1.6857924461364746
1365890100.9581883,1639.6341463414635,52.1,1.4816949367523193
1365890101.1859963,1510.3658536585365,52.1,1.5055031776428223
1365890101.4152064,1754.2682926829268,52.6,1.4823720455169678
1365890101.6427522,1507.3170731707316,52.6,1.4750645160675049
1365890101.870662,1668.2926829268292,52.6,1.4752998352050781
1365890102.0984814,1474.390243902439,52.1,1.5144355297088623
1365890102.326961,1467.6829268292684,52.6,1.5022063255310059
1365890102.5549507,2025.0,53.2,1.4648420810699463
1365890102.7706926,1932.3170731707316,52.6,1.4659667015075684
1365890102.9865365,1663.4146341463413,52.6,1.5646483898162842
1365890103.2022839,1522.560975609756,52.6,1.4856503009796143
