1365889750.949634,1026.8292682926829,43.9,3.154052495956421
1365889751.2440598,946.951219512195,43.3,3.0558693408966064
1365889751.5440168,962.8048780487804,43.3,3.052299737930298
1365889751.844147,960.3658536585366,43.9,3.0402629375457764
1365889752.1413062,984.7560975609756,43.9,3.0378620624542236
1365889752.436606,1007.3170731707318,43.9,3.0480544567108154
1365889752.734169,950.0,43.3,3.0461909770965576
1365889753.0355892,989.0243902439024,44.4,3.0475847721099854
1365889753.3393412,1009.7560975609756,44.4,3.0485458374023438
1365889753.644379,965.8536585365854,43.3,3.0550971031188965
1365889753.954029,971.951219512195,44.4,3.0607917308807373
1365889754.2640169,1117.6829268292684,44.4,3.0719313621520996
1365889754.583266,989.0243902439024,44.4,3.0584471225738525
1365889754.896974,943.9024390243902,43.9,3.0553314685821533
1365889755.2088478,959.1463414634146,44.4,3.0687777996063232
1365889755.525459,1178.658536585366,43.3,3.057715892791748
1365889755.835883,950.0,44.4,3.0683157444000244
1365889756.1527522,979.8780487804878,44.4,3.0655126571655273
1365889756.474497,921.9512195121952,44.4,3.090024948120117
1365889756.80256,951.8292682926829,44.4,3.0660576820373535
1365889757.1269472,946.951219512195,44.4,3.0722131729125977
1365889757.4537878,984.1463414634146,44.4,3.0709450244903564
1365889757.781211,1382.9268292682925,44.4,3.0229434967041016
1365889758.054643,960.9756097560976,44.4,3.0416553020477295
1365889758.327649,957.3170731707316,44.4,3.081932544708252
1365889758.665354,1181.7073170731708,44.4,3.0759658813476562
1365889758.9927812,1109.7560975609756,44.4,3.022096872329712
1365889759.2689862,946.3414634146341,44.4,3.1085407733917236
1365889759.604148,956.0975609756097,44.4,3.072448492050171
1365889759.93344,778.048780487805,44.4,3.0217349529266357
1365889760.202402,915.8536585365854,43.9,3.0788443088531494
1365889760.531314,962.1951219512194,44.4,3.0731852054595947
1365889760.860993,971.951219512195,44.4,3.0218074321746826
1365889761.1321769,942.0731707317073,44.4,3.022861957550049
1365889761.406462,960.3658536585366,44.4,3.084170341491699
1365889761.740263,939.0243902439024,44.4,3.0360093116760254
1365889762.0292008,979.8780487804878,44.4,3.023848533630371
1365889762.3060749,993.2926829268292,44.4,3.083287239074707
1365889762.644397,984.1463414634146,44.9,3.071964979171753
1365889762.9747462,954.8780487804878,44.4,3.023752450942993
1365889763.252228,1004.2682926829267,44.4,3.0797650814056396
1365889763.581024,960.9756097560976,44.4,3.066091299057007
1365889763.90434,826.2195121951219,44.4,3.0216286182403564
1365889764.173908,787.1951219512196,44.4,3.0418193340301514
1365889764.471779,951.8292682926829,44.9,3.0708706378936768
1365889764.799403,943.2926829268292,44.4,3.0262691974639893
1365889765.071184,918.9024390243903,44.4,3.0206053256988525
1365889765.343773,968.9024390243902,44.9,3.070546865463257
1365889765.671147,946.3414634146341,44.4,3.0724360942840576
1365889766.000258,845.1219512195122,44.4,3.0202488899230957
1365889766.274888,1037.8048780487804,44.4,3.071857452392578
1365889766.603953,949.390243902439,44.9,3.0772547721862793
1365889766.93269,809.1463414634147,44.4,3.0240087509155273
1365889767.2078452,917.0731707317074,44.4,3.0683884620666504
1365889767.53351,948.170731707317,44.4,3.074735164642334
1365889767.864267,957.3170731707316,44.4,3.0884456634521484
1365889768.1355991,907.3170731707318,44.4,3.018045663833618
1365889768.407763,937.8048780487804,44.4,3.35799241065979
1365889768.744067,951.8292682926829,45.5,3.036837100982666
1365889769.026637,832.9268292682926,44.4,3.024467945098877
1365889769.29789,960.9756097560976,44.4,3.0819337368011475
1365889769.628974,1010.9756097560976,44.9,3.20137357711792
1365889769.9590359,943.2926829268292,44.4,3.0729057788848877
1365889770.229043,971.951219512195,44.4,3.09958553314209
1365889770.564078,962.8048780487804,44.4,3.06705904006958
1365889770.887672,835.9756097560976,44.9,3.0193440914154053
1365889771.1579149,762.1951219512196,44.4,3.0322425365448
1365889771.4448829,951.2195121951219,44.4,3.0844504833221436
1365889771.784055,780.4878048780488,44.9,3.034634590148926
1365889772.055551,790.2439024390244,44.4,3.0357327461242676
1365889772.326262,979.2682926829268,44.9,3.0750744342803955
1365889772.6569679,965.8536585365854,44.9,3.0792055130004883
1365889772.993113,766.4634146341464,44.4,3.0242080688476562
1365889773.269629,957.9268292682926,44.4,3.0727171897888184
1365889773.5970361,929.2682926829269,45.5,3.075803756713867
1365889773.9296849,798.1707317073171,44.4,3.0279526710510254
1365889774.203583,864.0243902439024,44.9,3.089500665664673
1365889774.524129,951.8292682926829,44.4,3.0743885040283203
1365889774.8571851,1003.0487804878047,44.4,3.0270514488220215
1365889775.1332061,920.1219512195122,44.4,3.024949789047241
1365889775.407346,935.9756097560976,44.4,3.086402416229248
1365889775.751036,990.8536585365854,44.9,3.0343732833862305
1365889776.037317,981.0975609756098,44.4,3.0318644046783447
1365889776.3112729,1752.439024390244,44.4,3.080012321472168
1365889776.644078,964.0243902439024,45.5,3.083965301513672
1365889776.9747798,820.1219512195122,44.4,3.029243230819702
1365889777.2528498,954.2682926829268,44.4,3.0724031925201416
1365889777.5840771,965.8536585365854,44.9,3.0876240730285645
1365889777.9181912,871.9512195121952,44.4,3.0449652671813965
1365889778.18851,810.9756097560976,44.9,3.0413739681243896
1365889778.481775,951.2195121951219,44.9,3.073091983795166
1365889778.8115032,884.1463414634146,44.9,3.0420801639556885
1365889779.0864909,937.8048780487804,44.9,3.02608323097229
1365889779.359723,965.2439024390244,44.4,3.079465627670288
1365889779.6940842,962.8048780487804,44.9,3.0728654861450195
1365889780.024618,771.3414634146342,44.4,3.0260586738586426
1365889780.301646,953.0487804878048,44.9,3.0714902877807617
1365889780.627321,962.8048780487804,44.9,3.062046766281128
1365889780.943691,796.9512195121952,44.4,3.0257577896118164
1365889781.21824,804.2682926829269,44.4,3.078395366668701
1365889781.5536242,949.390243902439,44.9,3.074188709259033
1365889781.884328,850.0,44.9,3.020085334777832
1365889782.157682,939.0243902439024,44.9,3.0302164554595947
1365889782.43101,950.0,44.4,3.069288969039917
1365889782.7567239,962.1951219512194,44.4,3.0307457447052
1365889783.041826,827.4390243902438,44.9,3.038196563720703
1365889783.3152242,975.0,44.9,3.079566240310669
1365889783.654597,959.1463414634146,44.9,3.071938991546631
1365889783.983207,932.9268292682927,44.4,3.0263538360595703
1365889784.259368,951.2195121951219,44.9,3.0650689601898193
1365889784.583016,946.3414634146341,45.5,3.077017068862915
1365889784.9169788,1622.560975609756,44.4,3.0220839977264404
1365889785.191617,812.1951219512194,44.9,3.0443363189697266
1365889785.49376,931.0975609756098,44.9,3.072455883026123
1365889785.823183,781.0975609756098,45.5,3.0555806159973145
1365889786.097607,940.8536585365853,44.9,3.023300886154175
1365889786.3743591,950.0,44.9,3.0725698471069336
1365889786.704075,965.8536585365854,44.4,3.102975606918335
1365889787.042677,889.0243902439024,44.4,3.0278475284576416
1365889787.317409,965.2439024390244,44.9,3.0612869262695312
1365889787.635757,959.1463414634146,44.9,3.1023123264312744
1365889787.964117,903.048780487805,44.9,3.0190045833587646
1365889788.242146,1012.8048780487804,44.9,3.0823707580566406
1365889788.574114,946.951219512195,44.9,3.075587749481201
1365889788.911905,832.3170731707316,44.9,3.020425796508789
1365889789.1858811,976.219512195122,44.4,3.0459229946136475
1365889789.488162,965.8536585365854,44.4,3.0709290504455566
1365889789.810299,816.4634146341463,44.9,3.0798282623291016
1365889790.081032,796.3414634146342,45.5,3.022150993347168
1365889790.3563032,935.3658536585366,44.9,3.076514720916748
1365889790.6874611,951.2195121951219,45.5,3.0774641036987305
1365889791.0059881,940.8536585365853,44.9,3.0188450813293457
1365889791.279755,951.8292682926829,44.9,3.071341037750244
1365889791.608512,943.2926829268292,44.9,3.0741376876831055
1365889791.9340239,904.8780487804878,45.5,3.074723720550537
1365889792.209012,817.0731707317073,44.9,3.053406238555908
1365889792.512137,976.8292682926829,44.9,3.089569330215454
1365889792.856354,950.0,44.9,3.022641658782959
1365889793.132384,750.0,45.5,3.019979476928711
1365889793.405977,946.3414634146341,44.9,3.083483934402466
1365889793.7462442,956.0975609756097,45.5,3.050901174545288
1365889794.050483,962.1951219512194,44.9,3.023374319076538
1365889794.328269,959.1463414634146,45.5,3.0880916118621826
1365889794.654785,949.390243902439,44.9,3.0751240253448486
1365889794.9840949,764.0243902439024,45.5,3.0210113525390625
1365889795.259858,965.2439024390244,45.5,3.0727198123931885
1365889795.58991,957.9268292682926,44.9,3.0743486881256104
1365889795.92224,940.8536585365853,45.5,3.0231873989105225
1365889796.196364,982.3170731707316,44.9,3.0508170127868652
1365889796.495113,962.8048780487804,44.9,3.093641757965088
1365889796.824548,795.1219512195122,44.9,3.033766984939575
1365889797.101067,965.2439024390244,45.5,3.0221452713012695
1365889797.373354,929.2682926829269,44.9,3.160391092300415
1365889797.714134,982.3170731707316,45.5,3.094043493270874
1365889798.044132,1688.4146341463415,44.9,3.0461394786834717
1365889798.317889,981.0975609756098,44.4,3.074000835418701
1365889798.643541,1502.439024390244,45.5,3.068854570388794
1365889798.971871,928.048780487805,44.9,3.0217669010162354
1365889799.253729,976.219512195122,44.9,3.086364269256592
1365889799.592284,954.2682926829268,45.5,3.132361888885498
1365889799.911872,864.0243902439024,44.9,3.019043445587158
1365889800.185606,795.1219512195122,45.5,3.031421422958374
1365889800.474056,943.9024390243902,45.5,3.0751428604125977
1365889800.8040378,853.0487804878048,45.5,3.027766704559326
1365889801.079411,1060.9756097560976,44.9,3.0242693424224854
1365889801.3561401,962.8048780487804,44.9,3.1652278900146484
1365889801.684007,954.2682926829268,45.5,3.080017566680908
1365889802.021183,960.9756097560976,45.5,3.0226938724517822
1365889802.292657,946.3414634146341,45.5,3.075089693069458
1365889802.624535,964.0243902439024,45.5,3.074371099472046
1365889802.958575,810.3658536585366,45.5,3.0165746212005615
1365889803.230191,846.3414634146342,45.5,3.064546823501587
1365889803.546241,951.8292682926829,45.5,3.15071439743042
1365889803.870521,946.951219512195,45.5,3.040370464324951
1365889804.142501,1079.8780487804877,45.5,3.0281729698181152
1365889804.4148102,959.1463414634146,45.5,3.0843470096588135
1365889804.7540832,943.2926829268292,45.5,3.0520594120025635
1365889805.060576,859.1463414634146,45.5,3.029953718185425
1365889805.334472,971.3414634146342,46.0,3.0753307342529297
1365889805.6643121,949.390243902439,45.5,3.0735297203063965
1365889805.9931571,982.3170731707316,45.5,3.023500680923462
1365889806.2674298,960.3658536585366,45.5,3.076425313949585
1365889806.595943,932.3170731707318,45.5,3.1704702377319336
1365889806.934031,1790.2439024390244,45.5,3.0205907821655273
1365889807.209057,946.951219512195,45.5,3.048762798309326
1365889807.514744,957.9268292682926,45.5,3.075418710708618
1365889807.844049,1006.0975609756098,45.5,3.020193338394165
1365889808.117823,845.1219512195122,45.5,3.0234076976776123
1365889808.392653,1035.9756097560976,45.5,3.0786149501800537
1365889808.7226932,962.1951219512194,44.9,4.225351572036743
1365889809.0479412,795.1219512195122,45.5,3.912846803665161
1365889809.3243709,1073.780487804878,44.9,3.6502039432525635
1365889809.654926,957.9268292682926,45.5,3.3362154960632324
1365889809.9940648,802.439024390244,45.5,3.033172369003296
1365889810.268515,929.8780487804878,44.9,3.068203926086426
1365889810.591813,954.2682926829268,45.5,3.100001096725464
1365889810.924038,985.9756097560976,44.9,3.024832010269165
1365889811.19747,921.3414634146342,44.9,3.0543618202209473
1365889811.5040698,960.3658536585366,44.9,3.075929641723633
1365889811.832265,849.390243902439,45.5,3.0564873218536377
1365889812.105949,1006.0975609756098,45.5,3.0464611053466797
1365889812.379891,962.1951219512194,45.5,3.0663034915924072
1365889812.704128,957.9268292682926,45.5,3.0866429805755615
1365889813.042339,1054.2682926829268,46.0,3.0231003761291504
1365889813.3199968,948.170731707317,45.5,3.0834178924560547
1365889813.6441169,1140.8536585365853,45.5,3.0780251026153564
1365889813.971095,935.9756097560976,45.5,3.0258872509002686
1365889814.242778,1029.8780487804877,45.5,3.065063953399658
1365889814.564063,946.951219512195,44.4,3.0768842697143555
1365889814.9040372,867.0731707317074,45.5,3.020754098892212
1365889815.17967,772.5609756097562,45.5,3.0228052139282227
1365889815.456086,946.951219512195,45.5,3.0752007961273193
1365889815.785892,1137.1951219512196,45.5,3.0252997875213623
1365889816.0658062,906.0975609756098,45.5,4.263368368148804
1365889816.343434,962.1951219512194,45.5,3.9916932582855225
1365889816.677114,959.1463414634146,45.5,3.666032075881958
1365889817.0029252,802.439024390244,44.9,3.3479111194610596
1365889817.279676,965.8536585365854,45.5,3.0869274139404297
1365889817.6241002,1012.1951219512196,45.5,3.0866336822509766
1365889817.959477,923.1707317073171,45.5,3.0190069675445557
1365889818.2329621,1809.1463414634145,45.5,3.0537524223327637
1365889818.540302,954.8780487804878,45.5,3.0642969608306885
1365889818.860586,824.390243902439,45.5,3.0181877613067627
1365889819.133798,918.2926829268293,45.5,3.028974771499634
1365889819.4047139,960.9756097560976,46.0,3.0797953605651855
1365889819.7371252,962.1951219512194,45.5,3.071477174758911
1365889820.06037,834.1463414634146,45.5,3.022721767425537
1365889820.336855,960.3658536585366,45.5,3.081237554550171
1365889820.674099,960.9756097560976,45.5,3.07173752784729
1365889820.9977422,782.3170731707318,45.5,3.0237650871276855
1365889821.273845,1012.1951219512196,45.5,3.0786328315734863
1365889821.604119,960.9756097560976,45.5,3.0746400356292725
1365889821.93086,760.9756097560976,45.5,3.0240540504455566
1365889822.2050219,925.0,45.5,3.064258337020874
1365889822.504116,959.1463414634146,45.5,3.076829433441162
1365889822.833,878.0487804878048,46.0,3.02400803565979
1365889823.106882,879.2682926829268,45.5,3.044187068939209
1365889823.3812008,957.3170731707316,45.5,3.0723676681518555
1365889823.712136,965.2439024390244,45.5,3.0798532962799072
1365889824.043236,850.0,45.5,3.0232627391815186
1365889824.3208,975.0,46.5,3.0811009407043457
1365889824.654353,1031.0975609756097,45.5,3.0857937335968018
1365889824.992376,809.1463414634147,46.0,3.0177435874938965
1365889825.2649238,1559.7560975609756,45.5,3.0797414779663086
1365889825.593269,954.2682926829268,45.5,3.0798821449279785
1365889825.919849,973.780487804878,45.5,3.015500068664551
1365889826.190448,853.0487804878048,45.5,3.0199949741363525
1365889826.4615948,954.8780487804878,45.5,3.0645205974578857
1365889826.78396,926.829268292683,46.0,3.053879737854004
1365889827.0871968,772.5609756097562,45.5,3.023305654525757
1365889827.360403,951.8292682926829,45.5,3.0742390155792236
1365889827.692238,953.0487804878048,45.5,3.082911252975464
1365889828.026284,940.2439024390243,46.5,3.0267324447631836
1365889828.298506,1087.8048780487807,45.5,3.0790789127349854
1365889828.6300192,957.9268292682926,46.0,3.0727784633636475
1365889828.959754,906.0975609756098,45.5,3.019551992416382
1365889829.232265,824.390243902439,45.5,3.044123888015747
1365889829.529023,960.9756097560976,46.5,3.0813450813293457
1365889829.862187,987.1951219512194,45.5,3.019796133041382
1365889830.136118,1264.0243902439024,45.5,3.017735242843628
1365889830.40879,950.0,45.5,3.063788652420044
1365889830.730847,973.170731707317,45.5,3.1229591369628906
1365889831.054768,866.4634146341464,45.5,3.0601930618286133
1365889831.3274581,968.9024390243902,45.5,3.1045446395874023
1365889831.6528609,973.170731707317,45.5,3.080678701400757
1365889831.982225,959.1463414634146,45.5,3.0215179920196533
1365889832.2553558,793.2926829268293,45.5,3.0627636909484863
1365889832.5740612,932.9268292682927,45.5,3.0727412700653076
1365889832.904652,948.170731707317,45.5,3.0258078575134277
1365889833.1788201,832.9268292682926,46.0,3.019202470779419
1365889833.453321,951.2195121951219,45.5,3.0883593559265137
1365889833.7853398,962.8048780487804,46.0,3.0538463592529297
1365889834.0892339,915.2439024390244,45.5,3.02374267578125
1365889834.3666549,960.9756097560976,45.5,3.065441608428955
1365889834.691971,962.8048780487804,46.0,3.0824527740478516
1365889835.022462,846.951219512195,46.5,3.020974636077881
1365889835.2958379,976.219512195122,46.0,3.0821785926818848
1365889835.634958,954.8780487804878,45.5,3.0820493698120117
1365889835.964035,957.3170731707316,46.0,3.020057201385498
1365889836.233164,931.0975609756098,46.0,3.0388097763061523
1365889836.525821,967.0731707317073,46.0,3.071681261062622
1365889836.854024,920.1219512195122,45.5,3.018446683883667
1365889837.1278322,948.170731707317,45.5,3.019080638885498
1365889837.4019442,965.2439024390244,46.5,3.0775644779205322
1365889837.7342231,973.170731707317,46.0,3.0703861713409424
1365889838.06381,1004.2682926829267,45.5,3.0207974910736084
1365889838.3400562,951.8292682926829,45.5,3.067814826965332
1365889838.6666172,960.9756097560976,46.0,3.071774959564209
1365889838.994111,879.2682926829268,45.5,3.018463373184204
1365889839.266807,960.3658536585366,46.0,3.064075231552124
1365889839.590643,949.390243902439,45.5,3.0670692920684814
1365889839.9159942,917.0731707317074,45.5,3.0196940898895264
1365889840.190133,893.9024390243902,46.5,3.031446933746338
1365889840.46503,957.3170731707316,45.5,3.0750555992126465
1365889840.792889,959.1463414634146,45.5,3.045153856277466
1365889841.092821,789.0243902439024,45.5,3.05843186378479
1365889841.368302,954.8780487804878,45.5,3.0765187740325928
1365889841.7041001,973.780487804878,45.5,3.079122543334961
1365889842.028948,931.0975609756098,45.5,3.0250213146209717
1365889842.299981,1081.0975609756097,46.0,3.070873975753784
1365889842.6286771,984.1463414634146,46.0,3.077972650527954
1365889842.9624882,768.2926829268292,46.5,3.0257976055145264
1365889843.232301,918.2926829268293,45.5,3.0347299575805664
1365889843.524747,968.2926829268292,45.5,3.074998378753662
1365889843.85434,949.390243902439,46.0,3.0197904109954834
1365889844.125993,940.8536585365853,45.5,3.019855499267578
1365889844.400906,951.2195121951219,45.5,3.0754029750823975
1365889844.7343931,968.9024390243902,46.5,3.073838710784912
1365889845.059309,902.439024390244,46.5,3.0524399280548096
1365889845.334514,976.219512195122,46.5,4.4218995571136475
1365889845.66412,965.2439024390244,45.5,4.099994897842407
1365889846.0026162,940.8536585365853,45.5,3.7672150135040283
1365889846.276609,918.9024390243903,46.0,3.499316453933716
1365889846.602815,957.3170731707316,45.5,3.1789512634277344
1365889846.928326,787.1951219512196,46.0,3.0231025218963623
1365889847.199996,823.170731707317,45.5,3.0199060440063477
1365889847.469425,940.2439024390243,46.5,3.0816757678985596
1365889847.8037288,940.2439024390243,46.0,3.0480566024780273
1365889848.10565,1131.7073170731705,46.0,3.023960590362549
1365889848.376738,968.2926829268292,45.5,3.081195831298828
1365889848.7140899,960.9756097560976,46.0,3.0701000690460205
1365889849.042173,906.0975609756098,45.5,3.0153958797454834
1365889849.3137531,1023.7804878048779,46.5,3.0685324668884277
1365889849.6416261,954.8780487804878,45.5,3.0831120014190674
1365889849.984045,887.1951219512196,46.0,3.0212788581848145
1365889850.253739,788.4146341463415,45.5,3.0363595485687256
1365889850.5540612,950.0,46.0,3.0722951889038086
1365889850.8802738,931.0975609756098,45.5,3.01808762550354
1365889851.152396,764.0243902439024,46.0,3.0277538299560547
1365889851.423598,960.3658536585366,46.5,3.069701671600342
1365889851.751273,957.3170731707316,46.5,3.0682475566864014
1365889852.077912,852.4390243902438,46.0,3.0354197025299072
1365889852.355554,954.2682926829268,45.5,3.074619770050049
1365889852.685677,960.9756097560976,46.0,3.0715341567993164
1365889853.016989,856.0975609756098,46.0,3.015899181365967
1365889853.288772,940.2439024390243,45.5,3.063547134399414
1365889853.614198,954.8780487804878,46.0,3.074068784713745
1365889853.943212,878.0487804878048,45.5,3.019287109375
1365889854.217091,805.4878048780488,46.5,3.0191755294799805
1365889854.486327,956.0975609756097,46.0,3.0683910846710205
1365889854.814431,940.2439024390243,46.5,3.035564422607422
1365889855.100276,951.8292682926829,46.0,3.0497500896453857
1365889855.369966,976.219512195122,45.5,3.069585084915161
1365889855.690078,1092.0731707317073,46.0,3.0739657878875732
1365889856.0146189,768.2926829268292,46.5,3.0216219425201416
1365889856.2896261,957.3170731707316,45.5,3.0637028217315674
1365889856.6114628,968.2926829268292,46.0,3.1216118335723877
1365889856.944055,943.2926829268292,46.5,3.0812885761260986
1365889857.214497,907.9268292682927,45.5,3.017993927001953
1365889857.486283,943.9024390243902,46.5,3.2304306030273438
1365889857.8088992,968.9024390243902,46.5,3.1408941745758057
1365889858.0968268,821.951219512195,46.0,3.0631062984466553
1365889858.37518,950.0,46.5,3.1056742668151855
1365889858.70324,978.0487804878048,46.5,3.0707080364227295
1365889859.0348248,935.3658536585366,46.0,3.0306687355041504
1365889859.3132591,1380.4878048780486,45.5,3.0697178840637207
1365889859.641428,943.2926829268292,46.5,3.0686147212982178
1365889859.970766,795.1219512195122,46.5,3.023045063018799
1365889860.244891,937.1951219512194,45.5,3.0407726764678955
1365889860.543583,1012.1951219512196,45.5,3.0806026458740234
1365889860.884066,918.2926829268293,46.5,3.016874074935913
1365889861.155076,1084.7560975609756,46.5,3.0201785564422607
1365889861.427795,976.219512195122,46.0,3.158414602279663
1365889861.762285,970.1219512195122,45.5,3.0749876499176025
1365889862.088167,774.390243902439,46.0,3.0457093715667725
1365889862.363729,959.1463414634146,45.5,3.085848569869995
1365889862.7040708,979.8780487804878,46.5,3.0664305686950684
1365889863.031428,1215.8536585365853,45.5,3.0253970623016357
1365889863.306609,902.439024390244,46.0,3.109086513519287
1365889863.634059,1001.8292682926829,46.0,3.069397211074829
1365889863.961787,893.9024390243902,46.5,3.018101215362549
1365889864.2356758,804.2682926829269,46.0,3.022362470626831
1365889864.5050108,957.3170731707316,46.0,3.251173973083496
1365889864.834632,976.8292682926829,46.5,3.0406765937805176
1365889865.1303139,784.1463414634146,46.5,3.0227222442626953
1365889865.407744,948.170731707317,46.5,3.0728793144226074
1365889865.7371259,1076.219512195122,46.5,3.0814049243927
1365889866.072463,940.8536585365853,46.5,3.022584915161133
1365889866.3465621,962.8048780487804,46.5,3.0925283432006836
1365889866.67259,960.9756097560976,46.5,3.0780060291290283
1365889867.003804,959.1463414634146,45.5,3.0221328735351562
1365889867.2794392,917.0731707317074,46.5,3.045961856842041
1365889867.58394,965.8536585365854,46.0,3.1046972274780273
1365889867.924048,1023.1707317073171,45.5,3.0293126106262207
1365889868.198823,1048.170731707317,46.5,3.1357812881469727
1365889868.470198,951.8292682926829,46.0,3.074594736099243
1365889868.803149,957.9268292682926,46.5,3.0820939540863037
1365889869.128819,957.9268292682926,47.1,3.0408999919891357
1365889869.400046,960.9756097560976,46.5,3.069927930831909
1365889869.722513,949.390243902439,45.5,3.071104049682617
1365889870.05174,775.0,46.0,3.034299850463867
1365889870.324523,807.3170731707318,46.5,3.0691046714782715
1365889870.651846,943.2926829268292,46.5,3.0750575065612793
1365889870.987419,885.9756097560976,46.5,3.158109188079834
1365889871.260701,812.1951219512194,46.0,3.0176589488983154
1365889871.5323122,979.8780487804878,45.5,3.0736587047576904
1365889871.864414,960.9756097560976,46.5,3.033982276916504
1365889872.1547751,954.2682926829268,46.5,3.019876480102539
1365889872.428184,957.3170731707316,46.5,3.087024450302124
1365889872.764066,959.1463414634146,46.5,3.0855636596679688
1365889873.102444,784.1463414634146,46.5,3.0191853046417236
1365889873.3767722,954.8780487804878,46.5,3.071457624435425
1365889873.708276,971.3414634146342,46.5,3.066274642944336
1365889874.033196,889.0243902439024,45.5,3.018953561782837
1365889874.308118,1680.4878048780488,46.5,3.0589535236358643
1365889874.61956,1182.9268292682925,46.5,3.077744483947754
1365889874.952976,879.2682926829268,46.5,3.0639400482177734
1365889875.226732,860.3658536585366,46.5,3.0200350284576416
1365889875.497952,951.2195121951219,46.0,3.06644606590271
1365889875.8240068,957.3170731707316,46.5,3.083259344100952
1365889876.1452842,962.8048780487804,45.5,3.023947238922119
1365889876.418497,932.9268292682927,46.0,3.0693953037261963
1365889876.744097,953.0487804878048,46.0,3.069838523864746
1365889877.072633,914.0243902439024,46.5,3.017557382583618
1365889877.348452,979.2682926829268,46.0,3.082000970840454
1365889877.682826,960.9756097560976,46.0,3.0779786109924316
1365889878.004718,828.0487804878048,46.0,3.023960590362549
1365889878.27936,759.1463414634146,46.5,3.035836935043335
1365889878.5742478,957.3170731707316,46.0,3.0727949142456055
1365889878.9057422,879.8780487804878,46.5,3.0177595615386963
1365889879.179164,835.9756097560976,46.5,3.036628484725952
1365889879.4529521,959.1463414634146,46.5,3.0888547897338867
1365889879.792439,1059.7560975609756,46.5,3.2457900047302246
1365889880.1194618,929.2682926829269,46.5,3.0314364433288574
1365889880.396699,1018.2926829268292,45.5,3.080817699432373
1365889880.732746,1120.121951219512,46.5,3.0808238983154297
1365889881.0642781,917.0731707317074,46.5,3.0211944580078125
1365889881.337322,868.2926829268292,45.5,3.0888864994049072
1365889881.6640818,967.0731707317073,46.5,3.0720443725585938
1365889881.9945621,917.0731707317074,46.5,3.0351853370666504
1365889882.268042,939.0243902439024,46.0,3.0356600284576416
1365889882.544745,959.1463414634146,46.0,3.159982681274414
1365889882.882377,1354.878048780488,46.5,3.0213019847869873
1365889883.1597152,979.8780487804878,46.5,3.018598794937134
1365889883.433747,949.390243902439,46.0,3.0797276496887207
1365889883.773216,1007.9268292682925,46.5,3.1206748485565186
1365889884.104788,807.9268292682927,46.5,3.0217301845550537
1365889884.381207,968.2926829268292,46.5,3.0705602169036865
1365889884.710309,954.8780487804878,46.5,3.072577714920044
1365889885.044032,1056.7073170731708,46.0,3.0371360778808594
1365889885.317556,875.0,46.5,3.0623576641082764
1365889885.624062,965.8536585365854,46.5,3.0788724422454834
1365889885.963404,926.219512195122,46.5,3.020030975341797
1365889886.236236,840.2439024390244,46.5,3.0267488956451416
1365889886.51108,956.0975609756097,46.5,3.0915660858154297
1365889886.8440902,956.0975609756097,46.0,3.0678439140319824
1365889887.161751,978.0487804878048,46.5,3.062647819519043
1365889887.435369,1104.878048780488,46.5,3.0744314193725586
1365889887.76241,965.2439024390244,46.5,3.0748443603515625
1365889888.090624,909.1463414634146,46.5,3.0182042121887207
1365889888.365597,1193.90243902439,46.5,3.0757548809051514
1365889888.694091,951.2195121951219,46.0,3.074883460998535
1365889889.0340679,813.4146341463414,46.5,3.0200095176696777
1365889889.306669,857.3170731707316,46.5,3.1384122371673584
1365889889.604136,968.2926829268292,46.5,3.0725269317626953
1365889889.9294798,772.5609756097562,46.5,3.021639347076416
1365889890.2029471,968.2926829268292,46.5,3.020803213119507
1365889890.476008,1009.1463414634145,46.5,3.0724055767059326
1365889890.8078778,965.2439024390244,46.5,3.099170684814453
1365889891.136914,951.2195121951219,46.5,3.018301486968994
1365889891.410591,951.8292682926829,46.5,3.0645952224731445
1365889891.734124,940.2439024390243,46.5,3.0965235233306885
1365889892.064277,796.9512195121952,46.5,3.017299175262451
1365889892.337802,965.8536585365854,46.5,3.0660109519958496
1365889892.662451,943.2926829268292,46.5,3.0874948501586914
1365889892.989141,965.8536585365854,46.5,3.0702407360076904
1365889893.2616162,962.8048780487804,46.5,3.01794695854187
1365889893.535489,945.1219512195122,46.0,3.070847988128662
1365889893.865269,943.9024390243902,46.5,3.0472710132598877
1365889894.166537,934.1463414634147,46.5,3.0179505348205566
1365889894.4405708,953.0487804878048,46.5,3.292081594467163
1365889894.774112,1821.9512195121952,46.5,3.0795583724975586
1365889895.1042821,1167.6829268292684,46.5,3.0308899879455566
1365889895.379005,973.170731707317,46.5,3.085203170776367
1365889895.7225401,1203.0487804878048,46.5,3.1258347034454346
1365889896.0540211,950.0,46.5,3.026953935623169
1365889896.330362,807.9268292682927,46.5,3.055680990219116
1365889896.64539,982.3170731707316,46.5,3.066819906234741
1365889896.971134,940.2439024390243,46.0,3.02305269241333
1365889897.24788,904.2682926829268,46.5,3.018399238586426
1365889897.521347,973.780487804878,46.5,3.073000431060791
1365889897.852447,956.0975609756097,46.5,3.063718795776367
1365889898.166492,849.390243902439,46.5,3.030170440673828
1365889898.442692,1363.4146341463415,46.5,3.0756332874298096
1365889898.775975,957.9268292682926,46.5,3.078989028930664
1365889899.11357,904.8780487804878,46.5,3.024139642715454
1365889899.388948,1043.2926829268292,46.5,3.0636215209960938
1365889899.715352,976.8292682926829,46.5,3.077387571334839
1365889900.044053,807.9268292682927,46.5,3.0155446529388428
1365889900.315797,1056.7073170731708,46.0,3.037229061126709
1365889900.6118379,975.0,46.5,3.067294120788574
1365889900.9397051,871.3414634146342,46.5,3.030433177947998
1365889901.212748,885.3658536585366,46.5,3.0212912559509277
1365889901.487212,943.2926829268292,46.5,3.0799598693847656
1365889901.824095,971.3414634146342,46.5,3.06426739692688
1365889902.14735,1148.1707317073171,46.5,3.022629737854004
1365889902.423458,1020.7317073170732,46.0,3.071035623550415
1365889902.752304,951.8292682926829,46.5,3.102281332015991
1365889903.080951,1092.0731707317073,46.5,3.021488666534424
1365889903.353635,1025.0,46.5,3.068746566772461
1365889903.681663,962.8048780487804,46.5,3.0972700119018555
1365889904.01404,831.0975609756097,46.5,3.023865222930908
1365889904.286054,921.9512195121952,46.5,3.033052682876587
1365889904.558795,945.1219512195122,46.5,3.0816471576690674
1365889904.892385,951.2195121951219,46.5,3.039118528366089
1365889905.1851819,774.390243902439,46.5,3.039109706878662
1365889905.46284,935.3658536585366,47.1,3.0698845386505127
1365889905.792546,964.0243902439024,46.5,3.069380044937134
1365889906.11848,913.4146341463415,46.5,3.017331838607788
1365889906.392652,957.3170731707316,46.5,3.0685083866119385
1365889906.721795,967.0731707317073,47.1,3.071413516998291
1365889907.051711,979.2682926829268,46.5,3.0234689712524414
1365889907.327913,913.4146341463415,46.5,3.0396320819854736
1365889907.624078,946.3414634146341,46.5,3.0948991775512695
1365889907.952816,923.1707317073171,46.5,3.0233333110809326
1365889908.227674,903.048780487805,46.5,3.016205310821533
1365889908.500501,959.1463414634146,46.5,3.0726685523986816
1365889908.832845,943.9024390243902,46.5,3.0753209590911865
1365889909.160804,987.1951219512194,46.5,3.0219247341156006
1365889909.4378922,943.9024390243902,47.1,3.0765039920806885
1365889909.771424,965.8536585365854,46.5,3.091660737991333
1365889910.1222668,785.9756097560976,46.5,3.0203936100006104
1365889910.399127,953.0487804878048,46.5,3.065495252609253
1365889910.723826,973.170731707317,46.5,3.0748131275177
1365889911.049363,842.0731707317073,46.5,3.025470018386841
1365889911.321585,926.219512195122,46.5,3.0407681465148926
1365889911.614451,967.0731707317073,46.5,3.071713447570801
1365889911.944769,890.8536585365854,46.5,3.0181851387023926
1365889912.218135,923.1707317073171,46.5,3.0482752323150635
1365889912.492437,950.0,46.5,3.0766232013702393
1365889912.8229818,950.0,46.5,3.0730111598968506
1365889913.149716,817.0731707317073,46.5,3.0191285610198975
1365889913.425708,953.0487804878048,46.5,3.0804364681243896
1365889913.766015,959.1463414634146,46.5,3.102773427963257
1365889914.0902221,937.1951219512194,46.5,3.025787830352783
1365889914.364817,1004.8780487804878,46.5,3.1338086128234863
1365889914.694083,968.2926829268292,46.5,3.072150707244873
1365889915.024013,807.9268292682927,47.1,3.0262656211853027
1365889915.299084,953.0487804878048,46.5,3.0190253257751465
1365889915.571987,949.390243902439,46.5,3.071298122406006
1365889915.8964312,946.3414634146341,46.5,3.0734057426452637
1365889916.185777,874.390243902439,47.1,3.0865674018859863
1365889916.4574,1046.9512195121952,46.5,3.0709667205810547
1365889916.784089,942.0731707317073,46.5,3.109873056411743
1365889917.11412,871.3414634146342,46.5,3.074636936187744
1365889917.3860102,1050.0,46.5,3.0688064098358154
1365889917.714941,1007.3170731707318,47.1,3.0840516090393066
1365889918.05406,768.2926829268292,46.5,3.051218032836914
1365889918.3269749,1612.1951219512196,47.1,3.036282539367676
1365889918.6121228,967.0731707317073,47.1,3.0719821453094482
1365889918.944033,854.8780487804878,47.1,3.019665002822876
1365889919.2181702,853.0487804878048,46.5,3.017672538757324
1365889919.492482,942.0731707317073,46.5,3.0778887271881104
1365889919.822313,967.0731707317073,47.1,3.0700905323028564
1365889920.151119,1103.0487804878048,46.5,3.0218284130096436
1365889920.4241972,954.2682926829268,46.5,3.0767204761505127
1365889920.760094,967.0731707317073,46.5,3.071927785873413
1365889921.091765,979.2682926829268,46.5,3.022819995880127
1365889921.362018,910.9756097560976,46.5,3.264021158218384
1365889921.684056,1009.7560975609756,46.5,3.071742296218872
1365889922.014976,937.8048780487804,46.5,3.109588623046875
1365889922.288955,826.2195121951219,46.5,3.0182673931121826
1365889922.5629492,939.0243902439024,46.5,3.075836420059204
1365889922.892898,940.2439024390243,46.5,3.0462207794189453
1365889923.186477,904.2682926829268,46.5,3.017519950866699
1365889923.4600818,957.3170731707316,46.5,3.0705056190490723
1365889923.780798,954.2682926829268,46.5,3.0972909927368164
1365889924.103016,898.1707317073171,46.5,3.080409288406372
1365889924.372004,863.4146341463414,46.5,3.06735897064209
1365889924.698876,943.2926829268292,46.5,3.06950044631958
1365889925.0276139,867.0731707317074,46.5,3.018247127532959
1365889925.299247,953.0487804878048,46.5,3.017683982849121
1365889925.572834,992.0731707317074,46.5,3.070927858352661
1365889925.9034119,965.8536585365854,46.5,3.0508739948272705
1365889926.200307,1126.8292682926829,46.5,3.0310730934143066
1365889926.470338,971.3414634146342,46.5,3.076479196548462
1365889926.80406,959.1463414634146,46.5,3.0654780864715576
1365889927.131092,879.8780487804878,46.5,3.0213077068328857
1365889927.403679,965.2439024390244,46.5,3.072845935821533
1365889927.738049,954.8780487804878,46.5,3.0811104774475098
1365889928.0731862,954.8780487804878,47.1,3.020350933074951
1365889928.349497,800.0,47.1,3.054682970046997
1365889928.650534,1185.9756097560976,47.1,3.0693864822387695
1365889928.980009,767.0731707317074,46.5,3.0176570415496826
1365889929.2535381,821.3414634146341,46.5,3.015538454055786
1365889929.5260851,954.8780487804878,46.5,3.068640947341919
1365889929.85531,943.9024390243902,47.1,3.0990030765533447
1365889930.193969,984.1463414634146,46.5,3.0190999507904053
1365889930.466175,979.2682926829268,46.5,3.0931358337402344
1365889930.792329,990.2439024390244,46.5,3.0777714252471924
1365889931.119752,909.1463414634146,47.1,3.0375924110412598
1365889931.397011,1073.780487804878,46.5,3.0760016441345215
1365889931.732436,1613.4146341463415,47.1,3.0707812309265137
1365889932.061064,819.5121951219512,46.5,3.021009922027588
1365889932.336114,959.1463414634146,46.0,3.0425868034362793
1365889932.633485,959.1463414634146,46.5,3.0765721797943115
1365889932.96931,976.8292682926829,46.5,3.020772695541382
1365889933.244183,956.0975609756097,46.5,3.0175840854644775
1365889933.516696,951.2195121951219,46.5,3.073277235031128
1365889933.849946,954.8780487804878,47.1,3.076633930206299
1365889934.184871,781.0975609756098,47.1,3.0290584564208984
1365889934.458165,943.2926829268292,47.1,3.1288418769836426
1365889934.792802,940.2439024390243,47.1,3.0681114196777344
1365889935.1240451,951.2195121951219,46.5,3.018629312515259
1365889935.4000242,982.9268292682926,47.1,3.069065809249878
1365889935.72965,951.8292682926829,46.5,3.076293706893921
1365889936.064817,951.2195121951219,47.1,3.134303092956543
1365889936.337392,767.0731707317074,46.5,3.0413358211517334
1365889936.6326451,942.0731707317073,47.1,3.075921058654785
1365889936.9631271,796.9512195121952,46.5,3.0533359050750732
1365889937.236768,998.170731707317,47.1,3.0286803245544434
1365889937.508439,965.2439024390244,47.1,3.088869571685791
1365889937.832779,967.0731707317073,46.5,3.102400779724121
1365889938.1522381,799.3902439024391,47.1,3.019916296005249
1365889938.4220831,1142.0731707317073,47.1,3.078017473220825
1365889938.7540832,956.0975609756097,47.1,3.069425106048584
1365889939.071826,825.0,46.5,3.0367815494537354
1365889939.344372,868.9024390243902,47.6,3.041012763977051
1365889939.644053,968.2926829268292,46.5,3.0675652027130127
1365889939.97139,878.0487804878048,46.5,3.0235097408294678
1365889940.244896,951.8292682926829,47.1,3.0161197185516357
1365889940.517865,950.0,47.1,3.0770084857940674
1365889940.842773,1062.8048780487804,47.1,3.0726163387298584
1365889941.174242,1000.0,47.1,3.024567127227783
1365889941.450185,965.8536585365854,46.5,3.084940195083618
1365889941.7732532,962.8048780487804,46.5,3.068906307220459
1365889942.102137,778.048780487805,46.5,3.021343946456909
1365889942.38036,841.4634146341463,47.1,3.0649666786193848
1365889942.704918,954.8780487804878,46.5,3.0714638233184814
1365889943.035855,954.8780487804878,46.5,3.0146851539611816
1365889943.3072698,1082.9268292682927,46.5,3.0215673446655273
1365889943.579079,942.0731707317073,46.5,3.068251371383667
1365889943.9040651,965.2439024390244,47.1,3.0481176376342773
1365889944.2079139,1031.0975609756097,47.1,3.0209877490997314
1365889944.482518,968.2926829268292,47.1,3.0727405548095703
1365889944.814803,971.3414634146342,46.5,3.074331521987915
1365889945.154027,1065.8536585365855,47.1,3.0176398754119873
1365889945.428121,940.2439024390243,46.5,3.1405537128448486
1365889945.7540622,956.0975609756097,47.1,3.069758415222168
1365889946.083277,1065.8536585365855,46.5,3.019963264465332
1365889946.359102,915.8536585365854,46.5,3.0370144844055176
1365889946.6560051,946.3414634146341,46.5,3.0744407176971436
1365889946.9903748,1126.219512195122,47.1,3.0250329971313477
1365889947.263468,937.8048780487804,47.1,3.0174784660339355
1365889947.537247,1057.9268292682925,47.1,3.0591955184936523
1365889947.855996,928.048780487805,47.1,3.0657126903533936
1365889948.1812549,1170.7317073170732,47.1,3.015324354171753
1365889948.454365,960.3658536585366,46.5,3.0712227821350098
1365889948.784682,973.170731707317,46.5,3.0788609981536865
1365889949.124002,796.9512195121952,46.5,3.0205132961273193
1365889949.400917,1081.0975609756097,47.1,3.1037542819976807
1365889949.744072,959.1463414634146,47.1,3.2048892974853516
1365889950.080451,889.0243902439024,46.5,3.01839542388916
1365889950.352153,823.170731707317,46.5,3.158169984817505
1365889950.654786,1053.0487804878048,46.5,3.104015588760376
1365889950.981567,792.0731707317074,46.5,3.01631760597229
1365889951.2549288,951.2195121951219,46.5,3.0260539054870605
1365889951.527978,964.0243902439024,47.1,3.0793216228485107
1365889951.857991,951.2195121951219,47.1,3.0712945461273193
1365889952.184134,825.0,46.5,3.024026870727539
1365889952.46119,960.9756097560976,47.1,3.0909078121185303
1365889952.7936692,932.9268292682927,47.1,3.0727553367614746
1365889953.1260648,975.0,47.1,3.0251028537750244
1365889953.401779,870.1219512195122,46.5,3.0726466178894043
1365889953.734735,1042.0731707317073,47.1,3.0680370330810547
1365889954.0631738,954.8780487804878,46.5,3.0160279273986816
1365889954.33679,965.8536585365854,46.5,3.039167881011963
1365889954.634089,959.1463414634146,47.1,3.07132625579834
1365889954.964427,795.1219512195122,46.5,3.0148391723632812
1365889955.236635,949.390243902439,47.1,3.0166854858398438
1365889955.507949,959.1463414634146,46.5,3.0756912231445312
1365889955.8434188,937.1951219512194,46.5,3.068242311477661
1365889956.174504,835.3658536585366,46.5,3.0155577659606934
1365889956.4475331,950.0,46.5,3.0652201175689697
1365889956.774097,967.0731707317073,46.5,3.072214126586914
1365889957.104057,950.0,47.1,3.0180044174194336
1365889957.373306,959.1463414634146,47.1,3.051593065261841
1365889957.685091,949.390243902439,46.5,3.070142984390259
1365889958.0140438,817.0731707317073,46.5,3.0380475521087646
1365889958.283008,937.1951219512194,47.1,3.022374391555786
1365889958.55554,1120.121951219512,47.1,3.0687074661254883
1365889958.883701,943.2926829268292,46.5,3.0742228031158447
1365889959.212461,862.1951219512194,47.1,3.0215625762939453
1365889959.484848,951.2195121951219,46.5,3.0714216232299805
1365889959.81408,1460.3658536585367,47.1,3.069802761077881
1365889960.143769,1311.5853658536585,46.5,3.0211172103881836
1365889960.4160252,1050.0,47.1,3.068082094192505
1365889960.744135,957.3170731707316,46.5,3.086761474609375
1365889961.0820422,887.1951219512196,46.5,3.0259993076324463
1365889961.359006,765.2439024390244,47.1,3.0317022800445557
1365889961.650081,968.9024390243902,47.1,3.074863910675049
1365889961.985696,949.390243902439,46.5,3.0149142742156982
1365889962.258174,902.439024390244,47.1,3.0148541927337646
1365889962.530368,960.9756097560976,46.5,3.0675299167633057
1365889962.8641012,940.2439024390243,47.1,3.0704166889190674
1365889963.193158,868.9024390243902,47.1,3.0517537593841553
1365889963.468271,971.951219512195,47.1,3.0794711112976074
1365889963.8023438,953.0487804878048,47.1,3.0738000869750977
1365889964.134062,1120.7317073170732,46.5,3.0181310176849365
1365889964.408961,1082.9268292682927,47.1,3.07537579536438
1365889964.744652,965.2439024390244,47.1,3.080854892730713
1365889965.084057,892.0731707317074,47.1,3.020779609680176
1365889965.362378,978.0487804878048,47.1,3.0397837162017822
1365889965.6636999,956.0975609756097,47.1,3.074266195297241
1365889965.997687,950.0,46.5,3.0217370986938477
1365889966.275902,899.390243902439,46.5,3.0133213996887207
1365889966.5468779,953.0487804878048,47.1,3.0676026344299316
1365889966.884177,971.3414634146342,47.1,3.0868520736694336
1365889967.214456,913.4146341463415,47.1,3.0186922550201416
1365889967.489826,962.8048780487804,47.1,3.0706424713134766
1365889967.8189719,943.9024390243902,47.1,3.076557159423828
1365889968.1540549,934.1463414634147,46.5,3.0177690982818604
1365889968.430068,970.1219512195122,46.5,3.0685958862304688
1365889968.754101,1109.7560975609756,47.1,3.0732014179229736
1365889969.084032,937.1951219512194,47.1,3.017960786819458
1365889969.353228,962.8048780487804,46.5,3.028512716293335
1365889969.641541,962.8048780487804,47.6,3.0712268352508545
1365889969.967444,923.1707317073171,47.1,3.0206143856048584
1365889970.238736,818.2926829268292,46.5,3.022170305252075
1365889970.508567,964.0243902439024,47.1,3.0606026649475098
1365889970.824091,1081.0975609756097,47.1,3.0843985080718994
1365889971.1622882,976.219512195122,47.6,3.019519329071045
1365889971.436385,965.2439024390244,46.5,3.0790505409240723
1365889971.784404,962.1951219512194,47.1,3.08015513420105
1365889972.115881,794.5121951219512,47.6,3.0151784420013428
1365889972.38864,839.0243902439024,47.1,3.059457778930664
1365889972.702414,956.0975609756097,47.1,3.070577621459961
1365889973.033539,990.2439024390244,47.1,3.0194239616394043
1365889973.3059452,940.8536585365853,47.1,3.0200953483581543
1365889973.577268,967.0731707317073,47.1,3.0627877712249756
1365889973.90003,960.3658536585366,46.5,3.0995254516601562
1365889974.2228649,912.1951219512196,47.1,3.0353024005889893
1365889974.496143,973.780487804878,47.1,3.067887544631958
1365889974.824097,959.1463414634146,46.5,3.075867176055908
1365889975.1542761,890.8536585365854,47.1,3.016934394836426
1365889975.4283898,985.9756097560976,47.1,3.0603318214416504
1365889975.751348,951.2195121951219,46.5,3.069425582885742
1365889976.0810611,890.2439024390244,47.1,3.0200624465942383
1365889976.3523588,951.2195121951219,47.1,3.0259320735931396
1365889976.632072,976.8292682926829,47.1,3.1188628673553467
1365889976.9540322,860.9756097560976,47.6,3.0174856185913086
1365889977.2273548,945.1219512195122,47.1,3.0233144760131836
1365889977.5034869,960.3658536585366,46.5,3.0832905769348145
1365889977.829673,1015.2439024390243,47.1,3.063629627227783
1365889978.1479301,1201.829268292683,47.1,3.02577805519104
1365889978.418444,950.0,46.5,3.0988900661468506
1365889978.75406,959.1463414634146,47.1,3.0694711208343506
1365889979.0837739,817.0731707317073,46.5,3.0192389488220215
1365889979.352962,760.9756097560976,47.1,3.0273995399475098
1365889979.6440709,971.3414634146342,47.1,3.072909116744995
1365889979.970238,871.9512195121952,47.1,3.021833658218384
1365889980.241051,793.2926829268293,47.1,3.024759292602539
1365889980.5142999,957.3170731707316,47.1,3.0750792026519775
1365889980.8448708,965.8536585365854,47.1,3.080827474594116
1365889981.184046,825.0,46.5,3.0177981853485107
1365889981.4582772,956.0975609756097,47.6,3.3754985332489014
1365889981.7782662,968.2926829268292,46.5,3.0949785709381104
1365889982.094625,821.3414634146341,47.1,3.0270192623138428
1365889982.3677912,1126.219512195122,47.1,3.0393359661102295
1365889982.662857,962.1951219512194,47.6,3.1307332515716553
1365889983.004033,982.3170731707316,47.1,3.0172746181488037
1365889983.2786229,1157.9268292682927,47.6,3.025144338607788
1365889983.550548,970.1219512195122,47.1,3.0770204067230225
1365889983.884109,973.780487804878,47.1,3.0675981044769287
1365889984.21369,1217.0731707317073,47.1,3.0200443267822266
1365889984.490268,1084.7560975609756,46.5,3.1608455181121826
1365889984.824072,973.780487804878,47.1,3.0673158168792725
1365889985.1521568,967.0731707317073,47.1,3.0198066234588623
1365889985.4320798,1057.9268292682925,46.5,3.0734970569610596
1365889985.762787,951.2195121951219,47.1,3.1519615650177
1365889986.094023,939.0243902439024,47.1,3.0229227542877197
1365889986.367841,932.9268292682927,47.1,3.0458755493164062
1365889986.664039,949.390243902439,47.6,3.109243392944336
1365889986.99008,781.0975609756098,47.1,3.016279458999634
1365889987.2643468,954.8780487804878,46.5,3.02807879447937
1365889987.5379682,954.8780487804878,46.5,3.067742109298706
1365889987.869693,957.3170731707316,47.1,3.0765678882598877
1365889988.208307,1023.1707317073171,47.1,3.0255978107452393
1365889988.4839628,967.0731707317073,47.6,3.0711123943328857
1365889988.815597,967.0731707317073,47.6,3.0672378540039062
1365889989.143096,925.0,47.1,3.0258383750915527
1365889989.4164228,948.170731707317,47.1,3.0660598278045654
1365889989.7428448,959.1463414634146,46.5,3.07371187210083
1365889990.07661,860.3658536585366,47.1,3.074108362197876
1365889990.348213,909.1463414634146,47.1,3.019606351852417
1365889990.622321,960.3658536585366,47.1,3.100781202316284
1365889990.957828,975.0,46.5,3.020089626312256
1365889991.232353,882.9268292682926,47.1,3.021178722381592
1365889991.510226,950.0,47.1,3.0835015773773193
1365889991.8435268,965.8536585365854,47.6,3.068063497543335
1365889992.16666,954.8780487804878,47.1,3.024763345718384
1365889992.453256,996.9512195121952,47.1,3.074486494064331
1365889992.779951,951.2195121951219,47.1,3.06829833984375
1365889993.105123,929.2682926829269,47.1,3.021904468536377
1365889993.3789618,882.3170731707318,47.1,3.0564615726470947
1365889993.664087,959.1463414634146,47.1,3.0679492950439453
1365889993.990717,940.2439024390243,47.1,3.0216493606567383
1365889994.263118,853.0487804878048,47.1,3.0208942890167236
1365889994.535464,953.0487804878048,47.6,3.0663411617279053
1365889994.86348,959.1463414634146,47.6,3.071532964706421
1365889995.194041,796.3414634146342,47.1,3.0347156524658203
1365889995.4725819,957.3170731707316,47.1,3.0731921195983887
1365889995.798932,957.9268292682926,47.1,3.0611391067504883
1365889996.119987,868.9024390243902,47.1,3.029059886932373
1365889996.3918662,1042.0731707317073,47.6,3.0369670391082764
1365889996.680413,932.3170731707318,47.1,3.062514305114746
1365889997.00319,814.0243902439024,47.1,3.017892599105835
1365889997.277472,996.9512195121952,47.1,3.021595001220703
1365889997.550632,959.1463414634146,47.1,3.0744731426239014
1365889997.884089,957.9268292682926,47.1,3.0677661895751953
1365889998.212381,785.3658536585366,47.1,3.0209529399871826
1365889998.490143,943.9024390243902,46.5,3.0745456218719482
1365889998.825459,1026.2195121951218,47.1,3.0825698375701904
1365889999.162699,776.219512195122,47.1,3.0177767276763916
1365889999.435585,1084.1463414634147,47.6,3.0689568519592285
1365889999.764707,965.2439024390244,47.1,3.090020179748535
1365890000.104064,946.3414634146341,47.1,3.019756317138672
1365890000.3773398,779.2682926829268,47.1,3.01827335357666
1365890000.665731,957.9268292682926,47.1,3.0673725605010986
1365890000.993344,1128.658536585366,47.1,3.0162618160247803
1365890001.267812,1007.3170731707318,47.6,3.0188703536987305
1365890001.538102,968.9024390243902,47.6,3.0664381980895996
1365890001.8649101,967.0731707317073,47.1,3.073559522628784
1365890002.194272,769.5121951219512,47.6,3.0297658443450928
1365890002.472378,1131.7073170731705,46.5,3.067913293838501
1365890002.8015318,1960.9756097560976,47.1,3.122957706451416
1365890003.134051,838.4146341463414,46.5,3.0188376903533936
1365890003.4039402,832.9268292682926,47.6,3.039813280105591
1365890003.704654,960.3658536585366,47.1,3.0708155632019043
1365890004.0301068,1073.1707317073171,47.1,3.0238137245178223
1365890004.304694,1045.1219512195123,47.1,3.0190351009368896
1365890004.5754309,964.0243902439024,47.6,3.08168625831604
1365890004.914096,987.8048780487804,47.1,3.073901414871216
1365890005.249564,992.0731707317074,47.1,3.0183396339416504
1365890005.5240178,954.8780487804878,47.1,3.0687878131866455
1365890005.853159,951.8292682926829,47.1,3.071854829788208
1365890006.1801522,814.0243902439024,47.1,3.023942708969116
1365890006.463441,984.7560975609756,47.1,3.062411308288574
1365890006.780982,940.8536585365853,47.1,3.096519947052002
1365890007.114048,953.0487804878048,47.6,3.017289876937866
1365890007.3859441,832.9268292682926,47.1,3.0276639461517334
1365890007.6648588,951.2195121951219,47.6,3.065720558166504
1365890007.9940631,810.9756097560976,47.1,3.021989107131958
1365890008.269747,783.5365853658537,47.6,3.0231993198394775
1365890008.5455801,1031.7073170731708,47.6,3.0810964107513428
1365890008.8716018,968.2926829268292,47.1,3.0667717456817627
1365890009.204057,774.390243902439,47.1,3.0234792232513428
1365890009.4800498,971.3414634146342,47.1,3.064286231994629
1365890009.805202,965.2439024390244,47.1,3.082371473312378
1365890010.13249,904.2682926829268,47.1,3.022329092025757
1365890010.403946,1090.8536585365853,46.5,3.044433116912842
1365890010.70282,940.2439024390243,47.1,3.0847175121307373
1365890011.043457,810.9756097560976,47.1,3.102616548538208
1365890011.314377,1087.1951219512196,47.1,3.0307888984680176
1365890011.5897589,950.0,47.1,3.0736591815948486
1365890011.924729,965.8536585365854,47.6,3.0942578315734863
1365890012.2630951,906.0975609756098,47.1,3.0174944400787354
1365890012.538683,923.1707317073171,47.1,3.068009376525879
1365890012.871955,948.170731707317,47.1,3.179931640625
1365890013.2040699,1031.0975609756097,46.5,3.022702217102051
1365890013.483514,964.0243902439024,47.6,3.094360589981079
1365890013.8240662,962.8048780487804,47.6,3.0724027156829834
1365890014.154068,982.3170731707316,47.6,3.030841112136841
1365890014.4286132,848.170731707317,47.1,3.045856475830078
1365890014.7343428,964.0243902439024,47.1,3.066230535507202
1365890015.0594702,929.8780487804878,47.1,3.0191917419433594
1365890015.330923,948.170731707317,47.1,3.0157291889190674
1365890015.601978,1117.0731707317075,47.1,3.0701675415039062
1365890015.9330199,968.9024390243902,47.6,3.076256513595581
1365890016.2591732,978.0487804878048,47.1,3.0208380222320557
1365890016.5344481,957.9268292682926,47.1,3.072145700454712
1365890016.864481,967.0731707317073,47.1,3.0886096954345703
1365890017.192811,995.1219512195122,47.1,3.033841371536255
1365890017.473268,951.8292682926829,47.1,3.085437059402466
1365890017.80235,970.1219512195122,47.1,3.0693039894104004
1365890018.134676,921.9512195121952,47.6,3.021339178085327
1365890018.410076,796.9512195121952,47.1,3.039057731628418
1365890018.710155,945.1219512195122,47.6,3.0592923164367676
1365890019.0307899,796.3414634146342,46.5,3.017686128616333
1365890019.302825,943.2926829268292,47.1,3.01469087600708
1365890019.572771,1810.3658536585365,47.1,3.066959857940674
1365890019.9005032,990.8536585365854,47.6,3.0623421669006348
1365890020.224118,1048.170731707317,47.6,3.029653787612915
1365890020.4971678,957.3170731707316,47.1,3.102799415588379
1365890020.821161,984.1463414634146,47.1,3.0984339714050293
1365890021.154081,877.439024390244,47.6,3.014519214630127
1365890021.426877,943.9024390243902,47.1,3.04353666305542
1365890021.734367,960.9756097560976,47.1,3.0703201293945312
1365890022.057705,1123.780487804878,47.6,3.0228641033172607
1365890022.330982,931.0975609756098,47.1,3.1435258388519287
1365890022.601959,1253.0487804878048,47.1,3.0932493209838867
1365890022.9340641,954.2682926829268,47.6,3.0673394203186035
1365890023.262516,976.219512195122,47.1,3.0262553691864014
1365890023.538113,1114.0243902439024,47.1,3.068282127380371
1365890023.868258,1012.1951219512196,47.6,3.059882640838623
1365890024.189572,910.3658536585366,46.5,3.0219500064849854
1365890024.4634938,946.951219512195,46.5,3.0738070011138916
1365890024.7926369,951.2195121951219,47.1,3.064345359802246
1365890025.1160479,812.1951219512194,47.1,3.0166521072387695
1365890025.387933,835.9756097560976,47.1,3.021580219268799
1365890025.660646,1067.6829268292684,47.1,3.0760505199432373
1365890025.9924119,946.951219512195,47.1,3.029947519302368
1365890026.275614,791.4634146341464,47.1,3.018707275390625
1365890026.5523462,956.0975609756097,47.1,3.070098876953125
1365890026.883463,968.2926829268292,47.6,3.075342893600464
1365890027.2126458,779.2682926829268,47.6,3.0214412212371826
1365890027.492361,954.8780487804878,47.1,3.0794830322265625
1365890027.8243551,965.8536585365854,47.1,3.083778142929077
1365890028.1527119,782.3170731707318,47.1,3.012819528579712
1365890028.424271,1303.658536585366,47.6,3.0418171882629395
1365890028.726433,976.219512195122,47.1,3.0780391693115234
1365890029.0646799,1043.2926829268292,47.1,3.015523672103882
1365890029.337774,921.3414634146342,47.1,3.0134119987487793
1365890029.609092,942.0731707317073,47.1,3.0628912448883057
1365890029.9342499,965.2439024390244,47.6,3.0728759765625
1365890030.262829,1157.9268292682927,47.6,3.0361063480377197
1365890030.537032,956.0975609756097,47.1,3.0649659633636475
1365890030.864815,965.2439024390244,46.5,3.0846140384674072
1365890031.194056,789.0243902439024,47.1,3.0200510025024414
1365890031.468351,909.1463414634146,46.5,3.079693555831909
1365890031.80965,940.2439024390243,47.1,3.0711004734039307
1365890032.1429079,915.2439024390244,47.1,3.0253477096557617
1365890032.4182441,807.9268292682927,47.1,3.0431909561157227
1365890032.724743,942.0731707317073,47.1,3.0777535438537598
1365890033.063251,1197.560975609756,47.1,3.0347111225128174
1365890033.336666,940.2439024390243,47.1,3.0144331455230713
1365890033.606316,951.2195121951219,47.1,3.076631546020508
1365890033.938818,962.1951219512194,47.1,3.0831239223480225
1365890034.2740412,890.8536585365854,47.1,3.0221760272979736
1365890034.5496728,967.0731707317073,47.1,3.0692057609558105
1365890034.881034,987.1951219512194,47.1,3.0632410049438477
1365890035.2061281,1125.0,47.6,3.0252132415771484
1365890035.479313,954.2682926829268,47.6,3.0741140842437744
1365890035.814539,949.390243902439,47.1,3.0722150802612305
1365890036.142331,785.9756097560976,47.1,3.0135953426361084
1365890036.414696,868.2926829268292,47.6,3.023263692855835
1365890036.6986501,957.9268292682926,46.5,3.0546224117279053
1365890037.0172641,982.3170731707316,47.1,3.021686553955078
1365890037.2957492,1471.3414634146343,47.6,3.021050214767456
1365890037.568484,965.8536585365854,47.6,3.070061683654785
1365890037.8940852,960.9756097560976,47.1,3.0744688510894775
1365890038.2222579,843.2926829268292,47.6,3.0596752166748047
1365890038.493195,960.3658536585366,47.1,3.0690884590148926
1365890038.824084,959.1463414634146,47.1,3.0804924964904785
1365890039.164028,777.439024390244,47.6,3.018150806427002
1365890039.4402492,937.8048780487804,47.6,3.0656604766845703
1365890039.744694,965.8536585365854,47.1,3.077246904373169
1365890040.083732,946.951219512195,47.6,3.018643379211426
1365890040.358868,824.390243902439,47.6,3.020005702972412
1365890040.631608,957.3170731707316,47.6,3.0696523189544678
1365890040.9623811,1060.9756097560976,47.6,3.063544511795044
1365890041.280531,826.2195121951219,47.1,3.039586067199707
1365890041.5509021,962.1951219512194,47.1,3.0649774074554443
1365890041.880123,957.3170731707316,47.6,3.0683116912841797
1365890042.206433,912.1951219512196,47.1,3.0131869316101074
1365890042.477719,1040.2439024390244,47.6,3.082392692565918
1365890042.8123038,948.170731707317,47.6,3.073315143585205
1365890043.141393,978.0487804878048,47.1,3.0221757888793945
1365890043.416197,762.1951219512196,47.6,3.052180051803589
1365890043.704267,943.2926829268292,47.6,3.2024457454681396
1365890044.034258,939.0243902439024,46.5,3.066380262374878
1365890044.3041248,774.390243902439,47.6,3.0215821266174316
1365890044.574291,962.8048780487804,47.1,3.0761988162994385
1365890044.9024389,932.3170731707318,47.6,3.074828863143921
1365890045.232733,860.3658536585366,47.1,3.0166738033294678
1365890045.50676,967.0731707317073,47.1,3.0654220581054688
1365890045.833461,1828.0487804878048,47.1,3.070930004119873
1365890046.159317,949.390243902439,47.6,3.0147933959960938
1365890046.43082,1137.8048780487804,47.1,3.0423617362976074
1365890046.73502,968.9024390243902,47.6,3.0703539848327637
1365890047.0641532,1578.6585365853657,47.6,3.0174813270568848
1365890047.3346848,981.0975609756098,47.1,3.018674373626709
1365890047.608664,965.8536585365854,47.6,3.0676889419555664
1365890047.9340858,935.9756097560976,47.1,3.0729408264160156
1365890048.262351,837.1951219512194,47.6,3.0135793685913086
1365890048.533623,979.8780487804878,46.5,3.096519947052002
1365890048.864085,956.0975609756097,47.6,3.0662894248962402
1365890049.1841059,932.9268292682927,47.6,3.027235746383667
1365890049.457881,1023.7804878048779,47.6,3.0599899291992188
1365890049.7716029,965.8536585365854,47.1,3.076749563217163
1365890050.104047,840.2439024390244,47.6,3.0263288021087646
1365890050.375743,1193.90243902439,47.1,3.016005039215088
1365890050.64642,1009.1463414634145,47.1,3.07405161857605
