1365889747.164103,976.219512195122,40.1,3.4628591537475586
1365889747.431005,896.3414634146342,40.1,3.4326629638671875
1365889747.688738,812.1951219512194,40.1,3.4434218406677246
1365889747.955194,757.3170731707318,39.5,3.4588801860809326
1365889748.239197,921.3414634146342,39.5,3.4325978755950928
1365889748.496187,812.1951219512194,40.1,3.440171241760254
1365889748.749986,799.3902439024391,39.5,3.466780185699463
1365889749.03332,907.9268292682927,40.1,3.4405319690704346
1365889749.292307,827.4390243902438,39.5,3.430302619934082
1365889749.5469592,627.439024390244,40.1,3.458876848220825
1365889749.829754,860.3658536585366,39.5,3.4512898921966553
1365889750.085097,931.0975609756098,39.5,3.436635971069336
1365889750.3384058,773.1707317073171,39.0,3.457249402999878
1365889750.621494,937.8048780487804,40.1,3.4380457401275635
1365889750.874772,931.0975609756098,40.1,3.44026517868042
1365889751.130483,821.951219512195,40.1,3.5776586532592773
1365889751.401102,672.5609756097562,39.0,3.4635205268859863
1365889751.680773,892.0731707317074,39.0,3.460475206375122
1365889751.934596,896.9512195121952,40.1,3.449397325515747
1365889752.191123,937.8048780487804,39.0,3.4614367485046387
1365889752.46657,937.8048780487804,39.5,3.434166431427002
1365889752.7223182,1150.609756097561,39.5,3.4374046325683594
1365889752.9752488,885.3658536585366,39.5,3.4589791297912598
1365889753.245837,642.6829268292684,39.0,3.4734432697296143
1365889753.5239959,1506.7073170731705,39.0,3.4398252964019775
1365889753.780461,934.1463414634147,39.5,3.4366350173950195
1365889754.041792,760.9756097560976,39.5,3.4533960819244385
1365889754.3201852,917.0731707317074,39.5,3.6453475952148438
1365889754.575159,796.9512195121952,39.0,3.4445457458496094
1365889754.835107,968.2926829268292,39.0,3.4557487964630127
1365889755.1141398,871.9512195121952,40.1,3.4329519271850586
1365889755.3674712,943.2926829268292,39.5,3.443310022354126
1365889755.627115,1117.0731707317075,39.0,3.443681240081787
1365889755.889008,599.390243902439,39.0,3.4664664268493652
1365889756.16934,929.2682926829269,39.5,3.4405696392059326
1365889756.431217,912.1951219512196,40.1,3.428708553314209
1365889756.6845682,804.2682926829269,39.0,3.452894926071167
1365889756.9587252,852.4390243902438,39.5,3.4355595111846924
1365889757.2183921,846.951219512195,39.0,3.4387457370758057
1365889757.473647,832.9268292682926,39.5,3.4368557929992676
1365889757.7359722,735.3658536585366,39.0,3.471221446990967
1365889758.0207171,830.4878048780488,39.5,3.436307668685913
1365889758.2745888,788.4146341463415,40.1,3.4312095642089844
1365889758.530158,840.2439024390244,39.5,3.468519926071167
1365889758.811934,957.9268292682926,39.5,3.4321558475494385
1365889759.066103,817.0731707317073,39.5,3.431398630142212
1365889759.321616,1035.9756097560976,39.0,3.458791971206665
1365889759.59106,901.219512195122,40.1,3.4372549057006836
1365889759.850202,773.1707317073171,39.5,3.440664052963257
1365889760.104695,954.8780487804878,39.5,3.43923282623291
1365889760.365651,639.6341463414634,39.0,3.4637556076049805
1365889760.649138,910.3658536585366,39.5,4.061432600021362
1365889760.9057589,1062.1951219512196,40.1,3.807992696762085
1365889761.159433,795.1219512195122,39.5,3.559894323348999
1365889761.439958,907.9268292682927,40.1,3.431262969970703
1365889761.6932428,896.9512195121952,39.5,3.430882215499878
1365889761.9494772,931.0975609756098,39.5,3.4556503295898438
1365889762.215733,616.4634146341464,39.0,3.478724718093872
1365889762.4955242,825.0,39.0,3.4930472373962402
1365889762.7510679,885.3658536585366,39.5,3.44803786277771
1365889763.004682,738.4146341463414,39.5,3.4686837196350098
1365889763.297438,839.0243902439024,40.1,3.433666467666626
1365889763.552854,910.9756097560976,40.1,3.4330482482910156
1365889763.8072782,925.0,39.0,3.4667911529541016
1365889764.09638,871.3414634146342,40.1,3.438844919204712
1365889764.351585,910.3658536585366,40.1,3.4329864978790283
1365889764.606733,932.3170731707318,40.1,3.4584593772888184
1365889764.887054,929.8780487804878,39.0,3.438868522644043
1365889765.142983,868.2926829268292,40.1,3.4316117763519287
1365889765.39631,899.390243902439,39.5,3.4833810329437256
1365889765.663212,701.2195121951219,39.0,3.4669015407562256
1365889765.942015,888.4146341463414,39.5,3.433009147644043
1365889766.197201,917.0731707317074,39.5,3.4380078315734863
1365889766.456049,765.2439024390244,40.1,3.478156805038452
1365889766.7351308,862.1951219512194,40.1,3.4531047344207764
1365889766.988829,982.9268292682926,39.0,3.481480360031128
1365889767.2485278,975.0,39.5,3.46867299079895
1365889767.52085,777.439024390244,39.5,3.4329609870910645
1365889767.774687,863.4146341463414,39.5,3.4403231143951416
1365889768.033071,1187.8048780487804,40.1,3.4375338554382324
1365889768.2961001,732.3170731707316,39.0,3.4525227546691895
1365889768.5730839,756.0975609756098,39.0,3.4295620918273926
1365889768.82797,898.1707317073171,39.5,3.435626268386841
1365889769.0874822,805.4878048780488,40.1,3.456442356109619
1365889769.3645802,878.0487804878048,39.5,3.463716506958008
1365889769.617897,926.219512195122,39.5,3.441331386566162
1365889769.878774,909.1463414634146,39.5,3.4908695220947266
1365889770.1461608,734.1463414634146,38.5,3.451688051223755
1365889770.4217758,924.3902439024391,40.1,3.4668102264404297
1365889770.686029,863.4146341463414,39.5,3.4367265701293945
1365889770.9402251,731.0975609756098,39.5,3.4598312377929688
1365889771.216007,921.3414634146342,39.0,3.4344897270202637
1365889771.474493,942.0731707317073,39.5,3.430448293685913
1365889771.729093,788.4146341463415,39.5,3.4522061347961426
1365889772.005004,780.4878048780488,39.0,3.4469223022460938
1365889772.265289,937.8048780487804,39.5,3.4287102222442627
1365889772.519537,996.9512195121952,40.1,3.4431278705596924
1365889772.786459,665.2439024390244,39.0,3.457911729812622
1365889773.069152,935.3658536585366,39.0,3.445209503173828
1365889773.325613,926.219512195122,39.5,3.439572811126709
1365889773.5808709,939.0243902439024,39.0,3.4689550399780273
1365889773.862547,982.9268292682926,39.5,3.433530330657959
1365889774.117245,882.9268292682926,39.0,3.4781575202941895
1365889774.371954,843.2926829268292,39.5,3.446697473526001
1365889774.637571,665.2439024390244,38.5,3.4637820720672607
1365889774.922868,749.390243902439,39.5,3.431957483291626
1365889775.179976,926.219512195122,39.0,3.4324276447296143
1365889775.4367082,741.4634146341464,39.0,3.4686472415924072
1365889775.725433,877.439024390244,40.1,3.4307072162628174
1365889775.9801018,805.4878048780488,39.5,3.4322922229766846
1365889776.234627,934.1463414634147,39.5,3.4608218669891357
1365889776.516434,909.1463414634146,39.0,3.4361748695373535
1365889776.7730172,831.0975609756097,40.1,3.431809902191162
1365889777.028399,821.951219512195,40.1,3.45468807220459
1365889777.3052428,764.0243902439024,40.1,3.4446914196014404
1365889777.559412,768.2926829268292,39.5,3.4305460453033447
1365889777.812344,910.9756097560976,39.5,3.6472296714782715
1365889778.075534,720.1219512195122,39.0,3.486541748046875
1365889778.3606431,926.829268292683,40.1,3.44704532623291
1365889778.6188219,831.0975609756097,40.1,3.482466220855713
1365889778.876138,766.4634146341464,39.0,3.453892707824707
1365889779.151586,914.0243902439024,39.5,3.4336676597595215
1365889779.407184,798.1707317073171,40.1,3.440354108810425
1365889779.666301,1106.09756097561,39.0,3.44675350189209
1365889779.9288251,699.390243902439,39.0,3.4578497409820557
1365889780.2083998,945.1219512195122,40.1,3.442936420440674
1365889780.469218,950.0,39.5,3.431305408477783
1365889780.723747,726.219512195122,39.5,3.4630937576293945
1365889781.001319,910.9756097560976,39.5,3.4348697662353516
1365889781.2574239,812.1951219512194,39.0,3.4535884857177734
1365889781.519682,934.1463414634147,40.1,3.47847843170166
1365889781.797652,937.1951219512194,39.5,3.4487924575805664
1365889782.0517602,884.1463414634146,39.0,3.4369025230407715
1365889782.312842,845.1219512195122,39.5,3.640803575515747
1365889782.583041,616.4634146341464,39.0,3.4504966735839844
1365889782.8577201,882.9268292682926,39.5,3.489776611328125
1365889783.117122,772.5609756097562,39.5,3.4483842849731445
1365889783.372412,704.2682926829268,39.5,3.4529829025268555
1365889783.647066,801.219512195122,40.1,3.4381470680236816
1365889783.9072928,943.2926829268292,40.1,3.4565341472625732
1365889784.1637492,951.2195121951219,39.5,3.461874485015869
1365889784.4399822,831.0975609756097,39.0,3.4840965270996094
1365889784.696834,856.0975609756098,39.5,3.434588670730591
1365889784.951249,1797.560975609756,39.5,3.6037001609802246
1365889785.2185879,937.8048780487804,40.1,3.454624652862549
1365889785.477866,968.9024390243902,40.1,3.434295654296875
1365889785.7318778,768.2926829268292,39.0,3.437795877456665
1365889785.990587,692.0731707317073,39.5,3.4526526927948
1365889786.266668,946.3414634146341,39.5,3.442610740661621
1365889786.5276601,923.1707317073171,40.1,3.4387176036834717
1365889786.781794,945.1219512195122,40.1,3.719024658203125
1365889787.053685,826.2195121951219,40.1,3.5055854320526123
1365889787.3111732,818.2926829268292,40.1,3.4326891899108887
1365889787.564353,799.3902439024391,40.1,3.4365639686584473
1365889787.821281,739.0243902439024,39.5,3.4633607864379883
1365889788.104393,763.4146341463414,40.1,3.4311587810516357
1365889788.358886,876.219512195122,40.1,3.435929298400879
1365889788.6136389,830.4878048780488,39.0,3.4617323875427246
1365889788.891982,1039.0243902439024,40.1,3.432785987854004
1365889789.1457431,900.0,40.1,3.4297735691070557
1365889789.4012868,799.3902439024391,40.1,3.436460018157959
1365889789.65921,656.0975609756098,39.0,3.4603888988494873
1365889789.944184,895.1219512195122,40.1,3.4313769340515137
1365889790.199501,889.0243902439024,40.1,3.4330053329467773
1365889790.4537401,1100.0,39.0,3.4953742027282715
1365889790.736382,785.3658536585366,39.5,3.434934139251709
1365889790.991314,929.2682926829269,39.5,3.433353900909424
1365889791.245962,754.2682926829268,39.0,3.4550955295562744
1365889791.5242162,823.170731707317,40.1,3.4548490047454834
1365889791.779289,772.5609756097562,40.1,3.552528142929077
1365889792.032555,848.170731707317,40.1,3.6521801948547363
1365889792.302678,750.0,39.0,3.451638698577881
1365889792.578901,767.0731707317074,40.1,3.4397802352905273
1365889792.834253,782.3170731707318,40.1,3.458556890487671
1365889793.0897121,937.8048780487804,40.1,3.5163698196411133
1365889793.368086,937.1951219512194,40.1,3.446798801422119
1365889793.6236532,853.0487804878048,39.0,3.430063009262085
1365889793.879209,760.9756097560976,40.1,3.443779468536377
1365889794.143996,726.219512195122,39.0,3.458918333053589
1365889794.4234471,778.048780487805,39.5,3.4421603679656982
1365889794.6786208,787.1951219512196,39.5,3.439948558807373
1365889794.937801,943.2926829268292,40.1,3.453845500946045
1365889795.213624,918.2926829268293,40.1,3.4381425380706787
1365889795.466872,939.0243902439024,40.1,3.4348793029785156
1365889795.7274098,951.8292682926829,40.1,3.483654022216797
1365889795.9892108,646.3414634146342,39.0,3.4533896446228027
1365889796.2678962,796.9512195121952,40.1,3.4335520267486572
1365889796.526847,863.4146341463414,40.1,3.4342875480651855
1365889796.780226,932.3170731707318,39.5,3.449770212173462
1365889797.054188,987.8048780487804,40.1,3.4504971504211426
1365889797.3142872,791.4634146341464,40.1,3.4351882934570312
1365889797.567706,937.8048780487804,40.1,3.436035633087158
1365889797.826796,743.2926829268292,40.1,3.462022304534912
1365889798.1085079,1004.8780487804878,39.5,3.4340767860412598
1365889798.364182,965.8536585365854,40.1,3.4298160076141357
1365889798.619342,939.0243902439024,39.5,3.4546103477478027
1365889798.897053,965.2439024390244,39.5,3.439084053039551
1365889799.160519,903.048780487805,40.1,3.4297728538513184
1365889799.415166,778.048780487805,40.1,3.4440321922302246
1365889799.683583,795.1219512195122,40.1,3.447775363922119
1365889799.942471,937.8048780487804,40.1,3.441287040710449
1365889800.19572,1350.0,40.1,3.441084623336792
1365889800.455518,733.5365853658536,39.5,3.4603235721588135
1365889800.739006,942.0731707317073,40.1,3.460240125656128
1365889800.9934,845.1219512195122,40.1,3.434353828430176
1365889801.249454,909.1463414634146,40.1,3.4618642330169678
1365889801.521007,750.0,39.0,3.4677858352661133
1365889801.798424,752.439024390244,39.5,3.4571073055267334
1365889802.054184,915.8536585365854,40.1,3.43290376663208
1365889802.30993,753.0487804878048,39.5,3.465029001235962
1365889802.600533,957.3170731707316,39.0,3.438647985458374
1365889802.85516,846.951219512195,39.5,3.4491870403289795
1365889803.109493,973.780487804878,39.5,3.4778501987457275
1365889803.395772,920.1219512195122,40.1,3.44577956199646
1365889803.65087,845.1219512195122,39.5,3.429426431655884
1365889803.905608,942.0731707317073,40.1,3.5035793781280518
1365889804.181268,940.8536585365853,40.1,3.4295525550842285
1365889804.436793,881.0975609756098,39.5,3.430891513824463
1365889804.691201,805.4878048780488,40.1,3.4411211013793945
1365889804.956993,739.0243902439024,39.5,3.4630701541900635
1365889805.236037,935.3658536585366,39.0,3.4580764770507812
1365889805.489022,864.0243902439024,40.1,3.527437210083008
1365889805.748986,912.1951219512196,39.0,3.453200578689575
1365889806.0154428,736.5853658536586,39.0,3.457092523574829
1365889806.291724,839.0243902439024,39.5,3.528690814971924
1365889806.550981,801.219512195122,40.1,3.4382083415985107
1365889806.804926,715.2439024390244,39.5,3.4606659412384033
1365889807.0816388,907.3170731707318,40.1,3.4423439502716064
1365889807.340544,877.439024390244,40.1,3.436861038208008
1365889807.593765,940.8536585365853,40.1,3.4561431407928467
1365889807.864303,1640.2439024390244,40.1,3.4335618019104004
1365889808.120279,945.1219512195122,40.1,3.597628116607666
1365889808.38187,960.9756097560976,40.1,3.440598249435425
1365889808.643599,681.0975609756098,39.5,3.523419141769409
1365889808.918016,796.9512195121952,40.1,3.4935922622680664
1365889809.1764128,879.2682926829268,39.5,3.4402949810028076
1365889809.430722,831.0975609756097,39.5,3.490607738494873
1365889809.700244,779.2682926829268,40.1,3.43623685836792
1365889809.960455,939.0243902439024,40.1,3.431797981262207
1365889810.214571,971.3414634146342,40.1,3.4400010108947754
1365889810.4767191,718.2926829268292,39.5,3.4781429767608643
1365889810.757971,914.0243902439024,40.1,3.4310190677642822
1365889811.011917,953.0487804878048,40.1,3.472271203994751
1365889811.2694788,940.2439024390243,39.5,3.566147804260254
1365889811.551379,778.048780487805,40.1,3.472411870956421
1365889811.805353,854.8780487804878,39.5,3.4310715198516846
1365889812.061125,824.390243902439,40.1,3.436891794204712
1365889812.319817,649.390243902439,39.5,3.4640798568725586
1365889812.6022358,898.1707317073171,39.5,3.4307897090911865
1365889812.8571289,776.219512195122,40.1,3.4334568977355957
1365889813.1136,1635.3658536585365,39.5,3.4532289505004883
1365889813.38923,846.951219512195,40.1,3.466862440109253
1365889813.643556,843.2926829268292,40.1,3.4889700412750244
1365889813.897215,898.1707317073171,40.1,3.4435343742370605
1365889814.1613739,728.0487804878048,39.5,3.4885308742523193
1365889814.438795,1056.7073170731708,40.1,3.4333813190460205
1365889814.6942642,943.9024390243902,40.1,3.429396152496338
1365889814.954043,738.4146341463414,39.0,3.463125467300415
1365889815.229572,968.2926829268292,39.0,3.4344935417175293
1365889815.48475,845.1219512195122,40.1,3.441162586212158
1365889815.7404191,862.1951219512194,40.1,3.458127975463867
1365889816.019725,680.4878048780488,39.0,3.45398211479187
1365889816.2941692,793.2926829268293,40.1,3.4533164501190186
1365889816.549102,929.8780487804878,39.5,3.435767650604248
1365889816.806677,739.0243902439024,40.1,3.4521536827087402
1365889817.084765,1134.1463414634145,40.1,3.439326524734497
1365889817.339266,790.2439024390244,40.1,3.446363925933838
1365889817.598652,860.9756097560976,40.1,3.4578325748443604
1365889817.878057,795.1219512195122,40.1,3.5318443775177
1365889818.1321778,827.4390243902438,39.5,3.433784008026123
1365889818.3907819,793.2926829268293,40.1,3.446763277053833
1365889818.659982,735.3658536585366,39.0,3.4510483741760254
1365889818.936818,1031.0975609756097,40.1,3.4379360675811768
1365889819.195713,796.9512195121952,40.1,3.442190647125244
1365889819.451146,929.2682926829269,39.5,3.458500385284424
1365889819.73004,857.9268292682926,40.1,3.43440580368042
1365889819.9900658,807.9268292682927,40.1,3.4353091716766357
1365889820.244543,902.439024390244,39.5,3.4448721408843994
1365889820.515296,924.3902439024391,40.1,3.436164617538452
1365889820.774706,924.3902439024391,40.1,3.4287843704223633
1365889821.029526,1021.9512195121952,40.1,3.4343063831329346
1365889821.289679,631.0975609756098,39.0,3.462186336517334
1365889821.567816,943.2926829268292,39.5,3.4350357055664062
1365889821.821611,789.0243902439024,40.1,3.4306139945983887
1365889822.077713,810.3658536585366,40.1,3.4474663734436035
1365889822.3496802,954.2682926829268,40.1,3.44122576713562
1365889822.6127732,1640.2439024390244,40.1,3.4621434211730957
1365889822.86881,801.219512195122,40.1,3.4559454917907715
1365889823.1294131,727.4390243902438,39.5,3.4676520824432373
1365889823.4147468,885.3658536585366,40.1,3.433332681655884
1365889823.6695309,835.9756097560976,40.1,3.430849313735962
1365889823.922545,736.5853658536586,40.1,3.464768886566162
1365889824.206284,859.1463414634146,40.1,3.433506965637207
1365889824.461022,940.8536585365853,40.1,3.431684732437134
1365889824.715203,846.951219512195,40.1,3.4504618644714355
1365889824.9908931,929.8780487804878,40.1,3.4380483627319336
1365889825.24435,801.219512195122,40.1,3.430342197418213
1365889825.5006158,837.1951219512194,39.5,3.4537553787231445
1365889825.760627,708.5365853658536,39.0,3.463195562362671
1365889826.047573,868.9024390243902,40.1,3.429633855819702
1365889826.3028328,895.1219512195122,39.5,3.4856889247894287
1365889826.557685,787.1951219512196,40.1,3.6709530353546143
1365889826.836888,1128.0487804878048,40.1,3.4328243732452393
1365889827.0927958,929.2682926829269,40.1,3.445190668106079
1365889827.346051,937.1951219512194,40.1,3.4393091201782227
1365889827.6111932,744.5121951219512,40.1,3.456568717956543
1365889827.8896708,780.4878048780488,40.1,3.436323642730713
1365889828.143446,881.0975609756098,40.1,3.434945583343506
1365889828.404172,915.2439024390244,40.1,3.4482784271240234
1365889828.675172,743.2926829268292,39.5,3.4635746479034424
1365889828.952644,934.1463414634147,40.1,3.4343490600585938
1365889829.212609,824.390243902439,40.1,3.4329018592834473
1365889829.467096,716.4634146341463,40.1,3.4545648097991943
1365889829.7448452,846.3414634146342,40.1,3.4370827674865723
1365889830.006146,1076.219512195122,40.1,3.4343862533569336
1365889830.26253,779.2682926829268,40.1,3.503056764602661
1365889830.5391529,756.0975609756098,40.1,3.450136423110962
1365889830.797771,760.3658536585366,39.5,3.432312250137329
1365889831.05158,889.0243902439024,40.1,3.450988531112671
1365889831.327401,926.219512195122,40.1,3.432211399078369
1365889831.5824199,946.951219512195,40.1,3.435227155685425
1365889831.839871,885.9756097560976,40.1,3.439969778060913
1365889832.105303,743.2926829268292,39.5,3.4824001789093018
1365889832.3843,940.8536585365853,40.1,3.4397058486938477
1365889832.643892,943.9024390243902,40.1,3.4316139221191406
1365889832.900804,898.1707317073171,40.1,3.4643924236297607
1365889833.17643,1056.09756097561,40.1,3.4404385089874268
1365889833.438741,818.2926829268292,40.1,3.4345576763153076
1365889833.695055,712.1951219512194,39.0,3.4550046920776367
1365889833.969111,918.9024390243903,40.1,3.515760898590088
1365889834.2290611,882.9268292682926,40.1,3.449669361114502
1365889834.4832041,863.4146341463414,39.5,3.4538660049438477
1365889834.755553,906.0975609756098,40.1,3.4379451274871826
1365889835.0148668,784.1463414634146,40.1,3.4471118450164795
1365889835.2691898,804.2682926829269,40.1,3.4356226921081543
1365889835.524363,726.219512195122,39.0,3.499720335006714
1365889835.807225,948.170731707317,39.5,3.432831048965454
1365889836.061184,837.1951219512194,40.1,3.4471235275268555
1365889836.316803,935.3658536585366,40.1,3.4436755180358887
1365889836.5769181,728.0487804878048,39.0,3.5011775493621826
1365889836.864844,904.2682926829268,40.1,3.7772886753082275
1365889837.1218119,951.8292682926829,40.6,3.5284159183502197
1365889837.3778229,849.390243902439,40.1,3.575941801071167
1365889837.655925,845.1219512195122,40.1,3.4526913166046143
1365889837.911093,803.048780487805,40.1,3.43416166305542
1365889838.166837,857.9268292682926,40.1,3.536182403564453
1365889838.4379919,691.4634146341463,39.5,3.517432451248169
1365889838.712631,843.2926829268292,40.1,3.4299533367156982
1365889838.968147,830.4878048780488,40.1,3.4380292892456055
1365889839.228307,751.219512195122,40.1,3.4669759273529053
1365889839.50959,918.9024390243903,40.1,3.435225248336792
1365889839.7646,910.9756097560976,40.1,3.4526195526123047
1365889840.024045,820.1219512195122,40.1,3.451078176498413
1365889840.299144,932.3170731707318,40.1,3.4457645416259766
1365889840.556921,862.1951219512194,40.1,3.443218469619751
1365889840.816947,809.1463414634147,39.5,3.4502360820770264
1365889841.09026,881.0975609756098,40.1,3.4572806358337402
1365889841.344933,807.9268292682927,40.1,3.449993371963501
1365889841.603591,1075.0,40.1,3.44376277923584
1365889841.872478,736.5853658536586,40.1,3.4626822471618652
1365889842.151476,928.048780487805,40.1,3.4309868812561035
1365889842.412096,976.8292682926829,40.1,3.4325973987579346
1365889842.668014,788.4146341463415,40.1,3.4532508850097656
1365889842.944905,780.4878048780488,40.1,3.446499824523926
1365889843.2024052,876.219512195122,40.1,3.442657709121704
1365889843.468874,874.390243902439,40.1,3.448118209838867
1365889843.742791,931.0975609756098,40.1,3.441584825515747
1365889843.999421,959.1463414634146,40.1,3.440403699874878
1365889844.263344,965.2439024390244,40.1,3.445492744445801
1365889844.527436,730.4878048780488,40.1,3.62278151512146
1365889844.8098571,857.3170731707316,40.1,3.4378929138183594
1365889845.072798,752.439024390244,39.5,3.5321877002716064
1365889845.325948,829.2682926829268,39.0,3.6568095684051514
1365889845.600489,932.9268292682927,40.1,3.4592125415802
1365889845.860965,870.1219512195122,40.1,3.435663938522339
1365889846.115893,776.219512195122,39.5,3.612942695617676
1365889846.388119,1012.1951219512196,40.1,3.435870409011841
1365889846.6483352,809.1463414634147,40.1,3.458988904953003
1365889846.903643,815.2439024390243,40.1,3.4317874908447266
1365889847.1616158,740.2439024390244,40.1,3.4604387283325195
1365889847.4487512,809.1463414634147,39.5,3.4372289180755615
1365889847.702904,760.3658536585366,40.1,3.430840492248535
1365889847.958675,899.390243902439,39.5,3.4574179649353027
1365889848.235939,926.219512195122,40.1,3.4302806854248047
1365889848.492429,1095.7317073170732,40.1,3.4292569160461426
1365889848.747783,862.1951219512194,40.1,3.436854600906372
1365889849.0100029,699.390243902439,39.0,3.47041392326355
1365889849.298429,904.8780487804878,40.1,3.4313952922821045
1365889849.5537548,903.048780487805,39.5,3.45439076423645
1365889849.807167,917.0731707317074,40.1,3.5221385955810547
1365889850.093415,945.1219512195122,40.1,3.439335584640503
1365889850.349864,1003.0487804878047,40.1,3.434436798095703
1365889850.604523,760.3658536585366,40.1,3.458401918411255
1365889850.881495,783.5365853658537,40.1,3.4334404468536377
1365889851.1349719,870.1219512195122,40.1,3.5739498138427734
1365889851.389947,772.5609756097562,40.1,3.440551996231079
1365889851.651257,738.4146341463414,39.5,3.6402077674865723
1365889851.9295309,1020.1219512195121,40.1,3.434519052505493
1365889852.1895099,763.4146341463414,40.1,3.4355156421661377
1365889852.4493902,846.951219512195,39.5,3.5571916103363037
1365889852.7222111,937.8048780487804,40.1,3.4320054054260254
1365889852.97932,788.4146341463415,40.1,3.631530523300171
1365889853.2382169,1106.7073170731708,40.1,3.451261520385742
1365889853.509099,854.8780487804878,40.1,3.612074136734009
1365889853.764128,995.1219512195122,40.1,3.4397830963134766
1365889854.0183392,937.8048780487804,40.1,3.4398481845855713
1365889854.282434,992.0731707317074,39.5,3.47578501701355
1365889854.561672,882.9268292682926,39.5,3.4494073390960693
1365889854.81801,895.1219512195122,40.1,3.4522368907928467
1365889855.080168,949.390243902439,40.1,3.4647555351257324
1365889855.3600152,914.0243902439024,39.5,3.437584161758423
1365889855.614362,860.3658536585366,40.1,3.441761016845703
1365889855.8736708,953.0487804878048,40.1,3.4491162300109863
1365889856.144375,735.3658536585366,39.0,3.4536125659942627
1365889856.42198,810.9756097560976,39.5,3.441664218902588
1365889856.682059,939.0243902439024,40.1,3.4308736324310303
1365889856.935638,734.1463414634146,40.1,3.4570791721343994
1365889857.211835,875.0,40.1,3.4349610805511475
1365889857.472492,835.9756097560976,40.1,3.432705879211426
1365889857.7299871,864.0243902439024,40.1,3.4557769298553467
1365889858.006109,939.0243902439024,40.1,3.4418461322784424
1365889858.2643552,817.0731707317073,40.1,3.4409732818603516
1365889858.517805,954.2682926829268,40.1,3.4458670616149902
1365889858.786191,738.4146341463414,40.1,3.480863332748413
1365889859.0659509,795.1219512195122,40.1,3.554962396621704
1365889859.320555,940.2439024390243,40.1,3.431429386138916
1365889859.57735,738.4146341463414,39.5,3.472416400909424
1365889859.859088,807.9268292682927,40.1,3.44295597076416
1365889860.1139781,832.3170731707316,40.1,3.4339547157287598
1365889860.369269,818.2926829268292,40.1,3.4506027698516846
1365889860.642128,766.4634146341464,40.1,3.4920051097869873
1365889860.907968,870.1219512195122,40.1,3.43302059173584
1365889861.164177,935.3658536585366,40.1,3.4508237838745117
1365889861.4371588,807.3170731707318,40.1,3.4337658882141113
1365889861.696828,799.3902439024391,40.1,3.438971757888794
1365889861.949749,860.9756097560976,40.1,3.4767348766326904
1365889862.211164,647.5609756097562,39.5,3.4581117630004883
1365889862.49475,926.219512195122,40.1,3.514840841293335
1365889862.749938,913.4146341463415,40.1,3.654458522796631
1365889863.00529,635.3658536585366,39.5,3.4804937839508057
1365889863.2883399,769.5121951219512,40.1,3.5447239875793457
1365889863.543703,760.9756097560976,40.1,3.5321924686431885
1365889863.8000782,773.1707317073171,40.1,3.457592010498047
1365889864.0816991,868.2926829268292,40.1,3.4455392360687256
1365889864.335221,879.2682926829268,40.1,3.4345438480377197
1365889864.5917,856.0975609756098,40.1,3.4405062198638916
1365889864.85763,854.8780487804878,39.5,3.457087755203247
1365889865.1394958,763.4146341463414,40.1,3.4379425048828125
1365889865.396495,904.2682926829268,40.1,3.4404242038726807
1365889865.650124,973.780487804878,40.1,3.4662435054779053
1365889865.931664,882.3170731707318,40.1,3.432774543762207
1365889866.18699,889.0243902439024,39.5,3.440091133117676
1365889866.440256,1821.341463414634,40.1,3.4465367794036865
1365889866.7111611,751.219512195122,39.5,3.46024751663208
1365889866.987974,890.2439024390244,40.1,3.436929941177368
1365889867.241472,770.1219512195122,40.1,3.433932304382324
1365889867.500132,702.4390243902438,39.5,3.460343360900879
1365889867.776285,890.2439024390244,40.1,3.434572458267212
1365889868.034137,884.1463414634146,40.1,3.4378702640533447
1365889868.292337,885.9756097560976,40.1,3.4580845832824707
1365889868.567627,835.9756097560976,40.1,3.6283257007598877
1365889868.822568,1342.6829268292684,40.1,3.5321576595306396
1365889869.079839,946.951219512195,40.6,3.4455249309539795
1365889869.341459,788.4146341463415,40.1,3.492152452468872
1365889869.621855,851.219512195122,40.1,3.483213186264038
1365889869.875337,1887.1951219512196,40.1,3.4338650703430176
1365889870.131967,835.9756097560976,40.6,3.446831464767456
1365889870.4028559,663.4146341463415,40.1,3.4560415744781494
1365889870.681491,888.4146341463414,40.1,3.443298101425171
1365889870.935316,902.439024390244,40.1,3.438765525817871
1365889871.189566,900.0,39.5,3.4746499061584473
1365889871.466791,995.1219512195122,40.1,3.442875385284424
1365889871.724436,852.4390243902438,40.1,3.43792986869812
1365889871.977694,791.4634146341464,40.1,3.482976198196411
1365889872.254814,745.1219512195122,40.1,3.434697151184082
1365889872.514981,937.8048780487804,40.1,3.4354088306427
1365889872.769693,759.1463414634146,40.1,3.442814350128174
1365889873.038864,852.4390243902438,40.1,3.434591054916382
1365889873.296882,879.8780487804878,40.1,3.4430460929870605
1365889873.552783,793.2926829268293,40.1,3.4565298557281494
1365889873.8169112,735.3658536585366,39.5,3.457399368286133
1365889874.099839,945.1219512195122,40.1,3.429610013961792
1365889874.353659,783.5365853658537,40.1,3.4305946826934814
1365889874.607018,968.2926829268292,39.5,3.4511160850524902
1365889874.884671,801.219512195122,40.1,3.4426088333129883
1365889875.1445692,809.1463414634147,40.1,3.4297268390655518
1365889875.399416,860.3658536585366,40.1,3.4462783336639404
1365889875.661977,730.4878048780488,40.1,3.486851930618286
1365889875.949086,965.2439024390244,40.1,3.4293150901794434
1365889876.2048168,1051.219512195122,40.1,3.4317514896392822
1365889876.459743,730.4878048780488,40.1,3.4708402156829834
1365889876.7444632,774.390243902439,40.1,3.434037923812866
1365889877.00001,810.9756097560976,40.1,3.432682514190674
1365889877.255471,882.9268292682926,39.5,3.459744453430176
1365889877.5375528,776.219512195122,40.1,3.4361250400543213
1365889877.793901,755.4878048780488,40.1,3.4329800605773926
1365889878.048922,846.951219512195,40.1,3.4508984088897705
1365889878.3260229,818.2926829268292,40.1,3.4370179176330566
1365889878.579335,747.560975609756,40.1,3.4306435585021973
1365889878.8351,951.8292682926829,40.1,3.4407691955566406
1365889879.0926359,725.0,40.1,3.4609968662261963
1365889879.380252,830.4878048780488,40.1,3.4336254596710205
1365889879.637516,796.9512195121952,40.1,3.440868616104126
1365889879.893606,828.0487804878048,39.5,3.458195686340332
1365889880.177715,914.0243902439024,40.1,3.4379189014434814
1365889880.43639,937.1951219512194,40.1,3.443220376968384
1365889880.69314,774.390243902439,40.1,3.459195137023926
1365889880.976049,852.4390243902438,40.1,3.432297468185425
1365889881.23231,798.1707317073171,40.1,3.438829183578491
1365889881.487197,843.2926829268292,40.1,3.488831043243408
1365889881.7549949,661.5853658536586,39.5,3.4519448280334473
1365889882.031314,890.2439024390244,40.1,3.4715278148651123
1365889882.2871401,816.4634146341463,40.1,3.494882583618164
1365889882.547699,767.0731707317074,40.1,3.483677387237549
1365889882.823905,881.0975609756098,40.1,3.6421360969543457
1365889883.0780978,871.3414634146342,40.1,3.446049928665161
1365889883.337893,940.8536585365853,40.1,3.443531036376953
1365889883.6069372,715.2439024390244,39.5,3.470409870147705
1365889883.902129,857.9268292682926,40.1,3.438971519470215
1365889884.167104,854.2682926829268,39.5,3.4490954875946045
1365889884.423734,737.1951219512194,40.1,3.454042673110962
1365889884.703103,1062.1951219512196,40.1,3.4546689987182617
1365889884.969478,965.8536585365854,40.1,3.4389116764068604
1365889885.228053,917.0731707317074,40.1,3.4516637325286865
1365889885.500959,954.2682926829268,40.1,3.4338531494140625
1365889885.760494,932.9268292682927,40.1,3.4296364784240723
1365889886.016702,1685.3658536585365,40.1,3.4452245235443115
1365889886.284589,726.219512195122,39.5,3.4599335193634033
1365889886.569624,871.9512195121952,40.1,3.4453485012054443
1365889886.827054,1054.2682926829268,40.1,3.4351446628570557
1365889887.0823889,831.0975609756097,40.1,3.459218978881836
1365889887.3665469,770.1219512195122,40.1,3.4321556091308594
1365889887.6227572,795.1219512195122,40.1,3.435603618621826
1365889887.881997,942.0731707317073,40.1,3.4720981121063232
1365889888.161493,860.3658536585366,40.6,3.434086799621582
1365889888.417283,840.2439024390244,40.1,3.4328596591949463
1365889888.673981,943.9024390243902,40.1,3.4959495067596436
1365889888.9431229,627.439024390244,40.1,3.456894874572754
1365889889.223336,962.1951219512194,40.1,3.4412238597869873
1365889889.483925,794.5121951219512,40.1,3.4926578998565674
1365889889.744139,732.3170731707316,39.5,3.4546568393707275
1365889890.022594,751.219512195122,40.1,3.4341373443603516
1365889890.2799559,792.0731707317074,40.1,3.439850330352783
1365889890.540041,672.5609756097562,40.1,3.455700159072876
1365889890.819505,935.3658536585366,40.1,3.4613630771636963
1365889891.0774,777.439024390244,40.1,3.669599771499634
1365889891.33657,945.1219512195122,40.1,3.4632043838500977
1365889891.615672,959.1463414634146,40.1,3.432542085647583
1365889891.874101,939.0243902439024,40.1,3.4515252113342285
1365889892.1346219,957.9268292682926,40.1,3.443742275238037
1365889892.403609,737.1951219512194,40.1,3.452134370803833
1365889892.6781938,954.2682926829268,40.1,3.4374654293060303
1365889892.9391491,857.3170731707316,40.1,3.4364981651306152
1365889893.19445,731.0975609756098,40.1,3.466628074645996
1365889893.475529,935.9756097560976,40.1,3.437764883041382
1365889893.738352,957.3170731707316,40.1,3.4346299171447754
1365889893.9930382,615.2439024390244,40.1,3.456686496734619
1365889894.273793,898.1707317073171,40.1,3.487013578414917
1365889894.5289578,830.4878048780488,39.5,3.4376418590545654
1365889894.788516,835.9756097560976,40.1,3.4598186016082764
1365889895.069269,907.3170731707318,40.1,3.4344232082366943
1365889895.324708,853.0487804878048,40.1,3.4402124881744385
1365889895.5897028,866.4634146341464,40.1,3.4587645530700684
1365889895.859007,736.5853658536586,40.1,3.4956839084625244
1365889896.139026,929.8780487804878,40.1,3.440112590789795
1365889896.395884,838.4146341463414,40.1,3.433274507522583
1365889896.6507268,929.2682926829269,40.1,3.453895092010498
1365889896.9294841,760.3658536585366,40.1,3.439392328262329
1365889897.192035,887.1951219512196,40.1,3.4317715167999268
1365889897.447585,747.560975609756,40.1,3.4539074897766113
1365889897.726368,929.8780487804878,40.1,3.4369213581085205
1365889897.9895418,1098.7804878048782,40.1,3.4507944583892822
1365889898.245746,1819.5121951219512,40.1,3.509650468826294
1365889898.5188391,798.1707317073171,40.1,3.4748566150665283
1365889898.777521,849.390243902439,40.1,3.4284582138061523
1365889899.031989,937.1951219512194,40.1,3.4361631870269775
1365889899.292032,810.3658536585366,39.5,3.462315082550049
1365889899.5757859,790.2439024390244,40.1,3.4312515258789062
1365889899.829268,935.3658536585366,40.1,3.4328434467315674
1365889900.084755,932.3170731707318,40.1,3.453727960586548
1365889900.360713,939.0243902439024,40.1,3.4373421669006348
1365889900.614042,841.4634146341463,40.1,3.440845012664795
1365889900.868335,785.9756097560976,40.1,3.559295654296875
1365889901.128169,751.219512195122,40.1,3.473844289779663
1365889901.420023,860.3658536585366,40.1,3.427936315536499
1365889901.6748831,906.0975609756098,40.1,3.435863971710205
1365889901.9296021,813.4146341463414,39.5,3.4517650604248047
1365889902.206761,762.1951219512196,40.1,3.43631911277771
1365889902.461379,904.2682926829268,40.1,3.43776798248291
1365889902.7180748,901.219512195122,40.1,3.540137529373169
1365889902.9914,1040.2439024390244,39.5,3.461087942123413
1365889903.269828,928.048780487805,40.1,3.4441237449645996
1365889903.525557,1025.0,40.1,3.4363784790039062
1365889903.7850392,723.170731707317,39.5,3.461521863937378
1365889904.0620852,810.3658536585366,40.1,3.432265043258667
1365889904.317455,776.219512195122,40.1,3.448028802871704
1365889904.576245,835.9756097560976,40.1,3.446974277496338
1365889904.8462121,878.0487804878048,40.1,3.4542226791381836
1365889905.101977,820.1219512195122,40.1,3.4483437538146973
1365889905.359869,1037.1951219512193,40.1,3.4348175525665283
1365889905.6163788,741.4634146341464,40.1,3.555022716522217
1365889905.8986938,937.8048780487804,40.1,3.4340410232543945
1365889906.1517692,943.2926829268292,40.1,3.461925983428955
1365889906.415662,940.8536585365853,40.1,3.45263934135437
1365889906.688231,767.0731707317074,40.1,3.4849226474761963
1365889906.9427829,842.0731707317073,40.1,3.445324659347534
1365889907.205163,851.219512195122,40.1,3.4456026554107666
1365889907.473108,732.3170731707316,39.5,3.4680492877960205
1365889907.749315,812.1951219512194,40.1,3.436666250228882
1365889908.0078342,782.3170731707318,40.1,3.4372098445892334
1365889908.262799,738.4146341463414,40.1,3.4618313312530518
1365889908.5429802,835.9756097560976,40.1,3.4345803260803223
1365889908.80255,892.0731707317074,39.5,3.438833713531494
1365889909.056108,796.3414634146342,40.1,3.474015712738037
1365889909.332188,845.1219512195122,40.1,3.4367263317108154
1365889909.5914931,775.0,40.1,3.4366002082824707
1365889909.8457851,767.0731707317074,40.1,3.4394445419311523
1365889910.11105,950.0,39.5,3.459676742553711
1365889910.395853,920.1219512195122,40.1,3.4284112453460693
1365889910.6509252,825.0,40.1,3.4311468601226807
1365889910.9059808,741.4634146341464,40.1,3.4791290760040283
1365889911.1863801,1164.6341463414633,40.1,3.435668706893921
1365889911.4401448,885.3658536585366,40.1,3.4612040519714355
1365889911.696759,795.1219512195122,40.1,3.596221923828125
1365889911.9719481,864.0243902439024,40.1,3.437371015548706
1365889912.233639,828.0487804878048,40.1,3.439821720123291
1365889912.4881458,940.8536585365853,40.1,3.4469411373138428
1365889912.756617,748.170731707317,39.5,3.628070116043091
1365889913.037122,830.4878048780488,40.1,3.472708225250244
1365889913.293324,806.0975609756098,40.1,3.4793543815612793
1365889913.54794,737.1951219512194,40.1,3.4636521339416504
1365889913.832006,937.8048780487804,40.1,3.433823585510254
1365889914.08725,929.2682926829269,40.1,3.4383740425109863
1365889914.3444679,846.951219512195,39.5,3.4538304805755615
1365889914.62462,813.4146341463414,40.1,3.4302244186401367
1365889914.879777,744.5121951219512,40.1,3.430891513824463
1365889915.135083,766.4634146341464,40.1,3.4519195556640625
1365889915.4102569,951.2195121951219,40.1,3.483736038208008
1365889915.685502,853.0487804878048,40.1,3.4324421882629395
1365889915.942691,937.8048780487804,40.1,3.4533145427703857
1365889916.200459,745.1219512195122,40.1,3.4549431800842285
1365889916.477442,864.0243902439024,40.1,3.430323839187622
1365889916.732723,835.9756097560976,40.1,3.4391345977783203
1365889916.991842,1068.90243902439,40.1,3.45257830619812
1365889917.269493,813.4146341463414,40.1,3.4456779956817627
1365889917.524582,772.5609756097562,40.1,3.4473586082458496
1365889917.780895,954.2682926829268,40.1,3.4560508728027344
1365889918.058538,689.6341463414634,40.1,3.4933040142059326
1365889918.330538,935.9756097560976,40.1,3.436764717102051
1365889918.585563,889.0243902439024,40.1,3.440568208694458
1365889918.849351,685.3658536585366,40.1,3.45307993888855
1365889919.127661,910.9756097560976,40.1,3.4298667907714844
1365889919.381354,781.0975609756098,40.1,3.433436632156372
1365889919.640791,868.9024390243902,40.1,3.460031509399414
1365889919.91424,968.9024390243902,40.1,3.4412317276000977
1365889920.170088,1050.0,40.1,3.436121940612793
1365889920.430849,790.2439024390244,40.1,3.4515931606292725
1365889920.696795,738.4146341463414,39.5,3.451782464981079
1365889920.9728372,769.5121951219512,40.1,3.434802293777466
1365889921.231636,965.8536585365854,40.1,3.4292211532592773
1365889921.4875321,725.0,40.1,3.459139823913574
1365889921.766662,1073.1707317073171,40.1,3.514387607574463
1365889922.0251799,946.951219512195,40.1,3.432427406311035
1365889922.279449,876.219512195122,40.1,3.577202796936035
1365889922.5537422,840.2439024390244,40.1,3.441032648086548
1365889922.813432,889.0243902439024,40.6,3.429661750793457
1365889923.068018,909.1463414634146,40.1,3.462869644165039
1365889923.3326552,653.6585365853658,39.5,3.4635188579559326
1365889923.616404,935.9756097560976,40.1,3.4293274879455566
1365889923.870655,923.1707317073171,40.1,3.4313888549804688
1365889924.1245592,740.2439024390244,40.1,3.4545116424560547
1365889924.400938,906.0975609756098,40.1,3.4442248344421387
1365889924.6614468,943.2926829268292,40.1,3.432758092880249
1365889924.91773,918.2926829268293,39.5,3.4599556922912598
1365889925.1957362,871.9512195121952,40.1,3.433789014816284
1365889925.454011,768.2926829268292,40.1,3.4744951725006104
1365889925.708108,759.1463414634146,40.1,3.4510772228240967
1365889925.976553,735.3658536585366,39.0,3.4551777839660645
1365889926.257897,760.9756097560976,40.1,3.4313032627105713
1365889926.511421,918.9024390243903,40.1,3.428091526031494
1365889926.766003,738.4146341463414,40.1,3.458251714706421
1365889927.049684,790.2439024390244,40.1,3.4540607929229736
1365889927.3043818,909.1463414634146,40.1,3.4699230194091797
1365889927.559659,915.8536585365854,40.1,3.4597833156585693
1365889927.8433568,907.3170731707318,40.1,3.4312682151794434
1365889928.097046,773.1707317073171,40.1,3.4309258460998535
1365889928.353193,770.1219512195122,40.1,3.4538023471832275
1365889928.6253,705.4878048780488,40.1,3.4538564682006836
1365889928.899433,877.439024390244,39.5,3.434168815612793
1365889929.15449,1375.6097560975609,40.1,3.463131904602051
1365889929.407721,827.4390243902438,39.5,3.5576632022857666
1365889929.697126,760.3658536585366,40.1,3.4339938163757324
1365889929.9521012,884.1463414634146,40.1,3.4277725219726562
1365889930.206666,733.5365853658536,40.1,3.580604076385498
1365889930.497195,918.9024390243903,40.1,3.4396424293518066
1365889930.754134,775.0,40.1,3.4280803203582764
1365889931.008571,840.2439024390244,40.1,3.463693141937256
1365889931.293278,1001.219512195122,40.1,3.4466962814331055
1365889931.5487528,935.9756097560976,40.6,3.4466967582702637
1365889931.805126,935.9756097560976,40.1,3.4705257415771484
1365889932.084373,935.9756097560976,40.1,3.432849168777466
1365889932.3376021,899.390243902439,40.1,3.4284844398498535
1365889932.5926132,943.2926829268292,40.1,3.436981678009033
1365889932.852304,621.3414634146342,40.1,3.4579410552978516
1365889933.130239,882.3170731707318,40.1,3.432981252670288
1365889933.384267,796.9512195121952,40.1,3.482696294784546
1365889933.6426811,807.3170731707318,40.1,3.4471874237060547
1365889933.909131,881.0975609756098,40.6,3.442209482192993
1365889934.1640599,776.219512195122,40.1,3.43881893157959
1365889934.41859,860.9756097560976,40.1,3.43572998046875
1365889934.680675,738.4146341463414,39.0,3.4511852264404297
1365889934.957911,868.9024390243902,40.1,3.432957410812378
1365889935.211104,819.5121951219512,40.6,3.433779716491699
1365889935.471148,968.2926829268292,40.1,3.514406681060791
1365889935.735878,726.219512195122,40.1,3.454984426498413
1365889936.012707,871.9512195121952,40.1,3.439162492752075
1365889936.272599,784.1463414634146,40.1,3.4374947547912598
1365889936.525766,766.4634146341464,40.1,3.4503979682922363
1365889936.802919,835.9756097560976,40.6,3.439253091812134
1365889937.062912,923.1707317073171,40.1,3.442960500717163
1365889937.317056,931.0975609756098,40.1,3.4460887908935547
1365889937.588065,773.1707317073171,40.1,3.44119930267334
1365889937.848392,937.8048780487804,40.1,3.437805414199829
1365889938.1033769,892.0731707317074,40.1,3.4363129138946533
1365889938.363725,740.2439024390244,39.5,3.458282232284546
1365889938.638197,912.1951219512196,40.1,3.4893436431884766
1365889938.8967779,903.048780487805,40.1,3.4405457973480225
1365889939.152511,796.3414634146342,40.1,3.453204870223999
1365889939.421868,756.0975609756098,40.1,3.4344475269317627
1365889939.680973,964.0243902439024,40.1,3.4379584789276123
1365889939.935167,937.1951219512194,40.1,3.433993101119995
1365889940.192838,1029.2682926829268,40.1,3.460498094558716
1365889940.47838,921.3414634146342,40.1,3.4304420948028564
1365889940.732714,940.2439024390243,40.1,3.438161849975586
1365889940.987773,943.9024390243902,40.1,3.4647066593170166
1365889941.267293,830.4878048780488,40.1,3.439985513687134
1365889941.5233438,907.3170731707318,40.1,3.4542016983032227
1365889941.778795,885.9756097560976,40.1,3.4426820278167725
1365889942.045417,741.4634146341464,39.5,3.4604220390319824
1365889942.3315809,935.9756097560976,39.5,3.4466962814331055
1365889942.5891469,888.4146341463414,40.1,3.4324393272399902
1365889942.847262,670.1219512195122,40.1,3.564007520675659
1365889943.127284,755.4878048780488,40.1,3.4297821521759033
1365889943.382018,943.2926829268292,40.1,3.428724765777588
1365889943.637331,1107.9268292682927,40.1,3.470263719558716
1365889943.924851,853.0487804878048,40.1,3.4520959854125977
1365889944.1810272,789.0243902439024,40.1,3.4351532459259033
1365889944.435153,945.1219512195122,40.1,3.4582462310791016
1365889944.7158668,934.1463414634147,40.1,3.439812183380127
1365889944.9737039,1092.6829268292684,40.1,3.4341726303100586
1365889945.23156,1196.9512195121952,40.1,3.480455160140991
1365889945.5020459,717.0731707317073,40.1,3.516113519668579
1365889945.78312,795.1219512195122,40.1,3.429558753967285
1365889946.03944,842.0731707317073,40.1,3.43467378616333
1365889946.299338,778.048780487805,40.1,3.504152774810791
1365889946.578618,809.1463414634147,40.1,3.4304635524749756
1365889946.835582,879.2682926829268,40.1,3.4530954360961914
1365889947.096278,885.9756097560976,40.1,3.4460320472717285
1365889947.358098,734.1463414634146,39.5,3.4695138931274414
1365889947.638218,937.8048780487804,40.1,3.4414353370666504
1365889947.899322,789.0243902439024,40.1,3.4389097690582275
1365889948.1547542,715.2439024390244,40.1,3.4584202766418457
1365889948.436604,946.3414634146341,40.1,3.458408832550049
1365889948.694162,928.048780487805,40.1,3.470904588699341
1365889948.948817,768.2926829268292,40.1,3.455996513366699
1365889949.2239969,896.3414634146342,40.1,3.445117235183716
1365889949.483071,792.0731707317074,40.1,3.432147264480591
1365889949.738451,773.1707317073171,40.1,3.4768147468566895
1365889950.005734,734.1463414634146,40.1,3.472989082336426
1365889950.293052,956.0975609756097,40.1,3.4324426651000977
1365889950.546606,818.2926829268292,40.1,3.429377317428589
1365889950.802558,737.1951219512194,39.5,3.6808578968048096
1365889951.08689,837.1951219512194,40.1,3.4389126300811768
1365889951.343422,1079.8780487804877,40.1,3.4349305629730225
1365889951.603148,742.0731707317074,40.1,3.4600870609283447
1365889951.88858,874.390243902439,40.1,3.43764328956604
1365889952.142816,1037.1951219512193,40.1,3.430830240249634
1365889952.400769,882.3170731707318,40.1,3.4758543968200684
1365889952.670686,805.4878048780488,40.1,3.436840057373047
1365889952.9311612,790.2439024390244,40.1,3.4373300075531006
1365889953.187763,813.4146341463414,40.6,3.436495780944824
1365889953.451217,735.3658536585366,40.1,3.469294548034668
1365889953.734464,929.2682926829269,40.1,3.431138515472412
1365889953.989145,807.3170731707318,40.1,3.4458882808685303
1365889954.245899,1079.2682926829268,40.1,3.498485803604126
1365889954.5254881,921.9512195121952,40.1,3.439236640930176
1365889954.7805948,1012.8048780487804,40.1,3.431839942932129
1365889955.037547,757.3170731707318,40.1,3.4429221153259277
1365889955.3070679,854.2682926829268,40.1,3.453362464904785
1365889955.583882,791.4634146341464,40.1,3.4300661087036133
1365889955.839641,889.0243902439024,40.1,3.4456558227539062
1365889956.0995579,727.4390243902438,40.1,3.475790023803711
1365889956.3772092,890.8536585365854,40.1,3.4301276206970215
1365889956.633454,825.0,40.6,3.482497453689575
1365889956.891331,1029.8780487804877,40.1,3.4540746212005615
1365889957.163594,796.3414634146342,40.1,3.431283712387085
1365889957.417908,841.4634146341463,40.1,3.4462435245513916
1365889957.6718562,780.4878048780488,40.1,3.4522969722747803
1365889957.9452102,818.2926829268292,40.1,3.46213960647583
1365889958.224524,871.9512195121952,40.1,3.442178249359131
1365889958.478762,862.1951219512194,40.1,3.4956603050231934
1365889958.741117,729.2682926829268,39.5,3.4524753093719482
1365889959.017047,871.9512195121952,40.1,3.447779893875122
1365889959.273122,768.2926829268292,40.1,3.444796323776245
1365889959.534188,621.3414634146342,40.1,3.457043409347534
1365889959.809044,943.9024390243902,40.1,3.4286105632781982
1365889960.063354,951.8292682926829,40.1,3.448056697845459
1365889960.322303,832.3170731707316,40.1,3.451911687850952
1365889960.5898838,717.0731707317073,39.5,3.4635443687438965
1365889960.866755,762.1951219512196,40.6,3.436566114425659
1365889961.127648,1070.7317073170732,40.1,3.431161880493164
1365889961.3821719,721.3414634146342,40.1,3.4507057666778564
1365889961.660001,821.951219512195,40.1,3.43407940864563
1365889961.9194272,776.219512195122,40.6,3.44071102142334
1365889962.1734002,793.2926829268293,40.1,3.4886083602905273
1365889962.4476259,984.1463414634146,40.1,3.4453227519989014
1365889962.7070389,1076.219512195122,40.1,3.7766149044036865
1365889962.962348,920.1219512195122,40.6,3.5337908267974854
1365889963.2250502,935.3658536585366,39.5,3.463650941848755
1365889963.5088809,821.951219512195,40.1,3.428487539291382
1365889963.763537,896.9512195121952,40.1,3.436738967895508
1365889964.019328,783.5365853658537,40.1,3.4766597747802734
1365889964.304325,1799.390243902439,40.1,3.4411158561706543
1365889964.559222,783.5365853658537,40.1,3.4276018142700195
1365889964.8137112,876.219512195122,39.5,3.45495867729187
1365889965.086389,907.3170731707318,40.1,3.4406239986419678
1365889965.345727,778.048780487805,40.1,3.429197311401367
1365889965.600244,956.0975609756097,40.1,3.4532177448272705
1365889965.866674,740.2439024390244,40.1,3.4618890285491943
1365889966.1451871,1857.3170731707319,40.1,3.434105157852173
1365889966.400289,818.2926829268292,40.1,3.434135913848877
1365889966.655288,731.0975609756098,40.1,3.490129232406616
1365889966.9404302,784.1463414634146,40.1,3.444730520248413
1365889967.193698,830.4878048780488,40.6,3.4283459186553955
1365889967.448523,832.3170731707316,40.1,3.572417736053467
1365889967.7262468,939.0243902439024,40.6,3.4305198192596436
1365889967.981462,921.3414634146342,40.1,3.4535117149353027
1365889968.237099,882.9268292682926,40.1,3.4709174633026123
1365889968.498847,725.0,39.0,3.468144416809082
1365889968.7864199,900.0,40.1,3.428459644317627
1365889969.041676,1081.0975609756097,40.1,3.4513556957244873
1365889969.2957308,875.0,40.1,3.4673244953155518
1365889969.5773451,937.1951219512194,40.1,3.440371513366699
1365889969.83157,935.9756097560976,40.1,3.445812940597534
1365889970.089092,935.3658536585366,40.1,3.459756374359131
1365889970.367903,820.1219512195122,40.1,3.433739185333252
1365889970.620919,792.0731707317074,40.1,3.440216541290283
1365889970.876153,773.1707317073171,40.1,3.4366447925567627
1365889971.139811,731.0975609756098,39.5,3.473452091217041
1365889971.415415,932.3170731707318,40.6,3.4406986236572266
1365889971.6727822,932.3170731707318,40.1,3.4430840015411377
1365889971.932513,950.0,40.1,3.4479775428771973
1365889972.203557,728.0487804878048,40.1,3.4505207538604736
1365889972.481087,934.1463414634147,40.1,3.437779426574707
1365889972.7419038,942.0731707317073,40.1,3.434835433959961
1365889972.996185,733.5365853658536,40.1,3.462862968444824
1365889973.274802,792.0731707317074,40.1,3.433204412460327
1365889973.533686,931.0975609756098,40.1,3.4269964694976807
1365889973.787623,821.3414634146341,40.1,3.4579145908355713
1365889974.064207,845.1219512195122,40.1,3.437527656555176
1365889974.320255,937.8048780487804,40.1,3.4339959621429443
1365889974.5778382,909.1463414634146,40.1,3.442811965942383
1365889974.845124,904.2682926829268,40.1,3.4565718173980713
1365889975.1247702,934.1463414634147,40.1,3.4410555362701416
1365889975.3817532,887.1951219512196,40.1,3.44931960105896
1365889975.6358368,653.6585365853658,40.1,3.471240758895874
1365889975.916969,984.1463414634146,40.1,3.4935200214385986
1365889976.179866,887.1951219512196,40.1,3.43054461479187
1365889976.434027,871.9512195121952,40.1,3.451476573944092
1365889976.708755,809.1463414634147,40.1,3.435116767883301
1365889976.968638,929.8780487804878,40.1,3.4340884685516357
1365889977.2244961,770.1219512195122,40.1,3.4375722408294678
1365889977.489385,739.0243902439024,40.1,3.4571828842163086
1365889977.7710981,807.3170731707318,40.1,3.432649850845337
1365889978.0244632,951.8292682926829,40.1,3.4348337650299072
1365889978.281433,789.0243902439024,40.1,3.459238290786743
1365889978.564031,766.4634146341464,40.1,3.4300427436828613
1365889978.817661,935.9756097560976,40.1,3.433173656463623
1365889979.072667,971.951219512195,40.1,3.5361952781677246
1365889979.345173,713.4146341463414,39.0,3.4563443660736084
1365889979.623304,857.3170731707316,40.1,3.4305076599121094
1365889979.879932,890.2439024390244,40.1,3.4317400455474854
1365889980.139346,902.439024390244,39.5,3.454251289367676
1365889980.4176052,890.8536585365854,40.6,3.4300100803375244
1365889980.673204,842.0731707317073,40.1,3.4614593982696533
1365889980.927957,812.1951219512194,40.1,3.5622878074645996
1365889981.205601,888.4146341463414,40.1,3.478877305984497
1365889981.460277,1078.0487804878048,40.1,3.42785906791687
1365889981.715013,906.0975609756098,40.1,3.535071849822998
1365889981.9866261,728.0487804878048,39.5,3.4579203128814697
1365889982.268098,845.1219512195122,40.1,3.437490463256836
1365889982.526614,850.0,40.1,3.473799705505371
1365889982.784796,921.3414634146342,40.1,3.4476544857025146
1365889983.055852,773.1707317073171,40.1,3.429727792739868
1365889983.31115,778.048780487805,40.1,3.4335362911224365
1365889983.571052,827.4390243902438,40.1,3.4435412883758545
1365889983.83241,728.0487804878048,40.1,3.4556682109832764
1365889984.111315,940.2439024390243,40.1,3.431652069091797
1365889984.370044,879.8780487804878,40.1,3.429591417312622
1365889984.624661,780.4878048780488,40.1,3.4551146030426025
1365889984.898741,921.3414634146342,40.6,3.5063233375549316
1365889985.1575549,917.0731707317074,40.1,3.4472389221191406
1365889985.411031,951.2195121951219,40.6,3.440023183822632
1365889985.6766589,1592.6829268292684,39.0,3.4737942218780518
1365889985.9616902,800.0,40.1,3.445483922958374
1365889986.2149062,770.1219512195122,40.1,3.4364140033721924
1365889986.4680839,758.5365853658536,40.1,3.4493110179901123
1365889986.739806,810.3658536585366,40.1,3.4395878314971924
1365889987.003235,789.0243902439024,40.1,3.4311108589172363
1365889987.25923,935.9756097560976,40.1,3.4405808448791504
1365889987.523144,646.3414634146342,40.1,3.457578182220459
1365889987.8053179,739.0243902439024,40.6,3.436992883682251
1365889988.0596411,800.0,40.1,3.4285926818847656
1365889988.3141792,939.0243902439024,40.1,3.457103729248047
1365889988.595922,835.9756097560976,40.1,3.4270591735839844
1365889988.8500092,875.0,40.1,3.4464242458343506
1365889989.1049962,918.9024390243903,40.1,3.475635528564453
1365889989.3795462,951.2195121951219,40.1,3.452033519744873
1365889989.6342819,903.048780487805,40.6,3.4305992126464844
1365889989.8877,791.4634146341464,40.1,3.5363729000091553
1365889990.146633,763.4146341463414,40.1,3.4980874061584473
1365889990.433964,846.951219512195,40.1,3.4337053298950195
1365889990.687187,789.0243902439024,40.1,3.4286961555480957
1365889990.942251,896.9512195121952,40.1,3.4449634552001953
1365889991.207839,692.0731707317073,39.5,3.4675276279449463
1365889991.486672,805.4878048780488,40.1,3.430767774581909
1365889991.744073,848.170731707317,40.1,3.4996578693389893
1365889992.002529,733.5365853658536,40.1,3.4582953453063965
1365889992.2778811,945.1219512195122,40.1,3.428945779800415
1365889992.533109,829.2682926829268,40.1,3.439300537109375
1365889992.7922611,1518.2926829268292,40.1,3.46186900138855
1365889993.068945,917.0731707317074,40.1,3.43556547164917
1365889993.323953,801.219512195122,40.1,3.509824514389038
1365889993.586507,845.1219512195122,39.5,3.483550786972046
1365889993.855872,849.390243902439,40.1,3.4484665393829346
1365889994.1107461,971.951219512195,40.1,3.432624101638794
1365889994.3680298,984.7560975609756,40.1,3.4377503395080566
1365889994.628148,741.4634146341464,40.1,3.4679369926452637
1365889994.905257,1020.7317073170732,40.1,3.4332380294799805
1365889995.159476,830.4878048780488,40.1,3.4410691261291504
1365889995.423352,976.8292682926829,40.1,3.4560093879699707
1365889995.695227,762.1951219512196,40.1,3.4296858310699463
1365889995.95156,767.0731707317074,40.1,3.4383251667022705
1365889996.210561,935.9756097560976,40.1,3.4290757179260254
1365889996.465345,731.0975609756098,39.5,3.466158390045166
1365889996.744587,762.1951219512196,40.1,3.4329373836517334
1365889997.004083,827.4390243902438,40.1,3.4350154399871826
1365889997.257735,878.0487804878048,40.1,3.444629430770874
1365889997.528518,915.8536585365854,40.1,3.451462507247925
1365889997.786138,865.2439024390244,40.1,3.436100721359253
1365889998.040531,781.0975609756098,40.1,3.4346706867218018
1365889998.300386,709.1463414634146,40.1,3.45615553855896
1365889998.582931,854.2682926829268,40.1,3.4387600421905518
1365889998.837152,854.8780487804878,40.1,3.430107593536377
1365889999.090385,902.439024390244,40.1,3.4569623470306396
1365889999.366244,856.0975609756098,40.1,3.43489670753479
1365889999.6261828,929.8780487804878,40.1,3.4455230236053467
1365889999.8806138,843.9024390243902,40.1,3.442474842071533
1365890000.15017,789.0243902439024,40.1,3.4408838748931885
1365890000.409345,940.8536585365853,40.1,3.4405269622802734
1365890000.664112,767.0731707317074,40.1,3.4505200386047363
1365890000.9193642,736.5853658536586,40.1,3.471972942352295
1365890001.202692,804.2682926829269,40.1,3.4608864784240723
1365890001.457153,851.219512195122,40.1,3.4346375465393066
1365890001.712245,839.0243902439024,40.1,3.4515604972839355
1365890001.992599,1009.1463414634145,40.1,3.4305670261383057
1365890002.247676,852.4390243902438,39.5,3.429684638977051
1365890002.502203,760.9756097560976,40.1,3.4730327129364014
1365890002.764802,739.0243902439024,40.1,3.459005832672119
1365890003.0499358,871.3414634146342,40.1,3.4310078620910645
1365890003.3069701,803.048780487805,40.1,3.4311935901641846
1365890003.56244,754.2682926829268,39.5,3.4602510929107666
1365890003.84562,866.4634146341464,40.1,3.431720018386841
1365890004.099473,932.9268292682927,40.1,3.4303510189056396
1365890004.3556852,943.2926829268292,40.1,3.4511842727661133
1365890004.63417,1161.5853658536585,40.1,3.429234027862549
1365890004.887499,832.9268292682926,40.1,3.428941488265991
1365890005.142784,793.2926829268293,40.1,3.444033145904541
1365890005.41452,741.4634146341464,40.1,3.605394124984741
1365890005.692008,931.0975609756098,40.1,3.4381000995635986
1365890005.946087,870.1219512195122,40.1,3.440681219100952
1365890006.205536,706.0975609756097,40.1,3.460817813873291
1365890006.481865,931.0975609756098,39.0,3.431532144546509
1365890006.734818,888.4146341463414,40.1,3.433823823928833
1365890006.9931798,857.3170731707316,40.1,3.4547016620635986
1365890007.271965,829.2682926829268,40.1,3.437872886657715
1365890007.526264,804.2682926829269,40.6,3.429511070251465
1365890007.7818828,956.0975609756097,40.1,3.448214292526245
1365890008.0468092,720.1219512195122,40.1,3.447366714477539
1365890008.321941,903.048780487805,40.1,3.464036464691162
1365890008.5785332,937.8048780487804,40.1,3.4361557960510254
1365890008.8396218,727.4390243902438,40.1,3.4585154056549072
1365890009.115505,807.3170731707318,40.6,3.45251202583313
1365890009.371176,837.1951219512194,40.1,3.4317448139190674
1365890009.6295528,829.2682926829268,40.1,3.4464001655578613
1365890009.895427,731.0975609756098,39.0,3.4717352390289307
1365890010.1724842,815.2439024390243,40.1,3.441300392150879
1365890010.433054,846.951219512195,40.1,3.430783987045288
1365890010.6873758,737.1951219512194,40.1,3.4512720108032227
1365890010.966422,885.9756097560976,40.1,3.4377639293670654
1365890011.227542,756.0975609756098,40.1,3.426511287689209
1365890011.481632,741.4634146341464,40.1,3.4527435302734375
1365890011.759277,935.3658536585366,40.1,3.43595552444458
1365890012.019553,810.9756097560976,40.1,3.4646432399749756
1365890012.275573,832.9268292682926,40.1,3.448253631591797
1365890012.5444028,857.3170731707316,40.1,3.4373204708099365
1365890012.801378,1023.7804878048779,40.1,3.4368386268615723
1365890013.0634,766.4634146341464,40.6,3.4548561573028564
1365890013.323748,733.5365853658536,40.1,3.4682178497314453
1365890013.6046689,868.2926829268292,40.1,3.4391939640045166
1365890013.867703,928.048780487805,40.1,3.4301066398620605
1365890014.1210098,921.9512195121952,40.1,3.4725563526153564
1365890014.397676,946.3414634146341,40.1,3.4367611408233643
1365890014.6564841,934.1463414634147,40.1,3.4314393997192383
1365890014.9120278,868.9024390243902,40.1,3.442983865737915
1365890015.1806238,726.219512195122,39.5,3.455470085144043
1365890015.4633632,901.219512195122,40.1,3.4307193756103516
1365890015.718082,906.0975609756098,40.1,3.4293229579925537
1365890015.973386,736.5853658536586,40.1,3.4673867225646973
1365890016.258867,940.8536585365853,40.1,3.4318103790283203
1365890016.5123332,954.2682926829268,40.1,3.4296631813049316
1365890016.768051,851.219512195122,40.1,3.4927196502685547
1365890017.044783,773.1707317073171,40.1,3.4385781288146973
1365890017.298269,904.8780487804878,40.1,3.4490013122558594
1365890017.5515158,929.8780487804878,40.1,3.4867846965789795
1365890017.81491,726.219512195122,39.5,3.4694368839263916
1365890018.103382,939.0243902439024,40.1,3.460400342941284
1365890018.357589,934.1463414634147,40.1,3.476386070251465
1365890018.613814,1031.0975609756097,40.1,3.5433897972106934
1365890018.898433,904.8780487804878,40.1,3.433729410171509
1365890019.151607,932.9268292682927,40.1,3.508516788482666
1365890019.41221,959.1463414634146,40.1,3.4568238258361816
1365890019.691721,910.9756097560976,40.1,3.430088996887207
1365890019.946403,772.5609756097562,40.1,3.4290692806243896
1365890020.202123,932.9268292682927,40.1,3.4503743648529053
1365890020.474852,610.3658536585366,40.1,3.4639523029327393
1365890020.754462,773.1707317073171,40.1,3.433791399002075
1365890021.01548,904.2682926829268,40.1,3.4338247776031494
1365890021.275201,671.3414634146342,39.5,3.479828119277954
1365890021.553302,874.390243902439,40.1,3.4416110515594482
1365890021.8100789,900.0,40.6,3.434305429458618
1365890022.071189,757.3170731707318,40.1,3.4541268348693848
1365890022.3464162,901.219512195122,40.1,3.437746286392212
1365890022.604961,900.0,40.1,3.438856840133667
1365890022.865644,929.2682926829269,40.1,3.466285467147827
1365890023.131196,728.0487804878048,39.5,3.4539670944213867
1365890023.408926,939.0243902439024,40.1,3.447253704071045
1365890023.667444,973.780487804878,40.1,3.4327242374420166
1365890023.9229639,722.560975609756,39.5,3.4543933868408203
1365890024.2024782,827.4390243902438,40.1,3.440713405609131
1365890024.4627829,881.0975609756098,40.1,3.4303700923919678
1365890024.719064,928.048780487805,40.1,3.4566876888275146
1365890024.9992971,943.2926829268292,40.1,3.4348716735839844
1365890025.260731,824.390243902439,40.1,3.4312472343444824
1365890025.515987,778.048780487805,40.1,3.4435904026031494
1365890025.78668,849.390243902439,40.1,3.4422500133514404
1365890026.04734,956.0975609756097,40.1,3.4528985023498535
1365890026.303421,772.5609756097562,40.1,3.4316842555999756
1365890026.560173,648.1707317073171,40.1,3.4545223712921143
1365890026.842401,992.0731707317074,40.1,3.4705862998962402
1365890027.104873,874.390243902439,40.1,3.428788900375366
1365890027.360875,888.4146341463414,40.1,3.465784788131714
1365890027.640342,923.1707317073171,40.1,3.4358649253845215
1365890027.9007611,910.9756097560976,40.1,3.436422824859619
1365890028.157328,1713.4146341463415,40.1,3.4684088230133057
1365890028.432823,965.2439024390244,40.6,3.4339144229888916
1365890028.691474,843.9024390243902,40.1,3.4369633197784424
1365890028.945699,835.3658536585366,40.1,3.4348745346069336
1365890029.2067451,745.1219512195122,39.5,3.463789224624634
1365890029.491495,1159.7560975609756,39.5,3.4321820735931396
1365890029.7464168,879.8780487804878,40.6,3.4418437480926514
1365890030.000055,824.390243902439,40.1,3.509627342224121
1365890030.285459,939.0243902439024,40.1,3.436483383178711
1365890030.538869,830.4878048780488,40.1,3.4379451274871826
1365890030.794484,839.0243902439024,40.1,3.479050874710083
1365890031.072447,960.9756097560976,40.1,3.4311764240264893
1365890031.3268852,843.2926829268292,40.1,3.434812307357788
1365890031.581407,925.0,40.1,3.443696975708008
1365890031.8414779,749.390243902439,40.1,3.460787057876587
1365890032.1261928,736.5853658536586,39.5,3.463420867919922
1365890032.3994088,962.1951219512194,40.1,3.4489803314208984
1365890032.655755,1045.1219512195123,40.1,3.438349962234497
1365890032.919411,695.1219512195122,40.1,3.4510738849639893
1365890033.198137,832.3170731707316,40.1,3.4366343021392822
1365890033.453425,824.390243902439,40.1,3.525033950805664
1365890033.7125719,637.1951219512196,40.1,3.4595491886138916
1365890033.989276,768.2926829268292,40.1,3.4441678524017334
1365890034.24785,989.0243902439024,40.1,3.4306869506835938
1365890034.504991,842.0731707317073,40.1,3.4384539127349854
1365890034.7646022,799.3902439024391,40.1,3.451780319213867
1365890035.043055,831.0975609756097,40.1,3.4486026763916016
1365890035.302978,926.219512195122,40.1,3.4443359375
1365890035.5586188,899.390243902439,39.0,3.4485206604003906
1365890035.833354,1498.780487804878,40.1,3.4311413764953613
1365890036.092007,896.3414634146342,40.1,3.4365322589874268
1365890036.3462558,978.0487804878048,40.1,3.5374088287353516
1365890036.6104178,893.2926829268292,39.5,3.4587225914001465
1365890036.896281,778.048780487805,40.1,3.4312524795532227
1365890037.150555,810.3658536585366,40.1,3.437039613723755
1365890037.4037461,662.1951219512196,40.1,3.4590961933135986
1365890037.690567,834.1463414634146,40.1,3.4342589378356934
1365890037.945429,823.170731707317,40.1,3.428478479385376
1365890038.1996238,825.0,40.1,3.4421370029449463
1365890038.469601,914.0243902439024,40.1,3.435779333114624
1365890038.730711,866.4634146341464,40.1,3.4521145820617676
1365890038.9852622,817.0731707317073,40.1,3.4363274574279785
1365890039.2489028,758.5365853658536,40.1,3.46868634223938
1365890039.534252,926.829268292683,40.1,3.4388928413391113
1365890039.7876322,881.0975609756098,40.1,3.4297056198120117
1365890040.0437472,731.0975609756098,40.1,4.326402425765991
1365890040.330514,925.0,40.1,4.046141624450684
1365890040.584507,837.1951219512194,40.1,3.8002166748046875
1365890040.8399518,889.0243902439024,40.1,3.5509839057922363
1365890041.1142242,731.0975609756098,40.1,3.452892541885376
1365890041.390133,879.8780487804878,40.1,3.433067798614502
1365890041.6470358,884.1463414634146,40.1,3.434218645095825
1365890041.906671,742.0731707317074,40.1,3.460353374481201
1365890042.186846,846.3414634146342,40.1,3.4303739070892334
1365890042.443152,830.4878048780488,40.1,3.4322733879089355
1365890042.702236,732.3170731707316,39.5,3.454699993133545
1365890042.979747,1665.2439024390244,40.1,3.4343173503875732
1365890043.239219,768.2926829268292,40.1,3.4365174770355225
1365890043.499958,774.390243902439,40.1,3.4567084312438965
1365890043.776402,934.1463414634147,40.1,3.437870740890503
1365890044.030188,804.2682926829269,40.1,3.480051040649414
1365890044.286358,795.1219512195122,40.1,3.461411237716675
1365890044.5557911,723.170731707317,40.1,3.452012300491333
1365890044.835505,943.2926829268292,40.1,3.435166597366333
1365890045.091454,765.2439024390244,40.1,3.435377359390259
1365890045.3538141,926.219512195122,39.5,3.44516921043396
1365890045.625427,921.3414634146342,40.6,3.4522194862365723
1365890045.883255,780.4878048780488,40.1,3.4303245544433594
1365890046.1405172,866.4634146341464,40.1,3.4531478881835938
1365890046.406761,739.0243902439024,39.5,3.578477382659912
1365890046.686846,896.3414634146342,40.1,3.434976100921631
1365890046.943968,889.0243902439024,39.5,3.4524707794189453
