1365889749.2048,2051.219512195122,53.7,1.0460882186889648
1365889749.4215968,1776.2195121951218,53.2,1.063523769378662
1365889749.6495242,1602.439024390244,52.6,1.0711884498596191
1365889749.877373,1485.3658536585365,52.6,1.063159704208374
1365889750.105267,1704.2682926829268,52.6,1.0736744403839111
1365889750.3329923,1486.5853658536585,52.6,1.0815308094024658
1365889750.5608525,1737.1951219512196,52.6,1.0705738067626953
1365889750.7890735,1733.5365853658539,52.6,1.0727241039276123
1365889751.0168936,1699.3902439024391,52.1,1.0809099674224854
1365889751.2450342,1467.6829268292684,52.1,1.072556495666504
1365889751.473016,1579.2682926829268,52.6,1.1999976634979248
1365889751.7008612,1631.7073170731705,52.6,1.176563024520874
1365889751.9287543,1468.2926829268292,52.1,1.1643691062927246
1365889752.1568599,1562.8048780487804,52.6,1.5050828456878662
1365889752.3849964,1636.5853658536585,51.5,1.8096730709075928
1365889752.6139507,1599.390243902439,52.6,2.1125998497009277
1365889752.8296688,1741.4634146341464,52.6,1.897789716720581
1365889753.0455725,2034.1463414634147,52.1,3.687668561935425
1365889753.2614968,1510.3658536585365,52.1,3.4726786613464355
1365889753.4895103,1483.5365853658539,52.1,3.2455692291259766
1365889753.7180576,1492.6829268292684,52.1,3.018970489501953
1365889753.9462497,1471.3414634146343,52.1,2.792109727859497
1365889754.1745458,1477.439024390244,52.1,2.7895398139953613
1365889754.4022386,1684.1463414634145,51.5,2.5627758502960205
1365889754.6303313,1644.5121951219512,51.5,2.335541248321533
1365889754.8581016,1476.8292682926829,52.1,2.108609199523926
1365889755.08654,1470.7317073170732,51.5,1.880847692489624
1365889755.314874,1458.5365853658536,51.5,1.6531245708465576
1365889755.5424118,1666.4634146341464,52.1,1.8031046390533447
1365889755.7705288,1588.4146341463415,51.5,1.5759434700012207
1365889755.9985652,1477.439024390244,52.1,1.7952284812927246
1365889756.2267869,1480.4878048780488,51.5,1.5675313472747803
1365889756.4547179,1606.7073170731708,51.5,1.3402035236358643
1365889756.6826148,1591.4634146341464,52.1,1.143608570098877
1365889756.8983016,1832.3170731707316,52.1,1.1207075119018555
1365889757.114329,1921.3414634146343,52.6,1.1181824207305908
1365889757.3301916,1594.5121951219512,52.6,1.2528364658355713
1365889757.5462182,2059.1463414634145,52.1,1.1315808296203613
1365889757.7619572,1951.219512195122,52.1,1.0950043201446533
1365889757.9778059,1604.2682926829268,52.6,1.0705816745758057
1365889758.1936314,1865.2439024390244,52.6,1.5944390296936035
1365889758.409631,1939.0243902439024,52.1,1.6037647724151611
1365889758.6254983,1577.439024390244,52.6,1.3885655403137207
1365889758.841226,1608.5365853658539,52.6,1.6169452667236328
1365889759.056962,1783.5365853658536,52.1,1.4050648212432861
1365889759.285205,1743.2926829268295,52.1,1.23384428024292
1365889759.5130405,1538.4146341463413,52.1,1.3055448532104492
1365889759.7412033,1484.7560975609756,52.1,1.2860875129699707
1365889759.969227,1547.560975609756,52.1,1.1146855354309082
1365889760.1973388,1637.1951219512196,52.1,1.3704166412353516
1365889760.4255702,1632.3170731707316,51.5,1.32096529006958
1365889760.653756,1749.390243902439,51.5,1.1605536937713623
1365889760.8819659,1703.6585365853657,52.1,1.1178576946258545
1365889761.1101017,1610.3658536585365,51.5,1.0768449306488037
1365889761.3382492,1504.2682926829268,51.5,1.1176071166992188
1365889761.566623,1648.1707317073171,51.5,1.1119673252105713
1365889761.7949538,1624.390243902439,51.5,1.216198444366455
1365889762.0231926,1641.4634146341461,52.1,1.211010456085205
1365889762.2512484,1474.390243902439,51.5,1.1919691562652588
1365889762.4794602,1826.219512195122,52.1,2.565131664276123
1365889762.695266,1581.7073170731708,52.1,2.3557841777801514
1365889762.9108841,1578.6585365853657,51.5,2.147042751312256
1365889763.1268713,2057.9268292682927,52.1,1.9353537559509277
1365889763.3428488,1578.6585365853657,52.6,1.7231361865997314
1365889763.5586934,1879.2682926829268,52.1,1.6728549003601074
1365889763.7744892,2098.780487804878,52.1,1.4579017162322998
1365889763.9901173,2046.3414634146343,52.6,1.2445805072784424
1365889764.206106,1587.1951219512196,52.6,1.2562148571014404
1365889764.4220295,1951.829268292683,52.6,1.4784331321716309
1365889764.637882,1912.1951219512193,52.1,1.3535983562469482
1365889764.8536296,1666.4634146341464,52.6,1.7467474937438965
1365889765.0694048,1581.7073170731708,52.6,1.535297155380249
1365889765.285247,1957.3170731707316,52.6,1.339867353439331
1365889765.5012102,1742.0731707317075,52.6,1.1293489933013916
1365889765.7170296,1576.219512195122,52.6,1.1592249870300293
1365889765.932801,1846.3414634146343,52.1,1.096010446548462
1365889766.1484227,1932.9268292682925,52.1,1.2263801097869873
1365889766.3644624,1497.560975609756,52.6,1.250084638595581
1365889766.5922515,1629.2682926829268,52.1,1.0616610050201416
1365889766.820423,1804.2682926829268,52.1,1.0590269565582275
1365889767.048576,1630.4878048780486,51.5,1.0635466575622559
1365889767.2780993,1775.0,51.5,1.1997244358062744
1365889767.5060654,1598.1707317073171,52.1,1.248579978942871
1365889767.7346058,1742.0731707317075,52.1,1.6596062183380127
1365889767.9626055,1597.5609756097563,51.5,1.434105634689331
1365889768.1910894,1721.3414634146343,52.1,1.2079627513885498
1365889768.4191818,1623.1707317073171,52.1,1.19399094581604
1365889768.6474576,1591.4634146341464,51.5,1.851794958114624
1365889768.8758223,1659.1463414634147,51.5,1.6242303848266602
1365889769.103334,1564.6341463414635,51.5,1.3974273204803467
1365889769.3312159,1621.341463414634,51.5,1.207749843597412
1365889769.5591187,1467.6829268292684,51.5,1.3515596389770508
1365889769.7859552,2017.0731707317073,52.1,1.144845724105835
1365889770.00164,2109.146341463415,52.1,1.3145034313201904
1365889770.2175663,1686.5853658536585,52.1,1.1003656387329102
1365889770.4332993,1574.3902439024391,52.1,1.4173989295959473
1365889770.649095,1865.2439024390244,52.6,1.203075885772705
1365889770.865369,2508.5365853658536,52.1,1.0487778186798096
1365889771.081111,1705.4878048780488,52.1,1.1145823001861572
1365889771.3091333,1591.4634146341464,51.5,1.9311692714691162
1365889771.537318,1481.7073170731708,51.5,1.7038500308990479
1365889771.7650957,1608.5365853658539,51.5,3.4078972339630127
1365889771.9929252,1540.2439024390244,51.5,3.180685520172119
1365889772.2207744,1506.7073170731705,51.5,2.953371524810791
1365889772.4488144,1781.0975609756097,51.5,2.7258477210998535
1365889772.6767728,1616.4634146341464,51.5,2.498462677001953
1365889772.904879,1545.7317073170732,51.5,2.2742908000946045
1365889773.133006,1464.6341463414633,51.5,2.048346757888794
1365889773.361091,1504.2682926829268,51.5,1.8225724697113037
1365889773.5892172,1599.390243902439,52.1,1.5960471630096436
1365889773.8173044,1788.4146341463413,51.0,1.3703997135162354
1365889774.0458052,1563.4146341463415,51.5,1.689875841140747
1365889774.2738097,1746.341463414634,51.5,1.4765124320983887
1365889774.5015998,1810.9756097560976,51.5,1.7582464218139648
1365889774.7176447,1807.3170731707316,52.1,1.5440597534179688
1365889774.9333613,2068.9024390243903,52.1,1.330732822418213
1365889775.149178,1895.121951219512,52.6,1.118159532546997
1365889775.3651855,1582.3170731707316,52.6,1.0771336555480957
1365889775.5811038,2062.8048780487807,52.6,1.0591154098510742
1365889775.7971632,1584.7560975609756,52.6,1.0599145889282227
1365889776.0129032,1725.6097560975609,52.1,1.1217014789581299
1365889776.2286348,1625.6097560975609,52.1,1.2525825500488281
1365889776.456619,1618.2926829268295,51.5,1.0623068809509277
1365889776.6848369,1574.3902439024391,51.5,1.2276215553283691
1365889776.9133873,1638.4146341463415,51.5,1.1249585151672363
1365889777.1414433,1616.4634146341464,52.1,1.137451410293579
1365889777.3696306,1557.3170731707316,51.5,1.4296274185180664
1365889777.5977182,1477.439024390244,51.5,1.3427574634552002
1365889777.825912,1470.7317073170732,51.5,1.3845715522766113
1365889778.053954,1548.780487804878,51.5,1.2356278896331787
1365889778.28154,1506.7073170731705,51.5,1.1749637126922607
1365889778.5095189,1481.7073170731708,52.1,1.464348554611206
1365889778.7375944,1703.6585365853657,51.5,1.3557534217834473
1365889778.9654453,1557.3170731707316,51.5,1.2150959968566895
1365889779.1934106,1479.878048780488,51.5,1.1023452281951904
1365889779.421383,2028.0487804878046,51.5,1.6365201473236084
1365889779.637154,1913.4146341463413,51.5,1.4318249225616455
1365889779.8530447,1583.5365853658536,52.1,1.2174184322357178
1365889780.0686789,1616.4634146341464,52.1,1.0623996257781982
1365889780.2846248,2035.9756097560978,52.1,1.0631821155548096
1365889780.500242,2059.7560975609754,52.1,1.0474951267242432
1365889780.7162962,1575.609756097561,52.1,1.1351523399353027
1365889780.9322999,1533.5365853658536,52.1,1.0585103034973145
1365889781.1602335,1668.2926829268292,51.5,1.1663365364074707
1365889781.388917,1520.7317073170732,51.5,1.295046091079712
1365889781.6169126,1750.6097560975609,52.1,1.6774461269378662
1365889781.8450682,1729.2682926829268,51.5,1.668025016784668
1365889782.072723,1517.6829268292681,51.5,1.4414300918579102
1365889782.3005922,1691.4634146341464,52.1,2.7781240940093994
1365889782.5285673,1517.6829268292681,51.5,2.5508415699005127
1365889782.7564847,1515.2439024390244,51.5,2.324298620223999
1365889782.984331,2520.731707317073,51.5,2.180129051208496
1365889783.2120423,1460.3658536585367,51.5,1.9533476829528809
1365889783.4406586,1600.6097560975609,52.1,1.7256436347961426
1365889783.6687615,1464.6341463414633,51.5,1.4984676837921143
1365889783.8967252,1527.4390243902437,50.5,1.2712757587432861
1365889784.1256177,1643.2926829268292,51.5,1.7261302471160889
1365889784.353792,1575.609756097561,51.5,1.4987242221832275
1365889784.5695863,1786.5853658536585,52.1,1.2849297523498535
1365889784.7855206,1467.6829268292684,52.1,1.204979658126831
1365889785.0136423,1517.6829268292681,51.5,1.0655748844146729
1365889785.2418046,1634.1463414634145,52.1,1.545623779296875
1365889785.4698744,1689.6341463414635,51.5,1.3202009201049805
1365889785.6980035,1613.4146341463415,51.5,1.1130411624908447
1365889785.9262893,1665.2439024390244,51.5,1.1406855583190918
1365889786.154292,1469.5121951219512,51.5,1.115201711654663
1365889786.3820884,1650.609756097561,51.5,2.272721529006958
1365889786.6101344,1655.4878048780488,51.5,2.0491251945495605
1365889786.8385792,1766.4634146341461,51.5,1.8265185356140137
1365889787.0667167,1670.1219512195123,51.5,1.6900179386138916
1365889787.294852,1570.7317073170732,51.5,1.4627485275268555
1365889787.5227165,1633.5365853658536,51.0,1.4878647327423096
1365889787.7514393,1597.5609756097563,52.1,1.6664063930511475
1365889787.9795423,1622.560975609756,51.5,1.438889503479004
1365889788.1953735,1757.3170731707316,51.5,1.2244505882263184
1365889788.4111488,2057.9268292682927,52.1,1.0592827796936035
1365889788.6270142,1821.341463414634,52.1,1.1294806003570557
1365889788.8428807,1578.6585365853657,51.5,1.3408489227294922
1365889789.058761,1632.3170731707316,51.5,1.1293418407440186
1365889789.2868834,1705.4878048780488,51.5,1.6272261142730713
1365889789.515214,1770.121951219512,51.5,1.4031732082366943
1365889789.7435758,1599.390243902439,51.5,1.3057012557983398
1365889789.9715984,1640.2439024390244,51.5,1.3303542137145996
1365889790.1992843,1524.3902439024391,51.5,1.7373988628387451
1365889790.4272275,1733.5365853658539,51.5,1.5701401233673096
1365889790.6554148,1734.1463414634147,51.0,1.3428115844726562
1365889790.8831246,1486.5853658536585,51.5,1.6244542598724365
1365889791.1108484,1721.3414634146343,51.0,1.4517083168029785
1365889791.338748,1473.7804878048782,51.5,1.2302906513214111
1365889791.566927,1487.8048780487804,50.5,1.5349617004394531
1365889791.7951074,1504.2682926829268,51.5,2.158816337585449
1365889792.0232506,1597.5609756097563,51.5,1.9349908828735352
1365889792.2512035,1681.09756097561,51.5,1.7075796127319336
1365889792.474998,1620.7317073170732,51.5,1.4845983982086182
1365889792.6907563,1593.2926829268292,52.1,2.3887598514556885
1365889792.9064507,1857.3170731707319,52.1,2.1741509437561035
1365889793.1221783,2095.121951219512,51.5,1.9610803127288818
1365889793.3381324,1667.6829268292684,52.1,1.7485711574554443
1365889793.5539384,1577.439024390244,52.1,1.5355782508850098
1365889793.7699153,1513.4146341463415,52.1,1.3219327926635742
1365889793.9979863,1775.0,51.5,1.1396849155426025
1365889794.2259927,1632.3170731707316,51.5,1.4077117443084717
1365889794.4539645,1477.439024390244,51.5,1.2864739894866943
1365889794.6817896,1624.390243902439,51.5,1.8178226947784424
1365889794.909703,1629.2682926829268,51.5,1.5941665172576904
1365889795.13764,1468.2926829268292,51.0,1.3688201904296875
1365889795.3659225,1472.5609756097563,51.5,1.3248546123504639
1365889795.5937316,1782.3170731707316,51.5,1.3470056056976318
1365889795.8214915,1490.8536585365855,51.5,1.5263333320617676
1365889796.0508032,1522.560975609756,51.5,1.2998979091644287
1365889796.278636,1643.2926829268292,51.5,1.0941836833953857
1365889796.5066867,1688.4146341463415,51.5,1.6748502254486084
1365889796.7350368,1710.3658536585367,51.5,2.4438509941101074
1365889796.962786,1570.7317073170732,51.5,2.2208251953125
1365889797.1907566,2100.0,52.1,2.557891845703125
1365889797.4068606,2595.731707317073,51.5,2.3427109718322754
1365889797.6224837,1577.439024390244,52.1,2.1282267570495605
1365889797.838258,1879.2682926829268,52.1,1.9136650562286377
1365889798.0540233,2090.8536585365855,52.1,1.6994450092315674
1365889798.2696412,2023.7804878048782,52.6,1.4858767986297607
1365889798.4854188,1721.3414634146343,52.1,1.2773864269256592
1365889798.7013013,1870.121951219512,52.6,1.2141008377075195
1365889798.9172843,2054.8780487804875,51.5,1.6027374267578125
1365889799.1331203,1688.4146341463415,51.5,1.3902006149291992
1365889799.348987,1984.1463414634147,52.6,1.1975533962249756
1365889799.5648425,2070.1219512195125,52.6,1.9917922019958496
1365889799.7806945,1773.1707317073171,52.1,1.7775797843933105
1365889799.996541,1589.6341463414633,52.1,1.5623095035552979
1365889800.2123628,1943.90243902439,52.1,1.350045919418335
1365889800.428134,2046.9512195121952,52.6,2.3553638458251953
1365889800.6439621,1792.0731707317073,52.1,2.140395164489746
1365889800.859829,1585.3658536585367,52.6,1.9253051280975342
1365889801.075718,2081.7073170731705,52.6,1.7101938724517822
1365889801.2915637,1782.3170731707316,52.1,1.6521947383880615
1365889801.5073385,1590.2439024390244,52.1,1.4369394779205322
1365889801.7364786,1469.5121951219512,52.6,1.3904352188110352
1365889801.964702,1477.439024390244,52.1,1.1632349491119385
1365889802.192459,1745.121951219512,51.5,1.1554973125457764
1365889802.4204557,1614.6341463414635,51.5,1.0655558109283447
1365889802.6492338,1600.6097560975609,52.1,1.1337032318115234
1365889802.8777614,1473.7804878048782,52.1,1.1215510368347168
1365889803.1055825,1807.3170731707316,51.5,1.204646110534668
1365889803.3334382,1537.8048780487804,51.5,1.2844924926757812
1365889803.561583,1461.5853658536587,52.1,1.3305747509002686
1365889803.7899735,1475.6097560975609,52.1,1.2564647197723389
1365889804.0175166,1698.1707317073171,51.5,1.123682975769043
1365889804.2464561,1481.7073170731708,51.5,1.231438159942627
1365889804.4744256,1575.609756097561,52.1,1.1892566680908203
1365889804.7024112,1849.390243902439,51.5,1.0749125480651855
1365889804.9181137,2046.3414634146343,52.1,1.0468099117279053
1365889805.1340475,1727.439024390244,52.1,1.0514769554138184
1365889805.3498392,1584.7560975609756,52.1,1.0694739818572998
1365889805.5658102,2109.146341463415,52.6,1.1083297729492188
1365889805.781691,1736.5853658536585,52.1,1.1530230045318604
1365889805.9975066,1591.4634146341464,52.1,1.167302131652832
1365889806.2132869,1970.1219512195123,52.6,1.0696263313293457
1365889806.429248,1888.4146341463415,51.5,1.1849875450134277
1365889806.6452935,1596.3414634146343,52.6,1.1788721084594727
1365889806.8610547,1954.8780487804877,52.6,1.2809441089630127
1365889807.0770864,1786.5853658536585,53.2,1.2403297424316406
1365889807.2929828,1749.390243902439,52.6,1.0938653945922852
1365889807.5088706,2070.7317073170734,52.6,1.0677592754364014
1365889807.7248142,1610.3658536585365,52.1,1.3091483116149902
1365889807.9406104,1590.2439024390244,52.6,1.3081951141357422
1365889808.1563706,1959.1463414634147,52.1,1.4064080715179443
1365889808.3720143,2053.048780487805,52.6,1.6246185302734375
1365889808.5877864,1854.2682926829268,52.6,1.7201392650604248
1365889808.803425,1760.3658536585365,52.6,1.5053410530090332
1365889809.0193622,1794.5121951219512,52.6,1.3412199020385742
1365889809.235274,2062.8048780487807,52.6,1.4009318351745605
1365889809.4510117,1846.9512195121952,52.6,1.3537161350250244
1365889809.666788,1588.4146341463415,52.6,1.3593952655792236
1365889809.8824756,1596.3414634146343,52.6,1.3937084674835205
1365889810.0982637,1914.0243902439024,52.6,1.2749583721160889
1365889810.3140109,2096.951219512195,52.1,1.2463622093200684
1365889810.5295928,2018.9024390243903,52.1,1.3888812065124512
1365889810.7457943,1740.2439024390244,52.6,1.1750218868255615
1365889810.9618514,1882.3170731707316,52.6,1.2786552906036377
1365889811.1780674,1924.390243902439,52.6,1.2989585399627686
1365889811.39366,2068.2926829268295,52.1,1.1784131526947021
1365889811.6094062,1989.0243902439024,52.6,1.314359188079834
1365889811.8253105,1590.2439024390244,52.6,1.4536738395690918
1365889812.040918,1606.7073170731708,52.6,2.6074142456054688
1365889812.2686508,1551.219512195122,52.1,2.380171298980713
1365889812.496726,1786.5853658536585,52.1,2.1558618545532227
1365889812.7247078,1611.5853658536585,51.5,1.9289326667785645
1365889812.9525378,1530.4878048780488,52.6,1.7021729946136475
1365889813.180069,1518.2926829268292,52.1,1.4766969680786133
1365889813.40827,1473.7804878048782,52.1,1.2794280052185059
1365889813.635975,1761.5853658536585,51.5,1.2829921245574951
1365889813.8639538,1597.5609756097563,51.5,1.132066249847412
1365889814.0917995,1467.6829268292684,51.5,1.0633349418640137
1365889814.319927,1557.3170731707316,52.1,1.2604601383209229
1365889814.5480216,1784.1463414634147,52.1,1.0751230716705322
1365889814.7762341,1768.2926829268292,52.1,1.8517978191375732
1365889815.00448,1722.5609756097563,51.5,1.635453224182129
1365889815.2322357,1473.7804878048782,51.5,1.4086997509002686
1365889815.4603617,2004.878048780488,51.5,2.017360210418701
1365889815.6762073,1632.3170731707316,52.1,1.802483081817627
1365889815.891951,1657.3170731707316,51.5,1.5875632762908936
1365889816.1196098,1553.658536585366,51.5,1.3609628677368164
1365889816.3474338,1641.4634146341461,51.5,1.954216480255127
1365889816.5753942,1466.4634146341464,51.5,1.7518739700317383
1365889816.8039067,1570.7317073170732,51.5,1.553950309753418
1365889817.0318203,1474.390243902439,51.5,2.3579294681549072
1365889817.2597177,1862.1951219512196,51.5,2.150132417678833
1365889817.4878962,1717.0731707317073,51.5,1.9231970310211182
1365889817.715836,1579.2682926829268,51.5,1.6970484256744385
1365889817.9437535,1463.4146341463415,50.5,1.6353707313537598
1365889818.1715806,1693.2926829268292,51.5,1.431445598602295
1365889818.3994231,1962.1951219512196,51.5,1.2057199478149414
1365889818.627145,1751.219512195122,51.5,1.1163320541381836
1365889818.8555548,1777.4390243902437,51.5,1.2828943729400635
1365889819.0836189,1763.4146341463415,51.5,1.0604138374328613
1365889819.2996204,1990.2439024390244,51.5,1.4610881805419922
1365889819.5155005,1609.7560975609756,51.5,1.2506206035614014
1365889819.731092,1580.4878048780488,51.5,1.070918321609497
1365889819.959385,1568.2926829268292,51.5,1.1379656791687012
1365889820.1873019,1454.8780487804877,51.5,1.1347851753234863
1365889820.4161336,1700.609756097561,51.5,1.1099355220794678
1365889820.6439972,1490.8536585365855,51.5,1.1677672863006592
1365889820.8718894,1583.5365853658536,51.5,1.2019450664520264
1365889821.0999262,1706.0975609756097,51.5,1.0700559616088867
1365889821.3277636,1461.5853658536587,51.5,1.0709037780761719
1365889821.5558615,1482.3170731707319,51.5,1.0756206512451172
1365889821.7845163,1534.7560975609756,51.5,1.1612298488616943
1365889822.0123591,1489.6341463414635,51.5,1.2111122608184814
1365889822.2402985,1810.9756097560976,51.5,1.261322021484375
1365889822.4682355,1534.7560975609756,51.5,1.0581388473510742
1365889822.6963696,1495.7317073170732,51.5,1.0718097686767578
1365889822.9245183,1468.2926829268292,51.0,1.1093592643737793
1365889823.152203,1577.439024390244,51.5,1.058006763458252
1365889823.3679342,1928.0487804878048,51.5,1.0876283645629883
1365889823.5837975,1985.9756097560976,51.5,1.0833137035369873
1365889823.7995548,1683.5365853658536,51.5,1.1187536716461182
1365889824.0154812,1771.341463414634,51.5,1.094566822052002
1365889824.231224,2239.6341463414633,51.5,1.0718307495117188
1365889824.4472055,2098.170731707317,51.5,1.335533618927002
1365889824.663875,1617.6829268292684,52.1,1.2571146488189697
1365889824.8796022,1612.1951219512196,52.1,1.1173815727233887
1365889825.1079369,1658.5365853658536,51.5,1.0708544254302979
1365889825.336156,1612.1951219512196,51.5,1.0549955368041992
1365889825.564805,1592.6829268292684,52.1,1.0640792846679688
1365889825.793581,1531.7073170731708,51.5,1.0691354274749756
1365889826.0215418,1474.390243902439,51.5,1.0709679126739502
1365889826.2495344,1783.5365853658536,51.5,1.4090170860290527
1365889826.478165,1459.7560975609756,51.5,1.1902310848236084
1365889826.7064419,1464.6341463414633,51.5,1.0892324447631836
1365889826.9346464,1482.3170731707319,51.5,1.1248140335083008
1365889827.162918,1456.7073170731708,51.5,1.071974754333496
1365889827.390876,1791.4634146341464,51.5,1.128528118133545
1365889827.6195068,1471.3414634146343,51.5,1.077458381652832
1365889827.847223,1702.439024390244,51.5,1.3630294799804688
1365889828.0753064,1534.7560975609756,51.0,1.1415269374847412
1365889828.3033977,1755.4878048780486,51.5,1.0851504802703857
1365889828.5193276,1725.6097560975609,51.5,1.0553686618804932
1365889828.7352762,2040.2439024390242,51.5,1.1340186595916748
1365889828.9512029,1598.1707317073171,52.1,1.099980115890503
1365889829.1671968,1951.829268292683,52.1,1.1875944137573242
1365889829.383788,2026.8292682926829,51.5,1.1208817958831787
1365889829.5995772,1989.0243902439024,52.6,1.1180784702301025
1365889829.8155496,1572.560975609756,52.1,1.1032850742340088
1365889830.0312243,1588.4146341463415,52.6,1.0950722694396973
1365889830.2471042,2100.0,52.6,1.098292350769043
1365889830.4634597,1576.219512195122,52.6,1.1189568042755127
1365889830.6916513,1664.6341463414633,52.1,1.129690170288086
1365889830.920335,1534.7560975609756,51.5,1.1717541217803955
1365889831.1487331,1474.390243902439,51.5,1.157257318496704
1365889831.3764663,1680.4878048780488,51.5,1.1161656379699707
1365889831.6050053,1618.2926829268295,51.5,1.311190128326416
1365889831.833332,1534.7560975609756,51.5,1.5687801837921143
1365889832.0616064,1562.8048780487804,51.5,1.3417792320251465
1365889832.2894986,1633.5365853658536,51.0,1.1895606517791748
1365889832.5175946,1523.780487804878,51.5,2.622380495071411
1365889832.7461479,1733.5365853658539,51.5,2.395020008087158
1365889832.9748783,1464.6341463414633,51.5,2.169602870941162
1365889833.203199,1525.609756097561,51.5,1.9427430629730225
1365889833.4311066,1773.1707317073171,51.0,1.7175912857055664
1365889833.6590097,1531.7073170731708,51.5,1.492447853088379
1365889833.8869157,1951.219512195122,51.5,1.2681033611297607
1365889834.1028483,1599.390243902439,52.1,1.106487512588501
1365889834.3186686,1870.121951219512,52.1,1.1069047451019287
1365889834.5348141,1686.5853658536585,51.5,1.123861312866211
1365889834.7506328,1588.4146341463415,52.1,1.0737173557281494
1365889834.9665554,2075.0,52.1,1.0917079448699951
1365889835.182393,1752.439024390244,51.5,1.0984888076782227
1365889835.3982272,1588.4146341463415,52.1,1.072995901107788
1365889835.6140738,2203.048780487805,52.1,1.048189640045166
1365889835.8298025,2018.292682926829,52.6,1.1169500350952148
1365889836.0457494,1608.5365853658539,52.1,1.0638339519500732
1365889836.2616096,1890.2439024390244,52.1,1.3892567157745361
1365889836.4774737,2037.8048780487802,52.1,1.1969566345214844
1365889836.6931267,1903.0487804878048,52.1,1.351613998413086
1365889836.9095922,2037.8048780487802,52.1,1.1474432945251465
1365889837.1253932,1740.2439024390244,52.1,1.0449542999267578
1365889837.341296,1814.0243902439024,52.6,1.180877685546875
1365889837.5573363,1963.4146341463415,52.1,1.0508530139923096
1365889837.7732506,1611.5853658536585,52.6,1.0942602157592773
1365889837.9889956,1748.1707317073171,52.6,1.0468108654022217
1365889838.204952,1996.341463414634,52.6,1.0448718070983887
1365889838.4210699,1577.439024390244,52.6,1.0574493408203125
1365889838.6369808,2014.0243902439026,52.6,1.059757947921753
1365889838.852683,1915.2439024390244,52.1,1.0554425716400146
1365889839.0686245,1577.439024390244,52.6,1.0823960304260254
1365889839.2845552,2999.390243902439,52.1,1.0643422603607178
1365889839.500282,2018.292682926829,52.6,1.070622205734253
1365889839.7161565,1613.4146341463415,52.1,1.120715856552124
1365889839.9318614,1580.4878048780488,52.6,1.0458722114562988
1365889840.1478367,2064.0243902439024,52.1,1.1266913414001465
1365889840.3635895,1892.0731707317073,52.6,1.0574426651000977
1365889840.579417,1572.560975609756,52.6,1.3531467914581299
1365889840.7955284,2220.121951219512,52.6,1.190291404724121
1365889841.0112832,1859.1463414634147,53.2,1.106306552886963
1365889841.22724,1589.6341463414633,52.6,1.1958467960357666
1365889841.4435284,1718.2926829268292,52.1,1.1446342468261719
1365889841.659361,1593.2926829268292,53.2,1.379883050918579
1365889841.8751695,2004.878048780488,53.2,1.3036987781524658
1365889842.090894,2054.8780487804875,52.6,1.5877923965454102
1365889842.3068962,1579.2682926829268,52.6,1.3866963386535645
1365889842.522522,1590.2439024390244,52.6,1.1721856594085693
1365889842.7381938,1889.0243902439024,52.6,1.0525994300842285
1365889842.954013,2064.0243902439024,52.6,1.0859088897705078
1365889843.1699445,1689.6341463414635,52.6,1.0649971961975098
1365889843.3858628,1790.2439024390244,52.6,1.0486316680908203
1365889843.60192,1857.3170731707319,52.1,1.0647783279418945
1365889843.8179042,1590.2439024390244,52.6,1.1953790187835693
1365889844.033771,1511.5853658536585,52.6,1.127885341644287
1365889844.2620907,1533.5365853658536,52.1,1.2269515991210938
1365889844.4904244,1538.4146341463413,52.6,1.0963242053985596
1365889844.7188313,1467.6829268292684,52.1,1.0631561279296875
1365889844.9470167,1479.878048780488,52.6,1.1452922821044922
1365889845.1750193,1810.3658536585365,51.5,1.104126214981079
1365889845.4035215,1484.7560975609756,52.1,1.0672240257263184
1365889845.6313603,1648.1707317073171,51.5,1.0526182651519775
1365889845.8593502,1533.5365853658536,51.5,1.152662992477417
1365889846.0872376,1544.5121951219512,51.5,1.1079299449920654
1365889846.3153815,1599.390243902439,51.5,1.3205835819244385
1365889846.5436745,1571.341463414634,51.5,1.1229009628295898
1365889846.7714512,1520.7317073170732,52.1,1.0785167217254639
1365889846.9995527,1482.3170731707319,51.5,1.116225004196167
1365889847.2274387,1601.219512195122,51.5,1.2021315097808838
1365889847.4554453,1578.6585365853657,52.1,1.2552335262298584
1365889847.6713958,2026.219512195122,52.1,2.8496129512786865
1365889847.8871152,1468.2926829268292,51.5,2.6347224712371826
1365889848.114986,1762.1951219512196,52.1,2.4074835777282715
1365889848.342827,1547.560975609756,52.1,2.1832942962646484
1365889848.570932,1482.3170731707319,51.5,1.956627607345581
1365889848.799078,1456.7073170731708,51.5,1.729902982711792
1365889849.0271814,1527.4390243902437,51.5,1.5045719146728516
1365889849.2554383,1544.5121951219512,51.5,1.2784602642059326
1365889849.4832993,1711.5853658536587,51.0,1.0648741722106934
1365889849.7117581,1714.6341463414633,51.5,1.1151819229125977
1365889849.9396977,1530.4878048780488,51.5,1.4469034671783447
1365889850.1680982,1592.6829268292684,51.5,1.2192065715789795
1365889850.3962393,1524.3902439024391,51.5,1.1636900901794434
1365889850.6253946,1460.3658536585367,51.0,1.3208026885986328
1365889850.8536553,1475.6097560975609,51.5,1.199944257736206
1365889851.0817437,1475.6097560975609,51.5,1.1136977672576904
1365889851.31009,1451.829268292683,51.5,1.0737900733947754
1365889851.538386,1472.5609756097563,51.5,1.071920394897461
1365889851.7667792,1464.6341463414633,51.5,1.1291553974151611
1365889851.9946296,1634.1463414634145,51.5,1.079124927520752
1365889852.2230608,1518.2926829268292,51.5,1.1006600856781006
1365889852.4511886,1618.2926829268295,51.5,1.3892626762390137
1365889852.6796136,1529.2682926829268,51.5,1.1667065620422363
1365889852.9072702,1564.6341463414635,51.5,1.0766375064849854
1365889853.142281,1491.4634146341464,51.5,1.760899543762207
1365889853.3706832,1610.3658536585365,51.5,1.534036636352539
1365889853.5989678,1579.2682926829268,51.5,1.4244418144226074
1365889853.8268383,1675.6097560975609,51.0,1.1983132362365723
1365889854.0549026,1510.3658536585365,51.5,1.055166482925415
1365889854.2841184,1475.6097560975609,51.5,1.1018285751342773
1365889854.5123682,1472.5609756097563,52.1,1.4022865295410156
1365889854.7408347,1624.390243902439,51.5,1.1768972873687744
1365889854.9564552,1579.2682926829268,51.5,1.0622913837432861
1365889855.172295,1923.170731707317,52.1,1.1291923522949219
1365889855.3880115,2081.0975609756097,52.1,1.0752155780792236
1365889855.603985,2075.0,51.5,1.060847520828247
1365889855.8318741,1555.4878048780488,51.5,1.0605707168579102
1365889856.0598452,1703.6585365853657,51.5,1.0628976821899414
1365889856.2878315,1525.609756097561,51.5,1.089416265487671
1365889856.5160913,1504.2682926829268,51.5,1.0711803436279297
1365889856.7443342,1493.2926829268295,51.5,1.3270456790924072
1365889856.9730444,1754.2682926829268,51.5,1.1019237041473389
1365889857.2010512,1614.6341463414635,51.0,1.0624830722808838
1365889857.429686,1601.219512195122,52.1,1.0740118026733398
1365889857.6579802,1717.0731707317073,51.5,1.207273244857788
1365889857.8861709,1775.0,51.0,1.2488512992858887
1365889858.1139414,1523.780487804878,51.5,2.4776341915130615
1365889858.3418372,1518.2926829268292,50.5,2.2545933723449707
1365889858.5701115,1555.4878048780488,51.5,2.033184766769409
1365889858.7990005,1580.4878048780488,51.5,1.8048861026763916
1365889859.0149982,2182.9268292682927,51.5,1.5909929275512695
1365889859.2306793,1921.3414634146343,52.1,1.3763015270233154
1365889859.4464266,1659.1463414634147,51.5,1.3077902793884277
1365889859.6620462,1576.219512195122,51.5,1.478975534439087
1365889859.8778949,1888.4146341463415,51.5,1.3443851470947266
1365889860.0936615,2282.9268292682923,51.5,1.2554285526275635
1365889860.309503,1778.0487804878048,52.1,1.1472578048706055
1365889860.525326,1590.2439024390244,52.1,1.1241710186004639
1365889860.7411056,1837.1951219512196,52.1,1.2565670013427734
1365889860.9574494,1575.609756097561,52.1,1.1207010746002197
1365889861.1734703,2139.0243902439024,52.6,1.980956792831421
1365889861.3891869,1903.0487804878048,52.6,1.7660083770751953
1365889861.604954,1622.560975609756,52.1,1.5521042346954346
1365889861.8208766,1810.9756097560976,52.1,1.3368747234344482
1365889862.0368779,1860.3658536585365,52.6,1.1226301193237305
1365889862.2527208,1585.3658536585367,52.1,1.2664031982421875
1365889862.468467,1753.0487804878048,52.6,1.3363382816314697
1365889862.685032,1581.7073170731708,52.6,1.122072458267212
1365889862.9006972,1873.170731707317,52.1,1.177091121673584
1365889863.1167445,1762.1951219512196,52.1,1.3122365474700928
1365889863.3325064,1576.219512195122,52.6,1.2182023525238037
1365889863.5483959,1678.658536585366,52.1,1.1820392608642578
1365889863.7762647,1543.2926829268292,52.1,1.3346729278564453
1365889864.0041115,1508.5365853658536,52.1,1.2823491096496582
1365889864.2320292,1702.439024390244,51.5,1.0835206508636475
1365889864.4599776,1503.658536585366,51.5,1.2770419120788574
1365889864.6882555,1508.5365853658536,51.5,1.4401776790618896
1365889864.9162123,1481.7073170731708,51.5,1.2243008613586426
1365889865.1447709,1779.2682926829268,51.5,1.1045351028442383
1365889865.372873,1726.219512195122,51.5,1.1104352474212646
1365889865.6007974,1612.1951219512196,51.5,1.0909795761108398
1365889865.8289843,1748.1707317073171,52.1,1.211954116821289
1365889866.0574205,1579.2682926829268,51.5,1.1257472038269043
1365889866.2855427,1745.121951219512,51.0,1.1087853908538818
1365889866.5136733,1783.5365853658536,51.5,1.2472267150878906
1365889866.7417386,1543.2926829268292,51.5,1.2964839935302734
1365889866.9698286,1725.6097560975609,51.5,1.1584346294403076
1365889867.1860664,2073.780487804878,51.5,1.1405222415924072
1365889867.401825,1868.9024390243903,52.1,1.5427827835083008
1365889867.6177125,1587.1951219512196,52.1,1.424952745437622
1365889867.8335578,2000.0,52.1,1.37730073928833
1365889868.0492713,2065.2439024390246,52.1,1.2295048236846924
1365889868.2651844,1699.3902439024391,52.1,1.2577269077301025
1365889868.4808946,1577.439024390244,52.6,1.1758217811584473
1365889868.6968584,2007.3170731707316,52.6,1.2512099742889404
1365889868.9126463,1907.9268292682927,52.6,1.4169387817382812
1365889869.128303,2728.6585365853657,52.1,1.5471434593200684
1365889869.344299,1756.0975609756097,52.1,1.3320558071136475
1365889869.560122,2060.9756097560976,52.1,1.4065468311309814
1365889869.7760878,1631.7073170731705,52.6,1.3892226219177246
1365889869.9918952,1577.439024390244,52.1,1.1740317344665527
1365889870.2074761,1758.5365853658536,52.1,1.177771806716919
1365889870.4232264,2007.3170731707316,52.6,1.2216436862945557
1365889870.6391568,1766.4634146341461,52.1,1.1413147449493408
1365889870.8550153,1574.3902439024391,52.6,1.153933048248291
1365889871.070855,1949.3902439024391,52.6,1.2409377098083496
1365889871.2867248,1882.9268292682925,52.6,2.3759193420410156
1365889871.502417,1709.1463414634147,52.6,2.160825252532959
1365889871.7180665,1592.6829268292684,52.6,1.94586181640625
1365889871.9339402,1871.9512195121952,52.6,1.9679644107818604
1365889872.1498172,1989.0243902439024,53.2,1.7536466121673584
1365889872.3657985,1594.5121951219512,52.6,1.538374423980713
1365889872.581459,1579.2682926829268,52.6,1.3233637809753418
1365889872.7971992,1927.439024390244,53.2,1.1470398902893066
1365889873.0131958,1775.0,52.6,2.1301560401916504
1365889873.2289488,1586.5853658536587,52.6,1.9233040809631348
1365889873.444786,1848.1707317073171,52.6,1.7085068225860596
1365889873.6605935,2078.048780487805,52.6,1.4935548305511475
1365889873.8764436,1720.1219512195123,52.6,1.3840644359588623
1365889874.0921724,1578.6585365853657,52.6,1.178006649017334
1365889874.3078523,1602.439024390244,52.6,1.078918695449829
1365889874.5235076,2054.2682926829266,52.6,1.0558655261993408
1365889874.7396715,1701.219512195122,52.6,1.139486312866211
1365889874.9559257,1515.2439024390244,52.6,2.084777593612671
1365889875.1839073,1733.5365853658539,52.1,1.858508586883545
1365889875.4117951,1492.6829268292684,52.1,1.6315593719482422
1365889875.6396396,1547.560975609756,52.1,1.9074468612670898
1365889875.8675122,1668.2926829268292,51.5,1.6800761222839355
1365889876.0960116,1787.1951219512193,51.5,1.4551136493682861
1365889876.324765,1469.5121951219512,52.1,1.4119014739990234
1365889876.5526948,1589.6341463414633,51.5,2.184150218963623
1365889876.7806523,1672.560975609756,51.5,1.956697702407837
1365889877.0083523,1491.4634146341464,51.5,1.7294836044311523
1365889877.2360163,1569.5121951219512,51.5,1.50229811668396
1365889877.4640903,1489.6341463414635,52.1,1.2758691310882568
1365889877.6917882,1764.0243902439024,51.5,1.2592380046844482
1365889877.919383,1469.5121951219512,51.5,1.3623449802398682
1365889878.1469905,1604.2682926829268,51.0,1.1456317901611328
1365889878.3748746,1893.90243902439,52.1,2.4310851097106934
1365889878.5905087,1779.2682926829268,52.1,2.2242271900177
1365889878.8063731,1589.6341463414633,52.6,2.0090932846069336
1365889879.0220225,1698.1707317073171,51.5,2.4913394451141357
1365889879.2504354,1744.5121951219514,51.5,2.2643814086914062
1365889879.478225,1498.780487804878,51.5,2.037821054458618
1365889879.7066138,1566.4634146341464,51.5,2.6152586936950684
1365889879.9344566,1496.341463414634,51.5,2.415719747543335
1365889880.1624029,1723.1707317073171,52.1,2.188699960708618
1365889880.3902295,1476.8292682926829,51.5,1.9615907669067383
1365889880.6188643,1698.1707317073171,51.5,1.7336173057556152
1365889880.8468425,1512.8048780487804,51.5,1.5063092708587646
1365889881.0752943,1623.1707317073171,51.5,1.2787961959838867
1365889881.3029902,1522.560975609756,52.1,1.080275535583496
1365889881.5324218,1482.3170731707319,51.5,1.0712804794311523
1365889881.7603443,1746.341463414634,51.5,1.323307991027832
1365889881.9885516,1733.5365853658539,51.5,1.2100541591644287
1365889882.2169032,1745.121951219512,51.5,1.3417484760284424
1365889882.4455853,1887.1951219512196,52.1,1.5467174053192139
1365889882.661421,1607.3170731707319,51.5,1.346963882446289
1365889882.8771899,1756.0975609756097,52.1,1.132140874862671
1365889883.0930648,2062.8048780487807,52.6,1.0503559112548828
1365889883.3090134,1619.5121951219514,52.1,1.0510568618774414
1365889883.5249288,1838.4146341463415,52.1,2.62683367729187
1365889883.7406425,2000.0,52.6,2.414318799972534
1365889883.956598,1709.1463414634147,52.1,2.202313184738159
1365889884.1725245,1709.1463414634147,52.6,1.9891297817230225
1365889884.4010632,1591.4634146341464,51.5,1.7628507614135742
1365889884.6295767,1482.3170731707319,52.1,1.538712501525879
1365889884.8580194,1505.4878048780486,51.5,1.3122289180755615
1365889885.085981,1533.5365853658536,51.5,1.124074935913086
1365889885.3142772,1529.2682926829268,51.5,1.0613417625427246
1365889885.541909,1577.439024390244,51.5,1.0575101375579834
1365889885.7698834,1472.5609756097563,51.5,1.1771135330200195
1365889885.9977713,1756.0975609756097,51.5,1.1757075786590576
1365889886.2262528,1555.4878048780488,51.5,1.1510732173919678
1365889886.454312,1772.560975609756,51.5,1.1881158351898193
1365889886.6824968,1716.4634146341464,51.5,1.0698823928833008
1365889886.910189,1468.2926829268292,52.1,1.1647648811340332
1365889887.1386874,1563.4146341463415,51.5,1.4407119750976562
1365889887.3673613,1793.2926829268292,51.5,1.2141063213348389
1365889887.5957973,1597.5609756097563,51.0,1.1833884716033936
1365889887.8240342,1614.6341463414635,51.5,1.175769329071045
1365889888.0520053,1699.3902439024391,51.0,1.2813560962677002
1365889888.2804677,1998.780487804878,51.5,1.167140245437622
1365889888.508673,1701.219512195122,51.5,1.6997053623199463
1365889888.73716,1688.4146341463415,51.5,1.492875576019287
1365889888.9661434,1603.658536585366,51.5,1.515458583831787
1365889889.194414,1619.5121951219514,51.0,2.7376480102539062
1365889889.4220173,1587.1951219512196,51.5,2.5108444690704346
1365889889.6506243,1473.7804878048782,51.5,2.2830636501312256
1365889889.878782,1495.7317073170732,51.5,2.0805630683898926
1365889890.1074133,1567.6829268292684,51.5,1.9275965690612793
1365889890.3355167,1699.3902439024391,51.5,1.7119197845458984
1365889890.5634017,1539.6341463414633,51.5,1.4848551750183105
1365889890.7915256,1827.439024390244,51.5,1.2574801445007324
1365889891.0198426,1954.2682926829268,51.5,1.150735855102539
1365889891.235556,2079.878048780488,51.5,1.0871737003326416
1365889891.4515648,1584.7560975609756,51.5,1.5155770778656006
1365889891.667482,1940.2439024390244,52.1,1.301650047302246
1365889891.883352,1909.1463414634147,52.1,1.4062321186065674
1365889892.09913,1468.2926829268292,51.5,1.398683786392212
1365889892.327333,1491.4634146341464,51.5,1.2191352844238281
1365889892.5555687,1469.5121951219512,51.5,1.071192741394043
1365889892.7846181,1549.390243902439,51.5,1.184079885482788
1365889893.012665,1760.3658536585365,51.5,1.062997817993164
1365889893.2405941,1563.4146341463415,51.5,1.093177318572998
1365889893.4684603,1498.780487804878,51.0,2.479416608810425
1365889893.6964045,1736.5853658536585,51.5,2.2534971237182617
1365889893.9243877,1587.1951219512196,51.5,2.0282490253448486
1365889894.1521778,1517.6829268292681,51.5,1.8049180507659912
1365889894.3806088,1477.439024390244,50.5,2.110883951187134
1365889894.6085598,1617.6829268292684,51.5,1.8838248252868652
1365889894.8366878,1748.1707317073171,51.0,2.744335174560547
1365889895.064897,1756.0975609756097,51.5,2.522712469100952
1365889895.2930284,1579.2682926829268,51.5,2.2959351539611816
1365889895.5089715,2065.2439024390246,51.5,2.0810086727142334
1365889895.7248073,1782.3170731707316,51.5,1.8661069869995117
1365889895.9403625,1771.341463414634,52.1,1.6620831489562988
1365889896.155956,1710.3658536585367,52.1,1.453052043914795
1365889896.372055,1957.9268292682927,52.1,1.2380039691925049
1365889896.587833,2142.0731707317073,52.1,1.043792724609375
1365889896.8035643,1760.3658536585365,51.5,1.2841100692749023
1365889897.0193992,1570.7317073170732,52.1,1.103792667388916
1365889897.235474,2043.2926829268295,51.5,1.1051957607269287
1365889897.4512744,1720.1219512195123,52.6,1.061396598815918
1365889897.6669989,1572.560975609756,52.6,1.9077277183532715
1365889897.8827865,1878.0487804878048,52.1,1.6934361457824707
1365889898.0985885,2153.658536585366,51.5,1.6500766277313232
1365889898.3142843,1909.1463414634147,52.6,1.436802625656128
1365889898.5307279,2076.8292682926826,52.6,1.4078426361083984
1365889898.7465963,1716.4634146341464,52.1,1.1963388919830322
1365889898.962313,1587.1951219512196,52.1,1.3859264850616455
1365889899.1782432,1960.3658536585367,52.1,2.0326859951019287
1365889899.3939328,2087.19512195122,52.6,1.817652940750122
1365889899.609799,1710.3658536585367,52.1,1.6023075580596924
1365889899.8256862,1785.3658536585367,52.1,1.3869707584381104
1365889900.041281,1772.560975609756,52.1,1.485666275024414
1365889900.269495,1689.6341463414635,51.5,1.2588086128234863
1365889900.4983342,1485.3658536585365,52.1,1.076012372970581
1365889900.727041,1720.1219512195123,51.5,1.1196727752685547
1365889900.9555733,1621.341463414634,52.1,1.0683283805847168
1365889901.183786,1790.2439024390244,51.5,1.115682601928711
1365889901.4125123,1481.7073170731708,51.5,1.2099394798278809
1365889901.640759,1463.4146341463415,51.5,1.082007884979248
1365889901.868751,1579.2682926829268,51.5,1.3177647590637207
1365889902.0965583,1551.219512195122,51.5,1.1318769454956055
1365889902.3248482,1569.5121951219512,51.5,1.1204009056091309
1365889902.5527208,1529.2682926829268,51.5,1.0589048862457275
1365889902.7813826,1615.2439024390244,51.5,1.1514906883239746
1365889903.009229,1510.3658536585365,51.5,1.2412312030792236
1365889903.2368374,1578.6585365853657,52.1,1.6006190776824951
1365889903.4526134,1767.0731707317073,52.1,1.3874664306640625
1365889903.6682694,1976.219512195122,51.5,1.3285865783691406
1365889903.884503,1569.5121951219512,52.1,1.2731842994689941
1365889904.1120756,1768.2926829268292,52.1,1.3963921070098877
1365889904.3397415,1473.7804878048782,51.5,1.4780385494232178
1365889904.5676262,1622.560975609756,52.1,1.4709420204162598
1365889904.7963488,1481.7073170731708,51.5,1.2428841590881348
1365889905.024109,1793.2926829268292,51.5,1.2580697536468506
1365889905.2519827,1602.439024390244,51.5,1.1591100692749023
1365889905.4804842,2641.4634146341464,51.5,1.1200735569000244
1365889905.708364,1493.2926829268295,51.5,1.2408063411712646
1365889905.936275,1602.439024390244,51.5,1.156022548675537
1365889906.1644304,1782.3170731707316,51.5,1.2229037284851074
1365889906.3919146,1512.8048780487804,51.0,1.1895372867584229
1365889906.6200993,1533.5365853658536,51.5,1.310976266860962
1365889906.8481293,2468.9024390243903,51.5,1.4072141647338867
1365889907.0758922,2805.487804878049,51.5,1.181623935699463
1365889907.2915645,1594.5121951219512,51.5,2.489487648010254
1365889907.5073986,1771.341463414634,52.1,2.274268388748169
1365889907.7231038,1960.3658536585367,51.5,2.059480905532837
1365889907.9388828,1985.9756097560976,51.5,2.2386040687561035
1365889908.1545453,1856.09756097561,52.1,2.023749589920044
1365889908.3703313,1583.5365853658536,52.1,1.808713674545288
1365889908.5861115,1856.09756097561,52.6,1.5938775539398193
1365889908.8020065,2045.121951219512,52.1,1.6878273487091064
1365889909.0177743,1770.121951219512,51.5,1.4729230403900146
1365889909.2334666,1602.439024390244,51.5,1.404829502105713
1365889909.449329,1800.0,52.6,1.2504606246948242
1365889909.6650865,2098.170731707317,52.6,1.1242339611053467
1365889909.88107,1680.4878048780488,52.1,1.2141168117523193
1365889910.0979865,1589.6341463414633,52.1,1.1166226863861084
1365889910.3141937,1719.5121951219512,52.1,1.1110172271728516
1365889910.5302348,1915.2439024390244,52.1,1.0647010803222656
1365889910.7465029,1596.3414634146343,52.1,1.2614736557006836
1365889910.9621327,1585.3658536585367,52.1,1.079420804977417
1365889911.1778817,1844.5121951219512,52.6,1.2742352485656738
1365889911.3935513,2120.731707317073,51.5,1.0914440155029297
1365889911.6093888,1885.3658536585365,52.1,1.3693437576293945
1365889911.8252752,1581.7073170731708,52.6,1.2612390518188477
1365889912.04105,1831.0975609756097,52.6,1.1230583190917969
1365889912.2567306,1970.1219512195123,52.1,1.5371520519256592
1365889912.4724488,1488.4146341463415,52.6,1.4989137649536133
1365889912.7008443,1469.5121951219512,52.1,1.5185527801513672
1365889912.9285164,1654.2682926829268,52.1,1.6421253681182861
1365889913.156228,1491.4634146341464,51.5,1.4175140857696533
1365889913.3840537,1673.170731707317,51.5,1.1998295783996582
1365889913.6119297,1478.658536585366,52.1,1.2175400257110596
1365889913.8399315,1539.6341463414633,51.5,1.315321683883667
1365889914.0679388,1769.5121951219512,51.5,1.409806251525879
1365889914.2966342,1468.2926829268292,51.5,1.2591464519500732
1365889914.5243614,1727.439024390244,51.5,1.2728478908538818
1365889914.7524793,1558.5365853658536,52.1,1.1742379665374756
1365889914.980095,1609.7560975609756,51.5,1.109257698059082
1365889915.209292,1744.5121951219514,51.5,1.2262330055236816
1365889915.4372504,1550.6097560975609,51.5,1.1968867778778076
1365889915.6653185,1764.0243902439024,51.5,1.2052476406097412
1365889915.8810332,1634.1463414634145,51.5,1.133430004119873
1365889916.096901,1857.9268292682927,52.1,1.192458152770996
1365889916.3127472,2009.1463414634147,52.1,1.1100578308105469
1365889916.5284562,1832.3170731707316,52.1,1.059330701828003
1365889916.7442806,1579.2682926829268,52.1,1.120936393737793
1365889916.9602506,1600.6097560975609,52.1,1.3127899169921875
1365889917.1882622,1680.4878048780488,52.1,1.3025405406951904
1365889917.4162438,1493.2926829268295,51.5,2.0909359455108643
1365889917.6446793,1588.4146341463415,51.5,1.9430804252624512
1365889917.8728094,1516.4634146341461,51.5,1.7157719135284424
1365889918.100525,1629.2682926829268,51.0,1.4885895252227783
1365889918.32864,1715.2439024390244,51.5,1.560072660446167
1365889918.5565002,1481.7073170731708,51.5,1.3508415222167969
1365889918.7844803,1514.6341463414635,51.5,2.5791425704956055
1365889919.012176,1575.609756097561,51.5,2.3526673316955566
1365889919.2405138,1648.1707317073171,51.5,2.1300618648529053
1365889919.468151,1535.3658536585367,51.5,1.904928207397461
1365889919.6960332,1662.1951219512193,51.5,4.217684745788574
1365889919.9236042,1530.4878048780488,51.5,4.011023044586182
1365889920.1512768,1484.7560975609756,51.5,3.7850191593170166
1365889920.374746,1968.9024390243903,51.5,3.5626022815704346
1365889920.5904422,1543.2926829268292,51.5,3.4724528789520264
1365889920.8182013,1571.341463414634,51.5,3.246242046356201
1365889921.0466096,1704.2682926829268,51.5,3.0202980041503906
1365889921.274512,1487.8048780487804,51.5,2.794325351715088
1365889921.5021694,1747.560975609756,51.5,2.568585157394409
1365889921.7298384,1457.3170731707316,51.5,2.343104124069214
1365889921.9573064,1507.3170731707316,51.5,2.11673903465271
1365889922.1849556,1790.2439024390244,51.5,1.8938319683074951
1365889922.4128718,1542.6829268292684,51.5,1.6680288314819336
1365889922.6412108,1597.5609756097563,51.5,1.4409968852996826
1365889922.8697164,1768.2926829268292,51.5,1.2139241695404053
1365889923.0978754,1682.3170731707316,51.0,1.1362018585205078
1365889923.3261483,1673.170731707317,51.5,1.2746772766113281
1365889923.5539513,1464.6341463414633,51.5,1.0931100845336914
1365889923.7817051,1730.4878048780488,51.5,1.1997506618499756
1365889924.0057914,1909.1463414634147,51.5,1.1460988521575928
1365889924.222004,1519.5121951219512,51.5,1.18910551071167
1365889924.4505863,1723.1707317073171,52.1,1.1312072277069092
1365889924.6792715,1483.5365853658539,51.5,1.296316146850586
1365889924.9070647,1712.1951219512196,51.5,1.1839959621429443
1365889925.1356332,1582.3170731707316,51.5,1.2955987453460693
1365889925.3636894,2015.853658536585,51.0,1.3267979621887207
1365889925.5915344,1494.5121951219514,51.0,1.453611135482788
1365889925.8193364,1598.1707317073171,51.0,1.36859130859375
1365889926.04739,1943.90243902439,51.0,1.255141019821167
1365889926.275369,1504.2682926829268,51.5,1.378680944442749
1365889926.5031264,1587.1951219512196,50.5,1.2816624641418457
1365889926.7321002,1609.7560975609756,51.5,1.4068076610565186
1365889926.9600568,1466.4634146341464,51.5,1.4994807243347168
1365889927.1877549,1737.1951219512196,51.5,1.2748780250549316
1365889927.4157243,1524.3902439024391,51.5,1.086207389831543
1365889927.6382427,1508.5365853658536,51.0,1.8294486999511719
1365889927.8666337,1479.878048780488,51.5,1.60233473777771
1365889928.0948024,1504.2682926829268,51.5,1.3754079341888428
1365889928.3228242,1661.5853658536585,51.0,1.2070562839508057
1365889928.551053,1790.2439024390244,51.5,1.4556159973144531
1365889928.7792,1700.609756097561,51.0,1.6058168411254883
1365889929.0074263,1653.6585365853657,51.5,1.3819637298583984
1365889929.2353363,1461.5853658536587,50.5,1.1550688743591309
1365889929.4633155,1532.3170731707316,51.5,1.1409022808074951
1365889929.6914504,1624.390243902439,51.0,1.1840789318084717
1365889929.919581,1712.1951219512196,50.5,1.1943132877349854
1365889930.1475923,1561.5853658536585,50.5,1.2976632118225098
1365889930.3760133,1665.2439024390244,50.5,1.1378240585327148
1365889930.604617,1580.4878048780488,50.5,1.6306233406066895
1365889930.8326118,1709.1463414634147,51.0,1.4821252822875977
1365889931.0603292,1939.0243902439024,51.5,1.821176528930664
1365889931.2761269,1633.5365853658536,51.5,1.6063401699066162
1365889931.4918115,1605.4878048780488,51.5,1.3913369178771973
1365889931.7200043,1560.3658536585365,51.0,1.4787912368774414
1365889931.9488392,1544.5121951219512,51.0,1.2507805824279785
1365889932.177066,1815.2439024390244,51.0,1.2007200717926025
1365889932.4057782,1633.5365853658536,51.0,1.755075216293335
1365889932.6340978,1565.2439024390244,51.5,1.5277481079101562
1365889932.8621204,1481.7073170731708,51.0,1.3316185474395752
1365889933.0899673,1773.1707317073171,51.0,1.402156114578247
1365889933.3183503,1606.7073170731708,51.5,1.2462165355682373
1365889933.5462165,1549.390243902439,51.0,1.2885282039642334
1365889933.774024,1657.3170731707316,50.5,1.1077666282653809
1365889934.002228,1547.560975609756,50.5,1.1747288703918457
1365889934.230822,1464.6341463414633,51.0,1.263279914855957
1365889934.4593205,1549.390243902439,50.5,1.251765251159668
1365889934.687471,1493.2926829268295,50.5,1.154618501663208
1365889934.9056318,1995.121951219512,51.5,1.248380422592163
1365889935.121307,2126.2195121951218,51.5,1.8459744453430176
1365889935.3370838,2865.243902439024,51.5,1.7834279537200928
1365889935.5528524,1588.4146341463415,52.1,1.5686402320861816
1365889935.768679,1795.1219512195123,52.1,1.5570025444030762
1365889935.984511,2270.121951219512,52.1,2.897570848464966
1365889936.2002468,1837.1951219512196,52.1,2.6826064586639404
1365889936.4161706,1578.6585365853657,51.5,2.4673705101013184
1365889936.63195,1932.3170731707316,51.5,2.252429723739624
1365889936.847797,1984.1463414634147,52.1,2.0376248359680176
1365889937.0636249,1634.1463414634145,52.1,1.822777271270752
1365889937.2794273,1594.5121951219512,52.6,1.6089060306549072
1365889937.4954307,2000.0,52.1,1.3936192989349365
1365889937.710958,2023.170731707317,52.1,1.3288848400115967
1365889937.9266448,1837.1951219512196,51.5,2.7478175163269043
1365889938.1424484,1587.1951219512196,52.6,2.5328564643859863
1365889938.3580897,1586.5853658536587,51.5,2.3180594444274902
1365889938.5738125,1932.9268292682925,52.1,2.2601089477539062
1365889938.789598,1464.6341463414633,52.1,2.0449204444885254
1365889939.019396,1523.780487804878,52.1,1.8156487941741943
1365889939.247562,1483.5365853658539,51.5,1.5882301330566406
1365889939.4760697,1594.5121951219512,52.1,1.3603754043579102
1365889939.7038016,1484.7560975609756,51.5,1.5374231338500977
1365889939.9321473,1483.5365853658539,51.5,2.0093231201171875
1365889940.1602776,1555.4878048780488,51.5,1.7840874195098877
1365889940.3883984,1779.2682926829268,51.5,1.5567758083343506
1365889940.6166487,1770.121951219512,51.5,1.4455628395080566
1365889940.8449938,1625.6097560975609,51.5,2.1913695335388184
1365889941.073184,1757.3170731707316,51.0,1.963841199874878
1365889941.3022513,1642.6829268292681,51.5,1.735475778579712
1365889941.5304763,1557.3170731707316,51.5,1.5078976154327393
1365889941.7588933,1667.6829268292684,51.5,1.28013277053833
1365889941.9867706,1783.5365853658536,51.5,1.110957384109497
1365889942.2024617,1622.560975609756,51.5,1.215165376663208
1365889942.4188118,1957.9268292682927,51.5,2.2002248764038086
1365889942.6348124,1581.7073170731708,52.1,1.9851396083831787
1365889942.850427,1746.341463414634,51.5,1.7703745365142822
1365889943.0661225,1938.4146341463415,51.5,1.555469036102295
1365889943.281895,2026.8292682926829,52.1,1.8289971351623535
1365889943.497697,1466.4634146341464,52.1,2.0134363174438477
1365889943.7267518,1512.8048780487804,51.5,2.0850672721862793
1365889943.9548008,1649.3902439024391,51.5,1.858065128326416
1365889944.1825926,1488.4146341463415,51.5,1.6310803890228271
1365889944.4106724,1463.4146341463415,52.1,1.403698205947876
1365889944.6397922,1528.6585365853657,51.5,1.538698434829712
1365889944.8678722,2073.170731707317,51.5,1.3566293716430664
1365889945.0958338,1592.6829268292684,51.5,2.4860899448394775
1365889945.3234785,1533.5365853658536,51.5,2.259669542312622
1365889945.5509086,1456.7073170731708,52.1,2.0334668159484863
1365889945.779087,1520.7317073170732,51.5,1.8063924312591553
1365889946.0069618,1799.390243902439,51.5,1.5824406147003174
1365889946.234776,1494.5121951219514,51.5,1.3558874130249023
1365889946.4632876,1540.2439024390244,51.5,1.130716323852539
1365889946.6914043,1713.4146341463415,51.5,1.0496296882629395
1365889946.9072542,1589.6341463414633,51.5,1.0635349750518799
1365889947.1231132,2046.9512195121952,52.1,1.1735217571258545
1365889947.338915,1878.0487804878048,51.5,1.0989739894866943
1365889947.5547192,1585.3658536585367,51.5,1.112701654434204
1365889947.7707384,1987.1951219512196,52.1,1.225703239440918
1365889947.9866254,1804.2682926829268,51.5,1.577338695526123
1365889948.2022352,1730.4878048780488,51.5,1.439380407333374
1365889948.4179819,1584.7560975609756,52.1,1.2245733737945557
1365889948.6342988,1809.1463414634145,52.1,1.41469144821167
1365889948.849967,1630.4878048780486,51.5,2.9788737297058105
1365889949.0657032,1598.1707317073171,52.6,2.7643351554870605
1365889949.2812808,1594.5121951219512,52.1,2.5498554706573486
1365889949.4971628,2051.219512195122,52.1,2.335071086883545
1365889949.71286,1979.2682926829268,52.6,2.1207447052001953
1365889949.928616,1706.0975609756097,52.1,1.9077129364013672
1365889950.1444595,1580.4878048780488,52.6,1.6974220275878906
1365889950.360145,1829.2682926829268,52.6,1.4849867820739746
1365889950.5759048,2048.7804878048782,51.5,1.4199399948120117
1365889950.7922385,1797.560975609756,52.1,1.3080205917358398
1365889951.0079463,1985.9756097560976,52.1,1.3748080730438232
1365889951.2234392,1951.219512195122,52.1,1.2720766067504883
1365889951.4390926,2073.780487804878,52.1,1.105506181716919
1365889951.655095,1609.7560975609756,52.1,1.0489842891693115
1365889951.8710659,1956.0975609756097,52.1,1.0474863052368164
1365889952.087043,1809.1463414634145,52.1,1.0743310451507568
1365889952.3027933,1588.4146341463415,52.1,1.0608818531036377
1365889952.5188885,2065.8536585365855,52.6,1.2334065437316895
1365889952.7349393,1589.6341463414633,52.6,1.05812406539917
1365889952.950788,1843.2926829268292,53.2,1.0657227039337158
1365889953.166507,2026.8292682926829,52.6,1.1441824436187744
1365889953.3823702,1798.170731707317,52.6,1.1113033294677734
1365889953.598117,1576.219512195122,52.1,1.0519993305206299
1365889953.8146837,1602.439024390244,52.6,1.0899109840393066
1365889954.030611,1888.4146341463415,52.1,1.1134798526763916
1365889954.2465227,1925.0,52.6,1.066084623336792
1365889954.46261,1582.3170731707316,52.1,2.4072892665863037
1365889954.6791704,1591.4634146341464,52.6,2.1913790702819824
1365889954.8949366,2932.9268292682927,52.6,1.9798104763031006
1365889955.11066,2037.1951219512193,52.6,1.7649939060211182
1365889955.3263783,1818.2926829268292,52.6,1.55003023147583
1365889955.5422573,1586.5853658536587,52.6,1.336839199066162
1365889955.758443,1906.0975609756097,52.6,1.1323318481445312
1365889955.9743385,1575.609756097561,53.2,1.1220488548278809
1365889956.190059,1752.439024390244,52.6,1.2044646739959717
1365889956.4060836,1934.1463414634145,52.6,1.1566262245178223
1365889956.6225157,2076.8292682926826,52.6,1.2956390380859375
1365889956.838713,1583.5365853658536,52.6,1.2048234939575195
1365889957.0545084,1968.2926829268292,52.6,1.8143656253814697
1365889957.2701292,2064.0243902439024,52.6,1.6032075881958008
1365889957.4858902,1893.90243902439,52.6,1.3885982036590576
1365889957.7015269,1783.5365853658536,53.2,1.4113214015960693
1365889957.9173663,1607.3170731707319,52.6,1.703963041305542
1365889958.1330059,1729.2682926829268,52.6,2.0686700344085693
1365889958.3485682,1746.341463414634,52.6,1.8541300296783447
1365889958.5643256,2012.1951219512196,52.6,1.6395671367645264
1365889958.7799623,2026.8292682926829,52.6,1.437737226486206
1365889958.9956338,1968.2926829268292,52.6,1.2242345809936523
1365889959.21134,1744.5121951219514,52.6,1.0540523529052734
1365889959.427249,1647.560975609756,52.1,1.1658015251159668
1365889959.6433976,1455.4878048780488,52.6,1.3319485187530518
1365889959.871326,1625.6097560975609,52.6,1.1314311027526855
1365889960.0989697,1490.8536585365855,52.6,1.1901359558105469
1365889960.3272164,1474.390243902439,52.1,1.2374074459075928
1365889960.5557694,1669.5121951219512,51.5,1.3819949626922607
1365889960.784479,1612.1951219512196,51.5,1.556182861328125
1365889961.0125625,1741.4634146341464,51.5,1.328709602355957
1365889961.24069,1678.658536585366,52.1,1.2610363960266113
1365889961.468493,1459.7560975609756,52.1,1.5627706050872803
1365889961.6962693,1736.5853658536585,52.1,1.639085054397583
1365889961.9239235,1465.8536585365853,51.5,1.4120023250579834
1365889962.152214,1475.6097560975609,51.5,1.8196260929107666
1365889962.3802183,1613.4146341463415,52.1,1.5924835205078125
1365889962.6084912,1615.2439024390244,52.1,1.947253942489624
1365889962.8368394,1564.6341463414635,51.5,1.7196393013000488
1365889963.065033,1612.1951219512196,51.5,2.092984676361084
1365889963.2928438,1529.2682926829268,51.5,1.8671634197235107
1365889963.5210757,1562.8048780487804,52.1,1.6478049755096436
1365889963.74877,1614.6341463414635,52.1,1.420771598815918
1365889963.9766228,1603.658536585366,51.5,1.1947696208953857
1365889964.204739,1486.5853658536585,51.5,1.9416577816009521
1365889964.4322422,1673.170731707317,51.5,1.7599713802337646
1365889964.6609182,1561.5853658536585,51.5,1.5322229862213135
1365889964.8890595,1784.1463414634147,52.1,1.30476975440979
1365889965.1167042,1469.5121951219512,51.5,1.0969398021697998
1365889965.3445385,1812.1951219512196,51.5,1.0634660720825195
1365889965.5727127,1737.1951219512196,51.5,1.3162744045257568
1365889965.800455,1473.7804878048782,51.5,2.103412389755249
1365889966.0282378,1973.1707317073171,52.1,1.9644286632537842
1365889966.243814,1951.829268292683,52.1,1.749884843826294
1365889966.459572,2078.048780487805,52.1,1.5361647605895996
1365889966.6753623,1488.4146341463415,51.5,1.3210079669952393
1365889966.9035535,1487.8048780487804,51.5,1.922539472579956
1365889967.1310604,1806.09756097561,51.5,1.6962146759033203
1365889967.3600862,1474.390243902439,51.5,1.759423017501831
1365889967.5884387,1466.4634146341464,51.5,1.6364080905914307
1365889967.8166645,1482.3170731707319,51.5,1.8284823894500732
1365889968.0444906,1787.1951219512193,51.5,1.603531837463379
1365889968.2720087,1490.8536585365855,51.0,1.4644489288330078
1365889968.4997172,1601.219512195122,51.5,1.2571399211883545
1365889968.727426,1535.3658536585367,51.0,1.0577418804168701
1365889968.955395,1806.09756097561,51.5,1.122568130493164
1365889969.1832268,1485.3658536585365,51.5,1.1238293647766113
1365889969.4110498,1606.7073170731708,51.5,1.488342523574829
1365889969.6393785,1568.2926829268292,51.5,1.3659887313842773
1365889969.8671532,1568.2926829268292,51.5,1.5070981979370117
1365889970.0950284,1964.0243902439024,51.0,1.2829794883728027
1365889970.310681,1828.0487804878048,52.1,2.1049728393554688
1365889970.526623,1581.7073170731708,51.5,1.8898897171020508
1365889970.7423275,1867.0731707317075,52.1,1.6748175621032715
1365889970.95814,2046.3414634146343,51.5,1.6713175773620605
1365889971.1737611,1954.2682926829268,52.1,1.4566969871520996
1365889971.3894792,1730.4878048780488,51.5,1.2418081760406494
1365889971.6051753,1574.3902439024391,52.1,1.562464952468872
1365889971.8208523,1577.439024390244,51.5,1.3502247333526611
1365889972.0365963,1914.0243902439024,51.5,1.9267158508300781
1365889972.2521873,1934.1463414634145,51.5,1.7120389938354492
1365889972.4681427,1792.0731707317073,52.1,1.5003809928894043
1365889972.6837769,1692.0731707317075,53.2,1.2852671146392822
1365889972.8994968,1574.3902439024391,52.1,1.725106954574585
1365889973.1152284,1779.2682926829268,52.6,1.5110023021697998
1365889973.3321455,2070.7317073170734,52.6,1.2961187362670898
1365889973.547952,1771.341463414634,52.6,1.0824248790740967
1365889973.76425,2043.2926829268295,52.1,1.1314802169799805
1365889973.9800723,1479.878048780488,52.1,1.241560459136963
1365889974.209385,1485.3658536585365,51.5,1.1067967414855957
1365889974.437442,2140.243902439024,52.1,1.106795072555542
1365889974.665527,1608.5365853658539,52.1,1.3476438522338867
1365889974.8934946,1755.4878048780486,52.1,1.5927577018737793
1365889975.1216426,1545.7317073170732,51.5,1.3864078521728516
1365889975.3493526,1573.780487804878,52.1,1.1595635414123535
1365889975.5772245,1603.658536585366,51.5,1.1033570766448975
1365889975.805372,1541.4634146341464,51.5,1.0695621967315674
1365889976.0333903,1472.5609756097563,51.5,1.119626760482788
1365889976.2616951,1473.7804878048782,51.5,1.124849796295166
1365889976.489658,1579.2682926829268,51.5,1.058638095855713
1365889976.7179492,1566.4634146341464,51.5,1.1092803478240967
1365889976.9462216,1584.7560975609756,51.5,1.2593743801116943
1365889977.174737,2493.9024390243903,52.1,1.2138240337371826
1365889977.4027863,2093.2926829268295,51.5,1.1637771129608154
1365889977.618664,1736.5853658536585,52.1,1.151817798614502
1365889977.834478,1604.2682926829268,52.1,1.144282341003418
1365889978.0503263,1954.2682926829268,52.1,1.6407082080841064
1365889978.2662823,1778.0487804878048,52.1,1.425839900970459
1365889978.4819682,1611.5853658536585,51.5,1.2109575271606445
1365889978.697769,1749.390243902439,52.6,1.059145212173462
1365889978.913542,2198.780487804878,52.6,1.1430656909942627
1365889979.1297145,1575.609756097561,52.1,1.158916711807251
1365889979.3455796,1879.2682926829268,51.5,1.1077725887298584
1365889979.56138,2056.0975609756097,52.6,1.478996753692627
1365889979.777386,1573.780487804878,52.6,1.6918692588806152
1365889979.99307,1820.121951219512,52.6,1.913923978805542
1365889980.2087643,1931.09756097561,52.1,1.838991641998291
1365889980.4245076,2054.8780487804875,52.1,1.62428617477417
1365889980.6402273,1893.2926829268292,52.1,1.4102745056152344
1365889980.8560262,1604.2682926829268,52.6,1.2715530395507812
1365889981.071845,1802.439024390244,52.1,1.3408336639404297
1365889981.2878704,1916.4634146341464,52.6,1.7257285118103027
1365889981.5033908,1918.9024390243903,52.6,1.5110502243041992
1365889981.7190795,1739.6341463414635,52.1,2.0751256942749023
1365889981.9348986,1575.609756097561,52.6,1.8604648113250732
1365889982.150512,1577.439024390244,52.6,1.6553561687469482
1365889982.3663032,2916.4634146341464,52.1,1.440723180770874
1365889982.5819468,2051.219512195122,52.1,1.3719336986541748
1365889982.7976756,1913.4146341463413,52.6,1.3239970207214355
1365889983.0131595,1935.9756097560976,52.6,1.2463617324829102
1365889983.228836,1768.2926829268292,52.1,1.2013113498687744
1365889983.4445367,1608.5365853658539,52.6,1.1122281551361084
1365889983.6604555,1902.4390243902437,52.1,1.2161262035369873
1365889983.8765688,1701.219512195122,52.6,1.1655795574188232
1365889984.0922058,1645.121951219512,52.6,1.153465986251831
1365889984.3084729,1946.341463414634,52.1,1.2247142791748047
1365889984.5243871,1585.3658536585367,52.6,2.1706480979919434
1365889984.740043,1626.219512195122,52.6,1.955854892730713
1365889984.96783,1461.5853658536587,52.6,1.7286570072174072
1365889985.196355,1471.3414634146343,52.1,1.8832173347473145
1365889985.4243066,1502.439024390244,52.1,1.6864268779754639
1365889985.6523228,1644.5121951219512,51.5,1.4597265720367432
1365889985.88002,1477.439024390244,51.5,1.3310580253601074
1365889986.1087472,1693.2926829268292,52.1,1.3053147792816162
1365889986.3370717,1726.219512195122,52.1,1.1915667057037354
1365889986.5652928,1720.1219512195123,51.5,1.209505319595337
1365889986.7931998,1672.560975609756,52.1,1.1681034564971924
1365889987.0211496,1502.439024390244,51.5,1.2642261981964111
1365889987.249104,1774.3902439024391,51.5,1.3399136066436768
1365889987.4768937,1494.5121951219514,51.5,1.4008533954620361
1365889987.704829,1539.6341463414633,51.0,1.2700519561767578
1365889987.9335084,1580.4878048780488,51.5,1.1241886615753174
1365889988.161273,2001.829268292683,52.1,1.4805278778076172
1365889988.3771946,1783.5365853658536,51.5,1.2783582210540771
1365889988.5929966,1599.390243902439,52.1,1.3871738910675049
1365889988.8086247,1609.7560975609756,52.1,1.439452886581421
1365889989.0243192,1842.0731707317073,52.6,1.3590071201324463
1365889989.2400815,1540.2439024390244,51.5,1.190565586090088
1365889989.467924,1630.4878048780486,52.1,1.187913179397583
1365889989.6964104,1752.439024390244,51.5,1.0783019065856934
1365889989.924749,1770.121951219512,51.5,1.0548250675201416
1365889990.1525164,1470.7317073170732,51.5,1.1001865863800049
1365889990.3808212,1485.3658536585365,51.5,1.0748584270477295
1365889990.6090899,1486.5853658536585,52.1,1.2979471683502197
1365889990.8365552,1622.560975609756,51.5,1.167809009552002
1365889991.064686,1595.7317073170732,52.1,1.1610803604125977
1365889991.2933073,1611.5853658536585,51.5,1.5066041946411133
1365889991.5217497,1555.4878048780488,51.5,1.2823526859283447
1365889991.7498627,1764.0243902439024,51.5,1.0814387798309326
1365889991.9782164,1637.1951219512196,51.5,1.0710656642913818
1365889992.2068357,1456.7073170731708,51.5,1.1669495105743408
1365889992.4352305,1705.4878048780488,51.0,1.0979773998260498
1365889992.6514087,2085.9756097560976,51.5,1.0563905239105225
1365889992.8673642,1694.5121951219512,52.1,1.097687005996704
1365889993.083141,1588.4146341463415,51.5,1.0502142906188965
1365889993.298938,1828.0487804878048,52.1,1.0561699867248535
1365889993.527418,1528.6585365853657,51.5,1.066452980041504
1365889993.755929,1476.8292682926829,50.5,1.0846798419952393
1365889993.983915,1568.2926829268292,51.5,1.4850189685821533
1365889994.2119937,1783.5365853658536,51.5,1.2612547874450684
1365889994.4399455,1570.7317073170732,52.1,1.1440186500549316
1365889994.6687346,1570.7317073170732,52.1,1.0645761489868164
1365889994.8971186,1491.4634146341464,51.5,1.1574828624725342
1365889995.125342,1538.4146341463413,52.1,1.1338939666748047
1365889995.3537571,1468.2926829268292,51.5,1.0799229145050049
1365889995.5828388,1571.341463414634,50.5,1.1607592105865479
1365889995.811714,1728.0487804878048,51.0,1.3380191326141357
1365889996.0411932,1654.2682926829268,51.5,1.1874988079071045
1365889996.269286,2456.7073170731705,51.5,1.1633477210998535
1365889996.4972756,1456.7073170731708,51.5,1.07474684715271
1365889996.7256954,1702.439024390244,51.5,1.1232397556304932
1365889996.9415083,1591.4634146341464,51.5,1.0576574802398682
1365889997.1577046,1851.219512195122,51.5,1.1501545906066895
1365889997.3737533,1841.4634146341464,52.1,1.2610256671905518
1365889997.5896645,1504.2682926829268,52.1,1.4534883499145508
1365889997.8180783,1493.2926829268295,51.5,1.8648462295532227
1365889998.046446,2259.756097560976,51.5,1.6370372772216797
1365889998.274765,1487.8048780487804,51.5,1.4098765850067139
1365889998.5029674,1592.6829268292684,51.5,1.1916568279266357
1365889998.731869,1638.4146341463415,51.5,1.0948171615600586
1365889998.960376,1501.8292682926829,51.5,1.4262218475341797
1365889999.1887453,1497.560975609756,51.5,1.2015082836151123
1365889999.4172158,1477.439024390244,51.5,1.2861278057098389
1365889999.6454058,1469.5121951219512,51.5,1.548652172088623
1365889999.8734617,1643.2926829268292,51.5,1.321446418762207
1365890000.1017923,1471.3414634146343,51.0,1.0959720611572266
1365890000.3302639,1477.439024390244,50.5,1.158494234085083
1365890000.558834,1661.5853658536585,51.5,1.2174274921417236
1365890000.7871687,1664.6341463414633,51.0,1.077789545059204
1365890001.0154498,1593.2926829268292,52.1,1.1363744735717773
1365890001.2313523,1537.8048780487804,51.5,1.0627801418304443
1365890001.459014,1568.2926829268292,51.5,1.1908328533172607
1365890001.6872573,1474.390243902439,51.5,1.1901438236236572
1365890001.91573,1616.4634146341464,51.5,1.0707552433013916
1365890002.1440353,1637.1951219512196,51.0,1.2981560230255127
1365890002.3716097,1573.780487804878,51.0,1.1022248268127441
1365890002.5999384,1548.780487804878,51.5,1.1736915111541748
1365890002.8281257,1618.2926829268295,51.5,1.1719014644622803
1365890003.0561879,1716.4634146341464,51.0,1.2318823337554932
1365890003.2847095,1593.2926829268292,51.5,1.3489410877227783
1365890003.5126252,1637.1951219512196,51.5,1.164318561553955
1365890003.7407753,2522.560975609756,51.0,1.1809539794921875
1365890003.969115,1630.4878048780486,51.0,1.2475559711456299
1365890004.196988,1607.3170731707319,51.0,1.6102137565612793
1365890004.4255612,1558.5365853658536,51.5,1.3825454711914062
1365890004.6447525,1981.09756097561,51.5,1.1908340454101562
1365890004.8605247,1937.1951219512196,52.1,1.090712308883667
1365890005.0764096,1606.7073170731708,51.5,1.0508778095245361
1365890005.2921078,1592.6829268292684,52.1,1.0567958354949951
1365890005.5081937,1915.2439024390244,52.1,1.1575899124145508
1365890005.7245104,1600.6097560975609,52.1,1.198704481124878
1365890005.953234,1528.6585365853657,51.5,1.0719928741455078
1365890006.1815803,1516.4634146341461,51.0,1.16357421875
1365890006.4099748,1571.341463414634,51.5,1.1786620616912842
1365890006.6386826,1599.390243902439,51.5,1.2214977741241455
1365890006.8674123,1515.2439024390244,51.5,1.0750374794006348
1365890007.0953462,1524.3902439024391,51.5,1.172558307647705
1365890007.3239396,1451.829268292683,51.0,2.289623975753784
1365890007.552137,1457.3170731707316,51.5,2.063093423843384
1365890007.7804008,1459.7560975609756,51.0,1.8357372283935547
1365890008.0089726,1585.3658536585367,51.5,1.8120043277740479
1365890008.2370124,1463.4146341463415,51.5,1.5852329730987549
1365890008.4651668,1515.2439024390244,51.5,1.3579232692718506
1365890008.693309,1461.5853658536587,51.5,1.2394006252288818
1365890008.920815,1472.5609756097563,51.5,1.2611198425292969
1365890009.1489153,1891.4634146341461,51.5,1.2347030639648438
1365890009.3646495,1665.2439024390244,52.1,1.075315237045288
1365890009.580374,1595.7317073170732,52.1,1.0686731338500977
1365890009.7962606,2003.0487804878048,52.1,1.1469767093658447
1365890010.0120444,1948.1707317073171,52.1,1.0544679164886475
1365890010.2278936,1689.6341463414635,52.6,1.1034719944000244
1365890010.4436944,1776.2195121951218,51.5,1.1679282188415527
1365890010.6595056,2004.878048780488,52.6,1.3288283348083496
1365890010.875446,1456.7073170731708,51.5,1.2652320861816406
1365890011.1032763,1613.4146341463415,51.5,1.1566267013549805
1365890011.3309677,1476.8292682926829,52.1,1.1558468341827393
1365890011.5587354,1625.6097560975609,51.0,1.1854791641235352
1365890011.7863753,1488.4146341463415,51.5,1.078474998474121
1365890012.0143952,1519.5121951219512,51.5,1.1649293899536133
1365890012.242291,1693.2926829268292,51.0,1.158123254776001
1365890012.470393,1619.5121951219514,50.5,1.1723392009735107
1365890012.6993687,1459.7560975609756,51.5,1.1504957675933838
1365890012.9272747,1798.170731707317,51.5,1.3410756587982178
1365890013.1554027,1718.2926829268292,51.5,1.1553797721862793
1365890013.3835464,1705.4878048780488,51.5,1.1409943103790283
1365890013.6114047,1467.6829268292684,51.5,1.2580962181091309
1365890013.8392794,1773.1707317073171,51.0,1.5023999214172363
1365890014.0676565,1583.5365853658536,51.0,1.2792820930480957
1365890014.2955136,1594.5121951219512,51.5,1.1419198513031006
1365890014.5112798,1850.0,51.5,1.141728162765503
1365890014.7270796,2857.317073170732,51.5,1.2234809398651123
1365890014.9427245,1976.8292682926829,52.1,1.3628950119018555
1365890015.158389,1820.121951219512,52.1,1.4528231620788574
1365890015.3740625,1657.3170731707316,51.5,1.531726598739624
1365890015.5897236,1553.658536585366,51.5,1.3589346408843994
1365890015.817554,1485.3658536585365,52.1,1.3099770545959473
1365890016.0452626,1601.219512195122,51.0,1.3657054901123047
1365890016.272938,1561.5853658536585,51.5,1.4199273586273193
1365890016.5013504,1501.8292682926829,51.5,1.6332283020019531
1365890016.7291067,1633.5365853658536,50.5,1.4063403606414795
1365890016.9567895,1489.6341463414635,51.5,1.3580620288848877
1365890017.1855774,1671.3414634146343,51.5,1.174196481704712
1365890017.4135673,1485.3658536585365,51.5,1.1074752807617188
1365890017.6416926,1463.4146341463415,51.5,1.1936845779418945
1365890017.8700378,1481.7073170731708,51.5,1.0804665088653564
1365890018.0982122,1477.439024390244,51.5,1.0848610401153564
1365890018.3262258,1614.6341463414635,51.5,1.1050024032592773
1365890018.5539713,1500.6097560975609,51.0,1.1587848663330078
1365890018.782026,1891.4634146341461,51.5,1.1241974830627441
1365890018.9979172,1592.6829268292684,51.5,1.0675902366638184
1365890019.2138872,2107.9268292682927,51.5,1.0465235710144043
1365890019.4298642,1686.5853658536585,51.5,1.0406010150909424
1365890019.6457057,1581.7073170731708,51.5,1.1224579811096191
1365890019.8615508,2029.8780487804877,52.1,1.113912582397461
1365890020.0779853,1882.9268292682925,52.1,1.1296541690826416
1365890020.2943032,1577.439024390244,51.5,1.0570406913757324
1365890020.5102704,2031.09756097561,52.1,1.057220458984375
1365890020.7260118,1923.170731707317,51.5,1.0524075031280518
1365890020.942281,1932.3170731707316,52.1,1.081167459487915
1365890021.1581602,1913.4146341463413,52.1,1.1258628368377686
1365890021.3739042,1669.5121951219512,52.1,1.1756007671356201
1365890021.5900347,2014.0243902439026,52.1,1.1124615669250488
1365890021.8058445,1875.0,51.5,1.1046311855316162
1365890022.0216403,1596.3414634146343,52.1,1.0817687511444092
1365890022.2373884,1580.4878048780488,52.1,1.1302812099456787
1365890022.4532056,2012.1951219512196,52.6,1.1799821853637695
1365890022.6690958,1797.560975609756,52.6,1.056926965713501
1365890022.8850033,1586.5853658536587,52.6,1.0692310333251953
1365890023.1008863,2067.0731707317073,52.6,1.0702457427978516
1365890023.3167512,1807.3170731707316,52.1,1.1737191677093506
1365890023.532594,1615.2439024390244,52.1,1.049133539199829
1365890023.7484977,1982.9268292682927,53.2,1.1535768508911133
1365890023.964573,1616.4634146341464,52.6,1.1095075607299805
1365890024.1802158,1590.2439024390244,52.1,1.1254725456237793
1365890024.3962488,2109.146341463415,52.6,1.241774559020996
1365890024.612806,2084.1463414634145,52.1,1.1780929565429688
1365890024.8284612,2070.1219512195125,52.6,1.1926255226135254
1365890025.0443306,1780.4878048780488,52.6,1.251882791519165
1365890025.2601395,1708.5365853658536,52.1,1.1406755447387695
1365890025.488417,1662.1951219512193,52.1,1.1023387908935547
1365890025.7167737,1715.2439024390244,51.5,1.2285242080688477
1365890025.9453115,1575.609756097561,51.5,1.061281442642212
1365890026.1732461,1690.2439024390244,51.5,1.227722406387329
1365890026.4011588,1485.3658536585365,52.1,1.336512804031372
1365890026.6294293,1472.5609756097563,52.1,1.120058536529541
1365890026.857488,1498.780487804878,51.5,1.3741965293884277
1365890027.0858164,1482.3170731707319,51.5,1.1482465267181396
1365890027.3139398,1564.6341463414635,51.5,1.0821356773376465
1365890027.5420957,1593.2926829268292,51.5,1.2419474124908447
1365890027.7699676,1589.6341463414633,51.0,1.4785511493682861
1365890027.9980602,1521.341463414634,51.5,1.8112132549285889
1365890028.2261944,1464.6341463414633,51.5,1.5838901996612549
1365890028.4544892,1786.5853658536585,52.1,1.3566615581512451
1365890028.6702473,1596.3414634146343,51.5,1.3460097312927246
1365890028.8860948,2032.3170731707316,51.5,2.521932363510132
1365890029.1019726,2029.8780487804877,52.1,2.3069660663604736
1365890029.3179865,1597.5609756097563,52.1,2.092721700668335
1365890029.5336318,1752.439024390244,52.6,1.877929449081421
1365890029.7493973,1951.829268292683,52.6,2.174651622772217
1365890029.9653587,1762.1951219512196,52.1,1.9595000743865967
1365890030.1811435,1587.1951219512196,52.6,1.7442119121551514
1365890030.3970947,1989.0243902439024,52.6,1.6547176837921143
1365890030.6127396,2075.0,52.1,1.4400653839111328
1365890030.828426,1926.219512195122,51.5,1.2259442806243896
1365890031.0440242,1834.1463414634147,52.6,1.1564922332763672
1365890031.2598135,1590.2439024390244,52.6,1.0509271621704102
1365890031.4757335,1993.9024390243903,52.1,1.0519838333129883
1365890031.6915014,2039.0243902439024,52.1,1.0580222606658936
1365890031.9073935,1752.439024390244,52.6,1.0584876537322998
1365890032.1231334,1590.2439024390244,52.6,1.0456197261810303
1365890032.3388963,1898.1707317073171,52.1,1.2085494995117188
1365890032.5548375,1462.8048780487807,52.1,1.0994796752929688
1365890032.7831728,1483.5365853658539,52.1,1.1143381595611572
1365890033.011324,1466.4634146341464,52.1,1.1754021644592285
1365890033.2393506,1624.390243902439,52.1,1.0761175155639648
1365890033.4672647,1618.2926829268295,51.5,1.063309907913208
1365890033.6954787,1608.5365853658539,51.5,1.0640137195587158
1365890033.9237235,1685.3658536585365,51.5,1.0673282146453857
1365890034.151847,1486.5853658536585,51.5,1.1375019550323486
1365890034.3798625,1489.6341463414635,51.5,1.1243793964385986
1365890034.6081717,1474.390243902439,51.5,1.132770299911499
1365890034.8364031,1485.3658536585365,51.5,2.13096022605896
1365890035.0647228,1476.8292682926829,51.5,1.9057536125183105
1365890035.2926633,1764.0243902439024,51.5,1.682835340499878
1365890035.5205913,1562.8048780487804,51.5,1.4585366249084473
1365890035.7499714,1578.6585365853657,51.5,1.232748031616211
1365890035.977994,1741.4634146341464,51.5,1.0662133693695068
1365890036.1937585,1584.7560975609756,52.1,1.1198439598083496
1365890036.4095528,1853.0487804878048,52.1,1.1451387405395508
1365890036.625422,2064.0243902439024,51.5,1.3351354598999023
1365890036.84123,1689.6341463414635,52.1,1.1480145454406738
1365890037.0569994,1585.3658536585367,52.1,1.1822290420532227
1365890037.2727566,1898.1707317073171,52.1,1.199542760848999
1365890037.488661,1965.2439024390244,52.6,1.1292750835418701
1365890037.7046418,1595.7317073170732,52.6,1.1214847564697266
1365890037.9324112,1504.2682926829268,51.5,1.1824076175689697
1365890038.1604607,1626.219512195122,52.1,1.2499704360961914
1365890038.3887286,1653.6585365853657,51.5,1.356212854385376
1365890038.6169755,1779.2682926829268,51.5,1.2216124534606934
1365890038.8461914,1744.5121951219514,51.5,1.383906602859497
1365890039.0752351,1612.1951219512196,51.5,1.6231777667999268
1365890039.3030608,1505.4878048780486,51.5,1.3986132144927979
1365890039.530903,1683.5365853658536,51.5,1.1727259159088135
1365890039.7595341,1570.7317073170732,51.5,1.343339204788208
1365890039.9887307,1755.4878048780486,51.5,1.2098579406738281
1365890040.216886,1746.341463414634,51.5,1.5907268524169922
1365890040.4449182,1572.560975609756,51.5,1.3662853240966797
1365890040.6729326,1473.7804878048782,52.1,1.4131453037261963
1365890040.901284,1474.390243902439,51.5,1.2894773483276367
1365890041.1252286,2223.780487804878,51.5,1.6429634094238281
1365890041.3409846,1597.5609756097563,52.1,1.4284660816192627
1365890041.5568562,1751.219512195122,52.1,1.5970735549926758
1365890041.7850702,1727.439024390244,51.5,1.574774980545044
1365890042.0127828,1476.8292682926829,51.5,1.3484883308410645
1365890042.2410762,1469.5121951219512,51.5,1.199181318283081
1365890042.469185,1505.4878048780486,51.5,1.4041109085083008
1365890042.6971648,1727.439024390244,51.5,1.2105493545532227
1365890042.9252567,1646.341463414634,51.5,1.1053142547607422
1365890043.153619,1753.0487804878048,51.5,1.1428923606872559
1365890043.3820975,1613.4146341463415,51.5,2.021221399307251
1365890043.6105883,1491.4634146341464,51.5,1.7935988903045654
1365890043.8383844,1742.0731707317075,51.5,1.5664148330688477
1365890044.066835,1778.0487804878048,51.5,1.547415018081665
1365890044.2952292,1588.4146341463415,51.5,1.6282641887664795
1365890044.5230272,1676.219512195122,51.5,1.6934154033660889
1365890044.751069,1630.4878048780486,51.5,1.466238260269165
1365890044.9671023,1707.3170731707316,51.5,1.8136231899261475
1365890045.1951628,1598.1707317073171,51.5,1.5873279571533203
1365890045.4231415,1798.170731707317,51.5,1.3625364303588867
1365890045.651769,1637.1951219512196,51.0,1.1391592025756836
1365890045.8798516,1507.3170731707316,51.0,1.1102991104125977
1365890046.1078665,1466.4634146341464,51.5,1.0799736976623535
1365890046.3361032,1463.4146341463415,51.0,1.0762834548950195
1365890046.5643978,1454.8780487804877,51.0,1.158738374710083
1365890046.7924128,1659.1463414634147,51.5,1.5386779308319092
1365890047.0206678,1606.7073170731708,51.5,1.330552339553833
1365890047.2486608,1669.5121951219512,51.5,1.1700959205627441
1365890047.4771297,1859.1463414634147,51.5,2.0913891792297363
1365890047.70525,1675.6097560975609,51.0,1.945117712020874
1365890047.933153,1509.7560975609756,51.5,1.7184169292449951
1365890048.1615243,1535.3658536585367,51.5,1.743523359298706
1365890048.3860264,1979.2682926829268,51.5,1.569566249847412
1365890048.6016781,2070.1219512195125,51.5,1.3866078853607178
1365890048.8174047,1906.0975609756097,51.5,1.180924892425537
1365890049.0331175,1723.1707317073171,51.5,1.13853120803833
