1365889749.6037781,985.9756097560976,40.6,2.75485897064209
1365889749.868212,860.3658536585366,40.6,2.803913116455078
1365889750.122195,946.951219512195,40.6,2.764300584793091
1365889750.378664,740.2439024390244,40.1,2.9187777042388916
1365889750.655793,993.2926829268292,40.6,3.0039868354797363
1365889750.914336,965.8536585365854,40.6,2.943974256515503
1365889751.186007,1457.3170731707316,40.1,3.0101208686828613
1365889751.464973,1785.3658536585367,40.1,3.263157844543457
1365889751.720354,918.2926829268293,40.1,3.00917911529541
1365889751.977098,1354.878048780488,40.1,3.456359624862671
1365889752.269312,802.439024390244,40.6,3.165908098220825
1365889752.5243578,1688.4146341463415,40.6,3.1861274242401123
1365889752.77932,954.8780487804878,40.1,3.9640777111053467
1365889753.058024,816.4634146341463,40.6,3.8709592819213867
1365889753.311679,945.1219512195122,40.6,3.91283917427063
1365889753.5679018,979.8780487804878,40.1,3.657252311706543
1365889753.841166,757.3170731707318,40.1,3.3845460414886475
1365889754.122833,824.390243902439,40.6,3.1733498573303223
1365889754.377144,862.1951219512194,40.1,3.411952257156372
1365889754.637186,798.1707317073171,40.1,3.1531505584716797
1365889754.9167721,840.2439024390244,39.5,2.875852108001709
1365889755.1710122,816.4634146341463,40.6,2.839614152908325
1365889755.43303,1018.9024390243901,40.1,2.80062198638916
1365889755.7159228,1501.8292682926829,40.1,2.768280267715454
1365889755.972288,973.780487804878,40.1,2.763566732406616
1365889756.232716,967.0731707317073,40.1,2.7831344604492188
1365889756.511053,949.390243902439,40.1,2.7934982776641846
1365889756.76871,1032.9268292682927,40.6,2.919088840484619
1365889757.038929,1084.7560975609756,40.1,3.015368700027466
1365889757.308512,662.1951219512196,40.1,2.9000587463378906
1365889757.5883598,772.5609756097562,40.6,2.8726232051849365
1365889757.8497002,965.2439024390244,40.1,2.881654739379883
1365889758.105098,750.0,40.1,2.7975668907165527
1365889758.382779,896.3414634146342,40.1,2.7799906730651855
1365889758.6483672,879.8780487804878,40.6,2.786379814147949
1365889758.90395,722.560975609756,40.1,2.7685041427612305
1365889759.188512,1125.0,40.6,2.775413990020752
1365889759.4496682,971.3414634146342,40.1,2.7474451065063477
1365889759.705745,849.390243902439,40.6,2.760479688644409
1365889759.993186,912.1951219512196,40.1,3.0169718265533447
1365889760.252087,1648.1707317073171,40.6,2.857100009918213
1365889760.5084229,777.439024390244,40.1,2.8237125873565674
1365889760.7882,976.219512195122,40.1,4.255111217498779
1365889761.05158,1636.5853658536585,40.1,3.9967422485351562
1365889761.3066812,1589.6341463414633,40.6,3.750450849533081
1365889761.579197,929.8780487804878,40.6,3.4808013439178467
1365889761.841693,854.8780487804878,40.1,3.2232298851013184
1365889762.096535,1398.780487804878,40.1,2.97177791595459
1365889762.363136,738.4146341463414,40.6,2.979607343673706
1365889762.642386,1409.7560975609756,40.6,3.2589941024780273
1365889762.8980212,954.2682926829268,40.6,3.004254102706909
1365889763.151857,1675.6097560975609,40.1,2.9693446159362793
1365889763.428975,857.9268292682926,40.1,3.1722331047058105
1365889763.687708,1672.560975609756,40.1,2.9174933433532715
1365889763.940135,1403.6585365853657,40.1,2.8242485523223877
1365889764.206541,818.2926829268292,40.1,2.9954841136932373
1365889764.4878159,1126.8292682926829,40.6,2.7975165843963623
1365889764.742451,1128.658536585366,41.2,2.770134687423706
1365889764.995709,1231.09756097561,40.1,2.7777297496795654
1365889765.269697,1821.341463414634,40.1,2.753021478652954
1365889765.526336,1600.6097560975609,40.1,2.7453789710998535
1365889765.780312,939.0243902439024,40.6,2.7782957553863525
1365889766.036319,1624.390243902439,40.1,2.969303846359253
1365889766.319629,795.1219512195122,40.1,3.078388214111328
1365889766.57473,1028.0487804878048,40.6,2.8248589038848877
1365889766.829966,895.1219512195122,40.1,2.931427478790283
1365889767.10774,1842.0731707317073,40.6,3.0798840522766113
1365889767.360508,965.8536585365854,40.1,2.9267618656158447
1365889767.6174169,1848.1707317073171,41.2,2.920236110687256
1365889767.883847,1602.439024390244,40.1,3.02767276763916
1365889768.162292,1664.6341463414633,40.1,3.1532092094421387
1365889768.4197912,1678.658536585366,40.6,2.8975980281829834
1365889768.6798432,1334.7560975609756,40.1,3.1692028045654297
1365889768.9529212,814.0243902439024,40.1,2.8987786769866943
1365889769.2069492,890.2439024390244,40.6,2.754753589630127
1365889769.4662552,1240.8536585365855,40.6,2.7421987056732178
1365889769.730575,751.219512195122,40.1,2.756326675415039
1365889770.004116,945.1219512195122,40.1,3.006340980529785
1365889770.26218,1814.0243902439024,40.6,2.749070882797241
1365889770.5193222,1726.219512195122,40.1,3.1758975982666016
1365889770.794372,792.0731707317074,40.1,4.377020835876465
1365889771.0476422,814.0243902439024,40.1,4.130434513092041
1365889771.308861,1040.2439024390244,40.6,3.871002674102783
1365889771.571535,696.3414634146341,40.1,3.6109588146209717
1365889771.8455622,959.1463414634146,40.6,3.3402211666107178
1365889772.108585,1670.1219512195123,40.1,3.079838752746582
1365889772.36258,929.8780487804878,40.1,2.828807830810547
1365889772.636765,849.390243902439,40.6,2.8297266960144043
1365889772.89662,1634.1463414634145,40.6,2.739206314086914
1365889773.153179,823.170731707317,40.6,3.1093192100524902
1365889773.421624,835.9756097560976,41.2,2.8448805809020996
1365889773.679282,1779.2682926829268,40.6,2.7832674980163574
1365889773.9336782,951.2195121951219,40.6,2.727290153503418
1365889774.190474,739.0243902439024,40.1,2.780639410018921
1365889774.4713862,1812.1951219512196,40.6,2.920489549636841
1365889774.726049,789.0243902439024,40.1,2.758955240249634
1365889774.979769,937.1951219512194,40.1,2.835339307785034
1365889775.251877,778.048780487805,40.1,2.8289895057678223
1365889775.5105422,1579.2682926829268,40.1,2.8150641918182373
1365889775.76562,835.3658536585366,40.6,3.03434681892395
1365889776.022898,762.1951219512196,40.1,2.9181549549102783
1365889776.3073971,726.219512195122,40.1,2.9829468727111816
1365889776.578242,826.2195121951219,40.6,2.8481435775756836
1365889776.8335931,826.2195121951219,40.6,3.257333278656006
1365889777.090621,1480.4878048780488,40.1,3.002239465713501
1365889777.366206,1690.2439024390244,40.6,2.8639771938323975
1365889777.621011,978.0487804878048,40.1,2.807671308517456
1365889777.8790421,1443.90243902439,40.6,2.793962240219116
1365889778.1600351,824.390243902439,40.6,2.7299869060516357
1365889778.412658,904.8780487804878,40.6,2.755229949951172
1365889778.667615,790.2439024390244,40.1,2.8073649406433105
1365889778.948551,899.390243902439,41.2,2.7364912033081055
1365889779.2022452,971.3414634146342,40.6,2.7293894290924072
1365889779.454968,845.1219512195122,41.2,3.091747999191284
1365889779.7197142,884.1463414634146,40.1,3.238036870956421
1365889779.994751,862.1951219512194,40.1,3.300143003463745
1365889780.2520928,939.0243902439024,40.1,3.608642339706421
1365889780.509602,935.3658536585366,40.6,3.3526718616485596
1365889780.7693079,740.2439024390244,40.6,3.0936450958251953
1365889781.047495,1734.1463414634147,40.6,2.8159992694854736
1365889781.306139,1312.8048780487804,40.1,3.0008561611175537
1365889781.562216,1990.8536585365855,40.6,2.885164260864258
1365889781.836668,834.1463414634146,40.6,3.2400920391082764
1365889782.093696,1851.219512195122,40.6,2.984356164932251
1365889782.34908,863.4146341463414,40.6,2.81953501701355
1365889782.621918,990.2439024390244,40.1,3.2313287258148193
1365889782.899316,1418.9024390243903,41.2,3.0894997119903564
1365889783.1569228,907.9268292682927,40.6,2.8347361087799072
1365889783.413976,739.0243902439024,40.6,2.7602946758270264
1365889783.694975,1734.1463414634147,40.1,3.0940747261047363
1365889783.9521909,903.048780487805,40.6,2.8400204181671143
1365889784.2082381,796.3414634146342,40.1,2.8564577102661133
1365889784.4761589,885.9756097560976,40.6,4.175941228866577
1365889784.733493,1067.0731707317075,40.6,3.922412872314453
1365889784.9887612,943.2926829268292,40.6,3.672039747238159
1365889785.248468,729.2682926829268,40.6,3.509664535522461
1365889785.5321229,898.1707317073171,41.2,3.8842132091522217
1365889785.785951,868.2926829268292,40.6,3.633051633834839
1365889786.042547,934.1463414634147,40.6,3.441869020462036
1365889786.3193479,1312.8048780487804,40.6,3.3409903049468994
1365889786.577843,1601.219512195122,40.6,3.1947836875915527
1365889786.832017,1717.0731707317073,41.2,3.3508784770965576
1365889787.09627,1611.5853658536585,40.1,3.0889906883239746
1365889787.3779662,1744.5121951219514,40.1,3.5327045917510986
1365889787.631857,937.1951219512194,40.6,3.283233880996704
1365889787.887685,788.4146341463415,40.6,3.0313892364501953
1365889788.17644,890.8536585365854,41.2,2.873831033706665
1365889788.429353,950.0,41.2,3.059520721435547
1365889788.68541,1457.3170731707316,40.6,3.3338043689727783
1365889788.957717,875.0,40.6,3.6033034324645996
1365889789.230707,978.0487804878048,40.6,3.3340561389923096
1365889789.4919832,1730.4878048780488,40.6,3.6073455810546875
1365889789.759287,746.3414634146342,40.1,3.3418428897857666
1365889790.0373461,1806.09756097561,40.6,3.0666158199310303
1365889790.2929652,1659.1463414634147,40.1,3.6632237434387207
1365889790.5531101,976.219512195122,40.6,3.40360951423645
1365889790.829689,1000.0,40.6,3.1280479431152344
1365889791.082386,928.048780487805,40.6,4.003611087799072
1365889791.344137,1816.4634146341464,40.6,3.7435619831085205
1365889791.619794,688.4146341463414,40.1,3.4686365127563477
1365889791.897117,1308.5365853658536,41.2,3.193674087524414
1365889792.1608891,870.1219512195122,41.2,2.9314913749694824
1365889792.415745,757.3170731707318,40.6,3.2170753479003906
1365889792.696844,1007.3170731707318,41.2,3.042041301727295
1365889792.966393,882.9268292682926,41.2,2.8489599227905273
1365889793.2218492,736.5853658536586,40.6,3.279341220855713
1365889793.499048,784.1463414634146,41.2,3.1926472187042236
1365889793.759664,810.3658536585366,40.6,2.932955741882324
1365889794.01875,907.3170731707318,41.2,3.325610637664795
1365889794.296412,801.219512195122,40.6,3.050691843032837
1365889794.555983,1170.7317073170732,41.2,2.796062707901001
1365889794.8171,1709.1463414634147,41.2,2.9104669094085693
1365889795.0865548,693.2926829268292,40.1,4.092851161956787
1365889795.3626182,890.8536585365854,41.2,3.8192808628082275
1365889795.61667,828.0487804878048,41.2,3.5687015056610107
1365889795.875088,653.6585365853658,40.6,3.315274238586426
1365889796.156428,1607.3170731707319,41.2,3.0349061489105225
1365889796.411529,1035.9756097560976,41.2,2.793513298034668
1365889796.6677172,744.5121951219512,40.6,3.074044942855835
1365889796.963733,852.4390243902438,40.6,2.7953038215637207
1365889797.220108,826.2195121951219,41.2,3.298356771469116
1365889797.4918652,770.1219512195122,41.2,3.032588243484497
1365889797.776885,926.829268292683,41.2,2.770188093185425
1365889798.036136,870.1219512195122,41.2,3.5194523334503174
1365889798.288505,945.1219512195122,40.6,3.272327184677124
1365889798.569667,915.8536585365854,41.2,2.991912841796875
1365889798.825079,1792.0731707317073,41.2,2.9305272102355957
1365889799.0787442,889.0243902439024,41.2,2.7971413135528564
1365889799.344824,1586.5853658536587,40.6,2.7718489170074463
1365889799.622682,1756.0975609756097,40.6,2.9221692085266113
1365889799.8768792,918.9024390243903,41.2,3.067873954772949
1365889800.138731,736.5853658536586,41.2,2.946362257003784
1365889800.4161322,1073.780487804878,40.6,2.836818218231201
1365889800.6702132,809.1463414634147,41.2,2.7254562377929688
1365889800.924163,1267.6829268292681,41.2,2.7811458110809326
1365889801.216275,945.1219512195122,41.7,2.756718873977661
1365889801.4710631,993.2926829268292,41.2,2.7279715538024902
1365889801.724789,995.1219512195122,40.6,2.956943988800049
1365889802.0130188,1628.658536585366,41.2,2.7764995098114014
1365889802.2724512,885.9756097560976,41.2,2.814814805984497
1365889802.525002,843.9024390243902,41.2,2.913856029510498
1365889802.801321,720.1219512195122,40.1,2.768198013305664
1365889803.081752,896.9512195121952,41.2,2.728466510772705
1365889803.344293,1029.2682926829268,41.2,2.768212080001831
1365889803.601376,731.0975609756098,40.6,2.7900023460388184
1365889803.878519,815.2439024390243,41.2,2.754507064819336
1365889804.135377,926.829268292683,41.7,2.8199868202209473
1365889804.39804,749.390243902439,41.2,2.785543918609619
1365889804.6728451,923.1707317073171,40.6,2.8772294521331787
1365889804.9400818,879.8780487804878,41.2,2.884918689727783
1365889805.206908,755.4878048780488,40.6,2.934412956237793
1365889805.4904692,804.2682926829269,41.2,2.827706813812256
1365889805.744611,863.4146341463414,41.2,2.741854429244995
1365889806.0082529,957.9268292682926,41.2,3.0248494148254395
1365889806.284571,789.0243902439024,41.2,2.871426582336426
1365889806.540616,976.219512195122,41.2,3.0207273960113525
1365889806.803731,1807.3170731707316,41.2,2.9498658180236816
1365889807.0903099,934.1463414634147,41.2,2.7321038246154785
1365889807.347469,1010.9756097560976,41.2,2.962141513824463
1365889807.6142569,812.1951219512194,41.2,2.862759828567505
1365889807.88816,801.219512195122,41.2,2.7716782093048096
1365889808.148022,1134.1463414634145,41.2,2.9502105712890625
1365889808.4073758,892.0731707317074,41.2,2.786710739135742
1365889808.667457,751.219512195122,41.2,2.8208353519439697
1365889808.950079,1350.6097560975609,41.2,2.970078229904175
1365889809.207981,830.4878048780488,41.2,2.739501476287842
1365889809.465833,821.3414634146341,41.2,2.7910261154174805
1365889809.7417972,1260.9756097560976,40.6,2.8296215534210205
1365889810.005064,954.8780487804878,41.2,2.770029067993164
1365889810.262014,782.3170731707318,41.2,2.742462158203125
1365889810.533057,965.2439024390244,41.2,4.113812685012817
1365889810.792901,1710.3658536585367,41.2,3.85723876953125
1365889811.0454679,821.3414634146341,41.2,3.6060590744018555
1365889811.3018858,689.6341463414634,40.6,3.3533201217651367
1365889811.592963,1226.8292682926829,41.2,3.0643508434295654
1365889811.851669,902.439024390244,41.2,3.066373109817505
1365889812.111913,818.2926829268292,41.2,2.8855152130126953
1365889812.386183,893.2926829268292,41.2,2.7356159687042236
1365889812.641997,856.0975609756098,41.2,2.7996761798858643
1365889812.89463,909.1463414634146,41.2,2.8075015544891357
1365889813.153912,696.3414634146341,40.6,2.858367681503296
1365889813.439507,878.0487804878048,41.2,2.940275192260742
1365889813.693557,874.390243902439,41.2,2.9019370079040527
1365889813.947752,957.3170731707316,40.6,2.827909469604492
1365889814.221165,634.1463414634146,40.6,2.76534366607666
1365889814.500661,892.0731707317074,40.6,2.762139081954956
1365889814.764365,1142.6829268292681,41.2,2.8056085109710693
1365889815.0305312,743.2926829268292,40.6,2.7765800952911377
1365889815.307287,828.0487804878048,41.2,2.800509452819824
1365889815.565536,793.2926829268293,41.2,2.8459532260894775
1365889815.823356,849.390243902439,41.2,2.760418653488159
1365889816.09324,724.390243902439,40.6,2.7453672885894775
1365889816.3647108,1340.8536585365853,41.2,2.818488836288452
1365889816.626844,832.3170731707316,41.2,2.7411983013153076
1365889816.879926,719.5121951219512,40.6,2.7641005516052246
1365889817.1678138,834.1463414634146,40.6,2.968442678451538
1365889817.429344,940.8536585365853,41.2,2.7267494201660156
1365889817.685056,756.0975609756098,40.6,2.7768235206604004
1365889817.9690502,882.9268292682926,41.2,2.7684519290924072
1365889818.2279449,915.2439024390244,41.2,2.7607548236846924
1365889818.484402,842.0731707317073,41.2,2.7968058586120605
1365889818.7650099,776.219512195122,41.2,2.7620484828948975
1365889819.028487,857.9268292682926,41.2,2.7575013637542725
1365889819.286166,866.4634146341464,41.2,2.7887327671051025
1365889819.550223,716.4634146341463,40.6,2.79152512550354
1365889819.8301408,942.0731707317073,41.2,2.7418222427368164
1365889820.0896692,917.0731707317074,41.2,2.855278730392456
1365889820.342795,748.170731707317,41.2,2.958355665206909
1365889820.629128,1319.5121951219512,41.2,2.850862979888916
1365889820.884108,871.9512195121952,41.2,2.8019440174102783
1365889821.1367922,839.0243902439024,40.6,2.8612301349639893
1365889821.416047,1103.658536585366,41.2,2.7507145404815674
1365889821.669573,1707.3170731707316,41.7,2.7278778553009033
1365889821.922059,765.2439024390244,41.2,2.8274080753326416
1365889822.180912,774.390243902439,40.6,2.860656976699829
1365889822.469735,841.4634146341463,41.2,2.7311341762542725
1365889822.72255,893.2926829268292,41.2,3.057528257369995
1365889822.9816902,945.1219512195122,40.6,2.9629321098327637
1365889823.261736,1051.8292682926829,41.2,2.7548341751098633
1365889823.517934,795.1219512195122,41.2,2.733255624771118
1365889823.7708411,789.0243902439024,40.6,2.753157615661621
1365889824.040765,663.4146341463415,40.1,2.748523473739624
1365889824.3163588,763.4146341463414,41.2,2.7362821102142334
1365889824.5696929,845.1219512195122,41.2,2.763550043106079
1365889824.8312562,1611.5853658536585,40.6,2.7481002807617188
1365889825.102314,943.2926829268292,41.2,2.7292933464050293
1365889825.356433,954.2682926829268,40.6,2.7979941368103027
1365889825.6145852,813.4146341463414,41.2,2.73465895652771
1365889825.8778439,652.439024390244,40.1,2.745482921600342
1365889826.153474,810.3658536585366,41.2,2.824923038482666
1365889826.410948,1550.6097560975609,41.2,2.743082046508789
1365889826.667327,823.170731707317,41.2,2.7520639896392822
1365889826.937248,951.2195121951219,41.2,2.7995762825012207
1365889827.221659,926.829268292683,41.2,2.8112471103668213
1365889827.476342,835.9756097560976,40.6,2.842839241027832
1365889827.733932,734.1463414634146,41.2,2.8189408779144287
1365889828.020127,989.0243902439024,40.6,2.8409745693206787
1365889828.2824042,857.9268292682926,41.2,2.812577247619629
1365889828.5385458,748.170731707317,40.6,2.8369076251983643
1365889828.836315,1776.2195121951218,41.2,2.983781337738037
1365889829.10382,853.0487804878048,41.7,2.795621395111084
1365889829.362944,743.2926829268292,41.2,2.883315324783325
1365889829.652274,873.170731707317,41.2,2.841411590576172
1365889829.907063,907.3170731707318,41.2,3.0082480907440186
1365889830.163351,700.6097560975609,40.6,2.9891717433929443
1365889830.451935,828.0487804878048,41.2,2.799879312515259
1365889830.706295,778.048780487805,41.2,2.7620849609375
1365889830.9639559,728.0487804878048,41.7,4.176685094833374
1365889831.2542248,942.0731707317073,41.2,3.888843536376953
1365889831.509376,829.2682926829268,41.7,3.6355748176574707
1365889831.769055,868.9024390243902,41.2,3.38045597076416
1365889832.049044,982.9268292682926,41.2,3.104851722717285
1365889832.305485,768.2926829268292,41.7,2.8518402576446533
1365889832.571792,971.3414634146342,41.2,2.810755729675293
1365889832.84847,832.9268292682926,41.2,2.7569546699523926
1365889833.113547,838.4146341463414,41.2,2.741262912750244
1365889833.372698,924.3902439024391,41.2,2.849626064300537
1365889833.638859,739.0243902439024,41.2,2.821725368499756
1365889833.9203289,945.1219512195122,40.6,2.7287917137145996
1365889834.173249,879.2682926829268,41.7,2.819263458251953
1365889834.431743,738.4146341463414,40.6,2.7659811973571777
1365889834.708771,860.3658536585366,41.7,2.733959913253784
1365889834.96157,780.4878048780488,41.2,2.735938549041748
1365889835.2153358,932.3170731707318,41.2,2.7516391277313232
1365889835.490556,810.3658536585366,41.2,2.830331802368164
1365889835.747926,866.4634146341464,41.2,2.7671728134155273
1365889836.0014431,804.2682926829269,41.2,2.839214563369751
1365889836.277924,733.5365853658536,40.6,2.7487235069274902
1365889836.552415,868.2926829268292,41.2,2.7267847061157227
1365889836.8079429,1118.9024390243903,42.2,2.7314977645874023
1365889837.068754,742.0731707317074,41.2,2.7556724548339844
1365889837.3443341,889.0243902439024,41.2,2.7344815731048584
1365889837.597215,789.0243902439024,41.2,2.7507238388061523
1365889837.8566332,755.4878048780488,41.2,2.7993412017822266
1365889838.135031,816.4634146341463,41.2,2.7244298458099365
1365889838.389357,882.3170731707318,41.2,2.795177698135376
1365889838.6558132,925.0,41.2,2.7543911933898926
1365889838.93256,854.8780487804878,41.2,3.0011587142944336
1365889839.186677,823.170731707317,41.2,2.8426854610443115
1365889839.452183,946.951219512195,41.2,2.9678239822387695
1365889839.714426,734.1463414634146,40.1,2.779909610748291
1365889839.993759,868.9024390243902,41.2,2.8791704177856445
1365889840.2527308,1023.1707317073171,41.7,2.8448755741119385
1365889840.507066,1932.3170731707316,41.2,2.74975848197937
1365889840.779399,862.1951219512194,41.2,2.733915090560913
1365889841.037014,1791.4634146341464,41.2,2.7297613620758057
1365889841.292095,821.3414634146341,41.2,2.7597317695617676
1365889841.5627048,738.4146341463414,40.6,2.8401448726654053
1365889841.8494542,857.3170731707316,41.2,2.777006149291992
1365889842.1090791,828.0487804878048,41.2,2.731635570526123
1365889842.36219,682.3170731707318,40.6,2.8386499881744385
1365889842.65311,1615.2439024390244,41.2,2.7482447624206543
1365889842.908882,954.2682926829268,41.2,2.7328360080718994
1365889843.16374,802.439024390244,41.2,2.8590776920318604
1365889843.449574,817.0731707317073,41.2,2.830528974533081
1365889843.7031648,943.2926829268292,41.2,2.7958905696868896
1365889843.9594948,925.0,41.2,2.7495150566101074
1365889844.236685,901.219512195122,41.2,2.7946271896362305
1365889844.507015,940.2439024390243,41.7,2.72566294670105
1365889844.76144,1291.4634146341464,41.2,2.875600576400757
1365889845.032143,832.3170731707316,41.2,2.7890255451202393
1365889845.292413,949.390243902439,41.2,2.801481008529663
1365889845.5477471,962.8048780487804,40.6,2.78291392326355
1365889845.822359,888.4146341463414,41.2,2.9456610679626465
1365889846.080671,851.219512195122,41.2,2.8885295391082764
1365889846.339757,1788.4146341463413,41.2,2.7304036617279053
1365889846.598249,731.0975609756098,40.6,3.926711082458496
1365889846.8845172,798.1707317073171,41.2,3.642090320587158
1365889847.139534,849.390243902439,41.2,3.3899245262145996
1365889847.394088,868.9024390243902,41.2,3.139134168624878
1365889847.6734679,876.219512195122,41.2,2.8615036010742188
1365889847.92703,882.9268292682926,40.6,2.7457356452941895
1365889848.180683,814.0243902439024,40.6,2.7381749153137207
1365889848.441664,650.609756097561,40.6,2.944073438644409
1365889848.73002,831.0975609756097,41.2,2.8289129734039307
1365889848.982944,918.9024390243903,41.2,2.9646782875061035
1365889849.237161,1006.0975609756098,41.2,2.8180174827575684
1365889849.516902,807.9268292682927,41.7,2.7449474334716797
1365889849.769784,781.0975609756098,41.7,2.7331011295318604
1365889850.022746,835.9756097560976,41.7,2.7354753017425537
1365889850.2867782,772.5609756097562,41.2,2.754211664199829
1365889850.5681899,902.439024390244,40.6,2.756960391998291
1365889850.823682,795.1219512195122,41.2,2.831743001937866
1365889851.082002,813.4146341463414,41.2,2.7459943294525146
1365889851.350261,724.390243902439,41.2,2.7514209747314453
1365889851.6236532,932.3170731707318,40.6,2.801194667816162
1365889851.888111,1655.4878048780488,41.2,2.9555673599243164
1365889852.141851,791.4634146341464,40.6,2.8669626712799072
1365889852.420257,893.9024390243902,41.2,2.8309435844421387
1365889852.6799738,1179.878048780488,41.2,2.736915349960327
1365889852.937195,747.560975609756,40.6,2.8403806686401367
1365889853.21161,796.3414634146342,41.2,2.8039193153381348
1365889853.475796,932.9268292682927,41.2,2.824578046798706
1365889853.732424,929.8780487804878,41.7,2.7497169971466064
1365889854.010735,948.170731707317,41.2,2.7284491062164307
1365889854.2649448,954.8780487804878,41.2,2.7441391944885254
1365889854.528702,946.3414634146341,41.2,2.736189126968384
1365889854.788521,733.5365853658536,40.6,2.7471799850463867
1365889855.062628,760.3658536585366,41.2,2.74375319480896
1365889855.324225,793.2926829268293,40.6,2.7271366119384766
1365889855.577914,948.170731707317,40.6,2.761951446533203
1365889855.861164,770.1219512195122,41.2,2.754957914352417
1365889856.1242628,950.0,41.2,2.780310869216919
1365889856.3820858,939.0243902439024,41.2,2.7541379928588867
1365889856.641121,934.1463414634147,40.6,3.952131748199463
1365889856.9296262,982.9268292682926,41.2,3.667844533920288
1365889857.1843112,784.1463414634146,40.6,3.414182186126709
1365889857.4393759,849.390243902439,41.2,3.1632602214813232
1365889857.7206268,893.9024390243902,41.2,2.888517379760742
1365889857.9829812,839.0243902439024,41.2,2.77400803565979
1365889858.235929,1391.4634146341461,41.2,2.90411114692688
1365889858.510874,1622.560975609756,41.7,2.759734869003296
1365889858.77085,1734.1463414634147,41.2,2.746703863143921
1365889859.029147,1414.6341463414633,41.2,2.9674034118652344
1365889859.307124,960.3658536585366,41.7,2.7312653064727783
1365889859.561783,960.9756097560976,41.7,2.75376033782959
1365889859.822019,781.0975609756098,41.2,2.7993412017822266
1365889860.083256,770.1219512195122,40.6,3.070327043533325
1365889860.363483,1032.9268292682927,41.2,2.7949864864349365
1365889860.637028,1267.6829268292681,41.2,2.883226156234741
1365889860.899434,738.4146341463414,41.2,2.906311511993408
1365889861.1809611,802.439024390244,41.2,2.8959648609161377
1365889861.43649,791.4634146341464,41.7,2.86020827293396
1365889861.6925719,1469.5121951219512,41.2,2.8407747745513916
1365889861.972002,779.2682926829268,41.2,2.7702207565307617
1365889862.229902,924.3902439024391,41.2,2.8824303150177
1365889862.4854348,901.219512195122,41.7,2.780043601989746
1365889862.761696,738.4146341463414,41.2,2.974494695663452
1365889863.038191,946.951219512195,41.2,3.093137741088867
1365889863.3051891,1376.8292682926829,41.2,2.862076759338379
1365889863.55903,1574.3902439024391,40.6,2.789501667022705
1365889863.841624,778.048780487805,41.2,2.815700054168701
1365889864.111902,1007.3170731707318,41.2,2.928339958190918
1365889864.376031,742.0731707317074,41.2,2.838057041168213
1365889864.666771,946.951219512195,41.2,2.8142597675323486
1365889864.938056,1532.3170731707316,41.2,2.878664493560791
1365889865.1967528,962.1951219512194,41.2,2.759420871734619
1365889865.4706402,940.8536585365853,41.2,2.803152561187744
1365889865.734365,946.951219512195,41.2,2.871053695678711
1365889865.988985,893.2926829268292,41.2,2.75492000579834
1365889866.2541928,743.2926829268292,40.6,3.023247718811035
1365889866.5401752,1419.5121951219512,41.2,2.932321548461914
1365889866.796983,959.1463414634146,41.2,2.928952217102051
1365889867.051713,749.390243902439,41.2,2.9185190200805664
1365889867.339649,783.5365853658537,41.2,3.021609306335449
1365889867.60163,788.4146341463415,41.2,2.8666064739227295
1365889867.856378,954.8780487804878,41.2,3.3062949180603027
1365889868.1409678,946.3414634146341,41.2,3.0237905979156494
1365889868.393742,841.4634146341463,41.2,2.7728443145751953
1365889868.657016,935.3658536585366,41.2,2.8490703105926514
1365889868.941228,1508.5365853658536,40.6,2.840428113937378
1365889869.203237,895.1219512195122,41.2,2.8087687492370605
1365889869.4690409,763.4146341463414,41.2,2.8416736125946045
1365889869.7445471,890.8536585365854,41.2,2.8270692825317383
1365889869.997331,889.0243902439024,41.2,2.936819076538086
1365889870.250664,953.0487804878048,41.2,2.9362101554870605
1365889870.504299,1160.9756097560976,40.6,3.0586440563201904
1365889870.7859552,834.1463414634146,41.2,2.875079393386841
1365889871.038003,846.3414634146342,41.2,2.8632030487060547
1365889871.2904499,727.4390243902438,41.2,2.77497935295105
1365889871.576085,950.0,41.2,2.739466905593872
1365889871.829115,1243.9024390243903,41.2,2.7414774894714355
1365889872.0870368,747.560975609756,41.2,2.9533374309539795
1365889872.3719249,835.9756097560976,41.2,2.783155918121338
1365889872.6294599,837.1951219512194,41.2,2.7376761436462402
1365889872.883011,942.0731707317073,40.6,3.4046106338500977
1365889873.172097,1770.121951219512,41.2,3.116443634033203
1365889873.431187,830.4878048780488,41.2,2.8581292629241943
1365889873.6870122,906.0975609756098,41.2,2.7786011695861816
1365889873.966115,943.2926829268292,41.2,2.9674298763275146
1365889874.219069,928.048780487805,41.2,2.82494854927063
1365889874.4749691,951.2195121951219,41.7,3.0770914554595947
1365889874.7534132,691.4634146341463,41.2,2.8209469318389893
1365889875.0374012,989.0243902439024,41.2,2.7961368560791016
1365889875.2996962,787.1951219512196,40.6,2.8455121517181396
1365889875.5609238,741.4634146341464,41.2,2.974348545074463
1365889875.841182,940.8536585365853,41.2,2.8951327800750732
1365889876.097464,1311.5853658536585,41.2,2.772409677505493
1365889876.358186,639.6341463414634,41.2,2.926262617111206
1365889876.635087,893.9024390243902,41.2,4.170006513595581
1365889876.888202,884.1463414634146,41.2,3.919874668121338
1365889877.145142,1663.4146341463413,41.2,3.6652820110321045
1365889877.423664,842.0731707317073,41.2,3.389186382293701
1365889877.681827,841.4634146341463,41.2,3.1360676288604736
1365889877.940358,1591.4634146341464,41.2,2.8794968128204346
1365889878.2050428,741.4634146341464,41.2,2.8174448013305664
1365889878.484253,950.0,41.2,3.0333049297332764
1365889878.7436302,846.3414634146342,41.2,2.798874855041504
1365889878.9979908,895.1219512195122,40.6,2.7980268001556396
1365889879.2771342,1156.7073170731708,41.2,2.7841076850891113
1365889879.54054,871.3414634146342,41.2,2.8154397010803223
1365889879.801715,818.2926829268292,41.2,2.737311601638794
1365889880.069194,917.0731707317074,41.2,2.760965347290039
1365889880.3232021,842.0731707317073,41.7,2.877227544784546
1365889880.581454,796.3414634146342,41.7,2.9796111583709717
1365889880.847734,743.2926829268292,41.2,2.941134452819824
1365889881.127989,784.1463414634146,41.2,2.8438587188720703
1365889881.389057,931.0975609756098,41.2,2.728003740310669
1365889881.643405,1015.2439024390243,41.2,2.747814178466797
1365889881.9203808,921.9512195121952,41.2,4.2323737144470215
1365889882.180012,924.3902439024391,41.2,3.978273391723633
1365889882.433045,856.0975609756098,41.2,3.7277824878692627
1365889882.7002409,843.9024390243902,41.7,3.464317798614502
1365889882.957698,860.3658536585366,41.2,3.2091469764709473
1365889883.213299,953.0487804878048,41.2,2.958683490753174
1365889883.480096,721.3414634146342,40.6,2.8537755012512207
1365889883.763504,767.0731707317074,41.2,2.777681827545166
1365889884.022063,773.1707317073171,41.2,2.7292535305023193
1365889884.280828,842.0731707317073,41.2,2.7814431190490723
1365889884.5697742,830.4878048780488,41.2,2.748314619064331
1365889884.827517,992.0731707317074,40.6,2.7512574195861816
1365889885.081738,946.3414634146341,41.2,2.8937149047851562
1365889885.368475,915.2439024390244,41.2,2.7785491943359375
1365889885.6281111,918.9024390243903,41.2,2.8556931018829346
1365889885.88115,889.0243902439024,41.2,2.774919033050537
1365889886.155447,962.1951219512194,41.2,2.8303422927856445
1365889886.412371,863.4146341463414,41.2,2.8039870262145996
1365889886.678379,1006.0975609756098,41.2,2.828862190246582
1365889886.9395032,790.2439024390244,40.6,3.2695999145507812
1365889887.226924,1023.1707317073171,41.2,3.0047621726989746
1365889887.481459,901.219512195122,41.2,2.997997283935547
1365889887.741083,749.390243902439,40.6,2.892409563064575
1365889888.030228,946.951219512195,41.2,2.7902090549468994
1365889888.284149,884.1463414634146,41.2,2.7807464599609375
1365889888.540459,762.1951219512196,40.6,2.8163530826568604
1365889888.846077,1681.09756097561,41.2,2.74436092376709
1365889889.101509,921.3414634146342,41.2,2.8296523094177246
1365889889.354432,766.4634146341464,41.2,2.9668068885803223
1365889889.648094,865.2439024390244,41.7,2.9289891719818115
1365889889.9107158,957.3170731707316,41.2,3.059049367904663
1365889890.177173,742.0731707317074,40.6,3.1385178565979004
1365889890.452103,832.3170731707316,41.7,2.8644092082977295
1365889890.704693,953.0487804878048,41.2,2.792337656021118
1365889890.959038,954.2682926829268,41.2,2.8247108459472656
1365889891.234588,699.390243902439,41.2,2.752732515335083
1365889891.513484,820.1219512195122,41.2,2.768916606903076
1365889891.770881,893.2926829268292,41.2,2.7637569904327393
1365889892.0274932,739.0243902439024,41.2,3.9232819080352783
1365889892.3029912,939.0243902439024,41.2,3.650247573852539
1365889892.5585222,864.0243902439024,41.7,3.399923086166382
1365889892.821175,929.8780487804878,41.2,3.139150381088257
1365889893.09362,890.2439024390244,41.2,3.0701005458831787
1365889893.3463402,778.048780487805,41.2,2.985823392868042
1365889893.604128,1762.1951219512196,41.2,2.9738903045654297
1365889893.8683379,624.390243902439,40.6,2.8557796478271484
1365889894.148891,871.9512195121952,41.2,2.9322054386138916
1365889894.408252,1004.8780487804878,41.2,2.9481699466705322
1365889894.664014,1373.780487804878,41.2,2.8176379203796387
1365889894.932768,1073.780487804878,41.2,2.830467939376831
1365889895.191988,810.3658536585366,41.7,2.92972469329834
1365889895.4476302,824.390243902439,41.2,2.7271032333374023
1365889895.703957,654.2682926829268,40.6,2.7882142066955566
1365889895.9949389,807.3170731707318,41.2,2.7591376304626465
1365889896.251976,996.3414634146342,41.2,2.755051851272583
1365889896.506361,868.9024390243902,41.2,2.911940574645996
1365889896.787269,1772.560975609756,41.2,2.9599976539611816
1365889897.0413141,835.9756097560976,41.2,2.8228302001953125
1365889897.2984378,831.0975609756097,41.7,3.0483269691467285
1365889897.560716,654.2682926829268,40.6,2.975032329559326
1365889897.845789,857.3170731707316,41.2,2.912719488143921
1365889898.100063,907.3170731707318,41.2,2.8428332805633545
1365889898.3538911,934.1463414634147,41.2,2.839270830154419
1365889898.6325278,747.560975609756,40.6,2.8962626457214355
1365889898.913513,948.170731707317,41.2,2.746011972427368
1365889899.1672719,805.4878048780488,41.2,2.7561566829681396
1365889899.4304352,649.390243902439,41.2,2.778463840484619
1365889899.717312,926.829268292683,41.2,2.7907352447509766
1365889899.982296,950.0,41.2,2.747145891189575
1365889900.24256,753.0487804878048,41.2,2.945028781890869
1365889900.5328,800.0,41.2,2.8086633682250977
1365889900.802807,1758.5365853658536,41.2,2.730257034301758
1365889901.05836,744.5121951219512,40.6,2.8740220069885254
1365889901.340791,824.390243902439,41.2,2.9105072021484375
1365889901.606004,823.170731707317,41.2,2.780824899673462
1365889901.858788,743.2926829268292,41.2,2.888955593109131
1365889902.13711,1634.1463414634145,41.2,2.796751022338867
1365889902.398868,1674.390243902439,41.2,3.107396125793457
1365889902.655016,904.8780487804878,41.7,3.0592806339263916
1365889902.929168,993.9024390243902,41.2,2.96488356590271
1365889903.184323,799.3902439024391,41.2,2.9194746017456055
1365889903.448155,1059.7560975609756,41.2,2.848693609237671
1365889903.71955,616.4634146341464,41.2,2.829030990600586
1365889904.0073779,1775.0,41.2,2.7500815391540527
1365889904.2660859,951.8292682926829,41.2,2.77675461769104
1365889904.523351,639.6341463414634,41.2,2.768798351287842
1365889904.806623,998.170731707317,41.2,2.837188959121704
1365889905.064426,1789.0243902439024,41.2,2.8656623363494873
1365889905.318641,757.3170731707318,41.2,2.940642833709717
1365889905.6156821,826.2195121951219,41.2,2.7937309741973877
1365889905.8720992,1626.219512195122,41.2,3.738464593887329
1365889906.128663,772.5609756097562,40.6,3.484714984893799
1365889906.401197,968.9024390243902,41.2,3.2142601013183594
1365889906.6562922,878.0487804878048,41.2,3.122941255569458
1365889906.9178119,1784.1463414634147,41.2,2.8661515712738037
1365889907.177502,748.170731707317,41.2,3.0034079551696777
1365889907.461313,1725.6097560975609,41.2,3.029975414276123
1365889907.7169778,796.3414634146342,41.2,2.9223053455352783
1365889907.971166,771.3414634146342,41.2,2.8176143169403076
1365889908.2582972,896.3414634146342,41.2,2.95534086227417
1365889908.510784,882.9268292682926,40.6,2.7699995040893555
1365889908.770133,965.8536585365854,40.6,2.777010679244995
1365889909.060967,1876.219512195122,41.2,2.854255199432373
1365889909.319364,773.1707317073171,41.2,2.831535816192627
1365889909.584364,1572.560975609756,41.2,2.8728275299072266
1365889909.870281,841.4634146341463,41.2,2.7330286502838135
1365889910.125951,940.2439024390243,41.2,2.8573949337005615
1365889910.3787231,825.0,40.6,3.0530126094818115
1365889910.6651661,871.3414634146342,41.7,2.998462438583374
1365889910.919796,1468.2926829268292,41.2,2.911036968231201
1365889911.1725068,826.2195121951219,41.2,2.9901585578918457
1365889911.454989,1677.439024390244,41.7,3.1300570964813232
1365889911.7095182,837.1951219512194,41.2,2.9692931175231934
1365889911.966306,934.1463414634147,41.2,2.967529773712158
1365889912.238195,753.0487804878048,41.2,2.8978230953216553
1365889912.5147781,946.951219512195,41.7,2.7357239723205566
1365889912.772279,971.951219512195,40.6,2.8551828861236572
1365889913.031934,804.2682926829269,40.6,2.8387415409088135
1365889913.313588,866.4634146341464,41.2,2.7431342601776123
1365889913.57371,860.3658536585366,42.2,2.818942070007324
1365889913.841444,748.170731707317,41.2,2.7995262145996094
1365889914.13125,915.8536585365854,41.2,2.7587695121765137
1365889914.3927739,859.1463414634146,41.2,2.9100639820098877
1365889914.650809,923.1707317073171,40.6,2.8055336475372314
1365889914.936975,1103.0487804878048,41.2,2.923546075820923
1365889915.1943529,1195.7317073170732,41.7,2.991086959838867
1365889915.4561548,1117.6829268292684,41.2,2.838200569152832
1365889915.735491,783.5365853658537,41.2,2.7244620323181152
1365889915.9896379,782.3170731707318,41.2,2.859118700027466
1365889916.247535,1753.0487804878048,41.2,2.7378649711608887
1365889916.509825,736.5853658536586,41.2,2.8135712146759033
1365889916.790922,960.9756097560976,41.7,3.1174418926239014
1365889917.05137,865.2439024390244,41.2,4.3071746826171875
1365889917.30511,832.9268292682926,41.2,4.056598424911499
1365889917.581836,935.9756097560976,41.2,3.7850534915924072
1365889917.8449512,871.3414634146342,41.7,3.526252031326294
1365889918.10336,971.3414634146342,41.2,3.272029399871826
1365889918.3780951,957.9268292682926,41.7,3.000452756881714
1365889918.6430578,968.9024390243902,41.7,2.8023672103881836
1365889918.900736,935.3658536585366,41.7,2.82106351852417
1365889919.165,747.560975609756,40.6,3.240074872970581
1365889919.457601,830.4878048780488,41.2,2.9493236541748047
1365889919.71435,943.2926829268292,41.2,2.8751332759857178
1365889919.968139,1538.4146341463413,41.2,2.9859085083007812
1365889920.249474,788.4146341463415,41.2,2.9788002967834473
1365889920.503565,859.1463414634146,41.2,2.7576217651367188
1365889920.756077,913.4146341463415,40.6,2.8645389080047607
1365889921.026768,1537.8048780487804,41.2,2.748445749282837
1365889921.295286,876.219512195122,41.2,2.7766072750091553
1365889921.5536761,981.0975609756098,41.2,2.83947491645813
1365889921.831813,1012.1951219512196,41.7,3.00278639793396
1365889922.0941849,976.8292682926829,41.2,2.7677013874053955
1365889922.3473501,830.4878048780488,41.2,2.7285683155059814
1365889922.605178,737.1951219512194,41.2,2.87286376953125
1365889922.897894,1021.9512195121952,41.2,2.7801034450531006
1365889923.162407,929.2682926829269,41.7,2.815270185470581
1365889923.420418,746.3414634146342,41.2,2.811913013458252
1365889923.7039711,785.9756097560976,41.2,2.9852895736694336
1365889923.963763,879.2682926829268,41.2,2.9100170135498047
1365889924.221819,722.560975609756,41.2,2.916306495666504
1365889924.513956,939.0243902439024,41.2,2.7282447814941406
1365889924.771782,877.439024390244,42.2,3.010866403579712
1365889925.0329978,960.3658536585366,41.2,3.0238149166107178
1365889925.322429,1126.219512195122,41.2,3.1325411796569824
1365889925.581357,785.3658536585366,41.7,2.880600929260254
1365889925.839911,785.9756097560976,41.2,2.7656965255737305
1365889926.132617,937.1951219512194,41.7,2.988685131072998
1365889926.386184,1300.6097560975609,41.2,2.778430223464966
1365889926.645683,843.2926829268292,41.2,2.7748429775238037
1365889926.9305658,767.0731707317074,42.2,2.7329790592193604
1365889927.183708,978.0487804878048,41.2,2.828997850418091
1365889927.4430668,871.3414634146342,41.2,2.740542411804199
1365889927.7140532,845.1219512195122,41.2,2.7890539169311523
1365889928.0000079,1040.8536585365853,41.2,2.8396880626678467
1365889928.2653801,884.1463414634146,41.7,2.8474676609039307
1365889928.5211232,732.3170731707316,41.2,2.9254016876220703
1365889928.7996979,951.2195121951219,41.2,2.772860527038574
1365889929.060249,942.0731707317073,42.2,2.7589564323425293
1365889929.324429,758.5365853658536,41.2,2.766223669052124
1365889929.6039739,901.219512195122,41.2,2.776834011077881
1365889929.8569138,868.2926829268292,41.7,2.7850148677825928
1365889930.1215591,671.3414634146342,41.7,2.762544631958008
1365889930.399094,865.2439024390244,41.7,2.7810380458831787
1365889930.6547909,851.219512195122,41.2,2.959319591522217
1365889930.922678,1675.6097560975609,41.2,2.8351566791534424
1365889931.20847,846.951219512195,41.2,2.9496383666992188
1365889931.464349,923.1707317073171,41.2,2.8117430210113525
1365889931.724549,783.5365853658537,41.7,2.7900662422180176
1365889932.009542,843.2926829268292,41.2,2.8270838260650635
1365889932.2689369,1264.0243902439024,41.2,2.8158762454986572
1365889932.536875,1778.0487804878048,41.7,2.768042802810669
1365889932.811359,1702.439024390244,41.7,2.7971866130828857
1365889933.0677571,852.4390243902438,41.7,2.984473943710327
1365889933.331658,818.2926829268292,41.7,2.795511484146118
1365889933.603151,1089.0243902439024,41.2,2.810943841934204
1365889933.857752,960.9756097560976,41.2,3.2643959522247314
1365889934.115138,1740.2439024390244,41.7,3.2099575996398926
1365889934.3805299,731.0975609756098,41.2,3.0485429763793945
1365889934.653985,965.8536585365854,41.2,3.2339589595794678
1365889934.911183,791.4634146341464,41.2,3.3717827796936035
1365889935.1650639,1750.6097560975609,41.2,3.7144322395324707
1365889935.436595,879.2682926829268,41.2,3.4532487392425537
1365889935.6916769,949.390243902439,41.7,3.3491976261138916
1365889935.946496,780.4878048780488,42.2,3.2828283309936523
1365889936.211662,724.390243902439,41.2,3.543039321899414
1365889936.492486,996.9512195121952,41.7,3.2635676860809326
1365889936.753278,1878.0487804878048,41.7,3.0054099559783936
1365889937.007529,1758.5365853658536,41.2,2.7530455589294434
1365889937.2860951,1103.658536585366,41.2,2.755809783935547
1365889937.549154,879.8780487804878,42.2,3.122885227203369
1365889937.8016698,888.4146341463414,41.2,2.8759279251098633
1365889938.0750039,987.8048780487804,41.7,3.1706061363220215
1365889938.33796,1107.9268292682927,42.2,2.909306526184082
1365889938.5902379,931.0975609756098,41.7,3.3520989418029785
1365889938.847348,785.9756097560976,41.2,3.0993030071258545
1365889939.1290932,1101.8292682926829,41.2,2.9902331829071045
1365889939.382397,1752.439024390244,41.2,2.767629623413086
1365889939.6397262,924.3902439024391,41.2,2.831362009048462
1365889939.908248,1589.6341463414633,40.6,3.1231601238250732
1365889940.1834948,799.3902439024391,41.2,2.8514010906219482
1365889940.4397628,763.4146341463414,41.2,2.8171677589416504
1365889940.701492,1625.6097560975609,40.6,2.8718583583831787
1365889940.98084,2065.2439024390246,41.2,2.777381181716919
1365889941.237938,951.2195121951219,41.2,2.7403154373168945
1365889941.500343,693.2926829268292,41.2,2.968778133392334
1365889941.777387,852.4390243902438,41.2,3.3349623680114746
1365889942.0332391,860.9756097560976,42.2,3.0807502269744873
1365889942.287481,854.2682926829268,41.2,2.8292617797851562
1365889942.5615811,840.2439024390244,41.2,2.7699172496795654
1365889942.838607,790.2439024390244,41.2,2.9764792919158936
1365889943.100755,914.0243902439024,42.2,3.261241912841797
1365889943.3575628,1515.2439024390244,41.2,3.090456008911133
1365889943.6322932,1777.4390243902437,41.2,2.946317195892334
1365889943.887338,932.9268292682927,41.7,3.6899094581604004
1365889944.145141,1756.0975609756097,41.7,3.435478448867798
1365889944.42222,1893.90243902439,41.2,3.1658759117126465
1365889944.678602,1760.3658536585365,41.2,2.9129366874694824
1365889944.937598,824.390243902439,41.2,2.768909454345703
1365889945.207585,921.9512195121952,41.7,2.727653980255127
1365889945.46289,904.8780487804878,41.7,2.864361047744751
1365889945.725864,1236.5853658536585,41.2,2.7450990676879883
1365889945.9865742,741.4634146341464,41.2,2.7890872955322266
1365889946.2705479,809.1463414634147,41.7,2.7802155017852783
1365889946.532077,1424.390243902439,41.2,2.7526540756225586
1365889946.787885,896.3414634146342,41.2,2.759601354598999
1365889947.070317,885.3658536585366,41.2,2.9813551902770996
1365889947.331011,1726.219512195122,41.7,2.8671882152557373
1365889947.584992,784.1463414634146,41.7,2.7558529376983643
1365889947.856368,843.9024390243902,41.7,3.967292070388794
1365889948.113377,920.1219512195122,41.7,3.713327407836914
1365889948.365951,801.219512195122,42.2,3.472059965133667
1365889948.625251,729.2682926829268,41.7,3.2177486419677734
1365889948.900799,1347.5609756097563,41.7,3.200441837310791
1365889949.163949,943.2926829268292,41.7,3.142622470855713
1365889949.4193652,950.0,41.2,2.967743396759033
1365889949.700259,1637.1951219512196,41.2,2.8420655727386475
1365889949.95938,929.2682926829269,41.2,2.7284669876098633
1365889950.2122371,914.0243902439024,41.2,2.7528228759765625
1365889950.475667,989.0243902439024,41.2,2.909102201461792
1365889950.756787,939.0243902439024,41.2,2.993983030319214
1365889951.0106308,871.3414634146342,41.2,2.7431881427764893
1365889951.263756,796.9512195121952,41.2,2.806405544281006
1365889951.546779,860.3658536585366,41.7,2.792551279067993
1365889951.801634,893.2926829268292,41.2,2.734163522720337
1365889952.055538,777.439024390244,41.2,2.8643271923065186
1365889952.332891,1006.0975609756098,41.2,2.8241002559661865
1365889952.5878358,780.4878048780488,42.2,2.7484683990478516
1365889952.842718,885.9756097560976,41.7,4.0232813358306885
1365889953.10082,849.390243902439,41.2,3.7684128284454346
1365889953.389003,1268.90243902439,41.2,3.482714891433716
1365889953.646215,868.2926829268292,41.2,3.2272353172302246
1365889953.899924,857.3170731707316,41.2,2.9804744720458984
1365889954.1820958,1820.121951219512,41.2,2.747830867767334
1365889954.443583,878.0487804878048,41.2,2.7349345684051514
1365889954.698239,935.3658536585366,41.2,2.8631467819213867
1365889954.980145,996.9512195121952,41.2,2.976121425628662
1365889955.236469,763.4146341463414,41.2,2.876688003540039
1365889955.493401,1830.4878048780488,41.2,2.8740198612213135
1365889955.7673962,879.2682926829268,41.2,3.108154296875
1365889956.021047,1881.0975609756097,41.7,2.86120867729187
1365889956.2759008,842.0731707317073,41.2,2.76871657371521
1365889956.540145,750.0,40.6,3.077333450317383
1365889956.818769,1672.560975609756,41.7,3.3818519115448
1365889957.076129,892.0731707317074,42.2,3.1296980381011963
1365889957.342039,1626.219512195122,41.2,2.867922306060791
1365889957.6075919,762.1951219512196,40.6,2.8682689666748047
1365889957.8838432,1746.341463414634,41.2,3.088879346847534
1365889958.138098,973.780487804878,42.2,2.837898015975952
1365889958.3950982,620.1219512195122,41.7,2.897507667541504
1365889958.671106,1833.5365853658536,42.2,2.726825475692749
1365889958.9259799,1780.4878048780488,42.2,3.1074743270874023
1365889959.1905322,912.1951219512196,41.2,3.1492068767547607
1365889959.464997,1740.2439024390244,42.2,2.877328872680664
1365889959.7218618,1784.1463414634147,41.7,3.30625319480896
1365889959.981367,949.390243902439,41.2,3.050732374191284
1365889960.252061,754.2682926829268,41.2,3.1636431217193604
1365889960.5276108,1770.121951219512,41.2,3.445983648300171
1365889960.789099,785.3658536585366,41.7,3.276337146759033
1365889961.045888,655.4878048780488,41.2,3.5079498291015625
1365889961.3194802,964.0243902439024,42.2,3.836106061935425
1365889961.577054,890.2439024390244,41.2,3.5885818004608154
1365889961.829705,740.2439024390244,41.7,3.338428258895874
1365889962.109731,893.9024390243902,41.7,3.0783798694610596
1365889962.3647208,946.951219512195,42.2,2.9266772270202637
1365889962.623787,840.2439024390244,41.2,2.742297649383545
1365889962.896079,925.0,41.2,2.7256734371185303
1365889963.154322,1547.560975609756,41.7,2.7609360218048096
1365889963.4111118,884.1463414634146,42.2,2.783363103866577
1365889963.677205,714.0243902439024,41.2,2.9081344604492188
1365889963.968415,1311.5853658536585,41.2,2.9227161407470703
1365889964.222844,1148.780487804878,41.7,2.7562108039855957
1365889964.4792461,762.1951219512196,41.2,2.8600730895996094
1365889964.767124,1788.4146341463413,42.2,2.7988383769989014
1365889965.024777,1630.4878048780486,42.2,2.969590663909912
1365889965.283307,823.170731707317,41.2,2.7557108402252197
1365889965.5678148,867.0731707317074,41.7,3.264009714126587
1365889965.826483,803.048780487805,41.2,3.2955851554870605
1365889966.080769,758.5365853658536,41.2,3.5653278827667236
1365889966.3513348,762.1951219512196,41.2,3.2954440116882324
1365889966.634227,1200.609756097561,41.2,3.7161366939544678
1365889966.8894541,1751.219512195122,41.7,3.574164867401123
1365889967.146425,745.1219512195122,41.2,3.752169132232666
1365889967.431745,943.9024390243902,42.2,3.572697162628174
1365889967.690221,1591.4634146341464,42.2,3.686638593673706
1365889967.943319,760.9756097560976,41.2,3.858489751815796
1365889968.222435,984.7560975609756,41.7,3.5809686183929443
1365889968.474541,950.0,42.2,3.454249858856201
1365889968.7292259,849.390243902439,41.7,3.592489719390869
1365889969.0033019,726.219512195122,41.2,3.4979398250579834
1365889969.277364,914.0243902439024,41.7,3.3010029792785645
1365889969.5318022,1176.8292682926829,42.2,3.6366188526153564
1365889969.7875578,1184.7560975609756,41.2,3.381507396697998
1365889970.061367,1598.1707317073171,41.2,3.1103484630584717
1365889970.3175309,982.3170731707316,41.2,3.2252979278564453
1365889970.575819,943.2926829268292,41.2,3.3921010494232178
1365889970.8514402,867.0731707317074,42.2,3.21421480178833
1365889971.106564,827.4390243902438,42.2,2.9597997665405273
1365889971.365741,915.8536585365854,41.2,3.2597033977508545
1365889971.633885,1574.3902439024391,41.2,2.9948651790618896
1365889971.910895,956.0975609756097,41.7,2.8098182678222656
1365889972.173794,959.1463414634146,42.2,2.8523149490356445
1365889972.4334679,1571.341463414634,41.7,2.757814884185791
1365889972.712069,783.5365853658537,41.7,2.7727701663970947
1365889972.97446,906.0975609756098,42.2,2.955005407333374
1365889973.235183,946.951219512195,42.2,2.7877347469329834
1365889973.515554,1045.1219512195123,42.2,2.822359561920166
1365889973.773909,902.439024390244,42.2,2.7667088508605957
1365889974.044412,923.1707317073171,41.7,2.7410054206848145
1365889974.315916,885.3658536585366,42.2,2.732544422149658
1365889974.569155,928.048780487805,41.7,2.801675319671631
1365889974.8284512,815.2439024390243,42.2,2.7469072341918945
1365889975.093322,745.1219512195122,41.2,3.003227710723877
1365889975.380885,926.219512195122,41.7,2.808521032333374
1365889975.644608,1026.8292682926829,41.7,2.7470099925994873
1365889975.905499,837.1951219512194,41.2,2.7983012199401855
1365889976.190799,968.2926829268292,42.2,2.789520502090454
1365889976.458345,1001.219512195122,42.2,2.970268487930298
1365889976.718822,1344.5121951219512,42.2,2.9707088470458984
1365889977.007987,1387.8048780487804,42.2,2.736438512802124
1365889977.26447,967.0731707317073,42.2,2.7327139377593994
1365889977.520637,686.5853658536586,41.7,2.884291410446167
1365889977.810708,832.3170731707316,41.2,3.110941171646118
1365889978.0684748,949.390243902439,41.7,2.974195718765259
1365889978.325034,898.1707317073171,42.2,2.7898268699645996
1365889978.603682,979.8780487804878,41.7,3.062432050704956
1365889978.85652,807.9268292682927,42.2,2.918708562850952
1365889979.111569,913.4146341463415,41.7,2.944650650024414
1365889979.3793678,708.5365853658536,41.2,2.8217899799346924
1365889979.671764,895.1219512195122,41.2,3.339536428451538
1365889979.926683,782.3170731707318,41.2,3.086202383041382
1365889980.178913,1555.4878048780488,41.2,3.043628692626953
1365889980.459024,787.1951219512196,41.2,3.33370041847229
1365889980.716626,815.2439024390243,42.2,3.0813398361206055
1365889980.9701161,866.4634146341464,41.7,3.1507012844085693
1365889981.260858,775.0,41.7,2.8666603565216064
1365889981.520187,854.2682926829268,42.2,2.8273723125457764
1365889981.781166,825.0,41.7,2.806828260421753
1365889982.0742881,792.0731707317074,42.2,2.8728227615356445
1365889982.333916,860.9756097560976,42.2,2.742342710494995
1365889982.589131,823.170731707317,42.2,2.944544553756714
1365889982.8874612,1799.390243902439,41.7,2.7689201831817627
1365889983.1483688,946.951219512195,42.2,2.924398899078369
1365889983.405997,1182.9268292682925,41.2,2.891587495803833
1365889983.689792,818.2926829268292,41.7,2.822852849960327
1365889983.9447832,846.3414634146342,42.2,2.852998733520508
1365889984.197675,962.8048780487804,41.7,2.9876067638397217
1365889984.48475,873.170731707317,41.7,2.9283642768859863
1365889984.751265,960.9756097560976,42.2,2.7782273292541504
1365889985.008895,804.2682926829269,42.2,2.787940263748169
1365889985.287699,1902.4390243902437,42.2,2.7506518363952637
1365889985.545273,854.8780487804878,42.2,2.8403372764587402
1365889985.7991931,959.1463414634146,42.2,2.8146145343780518
1365889986.0660422,737.1951219512194,41.2,2.8130626678466797
1365889986.3440619,854.8780487804878,41.7,2.8424854278564453
1365889986.61407,971.951219512195,42.2,3.030205249786377
1365889986.875867,1131.7073170731705,41.7,2.8576393127441406
1365889987.155909,940.8536585365853,42.2,2.824918270111084
1365889987.410347,907.3170731707318,42.2,2.8695387840270996
1365889987.6717901,846.3414634146342,42.2,2.7667934894561768
1365889987.960293,832.9268292682926,41.7,2.723320245742798
1365889988.214071,929.2682926829269,42.2,2.7422709465026855
1365889988.478822,824.390243902439,41.2,2.775428056716919
1365889988.7504928,679.2682926829269,41.2,2.8260838985443115
1365889989.036839,835.9756097560976,42.2,2.966738700866699
1365889989.291529,852.4390243902438,41.7,2.8756580352783203
1365889989.5496588,755.4878048780488,41.2,2.8038933277130127
1365889989.828865,946.951219512195,42.2,2.736250638961792
1365889990.088982,921.9512195121952,41.7,2.769207239151001
1365889990.355681,714.0243902439024,42.2,2.784494161605835
1365889990.640672,806.0975609756098,42.2,2.7489492893218994
1365889990.8984818,965.2439024390244,42.2,2.7508304119110107
1365889991.164562,626.219512195122,41.2,2.7768571376800537
1365889991.4484181,1760.3658536585365,41.2,2.774512529373169
1365889991.70503,820.1219512195122,42.2,2.7327425479888916
1365889991.9581912,727.4390243902438,42.2,2.763585090637207
1365889992.23392,965.8536585365854,41.2,2.7819936275482178
1365889992.49442,1054.2682926829268,42.2,2.764749765396118
1365889992.748828,890.8536585365854,42.2,2.836127758026123
1365889993.0296772,838.4146341463414,42.2,2.8115737438201904
1365889993.2956648,778.048780487805,42.2,2.772196054458618
1365889993.553489,917.0731707317074,41.2,2.843622922897339
1365889993.833685,1067.6829268292684,41.7,2.8083789348602295
1365889994.107533,932.3170731707318,42.2,2.791797399520874
1365889994.3612192,838.4146341463414,41.7,2.868232011795044
1365889994.6297832,804.2682926829269,42.2,2.7862720489501953
1365889994.890056,890.2439024390244,41.2,2.956972599029541
1365889995.144974,890.8536585365854,42.2,2.744492769241333
1365889995.400169,749.390243902439,41.7,2.909095525741577
1365889995.6945322,949.390243902439,42.2,2.941513776779175
1365889995.950252,1390.8536585365853,42.2,3.0923373699188232
1365889996.209345,819.5121951219512,41.7,2.949556589126587
1365889996.48914,909.1463414634146,42.2,2.7888221740722656
1365889996.7535071,779.2682926829268,41.7,2.9287493228912354
1365889997.008429,915.8536585365854,42.2,2.8332488536834717
1365889997.288836,852.4390243902438,42.2,3.0971083641052246
1365889997.552029,787.1951219512196,42.2,2.8373873233795166
1365889997.806658,932.3170731707318,41.7,2.9138567447662354
1365889998.075853,698.170731707317,41.2,3.1173205375671387
1365889998.350742,970.1219512195122,41.2,2.846468210220337
1365889998.604793,821.951219512195,42.2,2.884824514389038
1365889998.870019,1708.5365853658536,41.7,2.758937120437622
1365889999.149736,1457.3170731707316,41.2,2.8604063987731934
1365889999.4167051,937.8048780487804,42.2,2.765803813934326
1365889999.686028,773.1707317073171,41.2,2.765322685241699
1365889999.973068,957.9268292682926,42.2,2.8661859035491943
1365890000.2437088,1007.3170731707318,42.2,2.9573376178741455
1365890000.520309,694.5121951219512,41.2,2.9239773750305176
1365890000.8081,976.8292682926829,42.2,2.767970085144043
1365890001.073726,853.0487804878048,42.2,2.870870351791382
1365890001.333241,765.2439024390244,41.2,2.8098127841949463
1365890001.628352,878.0487804878048,42.2,2.8564865589141846
1365890001.88643,824.390243902439,42.2,2.7498762607574463
1365890002.140796,738.4146341463414,42.2,2.847843647003174
1365890002.417589,849.390243902439,42.2,2.9469430446624756
1365890002.675999,1733.5365853658539,42.2,2.8734230995178223
1365890002.930731,1552.439024390244,42.2,2.875704050064087
1365890003.203715,943.2926829268292,42.2,2.823497772216797
1365890003.461451,1161.5853658536585,42.2,2.7958576679229736
1365890003.73221,803.048780487805,42.2,2.856358766555786
1365890004.023534,791.4634146341464,41.7,2.7641470432281494
1365890004.282462,1355.4878048780488,42.2,2.771369218826294
1365890004.5499651,2001.829268292683,42.2,2.8039441108703613
1365890004.82278,870.1219512195122,42.2,2.7731738090515137
1365890005.084982,1639.6341463414635,42.2,2.7810897827148438
1365890005.341568,882.9268292682926,42.2,2.8513033390045166
1365890005.6123252,755.4878048780488,41.7,2.8952980041503906
1365890005.896194,829.2682926829268,41.7,2.789240837097168
1365890006.153394,953.0487804878048,42.2,2.9644811153411865
1365890006.4074519,1503.658536585366,42.2,2.9227802753448486
1365890006.694346,915.2439024390244,42.2,3.08241605758667
1365890006.9514382,843.2926829268292,42.2,2.873013496398926
1365890007.20675,806.0975609756098,41.7,3.0071823596954346
1365890007.4889972,757.3170731707318,41.7,2.7524752616882324
1365890007.747094,940.2439024390243,42.2,2.7318949699401855
1365890008.009981,935.9756097560976,41.7,2.7629315853118896
1365890008.299072,929.2682926829269,42.2,2.743278980255127
1365890008.5550022,909.1463414634146,42.2,2.777276039123535
1365890008.821908,818.2926829268292,41.7,2.816486358642578
1365890009.0973592,951.8292682926829,42.2,2.9018452167510986
1365890009.350115,807.9268292682927,41.7,2.7632012367248535
1365890009.603358,849.390243902439,42.2,2.880617141723633
1365890009.867906,755.4878048780488,41.2,2.8727047443389893
1365890010.1610858,1001.219512195122,41.7,2.752711057662964
1365890010.420555,957.3170731707316,42.2,2.767031192779541
1365890010.676265,795.1219512195122,41.2,2.9655091762542725
1365890010.970977,814.0243902439024,42.2,2.7373175621032715
1365890011.224044,968.9024390243902,42.2,3.043623685836792
1365890011.4982872,736.5853658536586,42.2,2.8138082027435303
1365890011.773602,826.2195121951219,41.7,2.7519142627716064
1365890012.038172,1265.8536585365853,41.7,2.832702398300171
1365890012.291966,749.390243902439,42.2,3.0514447689056396
1365890012.582012,1642.6829268292681,42.2,2.766576051712036
1365890012.8368168,946.951219512195,41.7,2.772104263305664
1365890013.0911381,742.0731707317074,42.2,2.7824580669403076
1365890013.384484,1664.6341463414633,42.2,2.9220733642578125
1365890013.644593,841.4634146341463,41.2,2.964191436767578
1365890013.9009721,756.0975609756098,42.2,2.972538471221924
1365890014.18644,783.5365853658537,42.2,2.8026247024536133
1365890014.4432561,1792.0731707317073,42.2,2.7452194690704346
1365890014.6994162,777.439024390244,41.2,2.995370388031006
1365890014.993006,928.048780487805,42.2,2.7514543533325195
1365890015.2492878,841.4634146341463,41.2,2.736727714538574
1365890015.5144808,1411.5853658536585,41.7,2.83229398727417
1365890015.796822,868.2926829268292,42.2,2.7305796146392822
1365890016.052053,839.0243902439024,42.2,2.770477533340454
1365890016.304476,907.3170731707318,42.2,2.770416259765625
1365890016.587605,832.9268292682926,42.2,2.7256455421447754
1365890016.84069,823.170731707317,41.7,2.729917049407959
1365890017.100523,881.0975609756098,42.2,2.8175182342529297
1365890017.363334,773.1707317073171,41.7,2.7546145915985107
1365890017.640595,956.0975609756097,42.2,2.723731756210327
1365890017.894231,827.4390243902438,41.7,3.0558688640594482
1365890018.1540532,1744.5121951219514,41.2,3.0505125522613525
1365890018.42627,768.2926829268292,41.7,2.7981088161468506
1365890018.706583,884.1463414634146,41.2,2.7404141426086426
1365890018.969439,910.3658536585366,41.7,2.769385576248169
1365890019.223594,732.3170731707316,41.7,2.762711763381958
1365890019.5059478,954.8780487804878,42.2,2.8444976806640625
1365890019.767076,979.2682926829268,41.7,2.7837233543395996
1365890020.020523,810.3658536585366,41.2,2.848665714263916
1365890020.303044,835.9756097560976,42.2,2.7919955253601074
1365890020.563185,1735.3658536585365,42.2,2.9643938541412354
1365890020.816661,1398.780487804878,41.2,2.8462629318237305
1365890021.0887501,935.3658536585366,42.2,2.824777364730835
1365890021.352368,814.0243902439024,41.2,2.7644357681274414
1365890021.609426,882.3170731707318,41.7,2.8711583614349365
1365890021.8784902,1431.7073170731708,41.2,2.783144950866699
1365890022.183263,1184.7560975609756,42.2,2.8149564266204834
1365890022.43972,776.219512195122,41.7,2.801313638687134
1365890022.69773,732.3170731707316,41.2,2.9518134593963623
1365890022.98559,953.0487804878048,41.2,2.918942928314209
1365890023.248835,852.4390243902438,41.2,2.746206045150757
1365890023.5031831,1601.219512195122,41.2,2.8992583751678467
1365890023.7899709,789.0243902439024,42.2,2.7994189262390137
1365890024.0489411,968.2926829268292,41.7,2.852529287338257
1365890024.303333,946.951219512195,42.2,2.8128151893615723
1365890024.593299,932.3170731707318,42.2,2.954474925994873
1365890024.8469949,791.4634146341464,42.2,2.893251657485962
1365890025.101683,1175.0,42.2,3.1293532848358154
1365890025.384299,940.8536585365853,42.2,2.8503642082214355
1365890025.638968,862.1951219512194,41.7,2.8213064670562744
1365890025.903317,1032.9268292682927,42.2,3.3437070846557617
1365890026.1740422,724.390243902439,40.6,3.0759084224700928
1365890026.45085,871.3414634146342,42.2,2.80301833152771
1365890026.703694,794.5121951219512,42.2,3.1020898818969727
1365890026.961029,809.1463414634147,41.2,2.847416877746582
1365890027.249675,1015.8536585365854,41.7,2.8553709983825684
1365890027.510268,943.9024390243902,42.2,3.2107231616973877
1365890027.7699242,954.2682926829268,41.2,3.0257010459899902
1365890028.045113,846.3414634146342,42.2,3.3674304485321045
1365890028.301863,1555.4878048780488,42.2,3.114208221435547
1365890028.558666,948.170731707317,41.7,2.9672763347625732
1365890028.8265119,719.5121951219512,41.2,3.099353075027466
1365890029.103476,772.5609756097562,41.7,2.9501662254333496
1365890029.362111,780.4878048780488,41.2,2.8177757263183594
1365890029.619914,910.3658536585366,41.2,2.7532215118408203
1365890029.8945699,949.390243902439,42.2,2.8137764930725098
1365890030.162532,1670.1219512195123,41.7,2.7836458683013916
1365890030.417822,1675.6097560975609,41.7,2.7321999073028564
1365890030.678699,737.1951219512194,41.2,2.8694684505462646
1365890030.9617689,957.3170731707316,41.7,2.72841215133667
1365890031.2149088,928.048780487805,41.2,2.733916997909546
1365890031.469989,920.1219512195122,41.2,2.7557477951049805
1365890031.752584,778.048780487805,41.7,2.7622625827789307
1365890032.008872,932.9268292682927,42.2,2.7251436710357666
1365890032.261726,810.9756097560976,42.2,2.744218111038208
1365890032.536742,970.1219512195122,41.7,2.7865874767303467
1365890032.801056,929.8780487804878,42.2,2.780566692352295
1365890033.053995,943.2926829268292,42.2,2.755387306213379
1365890033.319345,752.439024390244,41.2,3.64913010597229
1365890033.6088378,843.9024390243902,42.2,3.364820718765259
1365890033.861713,773.1707317073171,42.2,3.1187796592712402
1365890034.1236532,719.5121951219512,41.7,2.861600399017334
1365890034.409992,915.2439024390244,42.2,2.7260403633117676
1365890034.6646972,846.3414634146342,42.2,2.7284839153289795
1365890034.919107,1037.1951219512193,41.2,2.7840089797973633
1365890035.2117682,1717.0731707317073,41.2,2.778776168823242
1365890035.4692721,882.9268292682926,42.2,2.772559404373169
1365890035.7388139,951.8292682926829,42.2,2.8160784244537354
1365890036.028777,862.1951219512194,42.2,2.7958502769470215
1365890036.2874591,832.3170731707316,42.2,2.7348685264587402
1365890036.546946,776.219512195122,42.2,2.8657195568084717
1365890036.847411,1800.0,42.2,2.7897286415100098
1365890037.10603,996.9512195121952,41.2,2.8082387447357178
1365890037.3778539,730.4878048780488,41.2,2.898754596710205
1365890037.661419,1085.9756097560976,42.2,3.038628339767456
1365890037.926614,973.780487804878,41.7,3.0734548568725586
1365890038.1905448,790.2439024390244,41.7,2.9141974449157715
1365890038.48077,863.4146341463414,42.2,3.326301336288452
1365890038.745108,824.390243902439,42.2,3.065485954284668
1365890039.005013,1161.5853658536585,41.2,2.9110805988311768
1365890039.289005,852.4390243902438,41.2,2.7977540493011475
1365890039.546037,937.8048780487804,42.2,3.220944404602051
1365890039.8044548,625.609756097561,42.2,2.9657654762268066
1365890040.0808058,928.048780487805,42.2,3.0740158557891846
1365890040.333941,1755.4878048780486,42.2,3.0249500274658203
1365890040.59777,1476.8292682926829,41.7,2.8139078617095947
1365890040.880487,873.170731707317,42.2,2.9936060905456543
1365890041.1397371,946.3414634146341,42.2,2.7696568965911865
1365890041.400106,775.0,41.2,2.895451307296753
1365890041.689928,841.4634146341463,41.7,2.7639870643615723
1365890041.944445,818.2926829268292,41.7,3.137387275695801
1365890042.2014809,893.9024390243902,41.7,3.2038755416870117
1365890042.468531,1581.7073170731708,41.2,2.9380085468292236
1365890042.743985,817.0731707317073,42.2,3.00130295753479
1365890043.0035598,868.2926829268292,42.2,2.9205079078674316
1365890043.257848,1642.6829268292681,41.7,2.9603703022003174
1365890043.533338,907.9268292682927,42.2,3.2497317790985107
1365890043.790637,946.951219512195,42.2,2.994436740875244
1365890044.045679,860.9756097560976,41.7,2.7462270259857178
1365890044.308511,671.3414634146342,41.7,2.78141188621521
1365890044.600563,791.4634146341464,41.7,2.7361161708831787
1365890044.8592021,815.2439024390243,42.2,2.7305853366851807
1365890045.115902,633.5365853658536,42.2,3.2146811485290527
1365890045.406821,851.219512195122,42.2,2.946373462677002
1365890045.6620219,945.1219512195122,42.2,2.764350414276123
1365890045.920195,843.2926829268292,42.2,3.051157236099243
1365890046.206872,902.439024390244,41.2,2.7677249908447266
1365890046.4610748,904.8780487804878,42.2,2.881690740585327
1365890046.719855,821.951219512195,42.2,2.9331858158111572
1365890046.993931,673.1707317073171,41.2,2.7631444931030273
1365890047.268611,771.3414634146342,41.2,2.7591733932495117
1365890047.523687,888.4146341463414,41.2,2.743609666824341
1365890047.786187,1449.3902439024391,41.2,2.770904064178467
1365890048.0724008,804.2682926829269,41.7,2.7247934341430664
1365890048.325356,851.219512195122,41.7,2.837343215942383
1365890048.598151,975.0,41.2,2.7776434421539307
1365890048.886627,951.8292682926829,42.2,2.729673385620117
1365890049.144064,1206.0975609756097,42.2,2.764052629470825
1365890049.404057,1614.6341463414635,41.2,2.9306933879852295
