1365889750.0878644,1268.90243902439,59.6,0.025023937225341797
1365889750.3068466,984.7560975609756,60.1,0.025298595428466797
1365889750.5239058,953.0487804878048,59.1,0.039159536361694336
1365889750.7505853,951.8292682926829,59.1,0.03396177291870117
1365889750.9726071,962.1951219512194,59.1,0.045180320739746094
1365889751.1952279,1018.9024390243901,59.1,0.029779672622680664
1365889751.414849,1171.9512195121952,59.1,0.03317666053771973
1365889751.638113,1000.0,59.1,0.02259540557861328
1365889751.857074,1031.7073170731708,59.1,0.0345914363861084
1365889752.0768933,1098.1707317073171,58.5,0.04644608497619629
1365889752.2956657,1023.7804878048779,58.0,0.062026262283325195
1365889752.5143473,1137.8048780487804,59.1,0.09177827835083008
1365889752.7405558,1187.8048780487804,59.6,0.04428505897521973
1365889752.9660363,1118.9024390243903,59.6,0.1262803077697754
1365889753.1846614,1134.1463414634145,59.6,0.09322547912597656
1365889753.4055798,1220.1219512195123,59.1,0.2573995590209961
1365889753.635752,1123.1707317073171,59.1,0.14946579933166504
1365889753.8538818,1098.7804878048782,59.1,0.33989453315734863
1365889754.0739307,1073.1707317073171,59.1,0.12287187576293945
1365889754.2923837,998.780487804878,59.1,0.038744449615478516
1365889754.510053,1082.9268292682927,59.1,0.2206404209136963
1365889754.7289026,1478.658536585366,59.6,0.6861364841461182
1365889754.9483562,962.8048780487804,59.1,0.46835756301879883
1365889755.1669304,1095.1219512195123,59.1,0.26547718048095703
1365889755.3857942,1059.1463414634145,59.1,0.050095319747924805
1365889755.6040766,1215.8536585365853,59.6,0.04288434982299805
1365889755.825492,978.0487804878048,59.1,0.7162802219390869
1365889756.0447316,1087.1951219512196,59.1,0.6950409412384033
1365889756.2629137,1178.0487804878048,59.1,0.6677277088165283
1365889756.4883277,1015.8536585365854,58.5,0.44296932220458984
1365889756.7067704,1057.9268292682925,59.1,0.2561380863189697
1365889756.944907,1106.7073170731708,59.1,0.2786591053009033
1365889757.1651237,1134.7560975609756,59.1,0.131852388381958
1365889757.3848782,1150.609756097561,59.1,0.40721917152404785
1365889757.6037621,1009.7560975609756,59.1,0.18937134742736816
1365889757.8291786,1195.7317073170732,59.1,0.1010885238647461
1365889758.0526018,1242.0731707317075,59.6,0.041678428649902344
1365889758.2820551,1206.0975609756097,60.1,0.18516087532043457
1365889758.5014307,1337.8048780487807,59.6,0.07592391967773438
1365889758.725736,1330.4878048780488,60.1,0.04407048225402832
1365889758.9509976,1121.9512195121952,60.1,0.0572199821472168
1365889759.1804886,1165.8536585365853,60.1,0.1252918243408203
1365889759.40325,1215.8536585365853,60.1,0.03257894515991211
1365889759.6300871,1067.0731707317075,60.1,0.15940475463867188
1365889759.8483791,1031.0975609756097,59.1,0.10084962844848633
1365889760.0665054,1226.8292682926829,59.6,0.18099594116210938
1365889760.290845,984.7560975609756,59.6,0.09984827041625977
1365889760.5103695,1206.0975609756097,59.6,0.2086331844329834
1365889760.7363153,993.2926829268292,59.1,0.03910684585571289
1365889760.9542744,1207.9268292682927,60.1,0.02844405174255371
1365889761.174638,1189.6341463414635,60.1,0.18749237060546875
1365889761.399428,1233.5365853658539,59.1,0.046645402908325195
1365889761.6226046,1242.6829268292684,59.6,0.0627589225769043
1365889761.845472,975.0,60.1,0.03898215293884277
1365889762.0716624,1079.2682926829268,59.1,0.0468134880065918
1365889762.2903755,1165.8536585365853,59.1,0.03362774848937988
1365889762.510555,1100.0,59.6,0.03195643424987793
1365889762.7291236,1264.6341463414635,60.1,0.06460833549499512
1365889762.9500024,1148.780487804878,60.7,0.16031527519226074
1365889763.1694736,1509.7560975609756,60.1,0.07102251052856445
1365889763.3986158,1109.1463414634147,60.1,1.6409454345703125
1365889763.617905,1085.9756097560976,60.1,1.427842378616333
1365889763.8374286,1189.0243902439024,60.1,1.2166273593902588
1365889764.0554202,1467.6829268292684,60.1,1.0054235458374023
1365889764.2806969,1209.7560975609756,60.1,0.7807986736297607
1365889764.5048962,1040.2439024390244,60.1,0.5579574108123779
1365889764.7243662,1242.0731707317075,60.1,0.3426539897918701
1365889764.9452617,1235.9756097560976,60.1,0.32815122604370117
1365889765.1672208,1103.0487804878048,59.6,0.17656421661376953
1365889765.391045,984.7560975609756,60.1,0.5085506439208984
1365889765.6089647,990.8536585365854,60.1,0.9936554431915283
1365889765.82756,1248.780487804878,59.6,0.7756197452545166
1365889766.0527987,1090.8536585365853,60.1,0.5508761405944824
1365889766.272727,1285.9756097560976,60.1,0.33147144317626953
1365889766.4953167,1206.0975609756097,60.1,0.11040019989013672
1365889766.719406,1128.0487804878048,60.1,0.07002496719360352
1365889766.9425654,1015.8536585365854,60.1,0.06403851509094238
1365889767.1629887,1245.7317073170732,60.1,0.08028769493103027
1365889767.3909962,1020.7317073170732,60.1,0.055960655212402344
1365889767.6099627,1328.6585365853657,60.1,0.02852487564086914
1365889767.8330011,1062.1951219512196,60.1,0.027971506118774414
1365889768.0512142,1167.6829268292684,60.1,0.039559364318847656
1365889768.277386,1198.780487804878,60.1,0.027917861938476562
1365889768.4971476,1004.8780487804878,60.1,0.16366815567016602
1365889768.7172644,987.8048780487804,60.1,0.12266755104064941
1365889768.9370387,981.0975609756098,59.6,0.4584014415740967
1365889769.1557097,1114.0243902439024,59.6,0.34447693824768066
1365889769.3754985,1023.7804878048779,60.1,0.23665189743041992
1365889769.595775,1062.1951219512196,60.1,0.43766283988952637
1365889769.8168874,1303.0487804878048,60.1,0.3713212013244629
1365889770.035537,1134.1463414634145,59.1,0.25232958793640137
1365889770.253258,1040.2439024390244,59.1,0.2174689769744873
1365889770.4736269,970.1219512195122,59.6,0.06593203544616699
1365889770.6920125,1203.6585365853657,60.1,0.12520647048950195
1365889770.9132342,1059.1463414634145,59.1,0.4780287742614746
1365889771.1326299,1003.0487804878047,60.1,0.2639493942260742
1365889771.350242,1090.2439024390244,59.6,0.04721522331237793
1365889771.569323,1110.9756097560976,59.1,0.28188657760620117
1365889771.7912135,1150.609756097561,60.1,0.061895132064819336
1365889772.0171094,1225.6097560975609,60.1,0.030258893966674805
1365889772.2414176,1309.7560975609756,60.1,0.030454397201538086
1365889772.4639857,1009.7560975609756,60.1,0.03435945510864258
1365889772.6826327,1078.0487804878048,60.1,0.12638616561889648
1365889772.9003794,1186.5853658536585,60.1,0.17707109451293945
1365889773.134859,1090.2439024390244,60.1,0.24799180030822754
1365889773.3534765,1064.0243902439024,60.1,1.8222947120666504
1365889773.5728495,1312.8048780487804,60.1,1.6038317680358887
1365889773.798798,1031.0975609756097,60.1,1.3786561489105225
1365889774.0186217,1271.9512195121952,60.1,1.162081241607666
1365889774.2390003,1123.1707317073171,60.1,0.944068431854248
1365889774.458548,1150.0,59.6,0.7262005805969238
1365889774.6772318,1197.560975609756,60.1,0.5096592903137207
1365889774.9012861,1323.780487804878,60.1,0.2880434989929199
1365889775.1214306,1156.7073170731708,60.7,0.09316420555114746
1365889775.3457716,1026.2195121951218,59.6,0.04110407829284668
1365889775.5632515,1064.0243902439024,60.1,0.06284594535827637
1365889775.781932,957.3170731707316,60.1,0.4788844585418701
1365889776.0037506,1023.1707317073171,60.1,0.26109814643859863
1365889776.222213,1187.8048780487804,60.1,0.04617428779602051
1365889776.4477432,954.2682926829268,60.1,0.02889728546142578
1365889776.6686037,968.2926829268292,60.1,0.02980351448059082
1365889776.8934221,1043.2926829268292,60.1,0.034955739974975586
1365889777.1123881,1060.9756097560976,60.1,0.038527727127075195
1365889777.331021,1256.7073170731705,60.1,0.15520167350769043
1365889777.5495372,1318.90243902439,60.1,0.03190255165100098
1365889777.7719357,1123.780487804878,60.1,0.33144545555114746
1365889777.9906995,1043.2926829268292,60.1,0.11601066589355469
1365889778.2084253,1004.8780487804878,60.1,0.11858320236206055
1365889778.4280267,1090.2439024390244,60.7,0.3704550266265869
1365889778.6469548,1070.7317073170732,60.1,0.29266953468322754
1365889778.8652778,1206.0975609756097,60.1,0.44374632835388184
1365889779.084947,1210.9756097560976,60.1,0.24310994148254395
1365889779.303605,960.9756097560976,60.1,0.12193560600280762
1365889779.522838,1048.170731707317,60.1,0.45015978813171387
1365889779.740773,1331.7073170731708,60.1,0.35151243209838867
1365889779.9782863,1195.7317073170732,60.1,0.5085465908050537
1365889780.2110996,1176.8292682926829,59.6,0.31458449363708496
1365889780.4453757,1375.6097560975609,60.1,0.08124470710754395
1365889780.6664112,1201.829268292683,60.7,0.03666806221008301
1365889780.8920963,1181.7073170731708,60.1,0.025400876998901367
1365889781.1117623,1026.2195121951218,60.1,0.027466535568237305
1365889781.3327627,960.3658536585366,60.1,0.4027559757232666
1365889781.5524893,1014.0243902439023,60.1,0.19603419303894043
1365889781.7734017,1220.7317073170732,60.7,0.08682370185852051
1365889782.0015924,1280.4878048780488,60.1,0.05213522911071777
1365889782.2216127,1010.9756097560976,60.1,0.02716803550720215
1365889782.440687,1043.2926829268292,60.1,0.24266409873962402
1365889782.659315,1045.1219512195123,60.1,0.05091071128845215
1365889782.8819666,993.9024390243902,60.1,0.31673145294189453
1365889783.0998466,1145.121951219512,60.1,0.19370317459106445
1365889783.3185434,1234.7560975609756,60.7,0.541311502456665
1365889783.5436223,1355.4878048780488,60.7,0.7617158889770508
1365889783.7724996,1148.1707317073171,60.7,1.3019819259643555
1365889783.9917433,1287.8048780487804,60.1,1.083681583404541
1365889784.211513,1131.0975609756097,60.1,0.8646109104156494
1365889784.4315956,1129.878048780488,60.1,2.3616626262664795
1365889784.6530063,1345.7317073170732,60.1,2.1413233280181885
1365889784.876458,1289.6341463414633,60.7,1.9189250469207764
1365889785.1024556,1034.1463414634147,60.1,1.6941373348236084
1365889785.3228636,1123.1707317073171,60.1,1.475487470626831
1365889785.5422702,1258.5365853658536,60.7,1.258420705795288
1365889785.7656684,1189.0243902439024,60.7,1.0367510318756104
1365889785.9845936,1106.7073170731708,60.7,0.8191382884979248
1365889786.2039037,998.170731707317,60.1,0.6010575294494629
1365889786.4246109,1123.780487804878,60.1,0.38206982612609863
1365889786.646592,1304.878048780488,60.7,0.16263532638549805
1365889786.8657389,1096.9512195121952,60.1,0.2000584602355957
1365889787.0975685,1045.7317073170732,60.1,0.028814077377319336
1365889787.3163414,1184.7560975609756,60.7,1.337327241897583
1365889787.5465224,1160.9756097560976,60.7,1.1114027500152588
1365889787.765037,1150.0,60.7,0.898707389831543
1365889787.9925718,1045.7317073170732,60.7,1.5782897472381592
1365889788.2116086,1040.2439024390244,60.1,1.4475433826446533
1365889788.4298444,1137.8048780487804,60.7,1.2314963340759277
1365889788.6478157,1012.8048780487804,60.1,1.0392227172851562
1365889788.8704476,1103.0487804878048,60.1,0.8176212310791016
1365889789.090808,1037.1951219512193,60.7,0.5980739593505859
1365889789.310656,1173.780487804878,60.1,0.3788261413574219
1365889789.53071,1198.780487804878,60.1,0.15982604026794434
1365889789.7527895,1226.8292682926829,60.1,0.4316234588623047
1365889789.9823098,1160.9756097560976,60.7,0.20502853393554688
1365889790.2075953,1272.560975609756,60.1,0.7042725086212158
1365889790.4378712,1093.9024390243903,60.1,0.4783744812011719
1365889790.657748,1405.4878048780488,60.7,0.26208066940307617
1365889790.89259,1325.609756097561,60.7,0.40751004219055176
1365889791.1175816,1168.9024390243903,60.1,0.37038683891296387
1365889791.3361397,1358.5365853658539,60.1,0.4714500904083252
1365889791.5602758,1279.8780487804877,60.1,0.24846649169921875
1365889791.7808435,1306.7073170731708,60.1,0.11138033866882324
1365889792.0095012,1206.7073170731708,60.1,1.093108892440796
1365889792.2309868,1378.658536585366,60.1,0.8723344802856445
1365889792.4538522,1093.9024390243903,60.1,0.6507716178894043
1365889792.6727066,1029.8780487804877,60.1,0.43253326416015625
1365889792.8915842,1046.9512195121952,60.1,0.21437883377075195
1365889793.110588,1254.878048780488,60.7,0.025632143020629883
1365889793.3297496,1170.7317073170732,60.1,0.05517935752868652
1365889793.5493543,1090.8536585365853,60.1,0.4062018394470215
1365889793.7678244,1452.439024390244,60.1,1.3141400814056396
1365889793.9941947,1352.439024390244,60.7,1.0884315967559814
1365889794.217663,1095.1219512195123,60.7,0.8666362762451172
1365889794.436573,1318.90243902439,60.1,0.6523914337158203
1365889794.6624103,1339.6341463414633,60.1,0.42891383171081543
1365889794.8855436,1309.7560975609756,61.2,0.2073352336883545
1365889795.117442,993.2926829268292,60.7,0.5171966552734375
1365889795.3365955,1338.4146341463415,60.7,0.2991523742675781
1365889795.5608892,1293.9024390243903,60.7,0.08469676971435547
1365889795.791115,1062.1951219512196,60.7,0.08386468887329102
1365889796.0186324,1043.2926829268292,60.1,0.09489011764526367
1365889796.242128,1040.8536585365853,60.1,0.6045184135437012
1365889796.464397,1051.219512195122,60.7,0.3833920955657959
1365889796.68323,1338.4146341463415,60.1,0.16817927360534668
1365889796.9047172,1269.5121951219512,60.1,0.44065332412719727
1365889797.1344402,1095.7317073170732,60.1,0.2151026725769043
1365889797.3536499,1051.8292682926829,60.7,0.026365995407104492
1365889797.5725548,1326.829268292683,60.7,1.6049559116363525
1365889797.7959769,1269.5121951219512,60.7,1.391122817993164
1365889798.0197594,1056.7073170731708,60.7,1.1682817935943604
1365889798.2389696,1157.9268292682927,61.2,1.5056853294372559
1365889798.456942,1029.2682926829268,60.7,1.2885584831237793
1365889798.6759672,1211.5853658536587,60.1,1.070295810699463
1365889798.8944905,1390.8536585365853,60.7,0.8526124954223633
1365889799.1257346,1291.4634146341464,61.2,0.6221990585327148
1365889799.3464053,1305.4878048780488,61.2,0.4102609157562256
1365889799.5709362,1235.9756097560976,61.2,0.18683838844299316
1365889799.790667,1329.8780487804877,61.2,0.060437679290771484
1365889800.024149,987.8048780487804,60.7,0.4968297481536865
1365889800.2486923,935.3658536585366,60.7,0.2752034664154053
1365889800.468175,1048.170731707317,61.2,0.3556497097015381
1365889800.6872742,1087.1951219512196,60.7,0.8674888610839844
1365889800.9197989,970.1219512195122,60.7,0.6376359462738037
1365889801.138969,1222.5609756097563,60.1,0.42116260528564453
1365889801.3590305,1070.7317073170732,60.7,0.2977769374847412
1365889801.579014,990.8536585365854,60.7,0.17770671844482422
1365889801.799837,1346.9512195121952,60.1,0.03570103645324707
1365889802.01937,1081.7073170731708,60.7,0.04855918884277344
1365889802.24459,971.3414634146342,60.7,0.06428861618041992
1365889802.4637363,959.1463414634146,60.1,0.5175590515136719
1365889802.6830008,992.0731707317074,60.7,0.33020782470703125
1365889802.9019914,1053.0487804878048,60.7,0.11207222938537598
1365889803.1211245,1067.6829268292684,60.1,0.1326887607574463
1365889803.341619,1037.8048780487804,60.7,0.03402352333068848
1365889803.5631564,1146.9512195121952,60.7,0.06158852577209473
1365889803.7875695,1007.9268292682925,60.7,0.32628512382507324
1365889804.0080953,1064.0243902439024,60.7,0.11057782173156738
1365889804.2352557,1262.8048780487804,60.7,0.051071882247924805
1365889804.4702868,1053.0487804878048,60.7,0.16103672981262207
1365889804.701646,1045.1219512195123,60.7,0.027818918228149414
1365889804.9223857,1179.878048780488,61.2,0.03360295295715332
1365889805.1493657,1159.1463414634147,61.2,0.2878868579864502
1365889805.3690934,1301.8292682926829,61.2,0.07699179649353027
1365889805.5906878,1121.9512195121952,60.7,0.12675118446350098
1365889805.8111937,1275.0,61.2,0.04054832458496094
1365889806.030743,1032.9268292682927,61.2,0.08924579620361328
1365889806.2505746,971.3414634146342,60.7,0.05024290084838867
1365889806.4714782,1233.5365853658539,61.2,0.04967832565307617
1365889806.6989589,1189.6341463414635,61.2,0.034979820251464844
1365889806.9287238,1392.6829268292681,61.2,0.034000396728515625
1365889807.158505,1114.6341463414635,61.2,0.04186725616455078
1365889807.383289,1268.90243902439,61.2,0.8044931888580322
1365889807.6060128,1320.7317073170732,61.2,0.5840306282043457
1365889807.8416672,1014.0243902439023,61.2,0.43413400650024414
1365889808.0616894,1048.170731707317,61.2,0.21503710746765137
1365889808.279774,1150.609756097561,61.2,0.04719138145446777
1365889808.5016053,1278.0487804878048,60.7,0.46668314933776855
1365889808.7231264,1001.8292682926829,60.7,0.3089919090270996
1365889808.9466112,1004.8780487804878,60.7,0.8147487640380859
1365889809.1650648,1250.0,61.8,0.5972492694854736
1365889809.3876631,1023.7804878048779,61.8,0.390545129776001
1365889809.6069577,1081.0975609756097,60.7,0.17207932472229004
1365889809.8274744,1189.6341463414635,61.2,0.03298449516296387
1365889810.0494773,1267.0731707317073,60.7,0.035288095474243164
1365889810.2739768,1045.7317073170732,61.2,0.08810663223266602
1365889810.4916234,968.2926829268292,60.7,0.06963038444519043
1365889810.7114236,1148.1707317073171,61.2,0.22600197792053223
1365889810.934127,1129.878048780488,60.7,0.3835716247558594
1365889811.1532764,1153.6585365853657,60.7,0.21831703186035156
1365889811.3757172,1220.1219512195123,61.2,0.08253717422485352
1365889811.601883,968.9024390243902,61.2,0.31745195388793945
1365889811.8329134,1225.0,60.7,0.08954763412475586
1365889812.0540962,1234.7560975609756,61.2,0.12354111671447754
1365889812.2765822,1100.0,61.8,0.20124340057373047
1365889812.4955194,1060.9756097560976,61.2,0.121368408203125
1365889812.7347155,1034.1463414634147,61.2,0.07067465782165527
1365889812.9529998,1178.658536585366,61.2,0.03679776191711426
1365889813.1806214,1087.8048780487807,61.2,1.4647948741912842
1365889813.3988698,1035.9756097560976,61.2,1.2485053539276123
1365889813.6181703,1305.4878048780488,61.2,1.032750129699707
1365889813.8409936,1100.0,61.2,0.8131670951843262
1365889814.0633,1084.1463414634147,61.2,0.59295654296875
1365889814.2828026,1018.9024390243901,61.2,0.3750143051147461
1365889814.502128,1109.1463414634147,61.8,0.18639779090881348
1365889814.7241745,1062.1951219512196,61.2,0.2699873447418213
1365889814.952747,1210.9756097560976,61.2,0.0921168327331543
1365889815.1831238,1173.780487804878,61.2,0.03957319259643555
1365889815.40485,1062.1951219512196,61.8,0.08968591690063477
1365889815.625383,1345.7317073170732,61.8,0.13889622688293457
1365889815.843582,1032.9268292682927,61.8,0.03242754936218262
1365889816.0636966,1217.6829268292684,61.2,0.15924477577209473
1365889816.2886071,1267.6829268292681,61.8,0.21046233177185059
1365889816.5161617,1065.2439024390244,61.8,0.09844374656677246
1365889816.734151,1076.829268292683,61.2,0.04639625549316406
1365889816.9536467,1187.8048780487804,61.2,0.04637455940246582
1365889817.1768558,1081.7073170731708,61.8,0.0361485481262207
1365889817.3950033,996.3414634146342,60.1,0.08647847175598145
1365889817.613203,1009.1463414634145,61.2,0.04053306579589844
1365889817.8318508,1125.0,60.7,0.10402536392211914
1365889818.0626829,1098.1707317073171,61.2,0.055786848068237305
1365889818.2835531,1050.0,60.7,0.12698841094970703
1365889818.5038724,1131.0975609756097,61.2,0.16626238822937012
1365889818.738932,1466.4634146341464,60.7,0.03546547889709473
1365889818.9629016,954.8780487804878,60.7,0.04640626907348633
1365889819.1910903,1073.780487804878,61.2,0.03061819076538086
1365889819.4112487,1239.6341463414635,60.7,0.08772706985473633
1365889819.6461143,1100.0,61.2,0.09864163398742676
1365889819.8663106,1153.6585365853657,61.2,0.035553693771362305
1365889820.0866537,1327.439024390244,61.2,0.05452275276184082
1365889820.3146133,1025.0,61.8,0.053344011306762695
1365889820.5397098,1126.8292682926829,61.2,0.03413820266723633
1365889820.7577126,1305.4878048780488,61.2,0.03028249740600586
1365889820.9797394,1314.0243902439024,61.8,0.038314104080200195
1365889821.205541,1250.6097560975609,62.3,0.11802148818969727
1365889821.4263024,1150.609756097561,62.3,0.09906578063964844
1365889821.644307,1117.0731707317075,61.8,0.06269383430480957
1365889821.8634388,1131.7073170731705,62.3,0.07935214042663574
1365889822.0827403,1040.8536585365853,61.2,0.03477644920349121
1365889822.302443,1054.878048780488,60.7,0.04357552528381348
1365889822.5225158,1114.6341463414635,61.2,0.04819607734680176
1365889822.742315,1206.0975609756097,61.8,0.20162725448608398
1365889822.9657116,1204.8780487804877,61.2,0.1274127960205078
1365889823.1855729,971.951219512195,61.2,0.11452341079711914
1365889823.4036722,1035.9756097560976,60.7,0.05045509338378906
1365889823.6255493,1067.6829268292684,61.2,0.029826879501342773
1365889823.8435578,1007.9268292682925,61.2,0.030628442764282227
1365889824.063034,995.1219512195122,61.2,0.316220760345459
1365889824.2828236,1020.7317073170732,61.2,0.10106492042541504
1365889824.5074644,1042.0731707317073,61.2,0.03657341003417969
1365889824.7277017,1128.658536585366,61.2,0.13663148880004883
1365889824.9495609,976.219512195122,60.7,0.10225462913513184
1365889825.177374,1000.0,61.2,0.02957749366760254
1365889825.3970273,1037.8048780487804,61.2,0.3132798671722412
1365889825.6153903,967.0731707317073,61.2,0.16910886764526367
1365889825.834201,975.0,61.2,0.0429532527923584
1365889826.056428,1214.0243902439024,61.2,0.055887460708618164
1365889826.2804081,1071.9512195121952,61.2,0.041710615158081055
1365889826.4995832,1344.5121951219512,61.2,0.041298627853393555
1365889826.7225616,1178.0487804878048,61.2,0.024556636810302734
1365889826.9412358,1237.8048780487804,61.2,0.031334877014160156
1365889827.1616535,1204.8780487804877,61.8,0.03181815147399902
1365889827.3826547,957.9268292682926,61.8,0.03489089012145996
1365889827.6004996,1184.1463414634145,61.2,0.03300809860229492
1365889827.8213317,1043.9024390243903,61.2,0.05652499198913574
1365889828.0443485,1050.0,61.8,0.024176597595214844
1365889828.2635784,1098.7804878048782,61.8,0.07576847076416016
1365889828.4946642,1045.1219512195123,61.2,0.07007694244384766
1365889828.7135649,1065.8536585365855,62.3,0.1469593048095703
1365889828.9321265,1225.6097560975609,61.2,0.04719829559326172
1365889829.152776,1335.9756097560976,61.8,0.03349900245666504
1365889829.3803413,1106.09756097561,61.8,0.03226971626281738
1365889829.6005187,1203.0487804878048,61.8,0.0619659423828125
1365889829.8215277,1225.6097560975609,61.8,0.10036158561706543
1365889830.0439167,1140.8536585365853,61.2,0.027068376541137695
1365889830.263714,1295.7317073170732,61.8,0.09198665618896484
1365889830.4843366,962.1951219512194,61.8,0.06991696357727051
1365889830.7184045,1109.1463414634147,61.2,0.1009206771850586
1365889830.9401743,1462.8048780487807,62.3,0.0669245719909668
1365889831.162931,998.170731707317,62.3,0.03266406059265137
1365889831.386948,1271.9512195121952,62.3,0.03247332572937012
1365889831.614319,1341.4634146341464,61.8,0.24033164978027344
1365889831.8363154,1148.780487804878,61.2,0.1275925636291504
1365889832.058797,1348.7804878048782,62.3,0.09473371505737305
1365889832.283936,1020.1219512195121,61.8,0.19334721565246582
1365889832.508143,1289.6341463414633,62.3,0.26888060569763184
1365889832.7298424,1123.780487804878,62.3,0.18743562698364258
1365889832.9498065,1139.6341463414635,61.2,0.2401895523071289
1365889833.1729088,992.0731707317074,61.2,0.046297311782836914
1365889833.3937306,1316.4634146341464,61.8,0.06516480445861816
1365889833.6136281,1098.1707317073171,61.2,1.525496482849121
1365889833.832376,1433.5365853658536,62.3,1.3092608451843262
1365889834.056949,1319.5121951219512,61.8,1.0865910053253174
1365889834.2762463,1204.8780487804877,61.2,0.8691751956939697
1365889834.4977887,1029.2682926829268,62.3,0.6523871421813965
1365889834.7249825,1103.658536585366,61.2,0.42719459533691406
1365889834.9472735,1098.1707317073171,62.3,0.20840120315551758
1365889835.177836,1280.4878048780488,62.3,0.04436445236206055
1365889835.4102113,1232.9268292682927,62.3,0.033447265625
1365889835.637668,1031.7073170731708,62.3,0.028276681900024414
1365889835.8560345,1098.7804878048782,62.3,0.03643488883972168
1365889836.0791852,1168.9024390243903,62.3,0.04021310806274414
1365889836.3044305,1075.0,62.3,0.03881502151489258
1365889836.523377,1114.6341463414635,61.2,0.04337668418884277
1365889836.7471516,967.0731707317073,62.3,0.04835987091064453
1365889836.9696972,1289.0243902439024,62.3,0.05563855171203613
1365889837.1902971,1148.780487804878,62.3,0.10927104949951172
1365889837.414203,1221.9512195121952,62.3,0.03572702407836914
1365889837.6344788,1112.1951219512196,62.3,0.0482945442199707
1365889837.8542151,1040.8536585365853,61.8,0.02549266815185547
1365889838.0722065,1070.121951219512,62.3,0.04060101509094238
1365889838.2918174,1064.0243902439024,61.2,0.1326298713684082
1365889838.512226,1015.2439024390243,62.3,0.0461735725402832
1365889838.7353115,1014.0243902439023,61.2,0.07863759994506836
1365889838.9526293,965.8536585365854,62.3,0.04059910774230957
1365889839.1833081,1282.9268292682927,62.3,0.030199527740478516
1365889839.4092011,1112.1951219512196,62.3,0.025437355041503906
1365889839.6289797,981.0975609756098,62.3,0.029737472534179688
1365889839.8473203,1123.780487804878,61.2,0.0329279899597168
1365889840.065667,1078.0487804878048,62.3,0.026885986328125
1365889840.2848759,1145.121951219512,62.3,0.05337786674499512
1365889840.5075657,1076.219512195122,61.8,0.14979052543640137
1365889840.7275567,1029.8780487804877,61.8,0.02779531478881836
1365889840.9454014,971.951219512195,61.8,0.02693653106689453
1365889841.1685827,1209.7560975609756,61.8,0.12400031089782715
1365889841.4037275,964.0243902439024,62.3,0.030220746994018555
1365889841.622723,1128.0487804878048,61.8,0.06426072120666504
1365889841.8423774,1043.2926829268292,61.2,0.09368205070495605
1365889842.061957,1004.8780487804878,61.2,0.35449719429016113
1365889842.2828164,982.3170731707316,61.8,0.3193776607513428
1365889842.5027163,1051.219512195122,61.8,0.10289573669433594
1365889842.733522,1190.8536585365855,61.2,0.27610325813293457
1365889842.9520411,1009.7560975609756,62.3,0.07015752792358398
1365889843.1818328,1332.9268292682927,62.3,0.04635477066040039
1365889843.406388,1037.1951219512193,62.3,0.026093482971191406
1365889843.6246898,1031.0975609756097,61.8,0.023441791534423828
1365889843.8433676,1031.7073170731708,62.3,0.028388023376464844
1365889844.0619361,1037.8048780487804,62.3,0.04261016845703125
1365889844.2834427,1164.0243902439024,62.3,0.04455733299255371
1365889844.5121474,1362.8048780487804,62.3,0.07535958290100098
1365889844.742224,1085.9756097560976,62.3,0.06776046752929688
1365889844.9619749,1292.6829268292684,62.3,0.06540870666503906
1365889845.1901746,1026.2195121951218,61.8,0.21023154258728027
1365889845.4103074,1160.9756097560976,62.3,0.1699213981628418
1365889845.636454,1362.8048780487804,62.3,0.04460477828979492
1365889845.8671093,1004.8780487804878,62.3,0.03923535346984863
1365889846.085153,1031.7073170731708,62.3,0.09025740623474121
1365889846.306567,1225.0,61.8,0.09524393081665039
1365889846.5323975,1200.609756097561,62.3,0.06097984313964844
1365889846.7512882,1168.9024390243903,62.3,0.07991433143615723
1365889846.975152,1101.219512195122,61.8,0.05841660499572754
1365889847.1962123,1320.7317073170732,61.8,0.029010295867919922
1365889847.416551,1092.6829268292684,62.3,0.2216646671295166
1365889847.6392732,1377.439024390244,62.3,0.04194331169128418
1365889847.8682666,1268.90243902439,62.3,0.05270648002624512
1365889848.0984147,1184.7560975609756,62.3,0.03470039367675781
1365889848.3180563,982.9268292682926,62.3,0.09926033020019531
1365889848.5445905,965.8536585365854,61.2,0.05266213417053223
1365889848.7633529,1181.09756097561,61.8,0.17624521255493164
1365889848.9981313,1225.0,61.8,0.03290748596191406
1365889849.2265449,1062.1951219512196,62.3,1.2965078353881836
1365889849.4443908,1010.9756097560976,62.3,1.0812036991119385
1365889849.6669612,1226.8292682926829,62.3,0.8610684871673584
1365889849.891964,1035.9756097560976,62.3,0.6391043663024902
1365889850.1186707,1245.7317073170732,62.3,0.41407203674316406
1365889850.337266,1231.7073170731708,62.3,0.19720458984375
1365889850.5631955,1286.5853658536585,62.3,0.026294231414794922
1365889850.7840815,1075.0,62.3,0.06540250778198242
1365889851.0030112,1082.9268292682927,62.3,0.05238771438598633
1365889851.2246196,962.8048780487804,61.2,0.08879232406616211
1365889851.4528954,1059.1463414634145,61.8,0.10791707038879395
1365889851.6761582,1045.1219512195123,62.3,0.2708461284637451
1365889851.9020581,1039.0243902439024,61.8,0.15401959419250488
1365889852.1228275,1040.2439024390244,61.8,0.13818144798278809
1365889852.3413885,1025.0,61.8,0.06805920600891113
1365889852.562394,1297.560975609756,62.3,0.03800630569458008
1365889852.7930057,1229.878048780488,62.3,0.10378289222717285
1365889853.0186756,1081.7073170731708,62.3,0.05754280090332031
1365889853.2383235,1028.0487804878048,61.8,0.030408382415771484
1365889853.457808,996.9512195121952,62.3,0.3195521831512451
1365889853.677369,1056.7073170731708,62.3,0.10406970977783203
1365889853.905024,1043.9024390243903,62.3,0.048825979232788086
1365889854.1250563,1106.09756097561,61.8,0.05384635925292969
1365889854.3434267,976.8292682926829,61.8,0.07169604301452637
1365889854.5631037,1109.1463414634147,61.8,0.34505224227905273
1365889854.7829893,1244.5121951219514,62.3,0.12661457061767578
1365889855.0029871,1020.7317073170732,62.3,0.09265446662902832
1365889855.2362897,1062.1951219512196,61.2,0.04915738105773926
1365889855.4558377,1092.0731707317073,61.8,0.029875516891479492
1365889855.676218,1150.0,62.3,0.10252809524536133
1365889855.8952458,1029.8780487804877,62.3,0.03941607475280762
1365889856.1178312,1068.90243902439,62.3,0.12173748016357422
1365889856.3445663,998.780487804878,61.8,0.11949849128723145
1365889856.5635533,1040.8536585365853,62.3,0.0369114875793457
1365889856.7822037,1060.9756097560976,61.8,0.05344820022583008
1365889857.0064921,1329.8780487804877,62.3,0.03462982177734375
1365889857.2312489,1284.7560975609756,62.3,0.04380679130554199
1365889857.468796,1087.8048780487807,62.3,0.028848648071289062
1365889857.6885858,1114.6341463414635,62.3,0.11687469482421875
1365889857.9082472,1062.1951219512196,62.3,0.03173828125
1365889858.1276789,1054.878048780488,62.3,0.03750300407409668
1365889858.3455017,1103.658536585366,62.3,0.043065547943115234
1365889858.5651972,964.0243902439024,62.3,0.0666658878326416
1365889858.7880652,1031.7073170731708,62.3,0.1072089672088623
1365889859.0062547,1014.0243902439023,62.3,0.09083890914916992
1365889859.2263002,1348.7804878048782,62.3,1.3658769130706787
1365889859.4531655,1081.0975609756097,62.3,1.1420278549194336
1365889859.6758597,1114.6341463414635,62.3,0.9221103191375732
1365889859.8971725,1103.0487804878048,62.3,0.7021958827972412
1365889860.115863,1090.2439024390244,62.3,0.4854750633239746
1365889860.3388383,1251.8292682926829,62.3,0.3670642375946045
1365889860.5652046,1076.219512195122,62.3,0.1904129981994629
1365889860.7840064,1297.560975609756,62.3,0.26530003547668457
1365889861.0024688,1400.609756097561,62.3,0.14005494117736816
1365889861.2285933,1134.1463414634145,61.8,0.06186676025390625
1365889861.448673,1210.9756097560976,62.3,0.07676053047180176
1365889861.6777196,1250.0,61.8,0.31685328483581543
1365889861.9013186,1246.9512195121952,61.8,0.0996088981628418
1365889862.1266384,1010.9756097560976,62.3,0.11819767951965332
1365889862.347436,1009.7560975609756,62.3,0.13477587699890137
1365889862.5761893,1042.0731707317073,62.3,0.39863061904907227
1365889862.7960646,1026.2195121951218,62.3,0.5956292152404785
1365889863.015139,1026.2195121951218,62.3,0.5059647560119629
1365889863.2351356,1054.2682926829268,62.3,0.3597383499145508
1365889863.4547312,990.8536585365854,62.3,0.3530263900756836
1365889863.6811986,1096.9512195121952,62.3,0.25693607330322266
1365889863.902146,998.170731707317,62.3,0.17717194557189941
1365889864.1208127,1082.9268292682927,62.8,0.10181879997253418
1365889864.3414962,970.1219512195122,62.3,0.0866248607635498
1365889864.559109,1134.7560975609756,62.3,0.05194568634033203
1365889864.7788796,1330.4878048780488,62.3,0.07188820838928223
1365889865.0005574,1271.9512195121952,61.8,0.1135106086730957
1365889865.224044,1003.0487804878047,62.3,0.06072211265563965
1365889865.4437363,1039.0243902439024,62.3,0.6903536319732666
1365889865.6623726,1029.2682926829268,62.3,0.4735538959503174
1365889865.8860679,1148.1707317073171,62.3,0.28013014793395996
1365889866.1083362,1359.7560975609756,62.3,0.11226034164428711
1365889866.3319855,1101.8292682926829,61.8,0.03699374198913574
1365889866.560716,1325.609756097561,61.8,0.030854463577270508
1365889866.780428,1254.878048780488,62.3,0.2583634853363037
1365889867.002526,1114.0243902439024,62.3,0.06553792953491211
1365889867.2272587,1337.8048780487807,62.3,0.04851222038269043
1365889867.4573834,1023.1707317073171,62.3,0.047423601150512695
1365889867.6848328,962.8048780487804,62.3,0.08946108818054199
1365889867.9044511,1065.8536585365855,62.3,0.029398202896118164
1365889868.12909,1070.121951219512,62.3,0.036463022232055664
1365889868.348811,1254.878048780488,62.3,0.16574406623840332
1365889868.573331,1314.0243902439024,62.3,0.10757923126220703
1365889868.7919002,1175.0,62.3,0.02992987632751465
1365889869.013821,1034.1463414634147,62.3,0.19824004173278809
1365889869.232377,1051.219512195122,62.3,0.30486059188842773
1365889869.4529727,1084.7560975609756,62.3,0.08827042579650879
1365889869.6745915,1222.5609756097563,62.3,0.10200166702270508
1365889869.9009528,1178.0487804878048,62.3,0.0679464340209961
1365889870.1263108,965.2439024390244,62.3,0.23610448837280273
1365889870.3484833,1000.0,62.3,0.02984309196472168
1365889870.5683732,1178.658536585366,62.3,0.725956916809082
1365889870.7897313,1001.219512195122,62.3,0.5055184364318848
1365889871.0115194,1265.8536585365853,62.8,0.30931949615478516
1365889871.2438397,1231.7073170731708,62.3,0.09377670288085938
1365889871.4770484,1131.7073170731705,62.3,0.16669487953186035
1365889871.712667,1209.7560975609756,62.3,0.10053658485412598
1365889871.9401672,1178.0487804878048,62.3,0.14370965957641602
1365889872.170911,1031.0975609756097,62.8,0.13759326934814453
1365889872.3909135,962.1951219512194,62.3,0.13906478881835938
1365889872.6110833,1070.121951219512,62.3,0.301469087600708
1365889872.8292553,1131.7073170731705,62.8,0.1893301010131836
1365889873.0476573,979.8780487804878,62.3,0.04923558235168457
1365889873.2695992,1214.0243902439024,62.8,0.2405078411102295
1365889873.4928079,1059.1463414634145,61.8,0.16907930374145508
1365889873.714471,970.1219512195122,62.3,0.18588566780090332
1365889873.9326606,1164.0243902439024,62.3,0.045619964599609375
1365889874.1582131,1045.7317073170732,62.3,0.07368040084838867
1365889874.3781414,1026.2195121951218,62.3,0.08853888511657715
1365889874.5971305,1026.8292682926829,62.3,0.06859111785888672
1365889874.8188515,1303.0487804878048,61.8,0.22040152549743652
1365889875.051487,1257.9268292682925,62.3,0.10455989837646484
1365889875.273446,962.1951219512194,62.3,0.0241391658782959
1365889875.4924493,962.1951219512194,62.3,0.03298592567443848
1365889875.7121797,1051.219512195122,62.3,0.05175662040710449
1365889875.9367127,1015.2439024390243,62.3,0.07736873626708984
1365889876.156638,1273.780487804878,62.3,0.13541769981384277
1365889876.3871198,1014.0243902439023,62.3,0.03015732765197754
1365889876.6054652,1243.9024390243903,62.3,0.32659244537353516
1365889876.824992,1167.0731707317073,62.3,0.19062066078186035
1365889877.0482073,1257.9268292682925,62.3,0.4983229637145996
1365889877.2725787,1454.8780487804877,62.3,0.27753496170043945
1365889877.4944649,1103.0487804878048,62.3,0.061414241790771484
1365889877.7132702,1343.9024390243903,62.3,0.03481101989746094
1365889877.939817,1305.4878048780488,62.3,0.038421630859375
1365889878.161723,1204.8780487804877,62.3,0.02423262596130371
1365889878.3813708,1092.0731707317073,61.8,0.1549665927886963
1365889878.6040938,1235.9756097560976,62.3,0.13519859313964844
1365889878.832316,1028.0487804878048,62.3,0.04477953910827637
1365889879.054101,1059.1463414634145,62.3,0.22867369651794434
1365889879.2758784,1090.2439024390244,62.3,0.025220394134521484
1365889879.4949996,1060.9756097560976,62.3,1.3117096424102783
1365889879.7139423,1284.7560975609756,62.3,1.0947890281677246
1365889879.9348562,1222.5609756097563,62.3,0.8773527145385742
1365889880.1650941,1363.4146341463415,62.3,0.649054765701294
1365889880.394535,1065.8536585365855,62.3,0.4221374988555908
1365889880.6139696,1007.3170731707318,62.8,0.20516729354858398
1365889880.8347175,1031.0975609756097,62.3,0.09284543991088867
1365889881.0538585,1192.0731707317075,62.3,0.13481450080871582
1365889881.2805967,964.0243902439024,62.3,0.23134231567382812
1365889881.4993136,1275.0,62.3,0.12329316139221191
1365889881.7245452,1281.7073170731708,62.3,0.07276034355163574
1365889881.9466712,1123.1707317073171,62.3,0.025687456130981445
1365889882.166333,968.2926829268292,62.3,0.02737140655517578
1365889882.3863888,1305.4878048780488,62.3,0.03830361366271973
1365889882.616624,1195.121951219512,62.8,0.06452202796936035
1365889882.8371472,1103.658536585366,62.3,0.24733829498291016
1365889883.0588996,1173.170731707317,62.3,0.14053559303283691
1365889883.2796142,1426.8292682926829,62.3,0.2804374694824219
1365889883.4991152,1364.6341463414635,62.8,0.2909517288208008
1365889883.7202268,1112.1951219512196,62.8,0.20508885383605957
1365889883.937693,1350.6097560975609,62.3,0.04105114936828613
1365889884.1666102,1143.90243902439,62.8,0.0453488826751709
1365889884.3942735,1120.121951219512,62.8,0.03423953056335449
1365889884.615131,1115.8536585365855,62.8,1.5386021137237549
1365889884.8453133,1246.9512195121952,62.8,1.3120782375335693
1365889885.0739105,1250.6097560975609,62.8,1.0856146812438965
1365889885.3028753,1300.0,62.3,0.8594858646392822
1365889885.5273316,1258.5365853658536,62.3,0.6380670070648193
1365889885.7469232,1015.8536585365854,62.3,0.42218661308288574
1365889885.9666204,1173.780487804878,62.3,0.20632481575012207
1365889886.1859121,1143.90243902439,62.3,0.03915810585021973
1365889886.4175153,1118.9024390243903,62.3,0.03507065773010254
1365889886.643126,1065.8536585365855,62.3,0.05661821365356445
1365889886.872426,1057.9268292682925,62.3,0.05904102325439453
1365889887.094713,1162.8048780487804,62.3,0.07066798210144043
1365889887.322961,1015.2439024390243,62.3,0.6506683826446533
1365889887.542758,1175.6097560975609,62.3,0.431804895401001
1365889887.762644,1289.0243902439024,62.3,0.22140264511108398
1365889887.98654,1225.6097560975609,62.8,0.04504990577697754
1365889888.2163932,1236.5853658536585,62.3,0.26673102378845215
1365889888.438672,979.2682926829268,62.3,0.14358830451965332
1365889888.6683474,1007.3170731707318,62.3,0.11701631546020508
1365889888.8859732,1206.0975609756097,62.8,0.11261367797851562
1365889889.1080086,1137.1951219512196,62.8,0.09060120582580566
1365889889.3273442,1051.219512195122,62.3,0.12117815017700195
1365889889.5467732,1242.6829268292684,62.3,0.08707237243652344
1365889889.773714,1259.7560975609756,62.8,0.43624353408813477
1365889889.9949532,1178.0487804878048,62.3,0.23383188247680664
1365889890.213448,1250.0,62.3,0.26698970794677734
1365889890.4578254,1087.1951219512196,62.3,0.08977556228637695
1365889890.6768017,1065.8536585365855,62.3,0.07007765769958496
1365889890.8948455,1120.121951219512,62.3,0.16802263259887695
1365889891.1138837,1303.0487804878048,62.8,0.051270246505737305
1365889891.3342276,996.3414634146342,62.3,0.05007743835449219
1365889891.5678408,1221.9512195121952,62.3,0.08033037185668945
1365889891.8010592,1128.658536585366,62.3,0.159440279006958
1365889892.0197153,1084.7560975609756,61.8,0.03643536567687988
1365889892.238359,1159.7560975609756,62.3,0.34104156494140625
1365889892.459844,1267.0731707317073,62.8,0.5108559131622314
1365889892.6797168,1009.7560975609756,62.8,0.38832807540893555
1365889892.8999805,1064.0243902439024,63.4,0.16875529289245605
1365889893.1273324,1090.2439024390244,62.8,0.0827181339263916
1365889893.3458724,1287.8048780487804,62.3,0.09966802597045898
1365889893.572973,1175.0,62.3,0.028149843215942383
1365889893.7949185,1109.1463414634147,62.3,0.04132246971130371
1365889894.0132308,1223.7804878048782,62.8,0.04285311698913574
1365889894.2344155,957.9268292682926,62.3,0.07242989540100098
1365889894.4522412,984.7560975609756,62.3,0.04887866973876953
1365889894.6768696,1004.8780487804878,62.8,1.2723388671875
1365889894.8957086,1092.6829268292684,62.8,1.056380033493042
1365889895.1199439,1256.7073170731705,62.8,0.8344395160675049
1365889895.343277,1054.2682926829268,62.8,0.6144897937774658
1365889895.5622725,1407.9268292682927,62.8,0.6021082401275635
1365889895.788388,1095.1219512195123,62.3,0.3766767978668213
1365889896.0244157,1217.0731707317073,62.8,0.1623671054840088
1365889896.246107,1045.1219512195123,62.3,0.47950124740600586
1365889896.4653249,1009.1463414634145,62.3,0.26164674758911133
1365889896.6844888,1004.2682926829267,62.3,0.059235334396362305
1365889896.9227984,1009.1463414634145,62.3,0.16536474227905273
1365889897.1406243,1009.1463414634145,62.3,0.24748754501342773
1365889897.3597093,1023.1707317073171,62.3,0.11501264572143555
1365889897.5839546,1159.7560975609756,61.8,0.03560137748718262
1365889897.8066509,1228.0487804878048,62.3,0.03907656669616699
1365889898.0319746,960.3658536585366,62.3,0.09209895133972168
1365889898.251253,1085.9756097560976,62.3,0.035832881927490234
1365889898.472042,1014.0243902439023,62.3,0.04530000686645508
1365889898.7093904,973.780487804878,62.3,0.07187747955322266
1365889898.930822,978.0487804878048,62.3,0.06907486915588379
1365889899.1503458,1051.8292682926829,62.3,0.2111051082611084
1365889899.3693223,1182.9268292682925,62.3,0.03948640823364258
1365889899.5905237,1335.9756097560976,62.3,0.06847167015075684
1365889899.8103259,1054.2682926829268,62.3,0.07859659194946289
1365889900.0289392,996.3414634146342,62.3,0.31867456436157227
1365889900.247175,1190.8536585365855,62.3,0.28775691986083984
1365889900.4661007,1273.780487804878,62.3,0.605510950088501
1365889900.6869538,1018.9024390243901,62.3,0.3855922222137451
1365889900.9082017,978.0487804878048,62.3,0.1707923412322998
1365889901.1304214,1165.8536585365853,62.3,0.07967019081115723
1365889901.3506525,973.170731707317,62.3,0.17861604690551758
1365889901.5724833,1142.0731707317073,62.3,0.02901482582092285
1365889901.792701,1009.1463414634145,62.3,0.0335538387298584
1365889902.0117836,1046.9512195121952,62.3,0.028605222702026367
1365889902.2306175,1223.7804878048782,62.3,0.39885663986206055
1365889902.459372,1209.7560975609756,62.3,0.17131423950195312
1365889902.6828492,1059.7560975609756,62.3,0.02652716636657715
1365889902.9017131,1524.3902439024391,62.8,0.28359460830688477
1365889903.1304538,1098.7804878048782,62.3,0.09912395477294922
1365889903.3543174,1035.9756097560976,62.3,0.0538637638092041
1365889903.578959,1294.5121951219512,62.8,0.40918803215026855
1365889903.8002698,1300.0,62.8,0.18964552879333496
1365889904.036413,1283.5365853658536,62.8,0.036554574966430664
1365889904.2621324,1159.1463414634147,62.8,0.20330262184143066
1365889904.4902644,1056.09756097561,62.3,0.04793524742126465
1365889904.7172437,1197.560975609756,62.8,0.05987215042114258
1365889904.9426277,1228.658536585366,62.3,0.21361804008483887
1365889905.1683679,1200.609756097561,62.8,0.3394913673400879
1365889905.3962917,957.3170731707316,62.3,0.11355090141296387
1365889905.6156375,1084.7560975609756,62.3,0.04844999313354492
1365889905.834406,1035.9756097560976,62.3,0.20247459411621094
1365889906.0553393,1244.5121951219514,62.8,0.14264988899230957
1365889906.2759202,1240.8536585365855,62.8,0.11992192268371582
1365889906.500877,1004.2682926829267,62.8,0.07199835777282715
1365889906.7229567,1236.5853658536585,62.3,0.10231351852416992
1365889906.9492888,1372.560975609756,62.3,0.35689234733581543
1365889907.169027,1096.9512195121952,62.8,0.13811755180358887
1365889907.388733,1298.780487804878,62.3,0.04330325126647949
1365889907.615697,1173.780487804878,62.8,0.20095610618591309
1365889907.842539,1327.439024390244,62.3,0.41127586364746094
1365889908.0678613,1045.1219512195123,63.4,0.34262514114379883
1365889908.2867339,962.1951219512194,62.8,0.14995908737182617
1365889908.5142305,976.219512195122,62.8,0.8514320850372314
1365889908.7326486,1095.7317073170732,62.3,0.8788838386535645
1365889908.9509037,1003.0487804878047,62.3,0.8035929203033447
1365889909.1687336,1032.9268292682927,62.3,0.5868196487426758
1365889909.3900976,1015.2439024390243,62.3,0.46207451820373535
1365889909.6088686,1056.09756097561,62.3,0.28145551681518555
1365889909.8287878,1062.1951219512196,62.3,0.1668834686279297
1365889910.0482545,1015.8536585365854,62.3,0.22951507568359375
1365889910.28559,1142.6829268292681,62.3,0.35135769844055176
1365889910.5204673,1081.7073170731708,62.3,0.1780991554260254
1365889910.7388735,1221.9512195121952,62.3,0.17294597625732422
1365889910.962557,1253.0487804878048,62.3,0.13102388381958008
1365889911.1867256,1060.9756097560976,62.3,0.03811502456665039
1365889911.4066942,1028.0487804878048,62.3,0.02443218231201172
1365889911.6249619,1253.658536585366,62.3,0.06489109992980957
1365889911.8496978,1051.8292682926829,62.3,0.02543044090270996
1365889912.06982,1310.9756097560976,62.8,0.13881230354309082
1365889912.2911274,995.1219512195122,62.3,0.1652824878692627
1365889912.511064,1261.5853658536585,62.8,0.06615185737609863
1365889912.7422025,990.2439024390244,62.8,0.23940730094909668
1365889912.966198,1134.7560975609756,62.8,0.08091449737548828
1365889913.1921859,1268.90243902439,62.3,0.24261879920959473
1365889913.4113731,1031.7073170731708,62.8,0.3834562301635742
1365889913.64114,1184.7560975609756,62.3,0.188612699508667
1365889913.8611763,1101.219512195122,62.3,0.044623374938964844
1365889914.0869496,1112.1951219512196,62.8,0.09144115447998047
1365889914.3074956,1398.780487804878,62.3,0.26843738555908203
1365889914.5315382,1225.6097560975609,62.3,0.14635992050170898
1365889914.751747,1089.0243902439024,62.3,0.14315390586853027
1365889914.9707396,1048.170731707317,63.4,0.16665244102478027
1365889915.1949399,1487.8048780487804,62.3,0.030942678451538086
1365889915.4188533,960.3658536585366,62.3,0.1377124786376953
1365889915.6365204,1153.6585365853657,62.8,0.03757309913635254
1365889915.866457,1029.2682926829268,62.8,0.08511877059936523
1365889916.0966995,1040.2439024390244,62.8,0.046102285385131836
1365889916.3367085,1220.1219512195123,62.8,0.0687565803527832
1365889916.5726123,1054.878048780488,62.8,0.03244280815124512
1365889916.7909262,971.3414634146342,62.8,0.04349923133850098
1365889917.015868,1457.3170731707316,62.8,0.05224800109863281
1365889917.2517927,964.0243902439024,62.8,0.04973912239074707
1365889917.4697824,1246.9512195121952,62.8,0.04242062568664551
1365889917.6959043,1026.8292682926829,62.8,0.11816644668579102
1365889917.915293,1285.9756097560976,62.8,0.2690763473510742
1365889918.1376007,1034.7560975609756,62.8,0.13794684410095215
1365889918.3635902,1073.780487804878,63.4,0.036863088607788086
1365889918.5823507,1062.8048780487804,62.8,0.08847570419311523
1365889918.8041,1009.1463414634145,62.8,0.060701847076416016
1365889919.0260777,1025.0,62.8,0.03486967086791992
1365889919.255943,1256.7073170731705,62.8,0.1528618335723877
1365889919.4824312,1014.0243902439023,62.8,0.1081075668334961
1365889919.7039208,1089.0243902439024,62.8,1.6528191566467285
1365889919.9224315,1079.2682926829268,63.4,1.4352192878723145
1365889920.1453788,1239.6341463414635,62.8,1.2224676609039307
1365889920.3650749,1064.0243902439024,62.3,1.0038220882415771
1365889920.5847468,1352.439024390244,62.3,0.7876298427581787
1365889920.807141,1304.878048780488,62.3,0.5673351287841797
1365889921.032806,1064.0243902439024,62.8,0.3443448543548584
1365889921.2558815,1261.5853658536585,62.8,0.12467503547668457
1365889921.4794283,1173.780487804878,62.8,0.24094128608703613
1365889921.7025816,1195.7317073170732,62.8,0.05544781684875488
1365889921.928435,990.2439024390244,62.3,0.06573319435119629
1365889922.1478693,1233.5365853658539,62.8,0.259777307510376
1365889922.375363,1029.2682926829268,63.4,0.07879781723022461
1365889922.5935287,1175.6097560975609,62.3,0.08991646766662598
1365889922.81584,1114.6341463414635,63.4,0.05202841758728027
1365889923.034007,1181.7073170731708,62.3,0.05013465881347656
1365889923.261298,1217.6829268292684,62.8,0.05326700210571289
1365889923.4806776,1032.9268292682927,62.3,0.14055252075195312
1365889923.7006593,1065.2439024390244,62.3,0.33696937561035156
1365889923.9190006,1214.0243902439024,62.3,0.14261364936828613
1365889924.1393836,1218.9024390243903,62.8,0.0815584659576416
1365889924.3695185,1319.5121951219512,62.8,0.24177241325378418
1365889924.6042428,993.2926829268292,62.3,0.1186225414276123
1365889924.8286557,1062.8048780487804,62.3,0.153944730758667
1365889925.04753,971.951219512195,62.8,0.04229617118835449
1365889925.2791557,1298.780487804878,62.8,0.08183860778808594
1365889925.5062072,1070.7317073170732,63.4,0.0504300594329834
1365889925.7317462,1321.9512195121952,62.8,0.056304216384887695
1365889925.964256,1259.7560975609756,63.4,0.12567710876464844
1365889926.1918895,1085.9756097560976,62.8,0.04936337471008301
1365889926.4131372,1037.1951219512193,62.8,0.06484293937683105
1365889926.6460147,1032.9268292682927,62.8,0.16761445999145508
1365889926.8654015,1210.9756097560976,62.8,0.0305783748626709
1365889927.0906143,984.1463414634146,62.8,0.0582423210144043
1365889927.322302,1165.8536585365853,62.8,0.04271364212036133
1365889927.5410397,1281.7073170731708,62.8,0.2424924373626709
1365889927.7631998,1043.2926829268292,62.8,0.15372657775878906
1365889927.9820752,1012.1951219512196,62.8,0.15571069717407227
1365889928.2019076,1186.5853658536585,62.8,0.25411224365234375
1365889928.4223146,1131.7073170731705,63.4,0.05978727340698242
1365889928.6553063,1244.5121951219514,63.4,0.09662652015686035
1365889928.878106,1137.8048780487804,63.4,0.24108028411865234
1365889929.0974977,1145.121951219512,62.8,0.12769079208374023
1365889929.3290665,1000.0,62.8,0.03965187072753906
1365889929.546565,1079.8780487804877,62.3,0.10287022590637207
1365889929.7670872,1250.6097560975609,62.3,0.24392175674438477
1365889929.987238,1453.6585365853657,62.8,0.05264854431152344
1365889930.2195163,1265.8536585365853,63.4,0.027851581573486328
1365889930.4392893,998.170731707317,63.4,0.02656269073486328
1365889930.6583855,978.0487804878048,62.8,0.41697192192077637
1365889930.8837314,1365.8536585365855,62.8,0.19420552253723145
1365889931.1172843,1028.0487804878048,62.8,0.041213274002075195
1365889931.33779,1417.6829268292684,62.8,0.1386885643005371
1365889931.564594,1497.560975609756,63.4,0.03277444839477539
1365889931.7918632,1109.1463414634147,62.8,0.049692392349243164
1365889932.0169613,1156.0975609756097,63.4,0.03127145767211914
1365889932.2435517,1279.8780487804877,63.4,0.13541078567504883
1365889932.4715102,1148.780487804878,63.4,0.05359959602355957
1365889932.6910605,1264.6341463414635,63.4,0.08926177024841309
1365889932.9118097,1341.4634146341464,63.4,0.05971646308898926
1365889933.1325178,1051.219512195122,63.4,0.06817817687988281
1365889933.3514912,1126.8292682926829,62.8,0.2634587287902832
1365889933.5834553,1031.0975609756097,62.3,0.03812384605407715
1365889933.805831,1164.6341463414633,62.3,0.16911840438842773
1365889934.0333145,1414.6341463414633,62.8,0.12589597702026367
1365889934.264369,1131.0975609756097,62.8,0.04313778877258301
1365889934.4968834,1314.0243902439024,63.4,0.03262948989868164
1365889934.7233958,1020.1219512195121,63.4,0.11418533325195312
1365889934.944219,1040.2439024390244,62.8,0.05307888984680176
1365889935.163885,1363.4146341463415,63.4,0.05930280685424805
1365889935.390665,1060.9756097560976,62.3,0.10688400268554688
1365889935.611615,1032.9268292682927,63.4,0.4912738800048828
1365889935.8321724,1031.7073170731708,62.8,0.27178192138671875
1365889936.0521677,1245.7317073170732,63.4,0.36299967765808105
1365889936.2762105,1021.9512195121952,62.8,0.139845609664917
1365889936.4947834,1029.8780487804877,63.4,0.47141551971435547
1365889936.7172976,962.1951219512194,62.8,0.7128188610076904
1365889936.93474,1060.9756097560976,62.3,0.49608349800109863
1365889937.1534743,1090.8536585365853,62.3,0.3714148998260498
1365889937.374525,1096.9512195121952,62.8,0.1513667106628418
1365889937.5993445,1065.8536585365855,62.3,0.7110245227813721
1365889937.8177128,962.8048780487804,62.3,0.4936330318450928
1365889938.038023,996.3414634146342,62.3,1.003781795501709
1365889938.2567172,1001.8292682926829,62.8,0.7857787609100342
1365889938.4755974,1015.2439024390243,62.3,0.5679128170013428
1365889938.6936781,985.9756097560976,62.3,0.3860328197479248
1365889938.9136367,1217.6829268292684,62.8,0.16762089729309082
1365889939.137321,1025.0,62.3,0.05672287940979004
1365889939.3574836,1490.8536585365855,62.8,0.444838285446167
1365889939.5878613,1391.4634146341461,62.3,0.30150365829467773
1365889939.811666,1181.7073170731708,62.8,0.0896446704864502
1365889940.0421052,1393.90243902439,62.3,0.09972047805786133
1365889940.261337,1012.1951219512196,63.4,0.4072608947753906
1365889940.4798572,1311.5853658536585,62.8,0.827505350112915
1365889940.7082741,1103.0487804878048,63.4,0.5997662544250488
1365889940.9278476,1007.9268292682925,62.8,0.41626787185668945
1365889941.1454186,1267.0731707317073,62.3,0.19991683959960938
1365889941.3648138,1253.658536585366,62.3,0.5780763626098633
1365889941.589739,1106.09756097561,62.8,0.3561818599700928
1365889941.808921,1051.8292682926829,62.3,0.13908863067626953
1365889942.027622,993.9024390243902,62.3,0.4286007881164551
1365889942.2461147,1073.780487804878,62.8,0.22367429733276367
1365889942.4716654,1284.7560975609756,62.3,0.08758139610290527
1365889942.6995468,979.2682926829268,62.3,0.3328840732574463
1365889942.9182546,1204.8780487804877,62.8,0.12135863304138184
1365889943.145246,1278.0487804878048,62.8,0.3493196964263916
1365889943.3742774,1131.0975609756097,62.8,0.12491774559020996
1365889943.5947533,1254.878048780488,62.8,0.09691619873046875
1365889943.8167455,1092.6829268292684,62.8,0.05345630645751953
1365889944.037242,1318.90243902439,62.8,0.03439950942993164
1365889944.2632296,1087.1951219512196,62.3,0.20716047286987305
1365889944.4815662,1168.9024390243903,62.3,0.6259191036224365
1365889944.7012773,1109.7560975609756,62.8,0.4135162830352783
1365889944.9306934,1037.8048780487804,62.3,0.18551421165466309
1365889945.1492774,1233.5365853658539,62.3,1.0298082828521729
1365889945.3738751,1026.8292682926829,62.3,0.8059017658233643
1365889945.5928576,1425.6097560975609,62.3,0.6280295848846436
1365889945.819031,1203.0487804878048,62.8,0.40310239791870117
1365889946.0394685,1040.2439024390244,62.3,0.20093154907226562
1365889946.2585905,1480.4878048780488,62.3,0.047033071517944336
1365889946.4870272,1267.0731707317073,62.3,0.036461591720581055
1365889946.708078,1079.2682926829268,62.8,0.0367581844329834
1365889946.926871,1228.0487804878048,63.4,0.20027923583984375
1365889947.1532428,1173.780487804878,62.3,0.42542314529418945
1365889947.3752968,1164.0243902439024,63.4,0.21715950965881348
1365889947.5989926,1259.7560975609756,62.8,0.0521998405456543
1365889947.82783,1123.780487804878,62.8,0.5029146671295166
1365889948.0534163,1275.0,62.8,0.27817773818969727
1365889948.2749753,1056.7073170731708,63.4,0.0655968189239502
1365889948.496088,1239.6341463414635,62.3,0.05806279182434082
1365889948.7253644,1089.0243902439024,63.4,0.02756667137145996
1365889948.9448335,1265.8536585365853,62.8,0.1307229995727539
1365889949.1816044,1026.8292682926829,62.3,0.05950736999511719
1365889949.3996983,1056.09756097561,62.3,0.03130912780761719
1365889949.618333,1225.6097560975609,62.8,0.264113187789917
1365889949.8375404,1014.0243902439023,62.3,0.26302218437194824
1365889950.0580633,1084.1463414634147,62.8,0.06930327415466309
1365889950.2797837,987.8048780487804,62.8,0.041524410247802734
1365889950.4990294,1214.6341463414633,63.4,1.3235151767730713
1365889950.7242036,1017.0731707317074,63.4,1.1013908386230469
1365889950.9421058,1385.3658536585365,63.4,0.8928320407867432
1365889951.1619122,1073.1707317073171,62.8,0.6773636341094971
1365889951.3805666,1106.09756097561,63.4,0.463228702545166
1365889951.6030574,1196.9512195121952,62.8,0.24286770820617676
1365889951.8217916,1344.5121951219512,62.8,0.1748509407043457
1365889952.042294,1256.0975609756097,62.8,0.10631561279296875
1365889952.2627096,1006.0975609756098,62.3,0.12137389183044434
1365889952.480841,1018.2926829268292,62.8,0.06634974479675293
1365889952.701389,1301.8292682926829,62.8,0.023694992065429688
1365889952.9205925,1076.829268292683,62.8,0.03208351135253906
1365889953.1431038,1015.2439024390243,62.8,0.18960785865783691
1365889953.3669968,1148.1707317073171,63.4,0.2126009464263916
1365889953.5902855,1247.560975609756,63.4,0.2017500400543213
1365889953.8098452,1235.9756097560976,62.8,0.07256293296813965
1365889954.0340893,1502.439024390244,63.4,0.07659196853637695
1365889954.2673824,1020.7317073170732,62.3,0.0710153579711914
1365889954.4860485,1247.560975609756,62.8,0.03507709503173828
1365889954.7160301,1151.8292682926829,62.8,0.04889702796936035
1365889954.9338017,1164.0243902439024,62.8,0.03389692306518555
1365889955.1576722,1225.6097560975609,62.8,0.04709458351135254
1365889955.3822968,1064.0243902439024,62.8,0.03874468803405762
1365889955.6011615,1120.7317073170732,62.8,1.2657101154327393
1365889955.8200333,1247.560975609756,62.3,1.0487027168273926
1365889956.039075,1114.0243902439024,63.4,0.8319928646087646
1365889956.2578514,1046.9512195121952,62.3,0.6149418354034424
1365889956.4764156,1212.8048780487807,63.4,0.40157461166381836
1365889956.6988184,1206.7073170731708,62.8,0.18411898612976074
1365889956.9195933,1303.658536585366,63.4,0.1757059097290039
1365889957.1408463,1114.0243902439024,63.4,0.02541351318359375
1365889957.359362,1001.219512195122,62.8,0.04640507698059082
1365889957.5847094,979.8780487804878,62.8,0.09917497634887695
1365889957.8082552,1173.780487804878,63.4,0.15159344673156738
1365889958.0311587,1068.90243902439,62.8,0.3352816104888916
1365889958.25008,1070.121951219512,62.8,0.1951737403869629
1365889958.4735463,1204.8780487804877,63.4,0.4036428928375244
1365889958.7001178,1308.5365853658536,62.8,0.1791248321533203
1365889958.9210262,1103.658536585366,62.8,0.029132604598999023
1365889959.1403828,996.3414634146342,62.8,0.04490399360656738
1365889959.3606348,984.7560975609756,63.4,0.25853586196899414
1365889959.5866473,1189.6341463414635,63.4,0.6250259876251221
1365889959.8077092,1613.4146341463415,62.8,0.4055297374725342
1365889960.0371451,985.9756097560976,63.4,0.18193268775939941
1365889960.2573123,993.9024390243902,62.8,0.04935717582702637
1365889960.4771683,1142.6829268292681,63.4,0.49428415298461914
1365889960.69864,1251.8292682926829,62.8,0.38916492462158203
1365889960.927218,962.8048780487804,62.8,0.3133535385131836
1365889961.1462638,964.0243902439024,62.3,0.1449601650238037
1365889961.3642163,1157.9268292682927,62.8,0.039557695388793945
1365889961.58979,1120.7317073170732,63.4,1.4397695064544678
1365889961.8174653,1031.7073170731708,62.3,1.2130985260009766
1365889962.0354385,1073.1707317073171,62.8,1.090794324874878
1365889962.26031,1023.7804878048779,62.8,0.8667809963226318
1365889962.4784055,1189.0243902439024,62.8,0.6492540836334229
1365889962.6968775,1098.7804878048782,62.3,0.43133068084716797
1365889962.9169,1139.6341463414635,62.8,0.21181893348693848
1365889963.134861,1031.7073170731708,62.3,0.27889275550842285
1365889963.3534012,1184.1463414634145,62.8,0.15768122673034668
1365889963.5855463,968.9024390243902,62.3,0.38549351692199707
1365889963.8054266,1034.7560975609756,62.3,1.915402889251709
1365889964.0286674,998.780487804878,62.8,1.7234489917755127
1365889964.2475057,1095.1219512195123,62.3,1.5075809955596924
1365889964.4662328,1106.09756097561,62.3,1.2905676364898682
1365889964.6886554,1090.8536585365853,62.8,1.0691428184509277
1365889964.9130547,1256.7073170731705,62.3,0.8457229137420654
1365889965.1317701,1244.5121951219514,62.8,0.6283178329467773
1365889965.3720567,968.2926829268292,62.8,0.38918614387512207
1365889965.5965455,1007.9268292682925,62.8,0.16570448875427246
1365889965.8270564,989.0243902439024,62.8,0.036194562911987305
1365889966.0459094,1048.170731707317,62.8,0.027670621871948242
1365889966.2647803,1173.170731707317,62.3,0.039277076721191406
1365889966.4843004,960.9756097560976,62.3,0.04091787338256836
1365889966.7029293,1409.7560975609756,63.4,0.18711495399475098
1365889966.9218545,1243.9024390243903,62.8,0.17574286460876465
1365889967.1467319,1314.6341463414635,62.8,0.03664445877075195
1365889967.3748157,1065.8536585365855,62.8,0.033693552017211914
1365889967.5932271,1026.8292682926829,62.8,0.03795218467712402
1365889967.8129978,1256.0975609756097,62.3,1.0210130214691162
1365889968.0311115,1028.0487804878048,63.4,0.803952693939209
1365889968.2510734,1257.9268292682925,62.3,0.8720135688781738
1365889968.4724672,995.1219512195122,62.8,0.6521213054656982
1365889968.6911225,1073.780487804878,62.8,0.44921350479125977
1365889968.911243,1078.0487804878048,62.3,0.23036885261535645
1365889969.129338,1275.0,62.3,0.5540874004364014
1365889969.353082,1291.4634146341464,62.3,0.354097843170166
1365889969.5775979,979.8780487804878,62.8,0.13047194480895996
1365889969.7957098,1065.8536585365855,62.8,0.4952211380004883
1365889970.0226777,1028.0487804878048,62.3,0.28272151947021484
1365889970.241244,1181.7073170731708,62.8,0.06499624252319336
1365889970.4672632,1017.0731707317074,62.8,0.4287385940551758
1365889970.7032115,1125.0,62.8,0.1976466178894043
1365889970.922196,1085.9756097560976,62.8,0.2283792495727539
1365889971.1393638,1010.9756097560976,62.8,0.6609945297241211
1365889971.3623593,1171.9512195121952,62.8,0.4388251304626465
1365889971.5852556,1092.6829268292684,62.3,0.21762418746948242
1365889971.805121,975.0,62.3,0.05139875411987305
1365889972.0319152,989.0243902439024,62.3,0.6002097129821777
1365889972.255031,995.1219512195122,62.3,0.37772560119628906
1365889972.4733083,1346.9512195121952,62.3,0.16281867027282715
1365889972.7022216,1235.9756097560976,63.4,0.4643838405609131
1365889972.926252,954.2682926829268,62.8,0.24423432350158691
1365889973.145095,1134.7560975609756,62.3,0.08083343505859375
1365889973.3674521,960.9756097560976,62.3,0.594773530960083
1365889973.5853415,964.0243902439024,62.3,0.3811004161834717
1365889973.8157146,1250.0,62.3,0.24911737442016602
1365889974.039122,1076.219512195122,62.3,0.07512283325195312
1365889974.260462,1101.8292682926829,62.3,0.3667597770690918
1365889974.4821343,1132.9268292682925,62.3,0.14709067344665527
1365889974.7033577,1107.9268292682927,62.3,0.04758477210998535
1365889974.9221594,1235.9756097560976,62.3,0.1051480770111084
1365889975.1448677,1062.8048780487804,62.3,0.045371055603027344
1365889975.3673074,1015.2439024390243,62.8,0.03632521629333496
1365889975.591106,1029.8780487804877,62.8,0.02684807777404785
1365889975.8102267,1035.9756097560976,62.8,0.20208311080932617
1365889976.0286477,1012.8048780487804,62.8,0.03554797172546387
1365889976.2474966,1112.1951219512196,62.3,0.0896768569946289
1365889976.4684396,1042.0731707317073,62.3,0.07129788398742676
1365889976.6867292,1264.6341463414635,62.3,0.0433349609375
1365889976.9059813,1131.7073170731705,62.8,0.040199995040893555
1365889977.1315193,962.1951219512194,62.3,0.0359344482421875
1365889977.3503056,993.9024390243902,62.8,0.0373530387878418
1365889977.5691438,1098.7804878048782,62.8,0.030261516571044922
1365889977.788329,1390.8536585365853,62.3,0.05284523963928223
1365889978.0162704,1087.8048780487807,62.3,0.08330416679382324
1365889978.2419183,1244.5121951219514,62.8,0.06248879432678223
1365889978.4761512,1078.0487804878048,62.8,0.044789791107177734
1365889978.6988308,1195.7317073170732,63.4,0.0892024040222168
1365889978.9210076,1043.9024390243903,62.8,0.07932138442993164
1365889979.1418078,1106.7073170731708,62.8,0.2851698398590088
1365889979.3623352,1150.609756097561,63.4,0.06748485565185547
1365889979.5930395,1040.8536585365853,62.8,0.10061120986938477
1365889979.8174603,1189.6341463414635,62.8,0.0471346378326416
1365889980.0403473,1035.9756097560976,63.4,0.1115267276763916
1365889980.2620425,1206.0975609756097,62.8,0.3009946346282959
1365889980.4830298,1090.2439024390244,62.8,0.1656646728515625
1365889980.7079544,1282.9268292682927,62.8,0.3332786560058594
1365889980.932832,1195.7317073170732,62.8,0.13515591621398926
1365889981.1523123,976.8292682926829,62.3,0.13019251823425293
1365889981.3709881,1173.170731707317,63.4,0.10802698135375977
1365889981.590233,1023.1707317073171,62.3,0.03200888633728027
1365889981.8091495,1242.0731707317075,63.4,0.24482011795043945
1365889982.0354307,1522.560975609756,62.8,0.0626072883605957
1365889982.2734525,1076.829268292683,62.8,0.46204304695129395
1365889982.4960818,1146.9512195121952,62.8,0.5160021781921387
1365889982.7159312,1208.5365853658536,62.3,0.41361236572265625
1365889982.9385273,1085.9756097560976,62.8,0.28127264976501465
1365889983.1569219,1289.6341463414633,63.4,0.10703802108764648
1365889983.3784087,1059.7560975609756,62.8,0.41826415061950684
1365889983.598807,1264.6341463414635,62.3,0.2030017375946045
1365889983.8187542,1217.6829268292684,62.3,0.30082154273986816
1365889984.0445902,1114.6341463414635,63.4,0.08388090133666992
1365889984.2674713,1118.9024390243903,63.4,0.08306741714477539
1365889984.4875052,1320.7317073170732,63.4,0.0347294807434082
1365889984.712169,1452.439024390244,63.9,0.0299835205078125
1365889984.9372404,1377.439024390244,62.8,0.07885932922363281
1365889985.168725,1048.170731707317,63.4,0.0892183780670166
1365889985.3865707,1125.0,63.4,0.14610004425048828
1365889985.6077366,1031.0975609756097,62.8,0.06055927276611328
1365889985.8282108,1260.9756097560976,63.4,0.0325925350189209
1365889986.0524628,1173.170731707317,62.8,0.13554835319519043
1365889986.2747827,960.3658536585366,62.8,0.07289719581604004
1365889986.4947464,1010.9756097560976,62.8,0.3015270233154297
1365889986.7136843,957.9268292682926,62.8,0.15529537200927734
1365889986.9313958,1062.8048780487804,62.3,0.03935503959655762
1365889987.1512518,1348.7804878048782,62.8,0.04271078109741211
1365889987.3768775,1106.7073170731708,62.3,0.08664917945861816
1365889987.5963027,967.0731707317073,63.4,0.17592883110046387
1365889987.8156586,1123.780487804878,63.4,0.06504130363464355
1365889988.04333,1087.1951219512196,62.3,0.032506465911865234
1365889988.267594,1029.8780487804877,62.8,0.1258690357208252
1365889988.488971,1228.658536585366,63.4,0.10174870491027832
1365889988.7180398,993.2926829268292,62.3,0.16036534309387207
1365889988.9364555,1398.780487804878,63.4,0.08095049858093262
1365889989.1590838,1126.219512195122,63.4,0.06222057342529297
1365889989.381246,1114.6341463414635,63.4,0.26242828369140625
1365889989.611513,1012.8048780487804,63.4,0.044823408126831055
1365889989.8309634,1253.0487804878048,63.4,0.14768695831298828
1365889990.0545683,1079.8780487804877,63.4,0.13255953788757324
1365889990.2738745,1021.9512195121952,62.3,0.07514739036560059
1365889990.499388,1004.8780487804878,62.8,0.06685376167297363
1365889990.7177167,1405.4878048780488,63.4,0.042519569396972656
1365889990.9464576,1254.878048780488,63.4,0.03953957557678223
1365889991.1750653,1040.8536585365853,62.3,0.07630705833435059
1365889991.3953385,1070.121951219512,62.8,0.0420689582824707
1365889991.615626,1025.0,63.4,0.2906148433685303
1365889991.8344207,1190.8536585365855,62.8,0.16831469535827637
1365889992.0549517,1411.5853658536585,62.8,0.04001736640930176
1365889992.2753656,1306.7073170731708,62.8,0.0775911808013916
1365889992.4975517,998.780487804878,62.3,0.021933317184448242
1365889992.7160535,1239.6341463414635,62.8,0.05907702445983887
1365889992.9361992,1164.6341463414633,62.8,0.0425724983215332
1365889993.160341,1103.0487804878048,62.8,0.036458492279052734
1365889993.3854265,1210.9756097560976,63.4,0.036000728607177734
1365889993.6163428,1012.1951219512196,62.3,0.034226417541503906
1365889993.8339708,995.1219512195122,62.8,0.0323481559753418
1365889994.0560617,996.9512195121952,63.4,0.02935504913330078
1365889994.2746866,1350.0,62.8,0.05114269256591797
1365889994.498835,1214.6341463414633,63.4,0.04276633262634277
1365889994.7240632,1212.8048780487807,62.8,0.04820394515991211
1365889994.9438953,1059.7560975609756,63.4,0.026288509368896484
1365889995.164342,1237.8048780487804,62.3,0.08797955513000488
1365889995.3869913,1289.0243902439024,62.8,0.027494430541992188
1365889995.607045,1304.878048780488,63.4,0.05070781707763672
1365889995.8350165,1018.2926829268292,62.8,0.029608964920043945
1365889996.0593677,1157.9268292682927,63.4,0.045456647872924805
1365889996.2975194,1256.7073170731705,62.8,0.13517975807189941
1365889996.522464,965.8536585365854,62.8,0.06577539443969727
1365889996.7416427,1010.9756097560976,62.8,0.07056212425231934
1365889996.9607337,1306.7073170731708,62.8,0.3118326663970947
1365889997.1795661,1089.0243902439024,62.8,0.09827494621276855
1365889997.3995776,1164.0243902439024,62.8,0.043413639068603516
1365889997.6339486,1215.8536585365853,63.4,0.2144145965576172
1365889997.8550513,1184.1463414634145,63.4,0.05018448829650879
1365889998.0827832,1040.8536585365853,63.4,0.22808456420898438
1365889998.3013072,1025.0,63.4,0.7433681488037109
1365889998.5235057,1070.121951219512,62.8,0.521660327911377
1365889998.742438,1156.7073170731708,63.4,0.39209818840026855
1365889998.9702697,1023.1707317073171,63.4,0.16501092910766602
1365889999.1884902,1084.1463414634147,62.3,0.024547100067138672
1365889999.409223,1062.8048780487804,63.4,0.27231335639953613
1365889999.6289647,1176.8292682926829,62.3,0.06457948684692383
1365889999.8480349,1329.8780487804877,62.8,0.09084272384643555
1365890000.066879,1087.8048780487807,63.4,0.32034921646118164
1365890000.286621,1292.6829268292684,62.8,0.31650614738464355
1365890000.5131314,962.1951219512194,62.8,0.15230298042297363
1365890000.7315066,1251.8292682926829,62.8,0.09209370613098145
1365890000.9539187,1126.219512195122,62.3,0.24184918403625488
1365890001.173854,1253.0487804878048,62.8,0.05570101737976074
1365890001.3953629,1112.8048780487804,62.3,0.03289151191711426
1365890001.6151466,1300.0,62.3,0.16025757789611816
1365890001.8442826,1150.609756097561,62.8,0.12369012832641602
1365890002.0692503,1239.0243902439024,63.4,0.035796165466308594
1365890002.2931402,1087.8048780487807,63.4,0.033484697341918945
1365890002.5154314,1256.7073170731705,63.4,0.03493666648864746
1365890002.7409368,1245.7317073170732,63.4,0.05547189712524414
1365890002.9649947,1018.2926829268292,62.8,0.02901434898376465
1365890003.183243,1250.6097560975609,63.4,0.26049160957336426
1365890003.406533,1498.780487804878,62.8,0.3961508274078369
1365890003.6278594,1128.658536585366,63.4,0.2630605697631836
1365890003.8472643,1204.8780487804877,63.4,0.09840607643127441
1365890004.0733097,967.0731707317073,63.4,0.07099509239196777
1365890004.291698,1204.8780487804877,63.9,0.0326693058013916
1365890004.5193515,1112.8048780487804,63.4,0.1156764030456543
1365890004.7422054,1007.3170731707318,63.4,0.17858147621154785
1365890004.9615257,1184.7560975609756,63.4,0.04848527908325195
1365890005.1875808,1295.7317073170732,63.4,0.03398323059082031
1365890005.411238,1023.1707317073171,62.8,0.07628774642944336
1365890005.6300702,993.9024390243902,62.8,0.17462873458862305
1365890005.8503137,1323.780487804878,63.4,0.04299044609069824
1365890006.079391,1184.7560975609756,63.4,0.02672100067138672
1365890006.2997155,1084.7560975609756,63.4,0.03573274612426758
1365890006.5180848,1232.9268292682927,63.4,0.10142827033996582
1365890006.7373297,1291.4634146341464,63.4,0.18488693237304688
1365890006.963518,1298.780487804878,63.4,0.09177136421203613
1365890007.1968012,1082.9268292682927,62.8,0.062123775482177734
1365890007.4220169,987.1951219512194,63.4,0.16458392143249512
1365890007.6421053,1173.780487804878,63.4,0.06857705116271973
1365890007.8687387,1000.0,62.8,0.026252269744873047
1365890008.0878258,1034.1463414634147,63.4,0.17914748191833496
1365890008.307285,1164.0243902439024,63.4,0.17727446556091309
1365890008.5320654,1318.90243902439,62.8,0.05005311965942383
1365890008.7617092,964.0243902439024,63.4,0.024545907974243164
1365890008.9810433,1175.0,63.4,0.6900310516357422
1365890009.2110336,1210.9756097560976,62.8,0.46187281608581543
1365890009.4288309,1178.658536585366,62.8,0.346463680267334
1365890009.6498961,1395.7317073170732,63.4,0.1753246784210205
1365890009.8821485,1331.7073170731708,63.4,0.061248779296875
1365890010.1046484,1009.1463414634145,63.4,0.10833001136779785
1365890010.3225305,1015.2439024390243,62.8,0.11007547378540039
1365890010.5423403,1079.2682926829268,63.9,0.03478503227233887
1365890010.766583,1095.1219512195123,63.4,0.060204267501831055
1365890010.9878328,1305.4878048780488,63.4,0.04812169075012207
1365890011.2155452,1228.658536585366,63.4,0.030666589736938477
1365890011.4414032,1167.0731707317073,63.4,0.07052421569824219
1365890011.6670315,1189.0243902439024,63.9,0.09319639205932617
1365890011.8893054,962.1951219512194,63.4,0.06118607521057129
1365890012.120508,1381.7073170731705,63.4,0.05858564376831055
1365890012.3417003,1070.121951219512,63.4,0.14347243309020996
1365890012.559981,1015.8536585365854,63.4,0.03588151931762695
1365890012.787649,1334.7560975609756,63.4,0.030336618423461914
1365890013.0136502,1340.8536585365853,63.4,0.09817671775817871
1365890013.2347448,1204.8780487804877,63.4,0.07644152641296387
1365890013.4624932,1256.0975609756097,63.4,0.161224365234375
1365890013.6858475,1513.4146341463415,63.4,0.049324750900268555
1365890013.9118173,956.0975609756097,63.4,0.35356712341308594
1365890014.1297705,1397.560975609756,63.9,0.13973259925842285
1365890014.353614,1250.0,63.4,0.09090900421142578
1365890014.5841177,1214.0243902439024,63.4,0.2818272113800049
1365890014.8040035,968.9024390243902,62.8,0.07095122337341309
1365890015.0243273,1339.6341463414633,63.4,0.31995344161987305
1365890015.2521183,1300.6097560975609,63.4,0.09566211700439453
1365890015.477442,1146.9512195121952,63.4,0.03807878494262695
1365890015.7027326,1240.8536585365855,63.4,0.05271482467651367
1365890015.9288445,1114.0243902439024,63.4,0.05840110778808594
1365890016.147919,1034.1463414634147,63.9,0.09618663787841797
1365890016.3659768,1062.1951219512196,63.4,0.5059037208557129
1365890016.585287,1275.0,63.4,0.28714895248413086
1365890016.8064768,998.780487804878,63.4,0.06758236885070801
1365890017.0248713,1235.9756097560976,62.8,0.036463260650634766
1365890017.2522647,1020.7317073170732,62.8,0.15763187408447266
1365890017.4749143,1253.0487804878048,63.4,0.3079819679260254
1365890017.6937683,1285.9756097560976,63.4,0.12113809585571289
1365890017.9174395,1015.8536585365854,63.4,0.05427956581115723
1365890018.1350439,1278.6585365853657,63.4,0.32411694526672363
1365890018.3555605,979.2682926829268,63.4,0.1410219669342041
1365890018.5839813,1040.8536585365853,63.4,0.28688621520996094
1365890018.8045022,1156.7073170731708,63.4,0.07084083557128906
1365890019.0266511,962.1951219512194,63.4,0.04233837127685547
1365890019.2478318,1276.8292682926829,63.9,0.037397146224975586
1365890019.478321,1218.9024390243903,63.4,0.05025315284729004
1365890019.707186,1245.7317073170732,63.4,0.040363311767578125
1365890019.9273455,1026.8292682926829,63.4,0.02626800537109375
1365890020.147631,979.2682926829268,63.4,0.031752824783325195
1365890020.3661404,1350.0,63.9,0.03827261924743652
1365890020.5893064,1306.7073170731708,63.9,0.03696942329406738
1365890020.8195972,1197.560975609756,63.4,0.062178850173950195
1365890021.0437143,1193.90243902439,63.4,0.16176414489746094
1365890021.2703323,1100.0,63.4,0.06396007537841797
1365890021.4889522,1085.9756097560976,63.4,0.03219032287597656
1365890021.7114363,1093.9024390243903,63.4,0.4662649631500244
1365890021.9308236,1223.7804878048782,63.4,0.24790573120117188
1365890022.1564598,962.1951219512194,63.4,0.07368755340576172
1365890022.3753426,976.219512195122,63.4,0.0533444881439209
1365890022.5992274,1123.1707317073171,62.8,0.07179117202758789
1365890022.8189483,1159.7560975609756,63.4,0.08990907669067383
1365890023.0459387,1048.780487804878,63.9,0.058737993240356445
1365890023.2665987,1006.0975609756098,63.4,0.03586006164550781
1365890023.4848783,1054.2682926829268,63.4,0.14714527130126953
1365890023.703198,1220.7317073170732,62.8,0.03527975082397461
1365890023.9219332,1189.6341463414635,62.8,0.03666257858276367
1365890024.144572,1184.7560975609756,63.4,0.09175658226013184
1365890024.375302,1146.9512195121952,62.8,0.11675858497619629
1365890024.600826,965.8536585365854,63.4,0.02745532989501953
1365890024.8189013,960.3658536585366,62.8,0.08162069320678711
1365890025.0374231,1075.0,63.4,0.0591588020324707
1365890025.2566178,1167.0731707317073,63.4,0.12196636199951172
1365890025.4846115,975.0,63.4,0.038308143615722656
1365890025.703435,979.8780487804878,63.4,0.2001800537109375
1365890025.9295373,1090.2439024390244,63.9,0.032303810119628906
1365890026.1544363,1157.9268292682927,63.4,0.24410033226013184
1365890026.3783982,1225.0,63.4,0.13158512115478516
1365890026.6099098,1206.0975609756097,63.4,0.2902052402496338
1365890026.8316844,1254.878048780488,63.4,0.1126394271850586
1365890027.0542283,1214.0243902439024,63.4,0.06786322593688965
1365890027.2796984,970.1219512195122,63.4,0.266796350479126
1365890027.5053174,1146.9512195121952,62.8,0.23668813705444336
1365890027.7254703,1070.7317073170732,63.4,0.5047440528869629
1365890027.9635558,995.1219512195122,63.4,0.26867222785949707
1365890028.1816385,1328.6585365853657,62.3,0.05355644226074219
1365890028.4012706,1247.560975609756,63.4,0.06340670585632324
1365890028.63288,1065.8536585365855,62.8,0.611314058303833
1365890028.8518162,1101.219512195122,62.8,0.39352965354919434
1365890029.0732217,1020.1219512195121,63.4,0.17798948287963867
1365890029.2925985,1015.2439024390243,62.8,0.5078549385070801
1365890029.5110693,1165.8536585365853,62.8,0.2956058979034424
1365890029.7322366,1076.829268292683,63.4,0.0803375244140625
1365890029.9519155,1003.0487804878047,62.8,0.15190887451171875
1365890030.1715071,1093.9024390243903,63.4,0.5486717224121094
1365890030.392001,1250.0,63.4,0.330019474029541
1365890030.613212,1023.1707317073171,63.4,0.18384814262390137
1365890030.8317297,1225.6097560975609,63.4,0.5816900730133057
1365890031.0532382,1139.0243902439024,62.8,0.3620760440826416
1365890031.2735417,1120.7317073170732,63.4,0.2511146068572998
1365890031.5008957,985.9756097560976,63.4,0.05667448043823242
1365890031.7213578,1040.2439024390244,62.8,0.33376264572143555
1365890031.943132,1112.8048780487804,62.8,0.11498808860778809
1365890032.1614764,1212.8048780487807,62.8,0.10136008262634277
1365890032.3827407,1104.878048780488,63.4,0.02308511734008789
1365890032.6017256,1067.0731707317075,62.8,0.06673836708068848
1365890032.8193512,984.1463414634146,63.4,0.08638763427734375
1365890033.0379984,1051.8292682926829,63.4,0.033435821533203125
1365890033.2575538,1131.7073170731705,62.8,0.2890663146972656
1365890033.4776182,996.3414634146342,63.4,0.07534146308898926
1365890033.6966023,1377.439024390244,63.4,0.040719032287597656
1365890033.9226396,1059.7560975609756,63.4,0.038210153579711914
1365890034.144221,954.8780487804878,63.4,0.03211331367492676
1365890034.3629363,1067.0731707317075,63.4,0.025774240493774414
1365890034.5836918,1160.9756097560976,63.4,0.02970576286315918
1365890034.802548,1026.8292682926829,63.4,0.04148435592651367
1365890035.021958,1140.8536585365853,63.4,0.07087826728820801
1365890035.2442403,1129.878048780488,63.4,0.07335972785949707
1365890035.4709218,1293.9024390243903,63.4,0.10974574089050293
1365890035.694724,1276.8292682926829,63.4,0.06014752388000488
1365890035.9176397,1042.0731707317073,63.4,0.09673357009887695
1365890036.1361372,1153.6585365853657,63.4,0.8351035118103027
1365890036.3592856,1371.9512195121952,63.4,0.6177635192871094
1365890036.5826902,1051.8292682926829,63.4,0.398909330368042
1365890036.8014514,1059.7560975609756,63.4,0.18260812759399414
1365890037.020714,1278.0487804878048,63.4,0.053319454193115234
1365890037.2392583,1139.0243902439024,63.4,0.10952544212341309
1365890037.4632628,1087.8048780487807,63.4,0.09989643096923828
1365890037.6840882,1207.9268292682927,63.4,0.27745628356933594
1365890037.9106839,1037.1951219512193,63.4,0.0813913345336914
1365890038.1288292,1059.1463414634145,63.4,0.22407913208007812
1365890038.370167,1004.2682926829267,63.4,0.13536453247070312
1365890038.588745,1293.9024390243903,63.4,0.11645674705505371
1365890038.8143365,1362.8048780487804,63.4,0.17387938499450684
1365890039.0492418,1294.5121951219512,63.4,0.035491943359375
1365890039.2744908,1109.1463414634147,63.4,0.0755767822265625
1365890039.4976888,1128.0487804878048,62.8,0.028261423110961914
1365890039.7210348,1115.8536585365855,63.4,0.5514419078826904
1365890039.9443746,1221.9512195121952,63.4,0.33012843132019043
1365890040.1793232,1131.7073170731705,63.4,0.5176684856414795
1365890040.4012656,1264.0243902439024,63.4,0.29973578453063965
1365890040.6205554,1026.8292682926829,63.4,0.24858975410461426
1365890040.8401368,1075.0,63.4,0.26169419288635254
1365890041.0595624,1148.1707317073171,63.9,0.7469005584716797
1365890041.2895727,1193.90243902439,62.3,0.518627405166626
1365890041.5081923,962.1951219512194,63.4,0.30169105529785156
1365890041.726753,1184.1463414634145,63.4,0.19038128852844238
1365890041.9521453,1078.0487804878048,63.4,0.1614367961883545
1365890042.1854165,1012.8048780487804,63.4,0.14596009254455566
1365890042.411189,979.8780487804878,63.4,0.40564632415771484
1365890042.63602,1253.0487804878048,62.8,0.2499697208404541
1365890042.8579843,1104.878048780488,63.4,0.0892493724822998
1365890043.0861044,1062.8048780487804,62.8,0.1850123405456543
1365890043.3065355,1259.7560975609756,62.8,0.10601520538330078
1365890043.533715,1082.9268292682927,62.8,0.18954968452453613
1365890043.754387,1018.2926829268292,63.4,0.1524357795715332
1365890043.9784517,1189.6341463414635,62.8,0.05315542221069336
1365890044.2057192,1278.0487804878048,63.4,0.12613201141357422
1365890044.4318924,1148.780487804878,63.4,0.11245489120483398
1365890044.65585,981.0975609756098,63.4,0.09667706489562988
1365890044.8794205,1017.0731707317074,62.3,0.05135631561279297
1365890045.0981696,1201.829268292683,63.4,0.8263871669769287
1365890045.3163505,973.780487804878,63.4,0.6086905002593994
1365890045.5347567,1062.1951219512196,63.4,0.5783271789550781
1365890045.7536943,1239.0243902439024,63.4,0.3603198528289795
1365890045.9736605,1237.8048780487804,62.8,0.24536991119384766
1365890046.1957805,1256.0975609756097,62.8,0.050130605697631836
1365890046.41974,1007.3170731707318,63.4,0.364210844039917
1365890046.638123,1070.7317073170732,62.8,0.14816975593566895
1365890046.8570638,967.0731707317073,63.4,0.11086583137512207
1365890047.0754492,1096.9512195121952,63.4,0.02520751953125
1365890047.2961116,1184.1463414634145,62.8,0.026508808135986328
1365890047.51851,1160.9756097560976,63.4,0.030072927474975586
1365890047.7437272,973.780487804878,63.4,0.5862152576446533
1365890047.9739256,1054.2682926829268,63.4,0.35904860496520996
1365890048.1941435,1070.7317073170732,63.4,0.15769553184509277
1365890048.4153342,1404.8780487804877,63.4,0.03453373908996582
1365890048.6423912,1034.1463414634147,63.4,0.029693603515625
1365890048.8606296,1185.9756097560976,62.8,0.11289501190185547
1365890049.0807736,1053.0487804878048,63.4,0.17145967483520508
1365890049.2998216,1115.8536585365855,63.4,0.04840421676635742
1365890049.5250866,1046.9512195121952,62.8,0.12732338905334473
1365890049.7432714,1121.9512195121952,63.4,0.031554222106933594
1365890049.96747,1151.8292682926829,62.8,0.03208279609680176
