1365889752.7168608,1112.1951219512196,56.9,0.05163407325744629
1365889752.9484746,1054.2682926829268,56.4,0.017832517623901367
1365889753.1661484,849.390243902439,56.9,0.018229246139526367
1365889753.3845158,1179.878048780488,56.4,0.01909637451171875
1365889753.6036582,973.170731707317,56.4,0.018246889114379883
1365889753.8222098,937.1951219512194,55.8,0.01885390281677246
1365889754.041002,1054.878048780488,55.8,0.018024682998657227
1365889754.2590213,865.2439024390244,55.8,0.018269777297973633
1365889754.4772778,1034.1463414634147,56.4,0.018877267837524414
1365889754.696043,1092.0731707317073,55.8,0.024033308029174805
1365889754.9211755,949.390243902439,56.4,0.02684760093688965
1365889755.1475768,1193.90243902439,56.9,0.02154064178466797
1365889755.3682554,1098.7804878048782,56.9,0.02423262596130371
1365889755.5911384,935.3658536585366,56.9,0.019526243209838867
1365889755.8103511,1093.9024390243903,56.4,0.027061939239501953
1365889756.036923,877.439024390244,56.9,0.031598806381225586
1365889756.2674124,1003.0487804878047,56.9,0.020596742630004883
1365889756.4874482,1035.9756097560976,56.9,0.022730112075805664
1365889756.7098725,1107.9268292682927,56.9,0.021004915237426758
1365889756.930911,1101.219512195122,56.9,0.025443553924560547
1365889757.1565802,1064.0243902439024,56.9,0.020776748657226562
1365889757.3770564,860.9756097560976,56.9,0.02108931541442871
1365889757.5971892,910.3658536585366,56.9,0.02516913414001465
1365889757.8219974,976.219512195122,56.9,0.019497394561767578
1365889758.041109,1070.7317073170732,56.4,0.022199153900146484
1365889758.2629929,899.390243902439,56.9,0.020775794982910156
1365889758.483416,973.170731707317,56.9,0.020519733428955078
1365889758.70361,975.0,56.4,0.024901628494262695
1365889758.9285789,923.1707317073171,56.9,0.019611120223999023
1365889759.147652,906.0975609756098,56.4,0.020446300506591797
1365889759.3667264,993.2926829268292,56.9,0.026718616485595703
1365889759.5939343,1020.1219512195121,56.4,0.022583961486816406
1365889759.8159657,1150.0,56.9,0.026604175567626953
1365889760.042165,1059.7560975609756,56.9,0.028353214263916016
1365889760.269927,1073.1707317073171,56.9,0.021856307983398438
1365889760.4914272,924.3902439024391,56.9,0.018912315368652344
1365889760.709951,909.1463414634146,56.4,0.019098281860351562
1365889760.9285536,862.1951219512194,56.9,0.020476102828979492
1365889761.1490114,902.439024390244,56.9,0.020202159881591797
1365889761.3687997,871.3414634146342,56.9,0.019756555557250977
1365889761.5882232,973.170731707317,56.9,0.019371747970581055
1365889761.8070314,1167.6829268292684,56.9,0.021718263626098633
1365889762.0287495,1106.09756097561,56.9,0.019072532653808594
1365889762.247574,946.3414634146341,56.4,0.018358230590820312
1365889762.4659379,1200.609756097561,56.9,0.021235942840576172
1365889762.6879306,1101.219512195122,56.9,0.021888017654418945
1365889762.9090867,943.9024390243902,56.9,0.020885705947875977
1365889763.1295245,876.219512195122,56.9,0.01884150505065918
1365889763.3481197,1171.9512195121952,58.0,0.022369861602783203
1365889763.5700965,945.1219512195122,57.5,0.019886016845703125
1365889763.7895126,943.2926829268292,56.9,0.022449970245361328
1365889764.011159,1181.7073170731708,56.9,0.02117133140563965
1365889764.2322912,843.2926829268292,56.9,0.018587350845336914
1365889764.450841,951.2195121951219,56.9,0.017870187759399414
1365889764.6686761,939.0243902439024,57.5,0.019914865493774414
1365889764.8885865,1048.780487804878,56.9,0.024074077606201172
1365889765.1130817,1085.9756097560976,56.9,0.029590368270874023
1365889765.3425393,1214.6341463414633,56.9,0.024323701858520508
1365889765.5656695,875.0,57.5,0.023873329162597656
1365889765.788725,1315.8536585365855,56.9,0.0245816707611084
1365889766.0129843,940.8536585365853,56.9,0.021457910537719727
1365889766.233909,898.1707317073171,56.9,0.018424510955810547
1365889766.4519105,928.048780487805,56.9,0.01809215545654297
1365889766.6698933,1031.7073170731708,56.9,0.01984882354736328
1365889766.8893275,928.048780487805,56.9,0.021437644958496094
1365889767.1101847,1107.9268292682927,56.9,0.02382636070251465
1365889767.3339489,962.1951219512194,57.5,0.0193784236907959
1365889767.5528972,910.9756097560976,56.9,0.019024372100830078
1365889767.7719421,943.2926829268292,58.0,0.0231168270111084
1365889767.9968827,1131.7073170731705,57.5,0.023909807205200195
1365889768.222306,1157.9268292682927,57.5,0.022641658782958984
1365889768.4459934,946.3414634146341,57.5,0.018555641174316406
1365889768.6656435,1090.2439024390244,57.5,0.023736953735351562
1365889768.8890278,903.048780487805,56.9,0.01966404914855957
1365889769.1088204,1079.2682926829268,58.0,0.02330470085144043
1365889769.3325186,982.3170731707316,57.5,0.0329132080078125
1365889769.5653687,1084.7560975609756,58.0,0.028963804244995117
1365889769.7931068,1220.1219512195123,56.9,0.029526710510253906
1365889770.0221512,995.1219512195122,58.0,0.0233609676361084
1365889770.2451134,1032.9268292682927,58.0,0.027504682540893555
1365889770.473737,996.9512195121952,58.0,0.0185244083404541
1365889770.6918828,982.3170731707316,56.9,0.01927924156188965
1365889770.9119322,1121.9512195121952,58.0,0.0269467830657959
1365889771.1387596,1029.8780487804877,57.5,0.02057957649230957
1365889771.358909,937.1951219512194,56.9,0.020700454711914062
1365889771.5775545,907.9268292682927,57.5,0.0208892822265625
1365889771.7995296,854.8780487804878,56.9,0.018160104751586914
1365889772.0171857,885.3658536585366,58.0,0.01871633529663086
1365889772.2356563,1178.658536585366,58.0,0.02213144302368164
1365889772.457265,1037.1951219512193,57.5,0.023864030838012695
1365889772.680772,885.3658536585366,58.0,0.027480125427246094
1365889772.9074569,845.1219512195122,56.9,0.019217252731323242
1365889773.12632,1128.658536585366,58.0,0.02085280418395996
1365889773.346832,1110.9756097560976,56.9,1.2796454429626465
1365889773.5746303,1023.7804878048779,58.0,1.0560073852539062
1365889773.793692,1196.9512195121952,58.0,0.8422000408172607
1365889774.0150974,1001.8292682926829,58.0,0.6250998973846436
1365889774.2344298,964.0243902439024,58.0,0.4101693630218506
1365889774.4535613,915.2439024390244,58.0,0.19529151916503906
1365889774.678683,1023.1707317073171,57.5,0.019589662551879883
1365889774.898154,907.9268292682927,58.0,0.021570682525634766
1365889775.119377,1114.6341463414635,58.0,0.0296323299407959
1365889775.3510766,957.3170731707316,58.0,0.01903223991394043
1365889775.5710397,1156.0975609756097,58.0,0.023059844970703125
1365889775.7940173,1198.780487804878,58.0,0.019153118133544922
1365889776.0126274,932.9268292682927,58.0,0.01905655860900879
1365889776.2315688,1156.0975609756097,58.0,0.019149065017700195
1365889776.4507344,1161.5853658536585,58.0,0.019776582717895508
1365889776.6708605,898.1707317073171,58.0,0.020439863204956055
1365889776.8913648,996.3414634146342,58.0,0.02038121223449707
1365889777.1117105,960.9756097560976,58.0,0.027031421661376953
1365889777.3371801,1106.7073170731708,58.0,0.024846792221069336
1365889777.5618765,875.0,58.0,0.020990371704101562
1365889777.7814982,954.8780487804878,58.0,0.024343252182006836
1365889778.0049582,1082.9268292682927,58.0,0.020802974700927734
1365889778.2252614,882.9268292682926,58.0,0.020188331604003906
1365889778.4450588,967.0731707317073,58.0,0.018413782119750977
1365889778.6633132,1084.1463414634147,58.0,0.02095794677734375
1365889778.8833714,884.1463414634146,57.5,0.019019603729248047
1365889779.1019573,1020.7317073170732,58.0,0.02400660514831543
1365889779.32543,987.1951219512194,58.0,0.028179407119750977
1365889779.5487971,970.1219512195122,58.0,0.018932819366455078
1365889779.7675397,923.1707317073171,58.0,0.023403406143188477
1365889779.9894156,932.9268292682927,58.0,0.019141197204589844
1365889780.208246,957.9268292682926,58.0,0.020224332809448242
1365889780.427852,967.0731707317073,58.0,0.01954340934753418
1365889780.6469738,990.8536585365854,58.0,0.019001007080078125
1365889780.865461,864.0243902439024,58.0,0.019127368927001953
1365889781.084443,907.3170731707318,57.5,0.025931119918823242
1365889781.3101847,849.390243902439,58.0,0.020885229110717773
1365889781.5306895,1046.9512195121952,58.0,0.01944565773010254
1365889781.749734,981.0975609756098,58.0,0.018732786178588867
1365889781.9682329,1184.1463414634145,58.0,0.025050878524780273
1365889782.1932087,1156.0975609756097,58.0,0.02409505844116211
1365889782.4168599,923.1707317073171,58.0,0.01948094367980957
1365889782.6356666,935.9756097560976,58.0,0.01947927474975586
1365889782.8546612,951.8292682926829,58.0,0.02050948143005371
1365889783.0747721,943.9024390243902,58.0,0.028037309646606445
1365889783.3006003,1153.0487804878048,58.0,0.0236203670501709
1365889783.5240366,1043.2926829268292,58.0,0.02249622344970703
1365889783.7460687,879.8780487804878,57.5,0.019399404525756836
1365889783.9649045,920.1219512195122,58.0,0.0206146240234375
1365889784.1852355,1164.0243902439024,58.0,0.023232698440551758
1365889784.4085505,1162.8048780487804,58.0,0.02176070213317871
1365889784.630229,921.3414634146342,58.0,0.023873090744018555
1365889784.8540804,885.9756097560976,58.0,0.020350217819213867
1365889785.0733128,893.9024390243902,58.0,0.028904438018798828
1365889785.3010442,885.9756097560976,58.0,0.022523880004882812
1365889785.5233355,915.8536585365854,58.0,0.019454479217529297
1365889785.743208,1081.7073170731708,58.5,0.020934104919433594
1365889785.96319,928.048780487805,58.0,0.020989418029785156
1365889786.1846004,1139.6341463414635,58.0,0.022481441497802734
1365889786.4071457,1356.7073170731708,58.0,0.026702404022216797
1365889786.6333756,1156.7073170731708,58.0,0.024779319763183594
1365889786.8577123,1060.9756097560976,58.0,0.021164894104003906
1365889787.0783548,954.2682926829268,58.0,0.020145416259765625
1365889787.2981443,849.390243902439,58.0,0.01822352409362793
1365889787.5159993,910.9756097560976,58.0,0.018908023834228516
1365889787.7345355,971.3414634146342,58.0,0.02356863021850586
1365889787.9565532,929.8780487804878,58.5,0.019204378128051758
1365889788.1752715,843.9024390243902,58.0,0.022764921188354492
1365889788.397535,849.390243902439,58.0,1.484342336654663
1365889788.6188533,998.170731707317,58.0,1.2747993469238281
1365889788.8406875,1126.219512195122,58.0,1.0616569519042969
1365889789.0628726,979.8780487804878,58.5,0.8458666801452637
1365889789.286666,1206.0975609756097,58.5,0.6286063194274902
1365889789.507293,996.3414634146342,58.0,0.413313627243042
1365889789.7268646,939.0243902439024,58.0,0.1975405216217041
1365889789.9455562,1023.1707317073171,58.5,0.02785181999206543
1365889790.173772,984.1463414634146,58.5,0.025397300720214844
1365889790.3977273,1096.9512195121952,58.0,0.019649744033813477
1365889790.6170974,1062.1951219512196,58.0,0.023692607879638672
1365889790.8404667,951.2195121951219,58.0,0.02052450180053711
1365889791.06068,946.3414634146341,58.5,0.02091526985168457
1365889791.2807307,1128.658536585366,58.5,0.026242494583129883
1365889791.5081675,901.219512195122,58.0,0.024948596954345703
1365889791.7302625,1054.2682926829268,58.0,0.02777552604675293
1365889791.9580023,1020.1219512195121,58.0,0.027126073837280273
1365889792.1852512,1140.8536585365853,58.5,0.020778179168701172
1365889792.4053864,1103.658536585366,58.0,0.020966291427612305
1365889792.62762,970.1219512195122,58.5,0.01898670196533203
1365889792.8477106,1135.9756097560976,58.5,0.019455909729003906
1365889793.0667562,860.9756097560976,58.5,0.027257680892944336
1365889793.2925828,901.219512195122,58.0,0.024071216583251953
1365889793.5158994,1131.0975609756097,58.5,0.025641441345214844
1365889793.7394147,951.2195121951219,58.0,0.026946306228637695
1365889793.9658027,1131.7073170731705,59.1,0.02407360076904297
1365889794.1894999,993.2926829268292,58.5,0.018725872039794922
1365889794.4076421,967.0731707317073,58.5,0.018950223922729492
1365889794.626253,953.0487804878048,58.5,0.019967079162597656
1365889794.8458424,1131.0975609756097,58.5,0.018436908721923828
1365889795.0637898,889.0243902439024,58.0,0.02188849449157715
1365889795.2849498,945.1219512195122,58.0,0.022751808166503906
1365889795.5072,882.3170731707318,58.5,0.018300294876098633
1365889795.7251885,889.0243902439024,58.0,0.018545866012573242
1365889795.943789,1192.6829268292684,58.0,0.020704030990600586
1365889796.1645055,904.2682926829268,58.5,0.02167034149169922
1365889796.387187,1245.7317073170732,58.5,0.0263979434967041
1365889796.613585,1175.0,58.5,0.02423858642578125
1365889796.8372455,1050.0,58.0,0.01855301856994629
1365889797.055334,924.3902439024391,58.0,0.021773815155029297
1365889797.2767437,885.3658536585366,58.5,0.020642995834350586
1365889797.4967937,1007.9268292682925,58.0,0.019549131393432617
1365889797.7159424,1045.7317073170732,58.5,0.033716440200805664
1365889797.949045,1043.9024390243903,58.5,0.024241209030151367
1365889798.1727543,998.780487804878,58.0,0.019871950149536133
1365889798.3936887,915.2439024390244,58.5,0.01884770393371582
1365889798.612315,928.048780487805,58.5,0.020879745483398438
1365889798.8358703,1090.2439024390244,58.5,0.021343469619750977
1365889799.0612786,857.9268292682926,58.0,0.027272701263427734
1365889799.2881484,993.2926829268292,58.5,0.021162986755371094
1365889799.5089507,885.3658536585366,58.0,0.0190889835357666
1365889799.7275827,979.2682926829268,58.0,0.019046545028686523
1365889799.948252,863.4146341463414,58.0,0.024564027786254883
1365889800.1716042,878.0487804878048,58.5,0.020069599151611328
1365889800.391205,1101.219512195122,58.5,0.02111029624938965
1365889800.6122766,976.8292682926829,58.5,0.018390893936157227
1365889800.8302457,1220.7317073170732,59.1,0.02481555938720703
1365889801.0547159,943.2926829268292,58.5,0.019411325454711914
1365889801.273686,949.390243902439,58.5,0.019175291061401367
1365889801.4923906,904.2682926829268,59.1,0.018741130828857422
1365889801.7107084,953.0487804878048,58.5,0.02093362808227539
1365889801.931205,874.390243902439,58.5,0.018541812896728516
1365889802.1495895,1178.0487804878048,59.1,0.02657938003540039
1365889802.3757584,854.2682926829268,58.5,0.01872086524963379
1365889802.5940843,928.048780487805,58.5,0.01991415023803711
1365889802.813476,943.9024390243902,58.5,0.023740768432617188
1365889803.0365407,968.9024390243902,58.0,0.019794940948486328
1365889803.2554443,950.0,58.5,0.030777931213378906
1365889803.4861364,1333.5365853658536,58.5,0.020847558975219727
1365889803.7063527,1135.9756097560976,58.0,0.024187326431274414
1365889803.9316883,1092.0731707317073,58.5,0.021496295928955078
1365889804.1542277,943.2926829268292,59.1,0.022687196731567383
1365889804.3770206,1161.5853658536585,58.5,0.024883508682250977
1365889804.6030939,1226.8292682926829,58.5,0.023748397827148438
1365889804.8264594,1115.8536585365855,58.5,0.026996612548828125
1365889805.0531075,940.8536585365853,59.1,0.019763708114624023
1365889805.2724812,853.0487804878048,58.0,0.018959522247314453
1365889805.4912856,1106.09756097561,58.5,0.023453712463378906
1365889805.7147133,939.0243902439024,59.1,0.019371747970581055
1365889805.9340324,1023.1707317073171,58.0,0.0201871395111084
1365889806.1537695,900.0,58.5,0.020754337310791016
1365889806.3741653,843.9024390243902,59.1,0.019379138946533203
1365889806.5933585,885.9756097560976,58.0,0.01919388771057129
1365889806.812222,893.9024390243902,59.1,0.01882004737854004
1365889807.0307317,1131.7073170731705,59.1,0.021766185760498047
1365889807.2520561,940.2439024390243,59.1,0.0190432071685791
1365889807.470715,968.2926829268292,58.5,0.020583152770996094
1365889807.6917496,1092.6829268292684,59.1,0.027164220809936523
1365889807.9183376,1234.7560975609756,59.1,0.022617340087890625
1365889808.1412854,1073.780487804878,59.1,0.021349191665649414
1365889808.3625822,871.9512195121952,59.1,0.018621206283569336
1365889808.581171,1009.7560975609756,59.1,0.026602745056152344
1365889808.8076625,1129.878048780488,59.1,0.02132105827331543
1365889809.0287414,935.3658536585366,59.1,0.026761770248413086
1365889809.2547462,871.9512195121952,59.1,0.027512311935424805
1365889809.4833086,945.1219512195122,58.5,0.018784523010253906
1365889809.7023346,899.390243902439,59.1,0.020216941833496094
1365889809.9222538,946.3414634146341,59.1,0.02096414566040039
1365889810.1420074,960.3658536585366,59.1,0.02026224136352539
1365889810.3610835,964.0243902439024,59.1,0.01904892921447754
1365889810.5798566,1142.0731707317073,59.1,0.02394700050354004
1365889810.8033886,1026.8292682926829,59.6,0.020949363708496094
1365889811.0246825,985.9756097560976,59.1,0.019954681396484375
1365889811.2446208,932.9268292682927,59.1,0.01761341094970703
1365889811.4619286,1128.0487804878048,60.1,0.026698827743530273
1365889811.6871862,1020.7317073170732,59.1,0.018772363662719727
1365889811.9056983,1103.658536585366,59.1,0.022664308547973633
1365889812.1280632,1284.7560975609756,59.1,0.028731346130371094
1365889812.3554773,1031.7073170731708,59.1,0.019566774368286133
1365889812.5746832,885.3658536585366,59.1,0.018894195556640625
1365889812.7932694,1001.219512195122,59.1,0.021672487258911133
1365889813.0146918,895.1219512195122,59.6,0.02044367790222168
1365889813.2346947,946.3414634146341,59.1,0.02115011215209961
1365889813.4558563,1046.9512195121952,59.6,0.019359350204467773
1365889813.67437,979.8780487804878,59.1,0.02452874183654785
1365889813.8956099,946.951219512195,59.6,0.03539848327636719
1365889814.131008,1095.1219512195123,59.6,0.024570226669311523
1365889814.3551893,1054.878048780488,59.1,0.023309946060180664
1365889814.5781102,1093.9024390243903,59.1,0.02106022834777832
1365889814.7976096,957.9268292682926,58.5,0.018709182739257812
1365889815.0155559,993.9024390243902,59.1,0.019393205642700195
1365889815.234779,976.8292682926829,59.6,0.01798248291015625
1365889815.4528973,956.0975609756097,59.1,0.020020484924316406
1365889815.6740408,1187.8048780487804,59.1,0.02269434928894043
1365889815.896506,1145.7317073170732,59.1,0.02001047134399414
1365889816.116187,943.2926829268292,59.1,0.018961191177368164
1365889816.334854,1145.121951219512,59.1,0.025098323822021484
1365889816.5599587,987.8048780487804,58.5,0.01890707015991211
1365889816.7785513,1062.8048780487804,59.1,0.02429485321044922
1365889817.0013044,945.1219512195122,59.1,0.019609928131103516
1365889817.2205036,1135.9756097560976,59.1,0.019054651260375977
1365889817.4391644,962.1951219512194,59.1,0.02383708953857422
1365889817.662748,909.1463414634146,59.1,0.020593881607055664
1365889817.8829188,1268.90243902439,59.1,0.027109622955322266
1365889818.1090274,998.780487804878,59.1,0.03173947334289551
1365889818.3403764,857.3170731707316,58.5,0.019401073455810547
1365889818.5590303,976.219512195122,59.6,0.0267488956451416
1365889818.7850938,871.3414634146342,59.1,0.029453277587890625
1365889819.014141,956.0975609756097,59.1,0.020150423049926758
1365889819.2339041,887.1951219512196,59.1,0.019681453704833984
1365889819.4533796,1125.0,58.5,0.030216693878173828
1365889819.6828694,946.3414634146341,59.1,0.02259659767150879
1365889819.9050763,902.439024390244,59.1,0.02200794219970703
1365889820.1273682,1120.121951219512,59.6,0.028753042221069336
1365889820.3562903,1371.9512195121952,59.1,0.02666950225830078
1365889820.5825794,953.0487804878048,59.1,0.018779754638671875
1365889820.8009636,996.3414634146342,59.6,0.022958993911743164
1365889821.0232308,940.2439024390243,59.1,0.022002220153808594
1365889821.2448719,851.219512195122,59.1,0.018711090087890625
1365889821.4630332,1109.7560975609756,59.1,0.023280858993530273
1365889821.6873877,901.219512195122,59.1,0.025368690490722656
1365889821.9117188,1092.6829268292684,59.1,0.023664236068725586
1365889822.1348882,1153.6585365853657,59.1,0.02332329750061035
1365889822.3574157,1234.7560975609756,59.1,0.029876708984375
1365889822.587333,1162.8048780487804,59.6,0.02158522605895996
1365889822.8088832,1115.8536585365855,59.1,0.02744889259338379
1365889823.0362759,956.0975609756097,59.6,0.01846790313720703
1365889823.2546768,1107.9268292682927,59.1,0.02046346664428711
1365889823.47473,998.780487804878,59.1,0.029388427734375
1365889823.7033148,915.8536585365854,59.6,0.033942222595214844
1365889823.9372416,1064.0243902439024,59.6,0.020946979522705078
1365889824.1577468,1150.0,58.5,0.02443861961364746
1365889824.3819823,1089.0243902439024,59.1,0.02154994010925293
1365889824.6077502,1020.7317073170732,59.6,0.021715641021728516
1365889824.829063,937.8048780487804,59.6,0.022725582122802734
1365889825.0531542,1106.09756097561,59.1,0.022394657135009766
1365889825.274764,1114.0243902439024,59.1,0.02893209457397461
1365889825.503666,951.8292682926829,59.6,0.01923990249633789
1365889825.7231123,854.8780487804878,59.6,0.022560596466064453
1365889825.9453788,1031.0975609756097,59.6,0.028228282928466797
1365889826.1739092,1082.9268292682927,59.6,0.024563312530517578
1365889826.398484,860.3658536585366,59.1,0.019690990447998047
1365889826.617614,1175.6097560975609,60.1,0.023259401321411133
1365889826.841056,846.3414634146342,59.1,0.018262624740600586
1365889827.0593572,1140.8536585365853,59.6,0.02358555793762207
1365889827.2841537,925.0,59.6,0.019922494888305664
1365889827.5040016,953.0487804878048,59.1,0.020490407943725586
1365889827.723886,1137.8048780487804,59.6,0.02293992042541504
1365889827.9467733,852.4390243902438,59.1,0.021533489227294922
1365889828.1664035,1156.0975609756097,59.1,0.02698802947998047
1365889828.3932548,1076.219512195122,59.1,0.021503448486328125
1365889828.6144624,926.829268292683,59.1,0.020222902297973633
1365889828.8344152,1137.8048780487804,59.6,0.02110910415649414
1365889829.0554616,990.8536585365854,59.6,0.020427942276000977
1365889829.27555,984.1463414634146,59.6,0.025853872299194336
1365889829.501298,906.0975609756098,59.1,0.02287149429321289
1365889829.723822,851.219512195122,59.1,0.0216524600982666
1365889829.9451716,1037.8048780487804,60.1,0.027263164520263672
1365889830.1716547,853.0487804878048,59.1,0.027170181274414062
1365889830.3997765,1134.1463414634145,59.1,0.020778894424438477
1365889830.6201906,1114.0243902439024,60.1,0.026903867721557617
1365889830.8467846,1065.8536585365855,59.1,0.0193939208984375
1365889831.065806,910.9756097560976,59.6,0.02074146270751953
1365889831.2861307,860.9756097560976,59.1,0.01858067512512207
1365889831.5043213,914.0243902439024,59.1,0.0197756290435791
1365889831.7236285,957.9268292682926,59.1,0.022495031356811523
1365889831.9440248,909.1463414634146,59.6,0.02792501449584961
1365889832.17105,962.8048780487804,59.1,0.01935863494873047
1365889832.389657,1081.0975609756097,59.1,0.022525787353515625
1365889832.611833,1039.0243902439024,59.6,0.02135181427001953
1365889832.8331761,857.9268292682926,60.1,0.023238658905029297
1365889833.054935,973.780487804878,59.6,0.01999640464782715
1365889833.2761493,982.9268292682926,59.6,0.024648427963256836
1365889833.5007253,1148.780487804878,59.6,0.0228579044342041
1365889833.7233233,867.0731707317074,59.6,0.019940614700317383
1365889833.9428499,1109.7560975609756,60.1,0.025770187377929688
1365889834.1692035,1048.170731707317,59.1,0.026652812957763672
1365889834.3954859,853.0487804878048,60.1,0.01955127716064453
1365889834.61469,1148.1707317073171,59.1,0.02980828285217285
1365889834.8427246,964.0243902439024,59.6,0.02802753448486328
1365889835.070361,951.8292682926829,59.1,0.01867365837097168
1365889835.288687,1126.219512195122,59.6,0.01847219467163086
1365889835.5067794,889.0243902439024,59.6,0.026063203811645508
1365889835.732498,1032.9268292682927,59.6,0.020214319229125977
1365889835.9523468,856.0975609756098,59.6,0.01902937889099121
1365889836.1710327,987.8048780487804,59.6,0.029934406280517578
1365889836.400949,903.048780487805,59.1,0.025813817977905273
1365889836.6268303,852.4390243902438,59.6,0.018158674240112305
1365889836.8450987,1232.9268292682927,59.6,0.03177213668823242
1365889837.0769923,1175.0,59.6,0.020137310028076172
1365889837.2968645,1126.8292682926829,59.1,0.01986408233642578
1365889837.5168927,1193.90243902439,59.6,0.025335311889648438
1365889837.7418716,1021.9512195121952,59.1,0.02299976348876953
1365889837.9645202,852.4390243902438,60.1,0.021245479583740234
1365889838.1853814,909.1463414634146,59.6,0.01986074447631836
1365889838.4054005,1123.780487804878,60.1,0.028197765350341797
1365889838.6331823,899.390243902439,59.6,0.01777195930480957
1365889838.850683,1142.0731707317073,59.1,0.02291107177734375
1365889839.074805,878.0487804878048,59.1,0.019447803497314453
1365889839.2949624,904.2682926829268,59.1,0.029279470443725586
1365889839.5244505,907.3170731707318,59.1,0.018537044525146484
1365889839.7426207,1143.90243902439,59.6,0.020752429962158203
1365889839.963242,1112.8048780487804,59.6,0.02333354949951172
1365889840.186261,1112.1951219512196,60.1,0.024370431900024414
1365889840.4102545,1129.878048780488,60.1,0.021579265594482422
1365889840.6315954,1070.121951219512,60.1,0.022990703582763672
1365889840.8536053,900.0,60.1,0.026427745819091797
1365889841.0792873,893.2926829268292,60.1,0.019985198974609375
1365889841.2987885,1145.7317073170732,60.1,0.02057671546936035
1365889841.51892,1168.9024390243903,60.1,0.028147459030151367
1365889841.7468977,1092.6829268292684,60.1,0.031331539154052734
1365889841.9774058,1139.0243902439024,60.1,0.02021312713623047
1365889842.197154,1059.1463414634145,60.1,0.01978588104248047
1365889842.4166062,965.2439024390244,60.1,0.018712282180786133
1365889842.634954,877.439024390244,60.1,0.01918935775756836
1365889842.8551688,1073.780487804878,59.6,0.021432876586914062
1365889843.0760999,934.1463414634147,59.1,0.018737077713012695
1365889843.2945397,1053.0487804878048,60.1,0.021324634552001953
1365889843.5154507,937.1951219512194,59.6,0.019425153732299805
1365889843.734393,939.0243902439024,59.6,0.022893428802490234
1365889843.9566007,1010.9756097560976,59.1,0.02615976333618164
1365889844.1823213,859.1463414634146,60.1,0.02009749412536621
1365889844.4019358,970.1219512195122,59.1,0.020606040954589844
1365889844.6210072,1128.658536585366,59.6,0.020203590393066406
1365889844.841414,1062.1951219512196,59.1,0.021075010299682617
1365889845.0621629,1006.0975609756098,60.1,0.01881265640258789
1365889845.280505,1154.8780487804877,60.7,0.02057814598083496
1365889845.5008178,1150.609756097561,60.1,0.020833253860473633
1365889845.7212744,949.390243902439,59.6,0.018732070922851562
1365889845.9396157,998.780487804878,60.1,0.019294261932373047
1365889846.1588547,942.0731707317073,60.1,0.02649855613708496
1365889846.385553,1153.0487804878048,60.1,0.02414679527282715
1365889846.609526,1046.9512195121952,59.1,0.023090839385986328
1365889846.8321528,1154.8780487804877,60.1,0.01822662353515625
1365889847.0504012,1020.1219512195121,60.1,0.023046493530273438
1365889847.2728412,1162.8048780487804,59.6,0.02736043930053711
1365889847.4996803,996.9512195121952,60.1,0.02516317367553711
1365889847.7242484,915.2439024390244,60.1,0.019306421279907227
1365889847.9435267,1092.6829268292684,60.1,0.03121352195739746
1365889848.1745417,992.0731707317074,60.1,0.02226114273071289
1365889848.3967574,1123.780487804878,60.1,0.02577662467956543
1365889848.622065,856.0975609756098,59.1,0.022279977798461914
1365889848.8434782,1065.2439024390244,60.1,0.024535179138183594
1365889849.067462,1262.8048780487804,60.1,0.021874189376831055
1365889849.2885303,1107.9268292682927,60.1,0.018864154815673828
1365889849.5072541,1073.1707317073171,60.1,0.01853179931640625
1365889849.7254252,982.9268292682926,60.1,0.018959999084472656
1365889849.9439595,1018.2926829268292,60.1,0.028003692626953125
1365889850.1714065,1064.0243902439024,60.1,0.02409505844116211
1365889850.395197,1121.9512195121952,60.1,0.019519805908203125
1365889850.614652,1250.0,60.1,0.02743697166442871
1365889850.8419557,954.8780487804878,60.1,0.026794910430908203
1365889851.0695367,937.8048780487804,60.1,0.01896047592163086
1365889851.2881253,1034.1463414634147,60.1,0.026860713958740234
1365889851.5143652,918.9024390243903,60.1,0.01888585090637207
1365889851.7327871,904.8780487804878,59.1,0.029532194137573242
1365889851.9598498,943.9024390243902,60.1,0.023923635482788086
1365889852.1835573,1167.6829268292684,60.1,0.024101972579956055
1365889852.4071457,1228.0487804878048,60.1,0.025489330291748047
1365889852.632332,1051.8292682926829,60.1,0.022431612014770508
1365889852.854368,921.9512195121952,60.1,0.02194356918334961
1365889853.0754952,1067.0731707317075,60.1,0.02328181266784668
1365889853.2976491,1009.1463414634145,60.1,0.03279423713684082
1365889853.5307484,1153.0487804878048,59.6,0.025429487228393555
1365889853.7556055,854.8780487804878,59.6,0.01853322982788086
1365889853.9739168,1084.7560975609756,60.1,0.02158498764038086
1365889854.1950889,1067.0731707317075,60.1,0.028033018112182617
1365889854.4238057,1031.0975609756097,60.1,0.022206544876098633
1365889854.6452825,1043.2926829268292,60.1,0.034712791442871094
1365889854.8796196,882.3170731707318,60.1,0.023361921310424805
1365889855.102544,956.0975609756097,60.1,0.018657684326171875
1365889855.3213694,934.1463414634147,60.1,0.0204923152923584
1365889855.5414736,924.3902439024391,60.1,0.01814579963684082
1365889855.759208,896.3414634146342,59.6,0.01994800567626953
1365889855.9787395,1203.0487804878048,60.7,0.022932767868041992
1365889856.2017133,907.3170731707318,59.6,0.01996445655822754
1365889856.422091,1115.8536585365855,60.1,0.024883031845092773
1365889856.646692,1079.8780487804877,60.1,0.025361061096191406
1365889856.8715641,1037.8048780487804,60.1,0.026550769805908203
1365889857.097707,1289.6341463414633,60.1,0.02129840850830078
1365889857.3189502,1032.9268292682927,60.7,0.020885229110717773
1365889857.5394921,1195.7317073170732,60.1,0.02140641212463379
1365889857.7604327,912.1951219512196,60.1,0.020500659942626953
1365889857.9800787,1201.829268292683,59.6,0.026639223098754883
1365889858.206224,859.1463414634146,60.1,0.018500566482543945
1365889858.4241867,959.1463414634146,59.6,0.02547144889831543
1365889858.6491413,943.9024390243902,60.1,0.019778728485107422
1365889858.8685443,982.3170731707316,60.1,0.027373552322387695
1365889859.09611,1258.5365853658536,60.1,0.022699832916259766
1365889859.3188348,1103.0487804878048,60.1,0.02096724510192871
1365889859.53891,926.829268292683,60.7,0.02349853515625
1365889859.7616134,1129.878048780488,60.1,0.024633169174194336
1365889859.985982,921.9512195121952,60.1,0.020241975784301758
1365889860.2058146,1160.9756097560976,60.1,0.023447275161743164
1365889860.4295716,1106.7073170731708,60.1,0.024817466735839844
1365889860.6534424,937.1951219512194,59.6,0.01901698112487793
1365889860.872049,1043.2926829268292,60.1,0.02685856819152832
1365889861.099953,907.9268292682927,59.6,0.024377107620239258
1365889861.324244,854.2682926829268,60.7,0.02182745933532715
1365889861.5459952,940.8536585365853,60.1,0.019045114517211914
1365889861.7646904,1181.09756097561,60.1,0.02187323570251465
1365889861.9860468,1131.7073170731705,60.1,0.02461862564086914
1365889862.209922,1062.8048780487804,60.1,0.020639419555664062
1365889862.4287968,1134.7560975609756,60.1,0.01902151107788086
1365889862.6472673,1057.9268292682925,60.1,0.023180246353149414
1365889862.8685217,1095.1219512195123,60.1,0.023251056671142578
1365889863.0912652,884.1463414634146,59.1,0.02006697654724121
1365889863.3108177,926.829268292683,59.1,0.019646644592285156
1365889863.530075,1065.8536585365855,60.1,0.020087718963623047
1365889863.7497647,1134.7560975609756,60.1,0.021966218948364258
1365889863.9699092,1201.829268292683,60.1,0.02495741844177246
1365889864.19447,918.2926829268293,60.1,0.0196988582611084
1365889864.4138231,1051.219512195122,60.1,0.021299123764038086
1365889864.6347747,1250.0,60.1,0.0314939022064209
1365889864.8657055,1067.6829268292684,60.1,0.022884845733642578
1365889865.0897,885.9756097560976,60.1,0.01871943473815918
1365889865.308425,899.390243902439,60.1,0.025002479553222656
1365889865.5334437,1034.7560975609756,60.1,0.020302534103393555
1365889865.7537162,1000.0,60.1,0.018393516540527344
1365889865.972071,879.8780487804878,60.1,0.020076274871826172
1365889866.1920505,1060.9756097560976,60.1,0.023468732833862305
1365889866.415214,962.1951219512194,60.1,0.023268699645996094
1365889866.6380012,979.8780487804878,59.1,0.017708778381347656
1365889866.8553424,1096.9512195121952,60.1,0.028718948364257812
1365889867.08612,1426.8292682926829,60.1,0.02089691162109375
1365889867.3073323,1020.1219512195121,60.1,0.021889925003051758
1365889867.528618,1265.8536585365853,60.1,0.019908428192138672
1365889867.7482095,853.0487804878048,59.6,0.023219585418701172
1365889867.9709597,982.3170731707316,60.1,0.022438764572143555
1365889868.1921618,960.9756097560976,60.1,0.0232696533203125
1365889868.4150953,924.3902439024391,60.1,0.021007299423217773
1365889868.635719,1064.0243902439024,60.7,0.02316880226135254
1365889868.8585343,909.1463414634146,60.1,0.026602983474731445
1365889869.0845573,935.9756097560976,60.1,0.019196510314941406
1365889869.3033798,1067.0731707317075,60.1,0.02757740020751953
1365889869.5307295,1128.0487804878048,60.1,0.020627975463867188
1365889869.750775,1181.09756097561,60.7,0.03422999382019043
1365889869.9835503,1026.8292682926829,60.1,0.02022409439086914
1365889870.203319,950.0,60.1,0.022203445434570312
1365889870.4246848,1137.8048780487804,60.7,0.027104616165161133
1365889870.651118,925.0,60.1,0.01964712142944336
1365889870.870875,1154.8780487804877,60.1,0.02249932289123535
1365889871.0933483,1081.0975609756097,60.7,0.030417442321777344
1365889871.323937,1001.8292682926829,60.7,0.024344682693481445
1365889871.5480955,1117.0731707317075,60.1,0.025310039520263672
1365889871.7733727,866.4634146341464,60.7,0.01977229118347168
1365889871.9931133,1026.8292682926829,60.1,0.021026611328125
1365889872.2138565,1185.9756097560976,60.1,0.0254974365234375
1365889872.4378638,1192.0731707317075,60.1,0.020212411880493164
1365889872.6580124,918.2926829268293,60.1,0.02166152000427246
1365889872.8795872,1042.0731707317073,60.7,0.020366668701171875
1365889873.1006653,1098.7804878048782,60.7,0.023721933364868164
1365889873.324424,1154.8780487804877,60.7,0.02176833152770996
1365889873.5461717,851.219512195122,60.7,0.019644975662231445
1365889873.7657797,968.9024390243902,60.1,0.0220339298248291
1365889873.9898038,1040.8536585365853,60.7,0.02577972412109375
1365889874.2164805,921.3414634146342,60.1,0.027510881423950195
1365889874.4436255,884.1463414634146,60.1,0.021225690841674805
1365889874.6648333,889.0243902439024,60.1,0.01940178871154785
1365889874.8838181,885.9756097560976,60.7,0.021701574325561523
1365889875.10497,946.3414634146341,60.7,0.02145695686340332
1365889875.3260798,971.3414634146342,60.1,0.018436193466186523
1365889875.5441213,892.0731707317074,60.1,0.020854949951171875
1365889875.7643979,866.4634146341464,60.7,0.02338099479675293
1365889875.9875996,1054.878048780488,60.1,0.021497488021850586
1365889876.2087805,1123.1707317073171,60.7,0.021352529525756836
1365889876.4294493,1070.121951219512,60.1,0.020683765411376953
1365889876.649598,942.0731707317073,60.7,0.026039838790893555
1365889876.8752732,960.3658536585366,60.7,0.027108430862426758
1365889877.1019487,937.8048780487804,60.1,0.018751859664916992
1365889877.3202434,1090.2439024390244,60.1,0.023121356964111328
1365889877.542906,1162.8048780487804,60.7,0.021451950073242188
1365889877.7642944,1303.0487804878048,60.7,0.022959232330322266
1365889877.9868252,943.9024390243902,60.1,0.019384145736694336
1365889878.2058365,1014.0243902439023,60.1,0.020946502685546875
1365889878.426384,968.2926829268292,60.1,0.02100205421447754
1365889878.6470351,937.1951219512194,60.1,0.022589445114135742
1365889878.8682733,967.0731707317073,60.1,0.02407693862915039
1365889879.0913675,962.1951219512194,60.7,0.019212722778320312
1365889879.3104243,1062.1951219512196,60.7,0.029432296752929688
1365889879.5386593,982.9268292682926,60.7,0.02246379852294922
1365889879.760738,900.0,60.7,0.019600629806518555
1365889879.9802737,953.0487804878048,60.7,0.019965171813964844
1365889880.1998587,875.0,60.1,0.019181251525878906
1365889880.4201324,854.2682926829268,60.1,0.02007746696472168
1365889880.6398687,951.2195121951219,60.1,0.018671274185180664
1365889880.859702,973.780487804878,60.1,0.023730993270874023
1365889881.0830476,942.0731707317073,60.7,0.019909143447875977
1365889881.302971,920.1219512195122,60.1,0.018551349639892578
1365889881.5211651,1062.8048780487804,60.7,0.022379159927368164
1365889881.742881,1065.2439024390244,60.7,0.023351192474365234
1365889881.965872,1021.9512195121952,60.7,0.024770736694335938
1365889882.1898727,950.0,60.7,0.020280122756958008
1365889882.4100792,1153.0487804878048,60.7,0.02632284164428711
1365889882.6362128,1123.780487804878,60.1,0.021178722381591797
1365889882.8569431,957.3170731707316,60.1,0.022058963775634766
1365889883.0783627,1104.878048780488,61.2,0.028496742248535156
1365889883.3061693,1065.2439024390244,59.6,0.020732402801513672
1365889883.526609,1150.0,60.1,0.02014636993408203
1365889883.7463915,849.390243902439,60.7,0.027448177337646484
1365889883.9731412,1051.219512195122,60.1,1.4477274417877197
1365889884.1988137,1026.8292682926829,60.7,1.23313307762146
1365889884.4206223,914.0243902439024,60.7,1.0171008110046387
1365889884.639544,1042.0731707317073,61.2,0.802523136138916
1365889884.864628,1206.0975609756097,60.7,0.5835261344909668
1365889885.0851667,1157.9268292682927,60.7,0.371535062789917
1365889885.3104348,1007.9268292682925,60.1,0.15433096885681152
1365889885.528525,910.3658536585366,60.1,0.01888728141784668
1365889885.7471879,946.951219512195,60.7,0.018452882766723633
1365889885.9652915,1131.7073170731705,60.7,0.023362398147583008
1365889886.1896446,954.8780487804878,60.7,0.022095680236816406
1365889886.4129097,937.1951219512194,60.1,0.02849435806274414
1365889886.6410735,1028.0487804878048,60.1,0.025431394577026367
1365889886.8659961,1034.1463414634147,61.2,0.021384239196777344
1365889887.0866928,915.2439024390244,60.1,0.01842951774597168
1365889887.305334,1031.7073170731708,60.7,0.03026580810546875
1365889887.535558,923.1707317073171,60.1,0.021507740020751953
1365889887.7572908,1043.2926829268292,60.1,0.019671201705932617
1365889887.9769647,1181.7073170731708,60.7,0.022754907608032227
1365889888.1999745,1125.0,61.2,0.02005314826965332
1365889888.4196692,1012.8048780487804,60.1,0.0216519832611084
1365889888.640389,867.0731707317074,60.7,0.04101371765136719
1365889888.8807585,1153.0487804878048,60.1,0.01976490020751953
1365889889.1001117,857.3170731707316,60.7,0.020979642868041992
1365889889.3212795,888.4146341463414,60.1,0.019244670867919922
1365889889.540362,859.1463414634146,60.7,0.01961684226989746
1365889889.759604,965.2439024390244,60.7,0.02086472511291504
1365889889.980149,1257.9268292682925,60.1,0.030395030975341797
1365889890.209874,1103.658536585366,60.7,0.02371358871459961
1365889890.4331863,1009.7560975609756,60.1,0.018000364303588867
1365889890.6508315,982.9268292682926,60.7,0.019988059997558594
1365889890.8703437,881.0975609756098,60.7,0.02364373207092285
1365889891.0936742,1070.121951219512,60.1,0.026730060577392578
1365889891.3196406,914.0243902439024,61.2,0.026048660278320312
1365889891.5451453,954.2682926829268,60.7,0.02624654769897461
1365889891.7709758,943.9024390243902,60.7,0.019823551177978516
1365889891.9904318,853.0487804878048,60.7,0.027317047119140625
1365889892.2152984,1098.1707317073171,61.2,0.027811527252197266
1365889892.4427779,1179.878048780488,61.2,0.02381587028503418
1365889892.6665967,1079.8780487804877,61.2,0.02843308448791504
1365889892.8949924,1134.1463414634145,60.1,0.02860093116760254
1365889893.123521,1181.7073170731708,60.7,0.020429611206054688
1365889893.3440297,1146.9512195121952,60.7,0.02089691162109375
1365889893.5649233,996.9512195121952,60.1,0.02770543098449707
1365889893.7927015,1018.2926829268292,60.1,0.018849849700927734
1365889894.0115275,932.9268292682927,60.7,0.018761873245239258
1365889894.2299945,1242.6829268292684,60.7,0.021871566772460938
1365889894.4514804,1018.9024390243901,60.7,0.025428056716918945
1365889894.6765606,929.2682926829269,60.7,0.022761106491088867
1365889894.8988612,889.0243902439024,61.2,0.027527332305908203
1365889895.1260824,946.3414634146341,60.7,0.018369674682617188
1365889895.344063,946.3414634146341,60.7,0.019103050231933594
1365889895.562825,932.9268292682927,60.1,0.020290613174438477
1365889895.7828114,1071.9512195121952,60.7,0.023618459701538086
1365889896.0060282,1059.7560975609756,60.1,0.02480483055114746
1365889896.2307858,910.9756097560976,60.1,0.024594545364379883
1365889896.4547126,896.9512195121952,60.7,0.020100116729736328
1365889896.674808,946.3414634146341,60.7,0.02026963233947754
1365889896.895037,835.3658536585366,61.2,0.018329143524169922
1365889897.1133668,985.9756097560976,60.7,0.026567459106445312
1365889897.3397675,854.2682926829268,60.1,0.02101922035217285
1365889897.5608683,1078.0487804878048,60.7,0.022959232330322266
1365889897.7840474,1073.1707317073171,60.7,0.03465580940246582
1365889898.0192316,901.219512195122,60.1,0.018449068069458008
1365889898.2375193,904.8780487804878,60.1,0.01795172691345215
1365889898.4554608,1075.0,60.1,0.02955031394958496
1365889898.685194,949.390243902439,60.7,0.018021583557128906
1365889898.9027114,976.219512195122,60.7,0.020132780075073242
1365889899.1222665,960.3658536585366,60.1,0.01898980140686035
1365889899.3409417,1054.878048780488,60.1,0.020740509033203125
1365889899.5612366,989.0243902439024,61.2,0.02732086181640625
1365889899.7880633,1186.5853658536585,60.7,0.025191068649291992
1365889900.0131078,1056.7073170731708,61.2,0.01955437660217285
1365889900.232266,882.9268292682926,60.7,0.020152807235717773
1365889900.452014,926.219512195122,60.7,0.018846511840820312
1365889900.670533,1076.829268292683,60.7,0.02648758888244629
1365889900.8966012,890.8536585365854,60.7,0.023211002349853516
1365889901.1192994,864.0243902439024,60.7,0.02254486083984375
1365889901.3413742,848.170731707317,60.7,0.020233869552612305
1365889901.5611482,915.8536585365854,60.1,0.020349502563476562
1365889901.78105,1134.7560975609756,60.1,0.025875329971313477
1365889902.0065231,1007.9268292682925,60.7,0.028257131576538086
1365889902.2345493,1065.8536585365855,60.7,0.02328634262084961
1365889902.4570131,932.3170731707318,60.7,0.0265505313873291
1365889902.683532,907.3170731707318,60.7,0.01983499526977539
1365889902.9033356,895.1219512195122,60.7,0.02529311180114746
1365889903.1264555,990.2439024390244,60.7,0.0184781551361084
1365889903.34447,953.0487804878048,60.7,0.01841902732849121
1365889903.5624733,975.0,60.7,0.019899845123291016
1365889903.781986,860.9756097560976,61.2,0.018825292587280273
1365889904.0003917,1007.3170731707318,60.7,0.03055882453918457
1365889904.2305079,926.219512195122,60.7,0.02330303192138672
1365889904.453227,1131.7073170731705,60.7,0.022597074508666992
1365889904.6755846,1189.6341463414635,60.7,0.029932737350463867
1365889904.9052427,973.170731707317,60.7,0.028240442276000977
1365889905.1331515,957.3170731707316,60.1,0.01818561553955078
1365889905.351023,979.2682926829268,60.7,0.019133329391479492
1365889905.569731,1232.9268292682927,60.7,0.02417922019958496
1365889905.7935324,971.951219512195,61.2,0.021027088165283203
1365889906.0142245,1112.1951219512196,60.7,0.02911210060119629
1365889906.2428498,990.2439024390244,60.7,0.032573699951171875
1365889906.474869,853.0487804878048,60.7,0.02004218101501465
1365889906.6941786,954.8780487804878,60.7,0.018965959548950195
1365889906.9129858,1078.0487804878048,60.1,0.025999784469604492
1365889907.1386392,931.0975609756098,60.7,0.020620346069335938
1365889907.3588843,1134.1463414634145,60.7,0.020877599716186523
1365889907.5793257,910.9756097560976,60.1,0.018099069595336914
1365889907.797047,1064.0243902439024,60.1,0.019896745681762695
1365889908.0165987,1175.6097560975609,60.7,0.019716262817382812
1365889908.2359586,993.9024390243902,60.7,0.020129680633544922
1365889908.455619,1053.0487804878048,60.7,0.025981664657592773
1365889908.6809733,896.9512195121952,60.1,0.018888235092163086
1365889908.9030073,1200.0,60.7,0.027274131774902344
1365889909.1298347,1110.9756097560976,60.7,0.020427227020263672
1365889909.3501108,910.9756097560976,61.2,0.01881098747253418
1365889909.5688665,954.2682926829268,60.7,0.02267146110534668
1365889909.7913055,877.439024390244,60.7,0.025341033935546875
1365889910.0164008,962.1951219512194,60.7,0.02022576332092285
1365889910.2361076,1014.0243902439023,60.1,0.0239412784576416
1365889910.4596484,965.2439024390244,60.7,0.019098758697509766
1365889910.6784549,856.0975609756098,60.1,0.020853042602539062
1365889910.898378,1014.0243902439023,60.7,0.025748491287231445
1365889911.123839,1073.1707317073171,60.7,0.023143529891967773
1365889911.3465717,1170.7317073170732,60.1,0.026708364486694336
1365889911.5728436,996.3414634146342,60.7,0.021338224411010742
1365889911.793795,995.1219512195122,60.7,0.020728349685668945
1365889912.0139966,882.9268292682926,61.2,0.027048110961914062
1365889912.240751,1060.9756097560976,60.7,0.0209963321685791
1365889912.4612932,953.0487804878048,60.7,0.02015066146850586
1365889912.6811125,1176.8292682926829,60.1,0.028030872344970703
1365889912.9082866,1129.878048780488,61.2,0.023909807205200195
1365889913.1315646,929.2682926829269,60.7,0.019037723541259766
1365889913.3502245,1020.1219512195121,61.2,0.027727365493774414
1365889913.5775657,1023.7804878048779,60.1,0.01896834373474121
1365889913.7957606,990.8536585365854,60.1,0.0230710506439209
1365889914.018687,920.1219512195122,60.1,0.018966197967529297
1365889914.2371976,1051.219512195122,60.7,0.02719259262084961
1365889914.46445,890.8536585365854,60.7,0.021373510360717773
1365889914.684437,843.9024390243902,60.7,0.01868748664855957
1365889914.9026864,1054.878048780488,60.7,0.020398616790771484
1365889915.1225886,846.951219512195,61.2,0.0194242000579834
1365889915.3416367,851.219512195122,60.7,0.018670082092285156
1365889915.559797,992.0731707317074,60.1,0.020873069763183594
1365889915.7805417,1034.7560975609756,60.1,0.019278287887573242
1365889915.999339,929.2682926829269,60.1,0.03050994873046875
1365889916.2291956,1060.9756097560976,61.2,0.027610063552856445
1365889916.4586723,1257.9268292682925,60.7,0.0209197998046875
1365889916.6791234,928.048780487805,60.7,0.022280454635620117
1365889916.9004872,863.4146341463414,60.7,0.023823022842407227
1365889917.1234546,979.2682926829268,60.7,0.020688533782958984
1365889917.3436892,982.3170731707316,60.7,0.020477294921875
1365889917.5637836,900.0,60.7,0.018729209899902344
1365889917.7823896,939.0243902439024,61.2,0.023916959762573242
1365889918.005427,873.170731707317,60.7,0.019473552703857422
1365889918.224408,924.3902439024391,60.7,0.0193939208984375
1365889918.4451883,943.9024390243902,60.7,0.026632308959960938
1365889918.67153,1164.6341463414633,60.7,0.029237031936645508
1365889918.8994389,998.780487804878,60.7,0.023151397705078125
1365889919.1218624,907.9268292682927,60.7,0.018861055374145508
1365889919.3402898,926.829268292683,60.7,0.01968097686767578
1365889919.5594723,962.8048780487804,60.7,0.01938176155090332
1365889919.7783399,892.0731707317074,60.7,0.01980423927307129
1365889919.9980316,1214.0243902439024,61.2,0.024182796478271484
1365889920.2202203,921.3414634146342,60.7,0.020606517791748047
1365889920.440446,857.9268292682926,61.2,0.026942729949951172
1365889920.6668262,1128.0487804878048,60.7,0.019357681274414062
1365889920.8856938,1000.0,60.7,0.020647048950195312
1365889921.1059396,904.8780487804878,60.7,0.030686140060424805
1365889921.3379033,1068.90243902439,60.7,0.022933244705200195
1365889921.560491,909.1463414634146,60.7,0.029443979263305664
1365889921.7890048,874.390243902439,60.7,0.024361133575439453
1365889922.0133705,918.2926829268293,60.7,0.02075815200805664
1365889922.2342265,1150.0,60.7,0.021856069564819336
1365889922.4560764,979.2682926829268,61.2,0.02048468589782715
1365889922.676233,1117.0731707317075,60.7,0.02666330337524414
1365889922.9020402,1192.0731707317075,60.7,0.03377413749694824
1365889923.1349576,954.2682926829268,60.7,0.02609109878540039
1365889923.360437,964.0243902439024,60.7,0.018861055374145508
1365889923.57897,1059.7560975609756,61.2,0.026154041290283203
1365889923.8047543,1064.0243902439024,61.2,0.019836902618408203
1365889924.0245109,856.0975609756098,60.7,0.02492070198059082
1365889924.2494483,971.3414634146342,60.7,0.023784160614013672
1365889924.4733493,1065.2439024390244,60.7,0.0262606143951416
1365889924.6992683,935.9756097560976,61.2,0.021782636642456055
1365889924.9202662,1078.0487804878048,60.1,0.021500110626220703
1365889925.1416857,940.8536585365853,61.2,0.0188143253326416
1365889925.3604302,924.3902439024391,61.2,0.01899576187133789
1365889925.5793183,978.0487804878048,60.7,0.026021957397460938
1365889925.8049603,1085.9756097560976,61.2,0.02177596092224121
1365889926.0263827,1300.6097560975609,60.7,0.02352428436279297
1365889926.249503,1159.1463414634147,60.7,0.019911527633666992
1365889926.467707,1185.9756097560976,61.2,0.030012130737304688
1365889926.6972096,1076.829268292683,60.7,0.025252342224121094
1365889926.921962,1132.9268292682925,61.2,0.019329071044921875
1365889927.1410184,1070.121951219512,61.2,0.027016639709472656
1365889927.3676322,1296.9512195121952,61.2,0.02416372299194336
1365889927.5914223,902.439024390244,61.2,0.02156829833984375
1365889927.8125412,1154.8780487804877,60.7,0.01903223991394043
1365889928.0310884,1006.0975609756098,61.2,0.02060532569885254
1365889928.2510757,967.0731707317073,61.2,0.020908594131469727
1365889928.471544,939.0243902439024,61.2,0.03201174736022949
1365889928.703139,953.0487804878048,60.7,0.01905512809753418
1365889928.9218476,1101.219512195122,60.7,0.020818710327148438
1365889929.1422124,917.0731707317074,60.7,0.019631385803222656
1365889929.3614862,990.8536585365854,61.2,0.019339323043823242
1365889929.580717,1001.8292682926829,60.7,0.021763086318969727
1365889929.8028421,1098.7804878048782,61.2,0.025211095809936523
1365889930.0276082,909.1463414634146,60.7,0.017899513244628906
1365889930.2455256,1084.1463414634147,60.7,0.025017738342285156
1365889930.4699867,954.8780487804878,60.7,0.020435094833374023
1365889930.6893008,889.0243902439024,61.2,0.019356489181518555
1365889930.9081924,868.2926829268292,60.7,0.021767616271972656
1365889931.1294587,862.1951219512194,60.7,0.022246599197387695
1365889931.3514175,920.1219512195122,60.7,0.024689674377441406
1365889931.5754857,1125.0,61.2,0.02155613899230957
1365889931.7964504,1056.7073170731708,61.2,0.030722856521606445
1365889932.0264637,1203.6585365853657,60.7,0.02815723419189453
1365889932.2545726,1123.780487804878,61.2,0.019893407821655273
1365889932.4744203,1142.0731707317073,60.7,0.021344900131225586
1365889932.695351,962.1951219512194,61.2,0.01925492286682129
1365889932.914216,1128.658536585366,61.2,0.02335381507873535
1365889933.1360154,1106.7073170731708,61.2,0.024978160858154297
1365889933.3609293,1104.878048780488,60.7,0.030496835708618164
1365889933.591714,1007.9268292682925,61.2,0.02800273895263672
1365889933.8193166,931.0975609756098,61.2,0.01919722557067871
1365889934.0384471,943.9024390243902,61.2,0.01846027374267578
1365889934.2565958,942.0731707317073,60.7,0.03133749961853027
1365889934.4870753,934.1463414634147,61.8,0.020725727081298828
1365889934.7070293,837.1951219512194,60.7,0.01877140998840332
1365889934.9253566,1087.8048780487807,61.2,0.021365642547607422
1365889935.1463938,1231.7073170731708,61.2,0.02030491828918457
1365889935.3664312,1134.1463414634145,61.2,0.020407915115356445
1365889935.5865347,1137.8048780487804,61.8,0.022800207138061523
1365889935.8081982,959.1463414634146,60.7,0.018709897994995117
1365889936.0265274,1037.1951219512193,61.2,0.026552677154541016
1365889936.2526867,943.9024390243902,61.2,0.03310084342956543
1365889936.485057,1240.8536585365855,61.2,0.019750356674194336
1365889936.7043781,940.8536585365853,61.2,0.01880502700805664
1365889936.9224255,931.0975609756098,60.7,0.022014617919921875
1365889937.143705,1060.9756097560976,61.2,0.027638673782348633
1365889937.3702917,957.9268292682926,60.7,0.02001953125
1365889937.590335,1098.1707317073171,61.2,0.02326655387878418
1365889937.8132002,1129.878048780488,61.2,0.030258893966674805
1365889938.0422199,893.2926829268292,60.7,0.023818492889404297
1365889938.2645476,934.1463414634147,61.2,0.026942729949951172
1365889938.4912581,1148.1707317073171,61.2,0.02067399024963379
1365889938.7115934,1135.9756097560976,61.2,0.024958133697509766
1365889938.9356139,926.829268292683,61.2,0.024283647537231445
1365889939.1595137,879.8780487804878,61.2,0.0200040340423584
1365889939.379207,962.1951219512194,61.8,0.02428126335144043
1365889939.602755,1000.0,60.7,0.023739099502563477
1365889939.8262868,1059.1463414634145,60.7,0.02116537094116211
1365889940.0470388,1018.9024390243901,61.8,0.028853178024291992
1365889940.277211,926.219512195122,61.2,0.02237105369567871
1365889940.4989045,1076.219512195122,61.2,0.026330947875976562
1365889940.7249453,1117.6829268292684,61.2,0.018897533416748047
1365889940.9434822,942.0731707317073,61.2,0.01983165740966797
1365889941.163005,1185.9756097560976,61.2,0.02179741859436035
1365889941.3843281,857.9268292682926,61.2,0.01885509490966797
1365889941.6028636,1175.6097560975609,61.8,0.026563644409179688
1365889941.8276265,973.780487804878,61.2,0.018512248992919922
1365889942.04611,1004.2682926829267,61.2,0.026485204696655273
1365889942.2727013,1123.780487804878,61.2,0.023870229721069336
1365889942.4976137,951.2195121951219,61.2,0.019176006317138672
1365889942.716382,995.1219512195122,60.7,0.019803524017333984
1365889942.9357545,871.9512195121952,61.2,0.027933835983276367
1365889943.1632543,1134.1463414634145,61.2,0.02295517921447754
1365889943.3858504,1009.1463414634145,61.2,0.02550053596496582
1365889943.6113784,852.4390243902438,61.2,0.01822066307067871
1365889943.8293893,1112.8048780487804,61.2,0.02263355255126953
1365889944.0516849,1065.2439024390244,61.8,0.02760004997253418
1365889944.2785144,959.1463414634146,61.2,0.025377988815307617
1365889944.5034752,984.7560975609756,61.2,0.01905965805053711
1365889944.7223365,935.9756097560976,61.2,0.021646499633789062
1365889944.9436116,1040.2439024390244,61.2,0.02784132957458496
1365889945.1710727,946.3414634146341,61.2,0.019312143325805664
1365889945.3900192,968.2926829268292,61.2,0.020369768142700195
1365889945.6100318,973.780487804878,61.8,0.025978803634643555
1365889945.8360355,1131.7073170731705,60.7,0.019745349884033203
1365889946.0553095,1065.2439024390244,61.8,0.0325322151184082
1365889946.288119,1015.2439024390243,61.2,0.022295475006103516
1365889946.509914,1137.1951219512196,61.2,0.01998615264892578
1365889946.7295368,1165.8536585365853,61.2,0.02005767822265625
1365889946.9491622,973.780487804878,61.8,0.029523372650146484
1365889947.178355,850.0,60.7,0.018488168716430664
1365889947.3964815,1189.6341463414635,61.2,0.02817249298095703
1365889947.6241217,1015.2439024390243,61.2,0.02203226089477539
1365889947.8459985,1078.0487804878048,61.2,0.02216362953186035
1365889948.068099,932.3170731707318,60.7,0.019078731536865234
1365889948.2871356,881.0975609756098,61.2,0.018934965133666992
1365889948.5059342,943.9024390243902,61.2,0.018689870834350586
1365889948.7241518,912.1951219512196,61.2,0.019855976104736328
1365889948.943236,898.1707317073171,61.2,0.019975900650024414
1365889949.1635408,1012.8048780487804,60.7,0.024124622344970703
1365889949.3873742,987.1951219512194,61.2,0.01919269561767578
1365889949.6065278,946.3414634146341,61.2,0.027958393096923828
1365889949.8342218,1015.8536585365854,60.1,0.02033829689025879
1365889950.0540938,993.9024390243902,61.2,0.028738737106323242
1365889950.2822964,1081.7073170731708,61.2,0.027357816696166992
1365889950.5094504,1275.609756097561,61.2,0.02117300033569336
1365889950.7301326,887.1951219512196,61.2,0.01819157600402832
1365889950.9481177,982.9268292682926,61.2,0.020807504653930664
1365889951.1685314,989.0243902439024,61.2,0.018633365631103516
1365889951.3866704,1168.9024390243903,61.2,0.019548654556274414
1365889951.6056743,954.2682926829268,60.7,0.022844791412353516
1365889951.8281631,896.9512195121952,61.2,0.018975496292114258
1365889952.046735,1004.2682926829267,61.2,0.01946568489074707
1365889952.265712,1020.1219512195121,60.7,0.02080821990966797
1365889952.486165,982.3170731707316,60.7,0.018060922622680664
1365889952.705282,1240.8536585365855,61.2,0.02799391746520996
1365889952.9320674,873.170731707317,60.7,0.020676136016845703
1365889953.1527078,942.0731707317073,61.2,0.018695354461669922
1365889953.370983,924.3902439024391,61.8,0.020249128341674805
1365889953.590692,940.8536585365853,61.2,0.022104263305664062
1365889953.812047,1025.0,61.2,0.0199129581451416
1365889954.0313747,917.0731707317074,60.7,0.027167081832885742
1365889954.2564175,915.8536585365854,61.2,0.028687238693237305
1365889954.4843974,1131.0975609756097,61.2,0.037339210510253906
1365889954.7061448,1037.8048780487804,61.2,0.0222775936126709
1365889954.9284134,890.8536585365854,61.2,0.020381927490234375
1365889955.1482687,1298.780487804878,60.7,0.020145416259765625
1365889955.3681126,1067.0731707317075,60.7,0.021280527114868164
1365889955.588856,929.8780487804878,61.2,0.021137237548828125
1365889955.8109026,1070.121951219512,61.2,0.027550697326660156
1365889956.037541,904.2682926829268,60.7,0.020048856735229492
1365889956.2570693,1101.219512195122,61.2,0.02553081512451172
1365889956.4806428,910.9756097560976,61.2,0.02768087387084961
1365889956.7092867,954.8780487804878,61.8,0.023029804229736328
1365889956.9313138,967.0731707317073,61.2,0.02416682243347168
1365889957.1536543,960.3658536585366,60.7,0.021813631057739258
1365889957.372695,1018.2926829268292,60.1,0.02309417724609375
1365889957.5948496,967.0731707317073,61.2,0.024013757705688477
1365889957.8181279,1145.121951219512,61.8,0.023782968521118164
1365889958.0432384,993.2926829268292,61.2,0.020865440368652344
1365889958.2637575,1012.8048780487804,61.2,0.03290152549743652
1365889958.4960463,1021.9512195121952,61.8,0.025793075561523438
1365889958.721384,915.8536585365854,60.7,0.020591020584106445
1365889958.9416714,1065.2439024390244,61.2,0.021049976348876953
1365889959.1623282,1006.0975609756098,60.7,0.019063949584960938
1365889959.3809786,860.3658536585366,61.2,0.022084474563598633
1365889959.6008773,995.1219512195122,61.2,0.02175283432006836
1365889959.8222935,851.219512195122,61.2,0.017771244049072266
1365889960.0396512,973.170731707317,61.2,0.023647546768188477
1365889960.2631438,1070.121951219512,61.2,0.021792173385620117
1365889960.4849207,888.4146341463414,61.2,0.018829822540283203
1365889960.70374,903.048780487805,61.2,0.01936793327331543
1365889960.9230669,1143.90243902439,61.2,0.02137470245361328
1365889961.1443298,931.0975609756098,61.8,0.03086543083190918
1365889961.3715198,898.1707317073171,60.7,0.019901752471923828
1365889961.5908408,925.0,61.2,0.025623559951782227
1365889961.8183687,904.2682926829268,61.2,0.018765687942504883
1365889962.037024,917.0731707317074,61.2,0.020243167877197266
1365889962.259483,1062.8048780487804,61.2,0.02977585792541504
1365889962.488626,1056.09756097561,61.8,0.028305768966674805
1365889962.716479,1092.6829268292684,61.2,0.024157047271728516
1365889962.9400043,962.1951219512194,61.8,0.02259540557861328
1365889963.1616976,1137.1951219512196,61.2,0.024985790252685547
1365889963.385618,964.0243902439024,62.3,0.020483016967773438
1365889963.6058998,907.9268292682927,61.2,0.019534587860107422
1365889963.8250341,856.0975609756098,61.2,0.01915264129638672
1365889964.0442064,1126.219512195122,61.2,0.024915695190429688
1365889964.2714283,1121.9512195121952,61.2,0.03437638282775879
1365889964.5058467,1350.0,61.2,0.05843067169189453
1365889964.730973,918.2926829268293,61.8,0.019804000854492188
1365889964.9507294,946.3414634146341,60.7,0.021662235260009766
1365889965.1720524,987.8048780487804,61.8,0.020734548568725586
1365889965.3925762,1137.1951219512196,60.7,0.021744966506958008
1365889965.6138895,871.9512195121952,61.2,0.018538713455200195
1365889965.8320944,945.1219512195122,60.7,0.019609451293945312
1365889966.0511775,964.0243902439024,61.2,0.022806167602539062
1365889966.2731445,909.1463414634146,61.2,0.018645524978637695
1365889966.4914072,935.3658536585366,61.2,0.018732547760009766
1365889966.7103143,900.0,61.2,0.018543243408203125
1365889966.9289217,1034.1463414634147,61.2,0.020714759826660156
1365889967.1500988,903.048780487805,61.2,0.024235010147094727
1365889967.37234,968.9024390243902,61.2,0.026365280151367188
1365889967.5984106,914.0243902439024,60.1,0.019443035125732422
1365889967.8172977,901.219512195122,61.2,0.01877427101135254
1365889968.035534,946.951219512195,61.2,0.01861715316772461
1365889968.2537098,960.3658536585366,61.2,0.019491195678710938
1365889968.4728808,1131.7073170731705,61.2,0.020119190216064453
1365889968.692716,990.8536585365854,60.7,0.019171953201293945
1365889968.9114647,896.9512195121952,61.2,0.02125835418701172
1365889969.1322365,1092.6829268292684,61.2,0.024548053741455078
1365889969.3570137,937.1951219512194,60.7,0.01986837387084961
1365889969.5765605,1173.780487804878,61.2,0.029412269592285156
1365889969.806832,909.1463414634146,61.2,0.019031286239624023
1365889970.025619,1126.219512195122,61.2,0.020180463790893555
1365889970.247641,1045.7317073170732,61.2,0.024344682693481445
1365889970.4682763,928.048780487805,61.2,0.019144296646118164
1365889970.6877346,1004.2682926829267,61.2,0.029649019241333008
1365889970.9170854,985.9756097560976,60.7,0.018973588943481445
1365889971.1361623,1175.6097560975609,60.7,0.02622079849243164
1365889971.3643265,1107.9268292682927,60.1,0.019171953201293945
1365889971.5834415,915.8536585365854,61.2,0.018640756607055664
1365889971.801984,993.2926829268292,61.2,0.02040886878967285
1365889972.0223415,968.2926829268292,60.7,0.022145748138427734
1365889972.2430332,851.219512195122,61.2,0.027037620544433594
1365889972.4727116,854.2682926829268,61.2,0.02757573127746582
1365889972.7000165,995.1219512195122,61.2,0.018587827682495117
1365889972.9181345,928.048780487805,61.2,0.027653217315673828
1365889973.1444075,1208.5365853658536,60.7,0.020430564880371094
1365889973.3642435,920.1219512195122,61.8,0.018522024154663086
1365889973.5823047,940.2439024390243,61.2,0.018982648849487305
1365889973.8008316,1114.0243902439024,61.2,0.02350616455078125
1365889974.0243332,1126.8292682926829,61.2,0.0229032039642334
1365889974.2472556,1067.6829268292684,61.2,0.02043628692626953
1365889974.467289,1143.90243902439,61.2,0.027759075164794922
1365889974.6948564,1109.7560975609756,61.2,0.024529695510864258
1365889974.919099,970.1219512195122,61.2,0.020295381546020508
1365889975.1389565,1057.9268292682925,61.2,0.02684617042541504
1365889975.3653958,854.2682926829268,61.2,0.018482208251953125
1365889975.5835795,1197.560975609756,61.2,0.027729272842407227
1365889975.8109841,1112.1951219512196,61.2,0.019254446029663086
1365889976.0298116,1037.1951219512193,61.2,0.021873950958251953
1365889976.2513509,1128.0487804878048,61.2,0.022423505783081055
1365889976.473284,878.0487804878048,61.2,0.018439531326293945
1365889976.6913798,1029.8780487804877,61.2,0.02084803581237793
1365889976.9119296,1128.658536585366,61.2,0.024467945098876953
1365889977.135645,979.8780487804878,61.8,0.026598215103149414
1365889977.3617334,1065.2439024390244,61.2,0.028446197509765625
1365889977.589404,935.3658536585366,61.2,0.02065443992614746
1365889977.8095849,946.951219512195,61.2,0.018718957901000977
1365889978.0279462,904.2682926829268,61.2,0.0174562931060791
1365889978.2452016,1217.0731707317073,61.2,0.02246570587158203
1365889978.4672036,890.8536585365854,60.7,0.020676851272583008
1365889978.687547,857.3170731707316,61.2,0.01854085922241211
1365889978.9057567,1090.2439024390244,61.2,0.03420519828796387
1365889979.1393826,1139.6341463414635,61.2,0.025597333908081055
1365889979.3646984,932.3170731707318,61.2,0.01858973503112793
1365889979.582976,857.3170731707316,61.2,0.01934337615966797
1365889979.8022988,964.0243902439024,61.2,0.019437313079833984
1365889980.021573,1079.8780487804877,61.2,0.018969297409057617
1365889980.2405384,1050.0,61.2,0.019124269485473633
1365889980.4595692,1167.0731707317073,61.2,0.02268362045288086
1365889980.6819577,984.7560975609756,60.7,0.018977880477905273
1365889980.9007437,1168.9024390243903,61.2,0.025780916213989258
1365889981.1260915,946.3414634146341,61.2,0.022778034210205078
1365889981.348522,968.2926829268292,61.8,0.01877880096435547
1365889981.5669098,910.9756097560976,61.2,0.018904685974121094
1365889981.7850707,896.9512195121952,61.2,0.02258610725402832
1365889982.0067792,1095.7317073170732,61.8,0.023545265197753906
1365889982.229876,896.9512195121952,61.2,0.017865896224975586
1365889982.4471767,990.2439024390244,61.2,0.0193636417388916
1365889982.6664104,1067.6829268292684,61.2,0.01956939697265625
1365889982.8855727,870.1219512195122,61.8,0.02809429168701172
1365889983.1147316,932.3170731707318,61.2,0.018614768981933594
1365889983.3346343,1143.90243902439,61.8,0.020859956741333008
1365889983.558655,957.9268292682926,61.2,0.022430896759033203
1365889983.7812183,1068.90243902439,61.2,0.021358251571655273
1365889984.0024579,898.1707317073171,61.8,0.023677349090576172
1365889984.2259214,907.9268292682927,61.2,0.018202543258666992
1365889984.4441829,1128.658536585366,61.8,0.018865108489990234
1365889984.662706,1126.8292682926829,61.2,0.023166418075561523
1365889984.8858664,1209.7560975609756,61.8,0.023812532424926758
1365889985.109206,957.3170731707316,61.2,0.019693613052368164
1365889985.3287587,1134.1463414634145,61.2,0.020519495010375977
1365889985.5495925,1117.0731707317075,61.2,0.023763179779052734
1365889985.7730055,876.219512195122,61.2,0.026803255081176758
1365889985.9994304,859.1463414634146,61.2,0.019572734832763672
1365889986.2189038,1237.8048780487804,61.8,0.03399944305419922
1365889986.45214,1109.7560975609756,61.2,0.024035930633544922
1365889986.675829,874.390243902439,61.2,0.01875019073486328
1365889986.8941708,1003.0487804878047,60.7,0.019831418991088867
1365889987.1136062,935.3658536585366,61.2,0.02663564682006836
1365889987.341682,996.3414634146342,61.2,0.019497156143188477
1365889987.5610795,987.1951219512194,61.2,0.018875598907470703
1365889987.7796228,1212.8048780487807,61.2,0.027202606201171875
1365889988.006242,1045.7317073170732,61.2,0.02442193031311035
1365889988.2302535,945.1219512195122,60.7,0.02005767822265625
1365889988.4498358,918.2926829268293,61.2,0.02370476722717285
1365889988.672737,1215.8536585365853,61.8,0.01932811737060547
1365889988.892107,1175.0,61.2,0.02747178077697754
1365889989.119467,1082.9268292682927,61.2,0.026441097259521484
1365889989.3467064,1039.0243902439024,61.8,0.021189451217651367
1365889989.5669382,982.3170731707316,61.2,0.025499582290649414
1365889989.7916915,1110.9756097560976,61.2,0.024631023406982422
1365889990.0166087,981.0975609756098,61.8,0.0185699462890625
1365889990.236587,1015.8536585365854,61.8,0.028593063354492188
1365889990.4649456,1103.0487804878048,61.2,0.029283761978149414
1365889990.693891,1210.9756097560976,61.8,0.03093409538269043
1365889990.9226048,940.2439024390243,61.8,0.022943973541259766
1365889991.145084,1079.2682926829268,61.8,0.019933700561523438
1365889991.3646154,1128.658536585366,61.2,0.0198822021484375
1365889991.5840025,910.3658536585366,61.2,0.01920294761657715
1365889991.8027563,871.9512195121952,61.2,0.018614768981933594
1365889992.0210607,1128.0487804878048,61.2,0.02815532684326172
1365889992.2417903,917.0731707317074,61.2,0.02108597755432129
1365889992.462458,960.3658536585366,61.2,0.025916099548339844
1365889992.6883352,937.8048780487804,61.2,0.02010202407836914
1365889992.9081068,1018.2926829268292,61.2,0.022332191467285156
1365889993.130034,865.2439024390244,61.2,0.019703388214111328
1365889993.3493707,1067.0731707317075,61.2,0.024616241455078125
1365889993.5736296,898.1707317073171,61.8,0.025760173797607422
1365889993.799084,1078.0487804878048,61.8,0.024942398071289062
1365889994.023842,1084.7560975609756,61.2,0.024627208709716797
1365889994.248445,940.2439024390243,61.2,0.0210263729095459
1365889994.4693196,932.3170731707318,61.2,0.023057222366333008
1365889994.6938283,1267.6829268292681,61.2,0.03057384490966797
1365889994.9244826,912.1951219512196,61.2,0.01942300796508789
1365889995.1438699,965.8536585365854,61.2,0.02113199234008789
1365889995.3652828,895.1219512195122,61.2,0.020494937896728516
1365889995.5857167,849.390243902439,60.7,0.020061016082763672
1365889995.8057804,857.3170731707316,61.8,0.023436546325683594
1365889996.0290735,890.8536585365854,61.2,0.020536422729492188
1365889996.2490485,871.9512195121952,61.2,0.02208852767944336
1365889996.4712389,924.3902439024391,61.8,0.026468753814697266
1365889996.6975913,1139.0243902439024,61.8,0.023600339889526367
1365889996.9211576,899.390243902439,61.2,0.019595861434936523
1365889997.140414,887.1951219512196,61.2,0.022504806518554688
1365889997.3631089,1103.0487804878048,62.3,0.019937753677368164
1365889997.5826955,1154.8780487804877,61.2,0.02190876007080078
1365889997.8048422,915.8536585365854,61.8,0.02248549461364746
1365889998.0264854,1126.8292682926829,61.8,0.018267393112182617
1365889998.2457685,978.0487804878048,61.8,0.01907825469970703
1365889998.4645476,1028.0487804878048,61.8,0.02140331268310547
1365889998.6862068,1278.6585365853657,61.8,0.025193214416503906
1365889998.9107578,1064.0243902439024,62.3,0.026018857955932617
1365889999.1364567,893.2926829268292,62.3,0.022345781326293945
1365889999.3579397,1167.6829268292684,62.3,0.024697065353393555
1365889999.5821745,1084.1463414634147,62.3,0.021895885467529297
1365889999.803993,950.0,61.2,0.021008729934692383
1365890000.024986,954.2682926829268,61.2,0.025009632110595703
1365890000.2501585,987.1951219512194,61.2,0.0219113826751709
1365890000.4711473,854.2682926829268,61.2,0.029250383377075195
1365890000.6999795,1089.0243902439024,61.2,0.03492426872253418
1365890000.9336886,1081.7073170731708,62.3,0.024576663970947266
1365890001.1588538,1129.878048780488,61.8,0.019272565841674805
1365890001.3781767,890.2439024390244,61.2,0.019189119338989258
1365890001.5969539,1103.0487804878048,62.3,0.02390122413635254
1365890001.8208275,846.951219512195,62.3,0.019851207733154297
1365890002.041894,1139.0243902439024,61.2,0.025101423263549805
1365890002.2689698,1014.0243902439023,61.2,0.01931166648864746
1365890002.4876842,971.951219512195,62.3,0.019704580307006836
1365890002.7067473,1087.1951219512196,61.2,0.023727893829345703
1365890002.9300845,846.951219512195,61.8,0.021309852600097656
1365890003.1513834,1076.829268292683,61.2,0.026387691497802734
1365890003.3774056,890.8536585365854,61.8,0.021800518035888672
1365890003.5992532,948.170731707317,61.2,0.018619775772094727
1365890003.8173904,968.2926829268292,61.8,0.018366336822509766
1365890004.0358365,1209.7560975609756,61.2,0.023921728134155273
1365890004.2600968,914.0243902439024,61.8,0.01959848403930664
1365890004.4797344,951.2195121951219,61.8,0.03347492218017578
1365890004.7163336,917.0731707317074,61.2,0.03208756446838379
1365890004.9353359,1003.0487804878047,62.3,0.026375770568847656
1365890005.161286,935.3658536585366,61.2,0.021038532257080078
1365890005.3812194,942.0731707317073,61.2,0.019147872924804688
1365890005.5998595,957.3170731707316,61.2,0.021616220474243164
1365890005.8224173,867.0731707317074,61.2,0.019098281860351562
1365890006.0411587,1037.8048780487804,61.2,0.02607274055480957
1365890006.2667158,968.2926829268292,61.8,0.021855831146240234
1365890006.4882126,852.4390243902438,61.8,0.022640705108642578
1365890006.710428,868.9024390243902,61.2,0.019125938415527344
1365890006.9293249,1103.658536585366,61.8,0.022827863693237305
1365890007.1514993,917.0731707317074,61.2,0.020153284072875977
1365890007.3712375,942.0731707317073,61.2,0.02671980857849121
1365890007.596233,854.8780487804878,61.2,0.02065443992614746
1365890007.8165054,907.9268292682927,61.2,0.0181427001953125
1365890008.0342338,885.9756097560976,61.2,0.019542694091796875
1365890008.2537124,1107.9268292682927,61.2,0.028931856155395508
1365890008.4826844,1120.121951219512,61.8,0.02343606948852539
1365890008.7062232,1135.9756097560976,61.2,0.02551865577697754
1365890008.9318285,900.0,61.2,0.018721580505371094
1365890009.1503608,1189.0243902439024,61.2,0.021796464920043945
1365890009.3717391,1106.7073170731708,61.2,0.020052433013916016
1365890009.5914564,1043.2926829268292,61.2,0.020395755767822266
1365890009.811452,850.0,61.8,0.01837468147277832
1365890010.029344,860.9756097560976,61.2,0.025557518005371094
1365890010.2549915,1218.9024390243903,61.8,0.02932882308959961
1365890010.4839141,954.8780487804878,61.8,0.019195079803466797
1365890010.7032177,1170.1219512195123,61.8,0.025160789489746094
1365890010.9284856,1128.0487804878048,61.2,0.020555734634399414
1365890011.1491966,1196.9512195121952,61.2,0.01956343650817871
1365890011.3688552,1153.6585365853657,61.2,0.01959848403930664
1365890011.588553,1198.780487804878,61.8,0.020117521286010742
1365890011.8082697,939.0243902439024,61.2,0.018217802047729492
1365890012.026141,1128.0487804878048,61.2,0.020710468292236328
1365890012.2462568,956.0975609756097,61.2,0.019251346588134766
1365890012.4653404,1048.170731707317,61.2,0.022817373275756836
1365890012.6877701,1095.7317073170732,61.8,0.027291536331176758
1365890012.9149957,1004.2682926829267,61.2,0.0231935977935791
1365890013.1370444,942.0731707317073,61.8,0.027374982833862305
1365890013.364453,1023.1707317073171,61.2,0.02025294303894043
1365890013.584694,917.0731707317074,61.2,0.018088579177856445
1365890013.802713,946.3414634146341,61.2,0.018353939056396484
1365890014.0214162,1067.0731707317075,61.2,0.01880788803100586
1365890014.2404,1051.219512195122,61.2,0.019214630126953125
1365890014.4596002,867.0731707317074,61.2,0.022376060485839844
1365890014.6819308,868.9024390243902,61.2,0.019808292388916016
1365890014.9018788,1123.780487804878,61.8,0.022998571395874023
1365890015.124774,996.3414634146342,61.8,0.027251005172729492
1365890015.3516593,1139.6341463414635,61.2,0.02241826057434082
1365890015.5736022,960.9756097560976,61.8,0.02173471450805664
1365890015.7949803,1040.8536585365853,61.8,0.0244905948638916
1365890016.0191343,1109.7560975609756,61.2,0.025603294372558594
1365890016.2443924,956.0975609756097,61.2,0.020522356033325195
1365890016.4647293,960.3658536585366,61.2,0.01912689208984375
1365890016.683932,1184.1463414634145,61.2,0.03423166275024414
1365890016.91606,1075.0,61.2,0.026741743087768555
1365890017.1423478,1159.7560975609756,60.7,0.02352166175842285
1365890017.3660882,1148.1707317073171,61.2,0.028291940689086914
1365890017.5942924,1001.219512195122,61.2,0.020882606506347656
1365890017.8151212,1010.9756097560976,61.2,0.023493528366088867
1365890018.039672,1065.2439024390244,62.3,0.027975797653198242
1365890018.2670598,1159.1463414634147,61.2,0.023244380950927734
1365890018.4899158,943.9024390243902,61.8,0.020693302154541016
1365890018.710067,1084.1463414634147,61.2,0.021900177001953125
1365890018.9317396,1128.658536585366,61.2,0.021345138549804688
1365890019.152638,928.048780487805,61.8,0.020453929901123047
1365890019.372628,921.3414634146342,61.8,0.01961350440979004
1365890019.591868,1154.8780487804877,61.2,0.02085137367248535
1365890019.812267,935.9756097560976,61.8,0.020482301712036133
1365890020.0327055,975.0,61.8,0.02920246124267578
1365890020.261984,856.0975609756098,61.2,0.018886327743530273
1365890020.4807756,1270.7317073170732,61.8,0.023119211196899414
1365890020.7035859,1128.658536585366,61.2,0.02299809455871582
1365890020.9257002,848.170731707317,61.2,0.018309593200683594
1365890021.1436253,852.4390243902438,61.2,0.018545150756835938
1365890021.3620224,1239.0243902439024,61.2,0.02702927589416504
1365890021.5886395,1009.7560975609756,61.2,0.022495031356811523
1365890021.8107016,1164.6341463414633,61.2,0.017950773239135742
1365890022.0282488,862.1951219512194,61.2,0.020017147064208984
1365890022.247705,1004.2682926829267,61.2,0.01974201202392578
1365890022.4675758,1117.0731707317075,61.2,0.020629405975341797
1365890022.6880782,1148.1707317073171,61.8,0.021021366119384766
1365890022.9090414,951.2195121951219,61.2,0.02240896224975586
1365890023.1327686,965.8536585365854,61.2,0.020888090133666992
1365890023.3548646,967.0731707317073,61.8,0.019357919692993164
1365890023.5754566,1051.219512195122,61.2,0.019939899444580078
1365890023.7964597,935.3658536585366,61.2,0.026514291763305664
1365890024.022942,1110.9756097560976,61.8,0.020137310028076172
1365890024.2441175,1028.0487804878048,62.3,0.019215106964111328
1365890024.462884,954.2682926829268,61.8,0.01912212371826172
1365890024.681733,1173.780487804878,61.8,0.022049427032470703
1365890024.9034314,1319.5121951219512,61.8,0.023829936981201172
1365890025.1268606,885.9756097560976,61.2,0.019401073455810547
1365890025.3459418,907.3170731707318,61.8,0.03351545333862305
1365890025.5791552,1007.9268292682925,61.2,0.02483224868774414
1365890025.8039012,960.3658536585366,61.2,0.018154382705688477
1365890026.021829,1109.7560975609756,61.8,0.02424454689025879
1365890026.2455468,920.1219512195122,61.2,0.021657705307006836
1365890026.4663332,1156.0975609756097,62.3,0.026258230209350586
1365890026.6914966,1015.8536585365854,61.2,0.0218350887298584
1365890026.912799,860.3658536585366,61.8,0.021915674209594727
1365890027.1343105,962.1951219512194,61.2,0.026811838150024414
1365890027.3632457,1059.7560975609756,61.2,0.026271343231201172
1365890027.589795,1128.658536585366,61.2,0.024620771408081055
1365890027.8139436,976.8292682926829,61.2,0.018259048461914062
1365890028.0318482,1084.1463414634147,62.3,0.01948690414428711
1365890028.2507937,948.170731707317,61.2,0.019517183303833008
1365890028.4699259,1100.0,61.2,0.020951509475708008
1365890028.6905427,1145.7317073170732,61.8,0.03149151802062988
1365890028.9219968,1114.0243902439024,61.2,0.022629261016845703
1365890029.144235,1164.0243902439024,62.3,0.025320053100585938
1365890029.369005,918.2926829268293,62.3,0.019659042358398438
1365890029.5882928,917.0731707317074,61.2,0.01843118667602539
1365890029.8061976,1101.219512195122,61.2,0.021630287170410156
1365890030.0273905,1106.09756097561,61.2,0.029773712158203125
1365890030.2567706,1010.9756097560976,61.2,0.023806095123291016
1365890030.4782538,1026.8292682926829,61.2,0.02898573875427246
1365890030.7068756,915.8536585365854,61.8,0.019097328186035156
1365890030.925543,937.1951219512194,61.2,0.018855810165405273
1365890031.1440594,907.3170731707318,61.2,0.018511533737182617
1365890031.3621716,857.9268292682926,61.2,0.01795792579650879
1365890031.5801,888.4146341463414,61.2,0.02806234359741211
1365890031.8074534,929.8780487804878,61.2,0.017829179763793945
1365890032.0248785,896.3414634146342,61.8,0.02745819091796875
1365890032.252307,848.170731707317,61.8,0.020795345306396484
1365890032.4727771,935.9756097560976,61.8,0.019057750701904297
1365890032.6914687,846.951219512195,61.2,0.019062042236328125
1365890032.9102852,1017.0731707317074,61.2,0.0286257266998291
1365890033.1383011,960.3658536585366,61.2,0.02023029327392578
1365890033.3575475,1004.2682926829267,61.2,0.02269768714904785
1365890033.5793233,892.0731707317074,61.2,0.02019190788269043
1365890033.80023,1089.0243902439024,61.2,0.022203445434570312
1365890034.022228,1154.8780487804877,61.8,0.025009870529174805
1365890034.2468233,1012.1951219512196,61.8,0.02100229263305664
1365890034.4673758,895.1219512195122,62.3,0.01896071434020996
1365890034.6859984,1070.7317073170732,61.8,0.019051313400268555
1365890034.9047852,989.0243902439024,61.2,0.0498814582824707
1365890035.134996,976.8292682926829,61.8,0.020224809646606445
1365890035.3568597,965.2439024390244,61.2,0.01834845542907715
1365890035.5755908,1026.2195121951218,61.2,0.024675369262695312
1365890035.7994945,957.3170731707316,61.2,0.019725561141967773
1365890036.0188515,862.1951219512194,61.2,0.019433021545410156
1365890036.2375453,1095.7317073170732,61.2,0.019322872161865234
1365890036.4562867,1153.6585365853657,61.2,0.019698143005371094
1365890036.6771626,1228.658536585366,61.2,0.0302276611328125
1365890036.907188,1386.5853658536585,61.2,0.02970123291015625
1365890037.1363425,915.8536585365854,61.8,0.02182173728942871
1365890037.357274,1076.829268292683,61.8,0.0194551944732666
1365890037.576282,965.2439024390244,61.8,0.021744251251220703
1365890037.7976246,1040.2439024390244,61.8,0.0252838134765625
1365890038.0189552,954.8780487804878,61.8,0.018073320388793945
1365890038.236576,1092.6829268292684,61.8,0.023514270782470703
1365890038.4595115,865.2439024390244,61.2,0.019999980926513672
1365890038.6794658,1145.7317073170732,61.2,0.029921531677246094
1365890038.9091308,1082.9268292682927,61.8,0.02134990692138672
1365890039.1299891,1104.878048780488,61.8,0.019880056381225586
1365890039.3500147,1004.8780487804878,61.8,0.020517587661743164
1365890039.570033,982.9268292682926,61.8,0.022304773330688477
1365890039.791286,942.0731707317073,61.8,0.022611379623413086
1365890040.0137227,964.0243902439024,61.2,0.018825531005859375
1365890040.2321684,1059.1463414634145,61.8,0.019794225692749023
1365890040.4514663,925.0,61.8,0.02537822723388672
1365890040.6755755,962.1951219512194,61.2,0.02028679847717285
1365890040.8958056,960.9756097560976,61.2,0.019376754760742188
1365890041.114853,873.170731707317,61.8,0.019780874252319336
1365890041.3342319,965.8536585365854,61.8,0.02706313133239746
1365890041.5609598,965.2439024390244,61.8,0.031302690505981445
1365890041.7916112,923.1707317073171,61.2,0.018813133239746094
1365890042.0100904,913.4146341463415,61.2,0.0252838134765625
1365890042.2367601,870.1219512195122,61.2,0.020969867706298828
1365890042.4568949,899.390243902439,61.8,0.022233963012695312
1365890042.6780303,951.2195121951219,61.8,0.018670082092285156
1365890042.8964212,1053.0487804878048,62.3,0.019617557525634766
1365890043.1156409,1004.8780487804878,61.2,0.018416404724121094
1365890043.3336995,1065.8536585365855,61.8,0.02118849754333496
1365890043.5544474,846.3414634146342,61.8,0.01883387565612793
1365890043.772878,970.1219512195122,61.2,0.02339315414428711
1365890043.995992,940.8536585365853,61.2,0.01838517189025879
1365890044.2139285,968.2926829268292,61.2,0.017763614654541016
1365890044.4312503,1184.7560975609756,61.2,0.0201263427734375
1365890044.6510282,1007.9268292682925,61.2,0.019638538360595703
1365890044.8702507,1018.2926829268292,61.2,0.02246880531311035
1365890045.0922437,976.8292682926829,61.2,0.021766185760498047
1365890045.3138115,982.9268292682926,61.2,0.019073963165283203
1365890045.5323865,976.8292682926829,61.2,0.02570796012878418
1365890045.7575898,854.2682926829268,61.2,0.024094104766845703
1365890045.979691,1170.1219512195123,61.8,0.02137446403503418
1365890046.2005513,1001.219512195122,61.8,0.021108150482177734
1365890046.4211679,1065.2439024390244,62.3,0.019919157028198242
1365890046.6406562,1171.9512195121952,61.8,0.020457029342651367
1365890046.8607302,942.0731707317073,61.2,0.019060850143432617
1365890047.0794165,856.0975609756098,61.2,0.03435325622558594
1365890047.3119373,993.2926829268292,61.2,0.020071744918823242
1365890047.5315716,1120.121951219512,61.8,0.022222518920898438
1365890047.7536478,1134.7560975609756,62.3,0.021413326263427734
1365890047.974634,962.1951219512194,61.8,0.02013707160949707
1365890048.194491,1162.8048780487804,61.8,0.025277376174926758
1365890048.4208055,1103.658536585366,61.8,0.03422188758850098
1365890048.654685,921.9512195121952,61.2,0.02366161346435547
1365890048.8779588,1073.1707317073171,61.2,0.021647930145263672
1365890049.0991435,1071.9512195121952,61.2,0.02083611488342285
1365890049.3195581,932.9268292682927,61.2,0.02144765853881836
1365890049.540957,984.7560975609756,62.3,0.0186007022857666
1365890049.7591512,1137.1951219512196,61.8,0.02931499481201172
1365890049.9879808,968.9024390243902,61.8,0.027297258377075195
1365890050.213662,924.3902439024391,61.2,0.019261837005615234
1365890050.4322026,957.3170731707316,61.8,0.020093679428100586
1365890050.6539633,853.0487804878048,62.3,0.029871702194213867
1365890050.8834915,896.9512195121952,61.8,0.021350383758544922
1365890051.103316,937.8048780487804,61.2,0.021013736724853516
1365890051.322935,904.8780487804878,61.8,0.027886390686035156
1365890051.5505872,1289.6341463414633,61.2,0.03078603744506836
1365890051.7816663,1364.6341463414635,61.8,0.023750782012939453
1365890052.0050015,950.0,61.2,0.018879413604736328
1365890052.2234871,885.9756097560976,62.3,0.020131826400756836
1365890052.4432378,957.9268292682926,61.8,0.01959705352783203
1365890052.6624107,954.8780487804878,61.8,0.019528627395629883
