1365889748.4088776,111.200005,3.6283299922943115
1365889748.6023047,108.800003,3.760430335998535
1365889748.8019948,108.800003,3.5632832050323486
1365889749.0028973,107.200005,3.4777491092681885
1365889749.2018123,106.400002,3.5351433753967285
1365889749.4029384,106.400002,3.9533326625823975
1365889749.6029236,107.200005,3.7554051876068115
1365889749.8028643,107.200005,3.638113498687744
1365889750.002426,106.400002,3.491774559020996
1365889750.2028472,107.200005,3.49013352394104
1365889750.4043112,110.400002,3.480172872543335
1365889750.602686,110.400002,3.482759475708008
1365889750.8033764,112.800003,3.482060432434082
1365889751.0045598,110.400002,3.4879209995269775
1365889751.2040212,110.400002,3.4730782508850098
1365889751.4124005,110.400002,3.4766571521759033
1365889751.60581,108.800003,3.4712419509887695
1365889751.805902,108.800003,3.4880311489105225
1365889752.0058835,107.200005,3.4770190715789795
1365889752.2055757,106.400002,3.4728829860687256
1365889752.405692,106.400002,3.485564947128296
1365889752.6053808,104.800003,3.468766450881958
1365889752.8050263,111.200005,3.4758434295654297
1365889753.007534,110.400002,3.4646894931793213
1365889753.2074509,108.800003,3.471468448638916
1365889753.4072776,108.800003,3.47251033782959
1365889753.606227,111.200005,3.5362389087677
1365889753.8073478,107.200005,3.473275899887085
1365889754.0070431,108.800003,3.474780797958374
1365889754.2087815,108.800003,3.474458694458008
1365889754.40648,110.400002,3.565218925476074
1365889754.60703,107.200005,3.4781768321990967
1365889754.8066683,108.800003,3.4842700958251953
1365889755.0079737,107.200005,3.4736199378967285
1365889755.2061212,106.400002,3.4691405296325684
1365889755.4067428,112.800003,3.5325934886932373
1365889755.607019,112.800003,3.4674293994903564
1365889755.807775,111.200005,3.6962387561798096
1365889756.0078921,111.200005,3.5848991870880127
1365889756.2083118,111.200005,3.510730743408203
1365889756.410078,110.400002,3.4668421745300293
1365889756.608035,108.800003,3.48042893409729
1365889756.8082793,108.800003,3.468748092651367
1365889757.009235,107.200005,3.532564163208008
1365889757.2081182,106.400002,3.4822120666503906
1365889757.4105282,107.200005,3.4867613315582275
1365889757.6087794,107.200005,3.4653148651123047
1365889757.8089721,106.400002,3.50006365776062
1365889758.010693,110.400002,3.6624207496643066
1365889758.210207,112.800003,3.496666431427002
1365889758.4117715,110.400002,3.7815632820129395
1365889758.610091,112.800003,3.5851917266845703
1365889758.8136997,107.200005,3.4850234985351562
1365889759.0120153,107.200005,3.4798548221588135
1365889759.2124436,110.400002,3.8231215476989746
1365889759.412239,110.400002,3.6250340938568115
1365889759.6123424,110.400002,3.5821239948272705
1365889759.8136032,107.200005,3.5009827613830566
1365889760.0124986,108.800003,3.4708375930786133
1365889760.2129185,110.400002,3.471116542816162
1365889760.4128606,108.800003,3.511296272277832
1365889760.612905,110.400002,3.6657135486602783
1365889760.8133051,107.200005,3.508671283721924
1365889761.0167923,107.200005,3.5209147930145264
1365889761.2145169,108.800003,3.508714199066162
1365889761.4138887,104.800003,3.48239803314209
1365889761.6141386,106.400002,3.467397451400757
1365889761.8144958,106.400002,3.4714601039886475
1365889762.0163465,110.400002,3.612888813018799
1365889762.2182724,111.200005,3.632620334625244
1365889762.426004,111.200005,3.4920976161956787
1365889762.61596,110.400002,3.4641289710998535
1365889762.8164048,111.200005,3.4743387699127197
1365889763.018144,106.400002,3.608102798461914
1365889763.216979,107.200005,3.6441659927368164
1365889763.4163656,107.200005,3.4972774982452393
1365889763.6170652,111.200005,3.603567123413086
1365889763.8178208,107.200005,3.490074396133423
1365889764.0167012,104.800003,3.470996379852295
1365889764.2165663,107.200005,3.4755518436431885
1365889764.4167545,112.800003,3.470026969909668
1365889764.616227,110.400002,3.518639087677002
1365889764.8169565,111.200005,3.5530264377593994
1365889765.0161874,111.200005,3.5685815811157227
1365889765.2167273,110.400002,3.7166857719421387
1365889765.4154878,110.400002,3.558314323425293
1365889765.6159542,110.400002,3.4716567993164062
1365889765.8167212,108.800003,3.525604248046875
1365889766.0204003,110.400002,3.4938154220581055
1365889766.218392,108.800003,3.532485008239746
1365889766.4186492,108.800003,3.613085985183716
1365889766.6190856,107.200005,3.496695041656494
1365889766.8202553,106.400002,3.4712953567504883
1365889767.0202918,112.800003,3.58941912651062
1365889767.2201035,106.400002,3.5078115463256836
1365889767.4193032,110.400002,3.4758734703063965
1365889767.6214921,108.800003,3.46824049949646
1365889767.8200865,107.200005,3.5577616691589355
1365889768.02035,110.400002,3.4724886417388916
1365889768.2213063,108.800003,3.463862657546997
1365889768.4210813,107.200005,3.6299023628234863
1365889768.6195192,108.800003,3.510063886642456
1365889768.8199255,107.200005,3.516449213027954
1365889769.0192041,107.200005,3.463806629180908
1365889769.2202945,106.400002,3.4825258255004883
1365889769.4189782,104.800003,3.478978395462036
1365889769.6192074,106.400002,3.4740121364593506
1365889769.818636,106.400002,3.4731457233428955
1365889770.019063,110.400002,4.609766006469727
1365889770.218939,110.400002,4.414629697799683
1365889770.41994,112.800003,4.2176735401153564
1365889770.6191256,110.400002,4.023056983947754
1365889770.8199356,110.400002,3.8256771564483643
1365889771.0191908,110.400002,3.630392074584961
1365889771.219669,108.800003,3.503133773803711
1365889771.420382,112.800003,3.501723527908325
1365889771.6201131,111.200005,3.482342481613159
1365889771.819489,110.400002,3.669912099838257
1365889772.0197492,112.800003,3.524054527282715
1365889772.219542,114.400002,3.497753620147705
1365889772.4205863,111.200005,3.471158981323242
1365889772.621146,108.800003,3.4715240001678467
1365889772.821562,107.200005,3.593496084213257
1365889773.0223095,107.200005,3.6642754077911377
1365889773.2243533,107.200005,3.5544536113739014
1365889773.4229891,106.400002,3.4782021045684814
1365889773.6225224,106.400002,3.482159376144409
1365889773.8230748,106.400002,3.474667549133301
1365889774.022828,110.400002,3.510667085647583
1365889774.2267659,112.800003,3.5280754566192627
1365889774.4244308,110.400002,3.4786577224731445
1365889774.6258667,106.400002,3.48237681388855
1365889774.8247273,111.200005,3.5269246101379395
1365889775.024865,110.400002,3.473461389541626
1365889775.2244692,110.400002,3.4751880168914795
1365889775.4254048,110.400002,3.6636171340942383
1365889775.626474,110.400002,3.5789432525634766
1365889775.8248012,133.600006,3.8590786457061768
1365889776.024331,110.400002,3.6618330478668213
1365889776.2259538,111.200005,3.4690346717834473
1365889776.4245017,108.800003,3.64383864402771
1365889776.6250856,110.400002,3.5377426147460938
1365889776.8256147,110.400002,3.4646053314208984
1365889777.027901,112.800003,3.474254846572876
1365889777.2286155,110.400002,3.4676907062530518
1365889777.4321723,110.400002,3.636690378189087
1365889777.6253,110.400002,3.5162975788116455
1365889777.8258922,110.400002,3.4898862838745117
1365889778.0261433,107.200005,3.4840424060821533
1365889778.226711,110.400002,3.4957218170166016
1365889778.4281502,110.400002,3.473329782485962
1365889778.6274748,110.400002,3.50077486038208
1365889778.8282695,108.800003,3.5617027282714844
1365889779.0278065,110.400002,3.510054349899292
1365889779.2307017,108.800003,3.4995646476745605
1365889779.4292526,108.800003,3.6606898307800293
1365889779.6378486,108.800003,3.5152902603149414
1365889779.8297284,111.200005,3.4738359451293945
1365889780.0281227,111.200005,3.522663116455078
1365889780.228644,110.400002,3.5637943744659424
1365889780.4339457,108.800003,3.6174840927124023
1365889780.6316786,110.400002,3.4867382049560547
1365889780.8294864,111.200005,3.4774208068847656
1365889781.030198,110.400002,3.4884262084960938
1365889781.230695,112.800003,3.504323720932007
1365889781.4314132,112.800003,3.4657580852508545
1365889781.6305385,112.800003,3.5085904598236084
1365889781.8296428,111.200005,3.8369557857513428
1365889782.0303614,110.400002,3.6927056312561035
1365889782.230558,110.400002,3.506596088409424
1365889782.4345467,110.400002,3.4740865230560303
1365889782.6323087,108.800003,3.503932476043701
1365889782.8344133,108.800003,3.4814717769622803
1365889783.032196,108.800003,3.467653512954712
1365889783.2325826,108.800003,3.4708778858184814
1365889783.4330142,108.800003,3.516702651977539
1365889783.6342278,108.800003,3.4802932739257812
1365889783.8332572,107.200005,3.603898048400879
1365889784.0336285,108.800003,3.7061779499053955
1365889784.2347512,110.400002,3.507251262664795
1365889784.4352076,108.800003,3.6314594745635986
1365889784.63328,110.400002,3.5549428462982178
1365889784.8341153,108.800003,3.478706121444702
1365889785.033796,108.800003,4.853212594985962
1365889785.2333362,111.200005,4.664525270462036
1365889785.4353607,111.200005,4.469231128692627
1365889785.6338718,110.400002,4.277077913284302
1365889785.8445039,114.400002,4.078538179397583
1365889786.0338657,111.200005,3.899976968765259
1365889786.2342453,114.400002,3.7042152881622314
1365889786.434798,106.400002,3.5050759315490723
1365889786.634329,108.800003,3.464931011199951
1365889786.8360376,107.200005,3.469369649887085
1365889787.0358083,112.800003,3.476202964782715
1365889787.23525,110.400002,3.4647011756896973
1365889787.434792,111.200005,3.5283820629119873
1365889787.6347852,111.200005,3.6276354789733887
1365889787.8355808,108.800003,3.6132407188415527
1365889788.0348752,110.400002,3.5063066482543945
1365889788.234176,112.800003,3.474100351333618
1365889788.434732,110.400002,3.5317928791046143
1365889788.6363683,110.400002,3.6286795139312744
1365889788.8345528,111.200005,3.4755380153656006
1365889789.0351214,106.400002,3.930732488632202
1365889789.2343838,107.200005,3.7350828647613525
1365889789.4346328,106.400002,3.6463863849639893
1365889789.6412234,106.400002,3.4649994373321533
1365889789.834665,106.400002,3.4731051921844482
1365889790.0355396,107.200005,3.479748487472534
1365889790.2388127,110.400002,3.485231399536133
1365889790.4358747,108.800003,3.472893238067627
1365889790.6373568,110.400002,3.4759204387664795
1365889790.8359928,108.800003,3.468749523162842
1365889791.0362523,107.200005,3.4916467666625977
1365889791.2368958,106.400002,3.532076597213745
1365889791.4385488,110.400002,3.476212739944458
1365889791.6367161,107.200005,3.4736576080322266
1365889791.8375175,107.200005,3.5135505199432373
1365889792.0377452,111.200005,3.492497682571411
1365889792.2375026,103.200005,3.4663028717041016
1365889792.4377654,111.200005,3.4955742359161377
1365889792.7036092,110.400002,3.6389713287353516
1365889792.8383245,110.400002,3.5053391456604004
1365889793.0390217,110.400002,3.4807381629943848
1365889793.239309,111.200005,3.4644603729248047
1365889793.4403398,110.400002,3.5131356716156006
1365889793.6413841,111.200005,3.518070697784424
1365889793.841357,111.200005,3.4716315269470215
1365889794.0417502,111.200005,3.477139472961426
1365889794.240671,110.400002,3.492558479309082
1365889794.4408724,111.200005,3.50767183303833
1365889794.6406827,112.800003,3.6029765605926514
1365889794.8411348,114.400002,3.662750005722046
1365889795.0518022,112.800003,3.5111804008483887
1365889795.2420175,108.800003,3.474520683288574
1365889795.4429648,106.400002,3.579246759414673
1365889795.6444013,108.800003,3.493208169937134
1365889795.8430443,107.200005,3.503906488418579
1365889796.0434144,110.400002,3.581282138824463
1365889796.242192,108.800003,3.525216579437256
1365889796.442671,108.800003,3.4810261726379395
1365889796.6430004,106.400002,3.511845111846924
1365889796.8420334,106.400002,3.463017463684082
1365889797.0424335,110.400002,3.6089985370635986
1365889797.2610106,111.200005,3.4686708450317383
1365889797.4436395,110.400002,3.5195443630218506
1365889797.64311,111.200005,3.475604295730591
1365889797.8445559,112.800003,3.4828808307647705
1365889798.0445883,449.600006,3.486759901046753
1365889798.2452073,110.400002,3.522707462310791
1365889798.445648,111.200005,3.528637409210205
1365889798.6455956,111.200005,3.476243734359741
1365889798.8508468,110.400002,3.6759746074676514
1365889799.0458548,110.400002,3.650308847427368
1365889799.2452743,108.800003,3.6071064472198486
1365889799.4467103,107.200005,3.488495349884033
1365889799.6452088,106.400002,3.5240318775177
1365889799.8458853,108.800003,3.482646942138672
1365889800.045347,108.800003,3.477722644805908
1365889800.245823,107.200005,3.470332145690918
1365889800.4452684,106.400002,3.471742630004883
1365889800.6457672,108.800003,3.47664475440979
1365889800.845547,106.400002,3.5150203704833984
1365889801.0458934,106.400002,3.5026140213012695
1365889801.2456825,110.400002,3.482612133026123
1365889801.4455912,111.200005,3.4709622859954834
1365889801.6445851,111.200005,3.480318546295166
1365889801.8449621,112.800003,3.490384340286255
1365889802.046105,108.800003,3.577855348587036
1365889802.246647,110.400002,3.4638264179229736
1365889802.4539034,111.200005,3.4849863052368164
1365889802.6466863,111.200005,3.5716283321380615
1365889802.846216,111.200005,3.557558059692383
1365889803.0481155,111.200005,3.4692068099975586
1365889803.2466912,110.400002,3.481154441833496
1365889803.4470782,111.200005,3.465869665145874
1365889803.6463325,110.400002,3.58292293548584
1365889803.8469813,110.400002,3.472825765609741
1365889804.046128,110.400002,3.482532501220703
1365889804.2468846,110.400002,3.480102777481079
1365889804.4460087,111.200005,3.4749438762664795
1365889804.6466672,108.800003,3.483860969543457
1365889804.848737,110.400002,3.5594022274017334
1365889805.04726,108.800003,3.5255181789398193
1365889805.24705,110.400002,3.4761481285095215
1365889805.4460425,108.800003,3.57112717628479
1365889805.6454926,108.800003,3.467083215713501
1365889805.8460765,108.800003,3.472550630569458
1365889806.0477617,107.200005,3.7705371379852295
1365889806.2475684,106.400002,3.5723979473114014
1365889806.447693,104.800003,3.4677321910858154
1365889806.6478138,106.400002,3.5102264881134033
1365889806.8480277,110.400002,3.578179121017456
1365889807.0491116,110.400002,3.499732255935669
1365889807.2482455,111.200005,3.477962017059326
1365889807.4488368,111.200005,3.4659407138824463
1365889807.6485114,104.800003,3.510376214981079
1365889807.8530164,106.400002,3.5630710124969482
1365889808.0501804,106.400002,3.588815689086914
1365889808.2496626,104.800003,3.5274264812469482
1365889808.44849,111.200005,3.5329127311706543
1365889808.6489244,106.400002,3.474116325378418
1365889808.848586,106.400002,3.8724536895751953
1365889809.0494347,110.400002,3.6741976737976074
1365889809.2482908,111.200005,3.493516683578491
1365889809.4483347,110.400002,3.492027521133423
1365889809.648575,110.400002,3.6085195541381836
1365889809.8516521,111.200005,3.523207187652588
1365889810.0488837,112.800003,3.4751222133636475
1365889810.249181,114.400002,3.4847381114959717
1365889810.4566796,104.800003,3.4823663234710693
1365889810.648506,111.200005,3.477935791015625
1365889810.8498683,112.800003,3.567821502685547
1365889811.0503273,451.200012,3.5264861583709717
1365889811.250621,111.200005,3.475325345993042
1365889811.450299,110.400002,3.473745822906494
1365889811.6512225,111.200005,3.4638938903808594
1365889811.850688,111.200005,3.4739365577697754
1365889812.0665767,110.400002,3.5968523025512695
1365889812.253466,108.800003,3.4935741424560547
1365889812.4505098,110.400002,3.4815564155578613
1365889812.6505928,106.400002,3.5189096927642822
1365889812.8500686,107.200005,3.7338597774505615
1365889813.0505571,104.800003,3.536203384399414
1365889813.2527893,106.400002,3.4660274982452393
1365889813.4524856,111.200005,3.6682374477386475
1365889813.6519833,111.200005,3.7421889305114746
1365889813.8525326,110.400002,3.544241189956665
1365889814.0529003,110.400002,3.8035387992858887
1365889814.252207,110.400002,3.6555418968200684
1365889814.4524534,110.400002,3.6227786540985107
1365889814.6528451,112.800003,3.4775795936584473
1365889814.855425,110.400002,3.4936039447784424
1365889815.0566347,110.400002,3.4731266498565674
1365889815.252669,112.800003,3.4897897243499756
1365889815.4533188,149.600006,3.4829936027526855
1365889815.653982,111.200005,3.4723827838897705
1365889815.8534813,110.400002,3.4763829708099365
1365889816.0525951,111.200005,3.4641451835632324
1365889816.2538984,110.400002,3.4727389812469482
1365889816.454489,110.400002,3.4659013748168945
1365889816.6530352,104.800003,3.468893051147461
1365889816.8535428,111.200005,3.475525140762329
1365889817.0540376,111.200005,3.465305805206299
1365889817.2550032,111.200005,3.5046839714050293
1365889817.455074,110.400002,3.5953519344329834
1365889817.6542642,108.800003,3.475310802459717
1365889817.8548555,108.800003,3.4848265647888184
1365889818.0544176,108.800003,3.642347812652588
1365889818.2549503,108.800003,3.748914957046509
1365889818.4543483,110.400002,3.5512454509735107
1365889818.6547186,106.400002,3.4752843379974365
1365889818.854974,108.800003,3.4650731086730957
1365889819.0551403,106.400002,3.4751951694488525
1365889819.254118,108.800003,3.4936323165893555
1365889819.4545298,106.400002,3.4742846488952637
1365889819.6537266,106.400002,3.4679529666900635
1365889819.8547263,107.200005,3.4820311069488525
1365889820.054255,107.200005,3.4778153896331787
1365889820.2550206,107.200005,3.4712231159210205
1365889820.455577,108.800003,3.470714569091797
1365889820.6582446,107.200005,3.468552589416504
1365889820.856515,107.200005,3.472194194793701
1365889821.055768,106.400002,3.48439884185791
1365889821.2606456,106.400002,3.4666459560394287
1365889821.4558048,111.200005,3.557572364807129
1365889821.6553378,106.400002,3.4827635288238525
1365889821.857863,104.800003,3.4760239124298096
1365889822.057606,110.400002,3.4787349700927734
1365889822.2558444,112.800003,3.519928455352783
1365889822.4556537,106.400002,3.468198299407959
1365889822.6558776,110.400002,3.470111131668091
1365889822.8568022,107.200005,3.575216054916382
1365889823.0573547,111.200005,3.660515069961548
1365889823.2568953,112.800003,3.497997760772705
1365889823.4579716,110.400002,3.468862771987915
1365889823.6583319,110.400002,3.546870231628418
1365889823.8590543,108.800003,3.464338541030884
1365889824.0588977,108.800003,3.5489563941955566
1365889824.2585955,110.400002,3.5480127334594727
1365889824.463688,114.400002,3.4754321575164795
1365889824.6584496,106.400002,3.4815165996551514
1365889824.8588827,108.800003,3.4841177463531494
1365889825.0582995,111.200005,3.463648796081543
1365889825.259329,111.200005,3.4626989364624023
1365889825.4591477,110.400002,3.466618776321411
1365889825.6606827,110.400002,3.471123218536377
1365889825.861122,110.400002,3.4771995544433594
1365889826.0613432,108.800003,3.4646739959716797
1365889826.2627308,108.800003,3.4713194370269775
1365889826.4617717,107.200005,3.477531671524048
1365889826.6623554,111.200005,3.4949419498443604
1365889826.862841,110.400002,3.4764182567596436
1365889827.061758,111.200005,3.4935576915740967
1365889827.261586,108.800003,3.4732108116149902
1365889827.461301,111.200005,3.474673271179199
1365889827.6613626,111.200005,3.4759740829467773
1365889827.8619163,110.400002,3.545980215072632
1365889828.0622056,111.200005,3.533695936203003
1365889828.2611709,108.800003,3.5655062198638916
1365889828.4605486,110.400002,3.4755778312683105
1365889828.6615248,110.400002,3.8168892860412598
1365889828.861119,110.400002,3.707868814468384
1365889829.0629337,108.800003,3.5077028274536133
1365889829.2718139,110.400002,3.5830190181732178
1365889829.461322,108.800003,3.4644675254821777
1365889829.6631837,108.800003,3.5094690322875977
1365889829.8617785,110.400002,3.5641791820526123
1365889830.0614955,111.200005,3.4669854640960693
1365889830.262158,107.200005,3.6588823795318604
1365889830.4615927,108.800003,3.4912266731262207
1365889830.6663504,107.200005,3.4668776988983154
1365889830.8622303,106.400002,3.4676573276519775
1365889831.0625672,107.200005,3.502389669418335
1365889831.262199,107.200005,3.497300148010254
1365889831.4627914,106.400002,3.7069952487945557
1365889831.6638067,108.800003,3.5358922481536865
1365889831.8634913,106.400002,3.4932310581207275
1365889832.0629666,110.400002,3.4720609188079834
1365889832.263618,111.200005,3.482172727584839
1365889832.46399,110.400002,3.577970266342163
1365889832.6650803,110.400002,3.5666158199310303
1365889832.8644962,110.400002,3.469932794570923
1365889833.0639355,110.400002,3.6583728790283203
1365889833.2655656,111.200005,3.5839147567749023
1365889833.4663951,110.400002,3.5436384677886963
1365889833.6672869,108.800003,3.4786529541015625
1365889833.8653913,110.400002,3.475165367126465
1365889834.066528,110.400002,3.5628204345703125
1365889834.2699287,110.400002,3.599437952041626
1365889834.4676483,112.800003,3.51294207572937
1365889834.6670077,111.200005,3.475574254989624
1365889834.8679624,112.800003,3.4880104064941406
1365889835.067542,110.400002,3.7401063442230225
1365889835.2675345,111.200005,3.6953229904174805
1365889835.467979,111.200005,3.7178237438201904
1365889835.6683984,110.400002,3.5870602130889893
1365889835.8691983,110.400002,3.710141658782959
1365889836.0683148,110.400002,3.607771635055542
1365889836.26879,108.800003,3.4676835536956787
1365889836.4681025,108.800003,3.495039701461792
1365889836.6690922,107.200005,3.4676578044891357
1365889836.868006,106.400002,3.463984966278076
1365889837.0681813,106.400002,3.561793088912964
1365889837.2681134,106.400002,3.4659318923950195
1365889837.469008,148.000000,3.476269006729126
1365889837.669509,110.400002,3.4768307209014893
1365889837.8698974,108.800003,3.478487730026245
1365889838.070827,106.400002,3.4686625003814697
1365889838.270733,111.200005,3.4637398719787598
1365889838.4722338,110.400002,3.507420063018799
1365889838.673179,111.200005,3.471687078475952
1365889838.8805497,209.600006,3.4669933319091797
1365889839.0722516,111.200005,3.5097172260284424
1365889839.2732038,111.200005,3.504838228225708
1365889839.472369,106.400002,3.474048614501953
1365889839.677035,106.400002,3.7376787662506104
1365889839.8723187,107.200005,3.5588343143463135
1365889840.0900514,111.200005,3.529684066772461
1365889840.2728615,110.400002,3.48174786567688
1365889840.4736164,106.400002,3.47552490234375
1365889840.6717076,102.400002,3.5248513221740723
1365889840.8721962,112.800003,3.5343949794769287
1365889841.0721297,111.200005,3.63877010345459
1365889841.272326,114.400002,3.4726836681365967
1365889841.4717205,112.800003,3.464271068572998
1365889841.6721246,110.400002,3.5036239624023438
1365889841.8720965,316.000000,3.476414442062378
1365889842.0721354,107.200005,3.500227451324463
1365889842.2740881,110.400002,3.5794804096221924
1365889842.4736514,111.200005,3.4952588081359863
1365889842.6733649,111.200005,3.472254753112793
1365889842.874352,110.400002,3.469705820083618
1365889843.076415,106.400002,3.50191068649292
1365889843.2734635,108.800003,3.480536937713623
1365889843.474257,108.800003,3.534893274307251
1365889843.6741662,107.200005,3.469932794570923
1365889843.8772094,108.800003,3.559224843978882
1365889844.07402,111.200005,3.4944422245025635
1365889844.273728,111.200005,3.5119881629943848
1365889844.473078,111.200005,3.4838788509368896
1365889844.6735406,110.400002,3.500842332839966
1365889844.8740568,110.400002,3.4786789417266846
1365889845.074489,108.800003,3.5417494773864746
1365889845.276148,110.400002,3.5464937686920166
1365889845.476401,108.800003,3.4802632331848145
1365889845.6768668,108.800003,3.4675309658050537
1365889845.8765292,110.400002,3.6024584770202637
1365889846.0769746,108.800003,3.5430784225463867
1365889846.2773895,107.200005,3.654865264892578
1365889846.4781115,106.400002,3.4798054695129395
1365889846.6776347,107.200005,3.4639742374420166
1365889846.8780375,108.800003,3.4678077697753906
1365889847.078717,104.800003,3.5216739177703857
1365889847.2780993,112.800003,3.479790687561035
1365889847.4794512,110.400002,3.4758410453796387
1365889847.67848,110.400002,3.469444751739502
1365889847.878051,111.200005,3.536210298538208
1365889848.0794377,110.400002,3.485377311706543
1365889848.2786689,111.200005,3.4743971824645996
1365889848.478112,108.800003,3.6102657318115234
1365889848.6829436,108.800003,3.518306255340576
1365889848.879733,108.800003,3.4805569648742676
1365889849.083322,111.200005,3.483433723449707
1365889849.2791324,110.400002,3.4788098335266113
1365889849.4798827,104.800003,3.4735054969787598
1365889849.6795046,107.200005,3.4798831939697266
1365889849.8792138,107.200005,3.7143778800964355
1365889850.079704,110.400002,3.5323684215545654
1365889850.2799306,110.400002,3.4671242237091064
1365889850.4799397,110.400002,3.470381736755371
1365889850.6807272,111.200005,3.4708075523376465
1365889850.8797064,111.200005,3.4806275367736816
1365889851.080464,110.400002,3.4633126258850098
1365889851.2810922,111.200005,3.466095447540283
1365889851.48254,110.400002,3.479682445526123
1365889851.6847115,106.400002,3.52689528465271
1365889851.885429,107.200005,3.5401437282562256
1365889852.0828848,106.400002,3.4952731132507324
1365889852.2836142,107.200005,3.467332124710083
1365889852.4846108,106.400002,3.477567434310913
1365889852.684869,111.200005,3.464688539505005
1365889852.8855202,111.200005,3.48950457572937
1365889853.0854013,112.800003,3.5001635551452637
1365889853.2859795,110.400002,3.470517158508301
1365889853.4855897,110.400002,3.468881130218506
1365889853.6859715,112.800003,3.4869542121887207
1365889853.8863423,110.400002,3.4718663692474365
1365889854.087629,106.400002,3.5034241676330566
1365889854.2896597,110.400002,3.5042033195495605
1365889854.4877815,110.400002,3.4664511680603027
1365889854.688153,110.400002,3.616760015487671
1365889854.888046,110.400002,3.5732569694519043
1365889855.088854,108.800003,3.4847357273101807
1365889855.2891383,107.200005,3.4640345573425293
1365889855.4876962,106.400002,3.5586273670196533
1365889855.6921222,108.800003,3.4710497856140137
1365889855.889741,106.400002,3.645601749420166
1365889856.0900466,106.400002,3.507920980453491
1365889856.2932138,106.400002,3.496736764907837
1365889856.5135489,103.200005,3.518259048461914
1365889856.6919932,111.200005,3.4809625148773193
1365889856.892093,112.800003,3.4920730590820312
1365889857.0923154,110.400002,3.489232301712036
1365889857.2925608,110.400002,3.4842774868011475
1365889857.4923015,111.200005,3.468740701675415
1365889857.693365,110.400002,3.7024331092834473
1365889857.8913717,111.200005,3.540191650390625
1365889858.0919445,108.800003,3.549072265625
1365889858.2921565,107.200005,3.4718191623687744
1365889858.496147,106.400002,3.497580051422119
1365889858.69441,112.800003,3.555074691772461
1365889858.8928626,106.400002,3.611937999725342
1365889859.092551,111.200005,3.551974058151245
1365889859.291821,114.400002,3.4778172969818115
1365889859.4921474,110.400002,3.4705007076263428
1365889859.6915646,111.200005,3.4865286350250244
1365889859.8929932,110.400002,3.4704370498657227
1365889860.091798,110.400002,3.4724106788635254
1365889860.2922657,111.200005,3.4777910709381104
1365889860.4917154,110.400002,3.4792892932891846
1365889860.6921408,111.200005,3.5377557277679443
1365889860.8934088,110.400002,3.468310594558716
1365889861.092713,110.400002,3.4959471225738525
1365889861.2924743,110.400002,3.4657506942749023
1365889861.4940245,108.800003,3.4723126888275146
1365889861.6924882,110.400002,3.470393419265747
1365889861.893109,110.400002,3.4759714603424072
1365889862.0930345,108.800003,3.534121513366699
1365889862.2934594,107.200005,3.590083599090576
1365889862.4942775,103.200005,3.5354952812194824
1365889862.694395,110.400002,3.4992499351501465
1365889862.8974283,108.800003,3.703650712966919
1365889863.0963478,111.200005,3.506377935409546
1365889863.2947884,111.200005,3.6607682704925537
1365889863.4943151,112.800003,3.565342903137207
1365889863.6947055,110.400002,3.488201379776001
1365889863.8947027,111.200005,3.4762277603149414
1365889864.0951698,110.400002,3.477335214614868
1365889864.294999,110.400002,3.468595504760742
1365889864.4945867,110.400002,3.4723317623138428
1365889864.6936076,110.400002,3.492213010787964
1365889864.8943424,107.200005,3.6152541637420654
1365889865.0948827,108.800003,3.4638819694519043
1365889865.2967257,108.800003,3.4832186698913574
1365889865.494625,110.400002,3.47748064994812
1365889865.7008238,107.200005,3.507671356201172
1365889865.8971784,106.400002,3.4705417156219482
1365889866.0965693,107.200005,3.472053050994873
1365889866.2960868,106.400002,3.4660916328430176
1365889866.4975927,110.400002,3.4930548667907715
1365889866.6987073,110.400002,3.5346598625183105
1365889866.9019432,110.400002,3.5028398036956787
1365889867.0979571,111.200005,3.485907793045044
1365889867.2991798,111.200005,3.4681708812713623
1365889867.4996672,108.800003,3.5282740592956543
1365889867.6983876,108.800003,3.46675181388855
1365889867.899297,110.400002,3.471846580505371
1365889868.0985296,110.400002,3.4708797931671143
1365889868.298763,108.800003,3.6186962127685547
1365889868.498392,108.800003,3.492338180541992
1365889868.6986518,107.200005,3.489933729171753
1365889868.8983483,108.800003,3.4689900875091553
1365889869.0983727,107.200005,3.567629337310791
1365889869.2983484,108.800003,3.4731602668762207
1365889869.4988346,107.200005,3.4645650386810303
1365889869.70142,108.800003,3.518383741378784
1365889869.9013684,108.800003,3.466787338256836
1365889870.0985336,108.800003,3.4772894382476807
1365889870.2989757,108.800003,3.462597370147705
1365889870.4996333,107.200005,3.466362714767456
1365889870.7022905,106.400002,3.4799907207489014
1365889870.8993845,106.400002,3.4686756134033203
1365889871.0997107,110.400002,3.4847466945648193
1365889871.299748,111.200005,3.4690823554992676
1365889871.500573,111.200005,3.4875338077545166
1365889871.6999357,114.400002,3.5390403270721436
1365889871.9049044,111.200005,3.4644851684570312
1365889872.0993526,112.800003,3.529761791229248
1365889872.299816,110.400002,3.5549778938293457
1365889872.4987333,110.400002,3.6469101905822754
1365889872.699663,111.200005,3.760411024093628
1365889872.8986583,451.200012,3.5642056465148926
1365889873.1021845,111.200005,3.4701592922210693
1365889873.2997081,110.400002,3.4661176204681396
1365889873.5010762,111.200005,3.4776852130889893
1365889873.699215,110.400002,3.4908063411712646
1365889873.906017,110.400002,3.4781298637390137
1365889874.0997334,107.200005,3.5661206245422363
1365889874.2992966,106.400002,3.5909972190856934
1365889874.4997253,106.400002,3.4820940494537354
1365889874.7025988,106.400002,3.5046234130859375
1365889874.9051318,110.400002,3.588068723678589
1365889875.1000206,110.400002,3.477175235748291
1365889875.3002443,110.400002,3.4746479988098145
1365889875.502197,110.400002,3.4680871963500977
1365889875.6998575,108.800003,3.4748082160949707
1365889875.9010558,106.400002,3.4970529079437256
1365889876.1000125,111.200005,3.4657609462738037
1365889876.2994359,111.200005,3.4832863807678223
1365889876.4995165,110.400002,3.4759960174560547
1365889876.698938,110.400002,3.5801336765289307
1365889876.9044163,110.400002,3.4677929878234863
1365889877.0999599,108.800003,3.6064367294311523
1365889877.300447,108.800003,3.4779410362243652
1365889877.5001698,110.400002,3.464125633239746
1365889877.7006292,110.400002,3.8661892414093018
1365889877.9016576,107.200005,3.67098069190979
1365889878.1020916,111.200005,3.6562910079956055
1365889878.30267,111.200005,3.4917407035827637
1365889878.5020258,110.400002,3.478454351425171
1365889878.702972,110.400002,3.5632221698760986
1365889878.9023128,111.200005,3.4921932220458984
1365889879.101707,108.800003,3.508183479309082
1365889879.3024642,111.200005,3.4709324836730957
1365889879.501942,110.400002,3.557547092437744
1365889879.7044191,110.400002,3.480884075164795
1365889879.902496,108.800003,3.468181610107422
1365889880.1029658,108.800003,3.4694721698760986
1365889880.3033774,108.800003,3.4720306396484375
1365889880.5033967,108.800003,3.4792768955230713
1365889880.7047992,107.200005,4.725539207458496
1365889880.90442,106.400002,4.530552625656128
1365889881.1038578,106.400002,4.337068796157837
1365889881.3054278,104.800003,4.138971567153931
1365889881.504767,110.400002,3.946235418319702
1365889881.7059891,104.800003,3.7544965744018555
1365889881.9099965,110.400002,3.5593678951263428
1365889882.1046782,108.800003,3.4646871089935303
1365889882.304854,108.800003,3.4890339374542236
1365889882.5060642,111.200005,3.4712560176849365
1365889882.705386,108.800003,3.5046305656433105
1365889882.9042954,107.200005,3.4766101837158203
1365889883.1271517,107.200005,3.5245351791381836
1365889883.3048747,108.800003,3.4919986724853516
1365889883.5068784,108.800003,3.468444585800171
1365889883.7071843,108.800003,3.7523386478424072
1365889883.9063618,108.800003,3.554824113845825
1365889884.1055257,108.800003,3.4629175662994385
1365889884.3063617,106.400002,3.474114179611206
1365889884.505934,106.400002,3.4730703830718994
1365889884.7064757,110.400002,3.562295913696289
1365889884.9064794,106.400002,3.4746479988098145
1365889885.1062584,107.200005,3.496530771255493
1365889885.3061383,107.200005,3.4751720428466797
1365889885.506687,106.400002,3.4743587970733643
1365889885.7060683,107.200005,3.4676365852355957
1365889885.9079363,110.400002,3.529099225997925
1365889886.107849,110.400002,3.481762647628784
1365889886.3072064,110.400002,3.529688835144043
1365889886.5076876,110.400002,3.4738569259643555
1365889886.707138,111.200005,3.4943552017211914
1365889886.9083185,110.400002,3.5475099086761475
1365889887.1088982,111.200005,3.50935959815979
1365889887.3081405,112.800003,3.4754631519317627
1365889887.5074852,110.400002,3.4648494720458984
1365889887.708235,110.400002,3.469808340072632
1365889887.9222558,111.200005,3.4978301525115967
1365889888.114951,110.400002,3.46989369392395
1365889888.3091736,108.800003,3.469067335128784
1365889888.5080416,110.400002,3.479722023010254
1365889888.7069502,110.400002,3.5174098014831543
1365889888.9075577,110.400002,3.4850618839263916
1365889889.1074297,108.800003,3.462268114089966
1365889889.3096802,108.800003,3.4806153774261475
1365889889.508446,106.400002,3.4630255699157715
1365889889.7079625,107.200005,3.563295602798462
1365889889.9090352,107.200005,3.534414052963257
1365889890.1083038,107.200005,3.481067419052124
1365889890.3089607,112.800003,3.467132329940796
1365889890.5083354,111.200005,3.5744636058807373
1365889890.7088308,111.200005,3.4760143756866455
1365889890.9090648,108.800003,3.480658769607544
1365889891.1094728,111.200005,3.462859869003296
1365889891.3090801,110.400002,3.5024919509887695
1365889891.5086691,108.800003,3.4856836795806885
1365889891.7091305,110.400002,3.6112236976623535
1365889891.908422,108.800003,3.5079309940338135
1365889892.1086113,107.200005,3.480682849884033
1365889892.3083925,106.400002,3.4817721843719482
1365889892.5093217,106.400002,3.4759104251861572
1365889892.7091115,110.400002,3.5270400047302246
1365889892.9096174,111.200005,3.4825003147125244
1365889893.1093295,112.800003,3.5474419593811035
1365889893.3099754,111.200005,3.6230173110961914
1365889893.5117943,108.800003,3.478461503982544
1365889893.7097723,110.400002,3.532099485397339
1365889893.9112415,110.400002,3.4966020584106445
1365889894.1107879,108.800003,3.5374903678894043
1365889894.3107584,108.800003,3.4686803817749023
1365889894.5101025,107.200005,3.6284337043762207
1365889894.710546,275.200012,3.657881021499634
1365889894.9125605,106.400002,3.5097293853759766
1365889895.113125,106.400002,3.65421724319458
1365889895.3116457,106.400002,3.8820323944091797
1365889895.5122032,106.400002,3.6872739791870117
1365889895.7121603,106.400002,3.57523512840271
1365889895.911244,110.400002,3.606762409210205
1365889896.1116245,110.400002,3.584927558898926
1365889896.3115053,110.400002,3.476236581802368
1365889896.5127997,110.400002,3.526616096496582
1365889896.712345,108.800003,3.513227939605713
1365889896.9124508,107.200005,3.4867663383483887
1365889897.112889,106.400002,3.622694730758667
1365889897.312742,112.800003,3.461760997772217
1365889897.5143125,112.800003,3.481586456298828
1365889897.7127564,111.200005,3.4706063270568848
1365889897.9144328,110.400002,3.4948832988739014
1365889898.113962,110.400002,3.4830474853515625
1365889898.3142076,110.400002,3.4789950847625732
1365889898.5162857,110.400002,3.470909833908081
1365889898.7134664,110.400002,3.4946532249450684
1365889898.9126036,110.400002,3.5610227584838867
1365889899.113553,449.600006,3.4642696380615234
1365889899.3140042,112.800003,3.466360092163086
1365889899.5139668,111.200005,3.462588310241699
1365889899.715801,112.800003,3.53137469291687
1365889899.9145875,111.200005,3.4889423847198486
1365889900.116245,110.400002,3.467437267303467
1365889900.3149652,110.400002,3.4723775386810303
1365889900.5152278,110.400002,3.518770694732666
1365889900.716014,111.200005,3.478867292404175
1365889900.917135,111.200005,3.4684462547302246
1365889901.114602,108.800003,3.5059866905212402
1365889901.3152823,111.200005,3.4851553440093994
1365889901.5156193,110.400002,3.4900174140930176
1365889901.716524,108.800003,3.5468697547912598
1365889901.9172127,106.400002,3.480562448501587
1365889902.1184225,106.400002,3.468630790710449
1365889902.3197455,102.400002,3.4698057174682617
1365889902.5191255,104.800003,3.4678304195404053
1365889902.7188444,110.400002,3.4856090545654297
1365889902.9183855,114.400002,3.476127862930298
1365889903.1187499,111.200005,3.7346909046173096
1365889903.3181877,110.400002,3.675356149673462
1365889903.518653,111.200005,3.4773333072662354
1365889903.718312,110.400002,3.485724925994873
1365889903.9189153,111.200005,3.525369644165039
1365889904.1187541,111.200005,3.742347002029419
1365889904.3190367,110.400002,3.543642282485962
1365889904.5202749,111.200005,4.325937271118164
1365889904.7185066,110.400002,4.129247665405273
1365889904.9199204,107.200005,3.929070234298706
1365889905.1225388,104.800003,3.7274951934814453
1365889905.3193407,106.400002,3.5316572189331055
1365889905.519787,106.400002,3.468562126159668
1365889905.7193255,106.400002,3.487584114074707
1365889905.9188235,110.400002,3.7425639629364014
1365889906.1202068,111.200005,3.6808626651763916
1365889906.3186474,111.200005,3.4946157932281494
1365889906.5192082,110.400002,3.4889676570892334
1365889906.7205634,110.400002,3.5172486305236816
1365889906.921479,110.400002,3.482557773590088
1365889907.119622,111.200005,3.565727949142456
1365889907.320514,110.400002,3.524015426635742
1365889907.519833,108.800003,3.476210117340088
1365889907.7196732,313.600006,3.4694032669067383
1365889907.9192324,111.200005,3.4718356132507324
1365889908.1197696,110.400002,3.4775807857513428
1365889908.3198614,110.400002,3.4658355712890625
1365889908.5199373,110.400002,3.597708225250244
1365889908.7199543,110.400002,3.4620938301086426
1365889908.9199524,110.400002,3.465912103652954
1365889909.1203873,110.400002,3.51488995552063
1365889909.3200886,108.800003,3.484543800354004
1365889909.519457,110.400002,3.4645330905914307
1365889909.7196698,108.800003,3.473222255706787
1365889909.9260361,106.400002,3.4644782543182373
1365889910.1193182,107.200005,3.5125226974487305
1365889910.3185682,107.200005,3.4746954441070557
1365889910.520009,104.800003,3.461425542831421
1365889910.719896,100.800003,3.4891576766967773
1365889910.9223561,396.000000,3.468911647796631
1365889911.1222448,110.400002,3.477776050567627
1365889911.3211322,108.800003,3.461820602416992
1365889911.5216436,108.800003,3.4717259407043457
1365889911.7220316,107.200005,3.4729323387145996
1365889911.922358,106.400002,3.6203224658966064
1365889912.1247346,106.400002,3.494049072265625
1365889912.322684,339.200012,3.570636749267578
1365889912.5267394,107.200005,3.490436553955078
1365889912.7229106,107.200005,3.4628818035125732
1365889912.9223535,108.800003,3.5376102924346924
1365889913.1228755,110.400002,3.503065347671509
1365889913.323973,108.800003,3.485605001449585
1365889913.5292096,110.400002,3.4620237350463867
1365889913.7241476,111.200005,3.4750864505767822
1365889913.9246206,111.200005,3.464787006378174
1365889914.1238332,108.800003,3.487760305404663
1365889914.324747,107.200005,3.4718716144561768
1365889914.5246441,106.400002,3.4750988483428955
1365889914.7248514,106.400002,3.6802608966827393
1365889914.9253647,106.400002,3.715916395187378
1365889915.124925,106.400002,3.518521308898926
1365889915.3251927,107.200005,3.483376979827881
1365889915.5256505,108.800003,3.702998399734497
1365889915.724652,108.800003,3.6590769290924072
1365889915.9424646,107.200005,3.7525148391723633
1365889916.1245492,107.200005,3.572147846221924
1365889916.3242195,106.400002,3.5004425048828125
1365889916.5247447,107.200005,3.464756727218628
1365889916.724121,106.400002,3.5471086502075195
1365889916.9249663,108.800003,3.495021343231201
1365889917.1242921,106.400002,3.565138578414917
1365889917.3248672,107.200005,3.471980333328247
1365889917.5250382,108.800003,3.543403148651123
1365889917.7263892,108.800003,3.4797911643981934
1365889917.9248688,108.800003,3.488189935684204
1365889918.1253896,108.800003,3.46333646774292
1365889918.3259351,106.400002,3.472886800765991
1365889918.5264554,106.400002,3.472217321395874
1365889918.7287188,110.400002,3.4729678630828857
1365889918.928065,112.800003,3.8611772060394287
1365889919.1276705,111.200005,3.662952184677124
1365889919.3279397,110.400002,3.5774550437927246
1365889919.5274231,110.400002,3.4822611808776855
1365889919.7287588,107.200005,3.474632740020752
1365889919.9291732,106.400002,3.4708597660064697
1365889920.128426,104.800003,3.5360970497131348
1365889920.3289647,110.400002,3.4663381576538086
1365889920.528989,111.200005,3.4783501625061035
1365889920.7285147,111.200005,3.4621052742004395
1365889920.9305336,112.800003,3.486412763595581
1365889921.129667,108.800003,3.4673449993133545
1365889921.3295424,110.400002,3.4721455574035645
1365889921.5295842,111.200005,3.482285261154175
1365889921.7300298,111.200005,3.4638595581054688
1365889921.9307137,108.800003,3.471367835998535
1365889922.1322262,110.400002,3.496392250061035
1365889922.33476,112.800003,3.472288131713867
1365889922.533774,114.400002,3.4818410873413086
1365889922.7324488,111.200005,3.502750873565674
1365889922.9338706,110.400002,3.4827041625976562
1365889923.1344404,110.400002,3.471141815185547
1365889923.3361588,108.800003,3.478959798812866
1365889923.5349145,106.400002,3.4721829891204834
1365889923.7384655,107.200005,3.5268402099609375
1365889923.9359415,106.400002,3.5368924140930176
1365889924.1343627,107.200005,3.4725053310394287
1365889924.33488,107.200005,3.473562479019165
1365889924.5352535,107.200005,3.474741220474243
1365889924.7350252,107.200005,3.5082790851593018
1365889924.9342864,104.800003,3.4641683101654053
1365889925.13505,110.400002,3.691023349761963
1365889925.3361313,111.200005,3.54573130607605
1365889925.5349782,111.200005,3.7155659198760986
1365889925.7342649,111.200005,3.5428080558776855
1365889925.9347641,110.400002,3.50223970413208
1365889926.1338294,110.400002,3.4653499126434326
1365889926.3348553,111.200005,3.4827773571014404
1365889926.5348167,112.800003,3.5290253162384033
1365889926.7341547,108.800003,3.467272996902466
1365889926.9341927,108.800003,3.554278612136841
1365889927.1336827,108.800003,3.473665952682495
1365889927.3340936,108.800003,3.4642741680145264
1365889927.5343518,107.200005,3.49433970451355
1365889927.734185,104.800003,3.5293116569519043
1365889927.934504,110.400002,3.479102849960327
1365889928.1351047,112.800003,3.4747257232666016
1365889928.336273,110.400002,3.4667181968688965
1365889928.5349376,110.400002,3.4989054203033447
1365889928.735403,110.400002,3.4647505283355713
1365889928.9349763,110.400002,3.469818592071533
1365889929.1360688,110.400002,3.4620442390441895
1365889929.3356047,110.400002,3.5020270347595215
1365889929.536016,108.800003,3.4737985134124756
1365889929.7350621,108.800003,3.468816041946411
1365889929.9361622,226.400009,3.5171563625335693
1365889930.1357718,108.800003,3.4725213050842285
1365889930.336309,106.400002,3.498732328414917
1365889930.5356185,110.400002,3.597116231918335
1365889930.736156,108.800003,3.4777073860168457
1365889930.9368982,108.800003,3.467337131500244
1365889931.1363254,112.800003,3.4864869117736816
1365889931.3382533,112.800003,3.468385696411133
1365889931.5380127,111.200005,3.462254762649536
1365889931.7379632,110.400002,3.472104549407959
1365889931.938401,110.400002,3.474168300628662
1365889932.139284,110.400002,3.469160556793213
1365889932.3395689,110.400002,3.518604040145874
1365889932.5398781,108.800003,3.4625422954559326
1365889932.7387788,108.800003,3.4753565788269043
1365889932.9399376,110.400002,3.468473196029663
1365889933.141935,108.800003,3.4627561569213867
1365889933.339351,112.800003,3.467996835708618
1365889933.5413187,110.400002,3.4715514183044434
1365889933.7425754,108.800003,3.4758667945861816
1365889933.9397202,111.200005,3.4684178829193115
1365889934.140476,106.400002,3.4676575660705566
1365889934.3403869,208.800003,3.4768130779266357
1365889934.5401125,107.200005,3.5284931659698486
1365889934.740666,108.800003,3.4730069637298584
1365889934.9424815,108.800003,3.4839603900909424
1365889935.141168,108.800003,3.462864875793457
1365889935.343101,108.800003,3.4759578704833984
1365889935.5441449,106.400002,3.471727132797241
1365889935.7417016,106.400002,3.4737820625305176
1365889935.9416428,106.400002,3.4781970977783203
1365889936.1424494,111.200005,3.468038320541382
1365889936.3419943,112.800003,3.536181926727295
1365889936.54563,111.200005,3.4666521549224854
1365889936.743033,111.200005,3.5000195503234863
1365889936.945086,111.200005,3.468618869781494
1365889937.1450462,110.400002,3.5348758697509766
1365889937.3452513,110.400002,3.493694305419922
1365889937.5475283,110.400002,3.530784845352173
1365889937.7460115,110.400002,3.5600688457489014
1365889937.9464417,110.400002,3.6381478309631348
1365889938.1480358,108.800003,3.577176332473755
1365889938.3478365,107.200005,3.521848440170288
1365889938.555861,107.200005,3.4625864028930664
1365889938.748687,107.200005,3.478951930999756
1365889938.9481788,111.200005,3.462705135345459
1365889939.1508603,110.400002,3.7201499938964844
1365889939.3487096,110.400002,3.5236310958862305
1365889939.5481606,112.800003,3.4708762168884277
1365889939.748924,112.800003,3.4759116172790527
1365889939.9502664,112.800003,3.4624733924865723
1365889940.1483583,108.800003,3.5423691272735596
1365889940.3478107,111.200005,3.4608659744262695
1365889940.5504017,110.400002,3.4887263774871826
1365889940.7482393,111.200005,3.4746437072753906
1365889940.9492095,110.400002,3.471452236175537
1365889941.1482954,108.800003,3.465506076812744
1365889941.3492646,111.200005,3.493574857711792
1365889941.549296,111.200005,3.531726598739624
1365889941.7498608,111.200005,3.4881913661956787
1365889941.9507127,110.400002,3.4636428356170654
1365889942.1498663,110.400002,3.519848585128784
1365889942.354014,110.400002,3.610649824142456
1365889942.5515053,110.400002,3.492746591567993
1365889942.751228,108.800003,3.4688806533813477
1365889942.951278,110.400002,3.676344633102417
1365889943.1514807,110.400002,3.5411882400512695
1365889943.3527348,107.200005,3.4731264114379883
1365889943.5523927,106.400002,3.4804251194000244
1365889943.7655637,108.800003,3.63028883934021
1365889943.9526412,110.400002,3.5694289207458496
1365889944.1551142,110.400002,3.4708635807037354
1365889944.3540382,110.400002,3.4621856212615967
1365889944.551523,108.800003,3.7210452556610107
1365889944.7521155,107.200005,3.640488862991333
1365889944.9524467,107.200005,3.5972063541412354
1365889945.1548307,106.400002,3.890751600265503
1365889945.3535757,111.200005,3.693662405014038
1365889945.5551827,111.200005,3.493547201156616
1365889945.754097,106.400002,3.465059280395508
1365889945.9541945,104.800003,3.9812965393066406
1365889946.1539087,106.400002,3.7827346324920654
1365889946.3543243,107.200005,3.5835072994232178
1365889946.5537593,104.800003,3.503258466720581
1365889946.7549882,104.800003,3.4834961891174316
1365889946.9540193,104.800003,3.4982426166534424
1365889947.1541505,110.400002,3.4614312648773193
1365889947.3535433,110.400002,3.4784393310546875
1365889947.5549932,111.200005,3.471557855606079
1365889947.7535923,449.600006,3.4752259254455566
1365889947.9545293,110.400002,3.964289426803589
1365889948.1550748,107.200005,3.790844678878784
1365889948.353584,106.400002,3.595959186553955
1365889948.5545042,107.200005,3.529000759124756
1365889948.7559242,107.200005,3.678041696548462
1365889948.9545631,111.200005,3.499558687210083
1365889949.1554377,108.800003,3.499194383621216
1365889949.356346,110.400002,3.4894232749938965
1365889949.5564914,108.800003,3.4646918773651123
1365889949.7577634,107.200005,3.4689645767211914
1365889949.957132,108.800003,3.474116563796997
1365889950.1594174,108.800003,3.517681837081909
1365889950.357607,108.800003,3.47536563873291
1365889950.5570915,107.200005,3.468510627746582
1365889950.7598956,104.800003,3.4929885864257812
1365889950.9581354,112.800003,3.462451219558716
1365889951.1636791,104.800003,3.477593421936035
1365889951.3578587,112.800003,3.47141695022583
1365889951.557597,111.200005,3.4875807762145996
1365889951.7571914,106.400002,3.5386931896209717
1365889951.9578228,104.800003,3.4661240577697754
1365889952.158196,111.200005,3.4633827209472656
1365889952.3584955,111.200005,3.4952754974365234
1365889952.5589056,110.400002,3.5597782135009766
1365889952.757956,111.200005,3.490600109100342
1365889952.9575675,111.200005,3.4886598587036133
1365889953.1590374,111.200005,3.529134511947632
1365889953.3580863,108.800003,3.5575296878814697
1365889953.5584295,107.200005,3.5068628787994385
1365889953.7581325,108.800003,3.6842126846313477
1365889953.9584136,110.400002,3.5805163383483887
1365889954.1594818,107.200005,3.564542531967163
1365889954.3580444,107.200005,3.468585968017578
1365889954.5588505,106.400002,3.4831900596618652
1365889954.7588391,106.400002,3.5298545360565186
1365889954.959351,111.200005,3.5139565467834473
1365889955.1598668,112.800003,3.7105424404144287
1365889955.3593524,114.400002,3.699411392211914
1365889955.559916,110.400002,3.5473110675811768
1365889955.7592673,112.800003,3.4972574710845947
1365889955.959751,111.200005,3.472001314163208
1365889956.1594925,110.400002,3.46711802482605
1365889956.3599048,108.800003,3.689565658569336
1365889956.5603156,110.400002,3.491654634475708
1365889956.7598853,112.800003,3.4938809871673584
1365889956.9593453,110.400002,3.491915225982666
1365889957.1598568,110.400002,3.4890618324279785
1365889957.360233,110.400002,3.491727590560913
1365889957.559756,108.800003,3.5493481159210205
1365889957.758636,108.800003,3.483274459838867
1365889957.9591963,108.800003,3.482475519180298
1365889958.1619604,108.800003,3.4797158241271973
1365889958.359702,107.200005,3.495110034942627
1365889958.559352,108.800003,3.4873151779174805
1365889958.7600172,107.200005,3.580918312072754
1365889958.9601338,107.200005,3.507286787033081
1365889959.1595597,106.400002,3.530611991882324
1365889959.3590577,106.400002,3.54974365234375
1365889959.56174,108.800003,3.493953227996826
1365889959.7618732,111.200005,3.476172924041748
1365889959.9614217,110.400002,3.4649665355682373
1365889960.1610644,110.400002,3.515589714050293
1365889960.3615623,111.200005,3.4775338172912598
1365889960.571576,110.400002,3.465402126312256
1365889960.7614787,110.400002,3.4634876251220703
1365889960.9624858,110.400002,3.4647698402404785
1365889961.1628172,111.200005,3.462406635284424
1365889961.363368,110.400002,3.7881951332092285
1365889961.563043,108.800003,3.5922510623931885
1365889961.7643414,110.400002,3.566370964050293
1365889961.9648957,108.800003,3.4685966968536377
1365889962.168459,111.200005,3.4879367351531982
1365889962.3638334,111.200005,3.4810259342193604
1365889962.5641735,110.400002,3.4647364616394043
1365889962.7637382,108.800003,3.4919750690460205
1365889962.9641178,112.800003,3.4621567726135254
1365889963.1656306,112.800003,3.4649529457092285
1365889963.3640385,111.200005,3.4718246459960938
1365889963.565262,110.400002,3.5234851837158203
1365889963.765735,108.800003,3.4773848056793213
1365889963.9665802,108.800003,3.470548629760742
1365889964.1666708,110.400002,3.5418694019317627
1365889964.3681393,108.800003,3.502718210220337
1365889964.5666387,108.800003,3.534276247024536
1365889964.7669327,110.400002,3.7099409103393555
1365889964.9674222,108.800003,3.780759572982788
1365889965.1676488,107.200005,3.582127094268799
1365889965.3677545,107.200005,3.486074447631836
1365889965.5671754,110.400002,3.565497398376465
1365889965.7679756,110.400002,3.7581961154937744
1365889965.970473,110.400002,3.5686111450195312
1365889966.1690328,108.800003,3.6948273181915283
1365889966.369125,106.400002,3.6868600845336914
1365889966.568424,112.800003,3.7010176181793213
1365889966.7686725,111.200005,3.58453631401062
1365889966.9677975,110.400002,3.47782039642334
1365889967.1682844,112.800003,3.4924237728118896
1365889967.370509,110.400002,3.7385709285736084
1365889967.5686603,111.200005,3.5774104595184326
1365889967.769838,110.400002,3.956629753112793
1365889967.9698148,110.400002,4.001204252243042
1365889968.1682808,110.400002,3.804608106613159
1365889968.3689265,111.200005,3.6066243648529053
1365889968.5688694,111.200005,3.589247703552246
1365889968.7697294,110.400002,3.4624898433685303
1365889968.9689252,110.400002,3.4729795455932617
1365889969.1692214,108.800003,3.597860097885132
1365889969.3699777,110.400002,3.470461130142212
1365889969.571217,110.400002,3.48017954826355
1365889969.7699664,184.800003,3.4887893199920654
1365889969.9699159,108.800003,3.473283290863037
1365889970.172758,108.800003,3.4974567890167236
1365889970.3699093,106.400002,3.4741122722625732
1365889970.5694873,111.200005,3.4639358520507812
1365889970.771622,107.200005,3.4683969020843506
1365889970.9701626,108.800003,3.4667978286743164
1365889971.1697466,107.200005,3.548142194747925
1365889971.3692892,107.200005,3.483989715576172
1365889971.5702128,104.800003,3.464463233947754
1365889971.7739975,106.400002,3.749729633331299
1365889971.9697325,111.200005,3.599329710006714
1365889972.1696534,111.200005,3.478750705718994
1365889972.3705373,112.800003,3.657697916030884
1365889972.572174,111.200005,3.6270017623901367
1365889972.7698655,110.400002,3.5002737045288086
1365889972.9713671,112.800003,3.5836968421936035
1365889973.1692533,111.200005,3.6726927757263184
1365889973.3690326,112.800003,3.515265703201294
1365889973.5699835,112.800003,3.479872703552246
1365889973.7695322,104.800003,3.480614423751831
1365889973.9700089,111.200005,3.4624650478363037
1365889974.1706033,106.400002,3.4689066410064697
1365889974.3706632,106.400002,3.4852404594421387
1365889974.5710917,104.800003,3.5337533950805664
1365889974.7710598,106.400002,3.4745423793792725
1365889974.9728937,106.400002,3.5889532566070557
1365889975.1708808,111.200005,3.536983013153076
1365889975.3716414,110.400002,3.489560127258301
1365889975.5722446,111.200005,3.503011703491211
1365889975.7729237,111.200005,3.496025800704956
1365889975.9724298,112.800003,3.475017547607422
1365889976.1738255,111.200005,3.5661163330078125
1365889976.3735194,106.400002,3.6132733821868896
1365889976.57296,111.200005,3.5609004497528076
1365889976.7732856,106.400002,3.459930896759033
1365889976.9726455,108.800003,3.4856042861938477
1365889977.1723518,103.200005,3.550935745239258
1365889977.372196,107.200005,3.5145907402038574
1365889977.5721838,106.400002,3.4681577682495117
1365889977.7716722,106.400002,3.4674174785614014
1365889977.9780254,106.400002,3.4697418212890625
1365889978.1728804,107.200005,3.470322370529175
1365889978.3729007,108.800003,3.4656975269317627
1365889978.5739367,110.400002,3.4706950187683105
1365889978.7727778,104.800003,3.4810211658477783
1365889978.9726167,106.400002,3.4685075283050537
1365889979.172165,108.800003,3.463979959487915
1365889979.3732,108.800003,3.4691669940948486
1365889979.5725482,111.200005,3.4813995361328125
1365889979.7733707,111.200005,3.480001449584961
1365889979.972952,110.400002,3.5647435188293457
1365889980.173212,104.800003,3.5623891353607178
1365889980.37617,107.200005,3.634596824645996
1365889980.5728374,104.800003,3.462571382522583
1365889980.7726536,108.800003,3.4723963737487793
1365889980.9730978,110.400002,3.5290768146514893
1365889981.1734633,110.400002,3.496583938598633
1365889981.3743699,110.400002,3.484194278717041
1365889981.5747173,111.200005,3.4627294540405273
1365889981.7737958,111.200005,3.7102880477905273
1365889981.9755287,110.400002,3.5497632026672363
1365889982.1765597,110.400002,3.5539114475250244
1365889982.3752203,108.800003,3.467956304550171
1365889982.5743182,110.400002,3.4611263275146484
1365889982.774927,108.800003,3.4715912342071533
1365889982.9743316,108.800003,3.473534345626831
1365889983.1761482,110.400002,3.5834810733795166
1365889983.3747778,108.800003,3.4982399940490723
1365889983.575062,110.400002,3.5442419052124023
1365889983.774869,110.400002,3.76608943939209
1365889983.9747856,108.800003,3.612368106842041
1365889984.175837,106.400002,3.4658145904541016
1365889984.3748083,107.200005,3.5004220008850098
1365889984.574404,108.800003,3.5815675258636475
1365889984.7761307,108.800003,3.5288279056549072
1365889984.97721,107.200005,3.4647889137268066
1365889985.1751661,107.200005,3.49072265625
1365889985.378073,107.200005,3.481454849243164
1365889985.5754247,106.400002,3.530264139175415
1365889985.7753508,106.400002,3.5602898597717285
1365889985.9766145,106.400002,3.4641637802124023
1365889986.1747854,106.400002,3.523289918899536
1365889986.3757048,111.200005,3.5137670040130615
1365889986.5755177,110.400002,3.462225914001465
1365889986.77559,111.200005,3.471113920211792
1365889986.9755683,111.200005,3.4678196907043457
1365889987.178314,110.400002,3.473738193511963
1365889987.3754745,108.800003,3.4723806381225586
1365889987.5759914,111.200005,3.4933841228485107
1365889987.7806456,111.200005,3.489955186843872
1365889987.9773648,111.200005,3.47159743309021
1365889988.1813858,110.400002,3.5552563667297363
1365889988.3780751,112.800003,3.533029079437256
1365889988.5773478,110.400002,3.6381359100341797
1365889988.776736,106.400002,3.483484983444214
1365889988.9765124,111.200005,3.4636101722717285
1365889989.1841497,111.200005,3.488335132598877
1365889989.3767273,111.200005,3.4664828777313232
1365889989.5761144,114.400002,3.6084096431732178
1365889989.776287,111.200005,3.46417498588562
1365889989.976094,110.400002,3.4674034118652344
1365889990.176849,112.800003,3.4740114212036133
1365889990.3759255,110.400002,3.4630448818206787
1365889990.5776522,111.200005,3.466702699661255
1365889990.7770596,111.200005,3.4672510623931885
1365889990.977475,110.400002,3.473581314086914
1365889991.1799984,108.800003,3.465174436569214
1365889991.3782318,110.400002,3.4636898040771484
1365889991.5771217,111.200005,3.4615118503570557
1365889991.7782817,111.200005,3.4698116779327393
1365889991.978219,111.200005,3.4634571075439453
1365889992.1792364,110.400002,3.4850258827209473
1365889992.3791943,108.800003,3.4737467765808105
1365889992.5784736,106.400002,3.4700820446014404
1365889992.7820706,106.400002,3.470060110092163
1365889992.9800143,104.800003,3.4707090854644775
1365889993.179327,111.200005,3.4663360118865967
1365889993.3794293,110.400002,3.4678397178649902
1365889993.579799,111.200005,3.4722115993499756
1365889993.7794433,112.800003,3.4791195392608643
1365889993.9799333,111.200005,3.474503755569458
1365889994.179679,111.200005,3.46621036529541
1365889994.379735,110.400002,3.470872163772583
1365889994.5795496,111.200005,3.4784467220306396
1365889994.7797673,110.400002,3.461048126220703
1365889994.9811203,110.400002,3.4625778198242188
1365889995.1816616,110.400002,3.4632391929626465
1365889995.3802443,108.800003,3.4693150520324707
1365889995.5806096,110.400002,3.4635119438171387
1365889995.7795439,108.800003,3.485034704208374
1365889995.980202,111.200005,3.5801033973693848
1365889996.179949,112.800003,3.4989073276519775
1365889996.3800519,111.200005,3.4714295864105225
1365889996.5813982,110.400002,3.481477737426758
1365889996.781621,110.400002,3.471684217453003
1365889996.9840398,106.400002,3.4690706729888916
1365889997.1820636,106.400002,3.479240894317627
1365889997.3818927,111.200005,3.467470169067383
1365889997.582979,111.200005,3.475222110748291
1365889997.7825897,111.200005,3.690537214279175
1365889997.9871616,110.400002,3.5617072582244873
1365889998.1846747,111.200005,3.463683605194092
1365889998.3844998,110.400002,3.466608762741089
1365889998.5868967,110.400002,3.5150251388549805
1365889998.7876241,111.200005,3.4659743309020996
1365889998.985023,108.800003,3.827863931655884
1365889999.1858,110.400002,3.6286895275115967
1365889999.3859236,108.800003,3.4608962535858154
1365889999.5873303,108.800003,3.5463571548461914
1365889999.7870252,107.200005,3.464251756668091
1365889999.9876091,108.800003,3.4644885063171387
1365890000.1880832,106.400002,3.5287835597991943
1365890000.3889875,106.400002,3.466261386871338
1365890000.5899553,112.800003,3.480217456817627
1365890000.792522,104.800003,3.489193916320801
1365890000.992022,110.400002,3.466552734375
1365890001.1924746,112.800003,3.5344512462615967
1365890001.391278,111.200005,3.5004560947418213
1365890001.592184,112.800003,3.4621920585632324
1365890001.7915182,110.400002,3.470737934112549
1365890001.9933245,108.800003,3.4626235961914062
1365890002.1934354,111.200005,3.5168771743774414
1365890002.392579,108.800003,3.595384120941162
1365890002.5939558,110.400002,3.5128118991851807
1365890002.7946875,108.800003,3.4837231636047363
1365890002.9927688,107.200005,3.6208646297454834
1365890003.1928768,108.800003,3.632953405380249
1365890003.392809,104.800003,3.519658088684082
1365890003.5924363,104.800003,3.649390459060669
1365890003.7948937,107.200005,3.5191609859466553
1365890003.9922137,106.400002,3.5282180309295654
1365890004.1925774,104.800003,3.6473426818847656
1365890004.3921554,110.400002,3.5054738521575928
1365890004.5924768,112.800003,3.546917200088501
1365890004.7929904,110.400002,3.494952440261841
1365890004.994252,104.800003,3.5303359031677246
1365890005.1934938,111.200005,3.5335772037506104
1365890005.3941193,110.400002,3.509481906890869
1365890005.5938258,110.400002,3.4885504245758057
1365890005.7944462,108.800003,3.472748041152954
1365890005.9958227,107.200005,3.4674408435821533
1365890006.1947298,107.200005,3.469191789627075
1365890006.3960013,110.400002,3.4832675457000732
1365890006.5962787,111.200005,3.6609535217285156
1365890006.8041472,110.400002,3.661372423171997
1365890006.9996364,110.400002,3.6046900749206543
1365890007.198496,110.400002,3.4618353843688965
1365890007.39671,110.400002,3.4812331199645996
1365890007.5965126,110.400002,3.784761905670166
1365890007.7967203,108.800003,3.77768874168396
1365890007.9963508,110.400002,3.579467296600342
1365890008.196765,110.400002,3.49822735786438
1365890008.3972816,110.400002,3.5615041255950928
1365890008.5967114,108.800003,3.460716485977173
1365890008.7970994,107.200005,3.7455618381500244
1365890008.9966507,107.200005,3.571415662765503
1365890009.197165,107.200005,3.4629945755004883
1365890009.3972793,107.200005,3.4844295978546143
1365890009.5964062,110.400002,3.595550298690796
1365890009.797069,108.800003,3.59269118309021
1365890009.9961743,108.800003,3.7083449363708496
1365890010.1974504,106.400002,3.509881019592285
1365890010.398676,110.400002,3.54290771484375
1365890010.5956488,110.400002,3.464386224746704
1365890010.7973506,110.400002,3.471332311630249
1365890010.997115,112.800003,3.482084035873413
1365890011.1973488,108.800003,3.4796433448791504
1365890011.3992212,106.400002,3.4794464111328125
1365890011.5989075,106.400002,3.49543833732605
1365890011.798882,112.800003,3.4699301719665527
1365890011.9982586,112.800003,3.4777653217315674
1365890012.1987479,110.400002,3.4646079540252686
1365890012.4002826,107.200005,3.4777610301971436
1365890012.5990138,111.200005,3.4963982105255127
1365890012.798521,110.400002,3.514880895614624
1365890012.998565,108.800003,3.715829372406006
1365890013.1994846,108.800003,3.6727287769317627
1365890013.3996844,107.200005,3.536191701889038
1365890013.599786,106.400002,3.4690427780151367
1365890013.7992713,106.400002,3.512147903442383
1365890013.9997938,107.200005,3.5110437870025635
1365890014.201504,106.400002,3.466972827911377
1365890014.4007134,110.400002,3.4599883556365967
1365890014.599942,111.200005,3.4662039279937744
1365890014.7988644,110.400002,3.6476128101348877
1365890014.9995859,110.400002,3.8804848194122314
1365890015.198666,108.800003,3.6829845905303955
1365890015.4042444,108.800003,3.6777126789093018
1365890015.6084716,110.400002,3.5900723934173584
1365890015.8002582,110.400002,3.4680423736572266
1365890016.0002995,110.400002,3.4693825244903564
1365890016.200762,108.800003,3.474269151687622
1365890016.39991,107.200005,3.4798665046691895
1365890016.601404,110.400002,3.463982582092285
1365890016.7996542,108.800003,3.691105842590332
1365890017.000292,108.800003,3.595414638519287
1365890017.1992898,107.200005,3.4767229557037354
1365890017.4002097,107.200005,3.5109245777130127
1365890017.5992947,106.400002,3.715243339538574
1365890017.8001554,106.400002,3.5157480239868164
1365890017.9998498,110.400002,3.530621290206909
1365890018.1996536,106.400002,3.4662764072418213
1365890018.3991876,111.200005,3.476078748703003
1365890018.6004903,112.800003,3.4825327396392822
1365890018.7990735,111.200005,3.4673314094543457
1365890019.004345,111.200005,3.4857192039489746
1365890019.1984458,112.800003,3.4657561779022217
1365890019.399209,110.400002,3.4786760807037354
1365890019.6007478,108.800003,3.4609174728393555
1365890019.8021917,110.400002,3.474485397338867
1365890020.0073125,110.400002,3.825427293777466
1365890020.2015421,110.400002,3.632720947265625
1365890020.4008677,110.400002,3.5082128047943115
1365890020.601406,110.400002,3.474503755569458
1365890020.8014648,108.800003,3.4644198417663574
1365890021.0040443,107.200005,3.563900947570801
1365890021.2031124,106.400002,3.543159008026123
1365890021.4024394,104.800003,3.4602608680725098
1365890021.6029987,106.400002,3.5029399394989014
1365890021.803634,106.400002,3.568572521209717
1365890022.003993,106.400002,3.5372672080993652
1365890022.203816,106.400002,3.47845196723938
1365890022.4036229,110.400002,3.4656295776367188
1365890022.6044352,110.400002,3.4828264713287354
1365890022.8056786,110.400002,3.483625888824463
1365890023.0032248,108.800003,3.462857723236084
1365890023.2045407,110.400002,3.4639732837677
1365890023.404074,108.800003,3.4766407012939453
1365890023.6043663,110.400002,3.4985218048095703
1365890023.8031268,110.400002,3.4706947803497314
1365890024.003634,108.800003,3.5176823139190674
1365890024.2030728,108.800003,3.521282434463501
1365890024.408905,107.200005,3.4721004962921143
1365890024.6035123,107.200005,3.485865831375122
1365890024.804755,107.200005,3.4722979068756104
1365890025.0054517,106.400002,3.4838428497314453
1365890025.205574,104.800003,3.5503592491149902
1365890025.4064107,106.400002,3.5391898155212402
1365890025.6068878,111.200005,3.5230534076690674
1365890025.806064,104.800003,3.4711673259735107
1365890026.012709,111.200005,3.7258975505828857
1365890026.207169,112.800003,3.5975446701049805
1365890026.4075177,111.200005,3.4656543731689453
1365890026.6081922,110.400002,3.4726357460021973
1365890026.807555,110.400002,3.471487522125244
1365890027.007888,110.400002,3.5870115756988525
1365890027.2092516,111.200005,3.5004050731658936
1365890027.4083357,111.200005,3.460139513015747
1365890027.6093705,114.400002,4.047844171524048
1365890027.8089185,111.200005,3.850038528442383
1365890028.0088816,111.200005,3.6785550117492676
1365890028.2096472,108.800003,3.480278253555298
1365890028.4086254,107.200005,3.5804057121276855
1365890028.6084824,107.200005,3.559070348739624
1365890028.809502,108.800003,4.053964376449585
1365890029.008649,108.800003,3.8559422492980957
1365890029.2078872,108.800003,3.750603437423706
1365890029.408656,107.200005,3.5518412590026855
1365890029.6085224,107.200005,4.017293930053711
1365890029.8084407,108.800003,3.8199613094329834
1365890030.007868,106.400002,3.622188091278076
1365890030.2087147,104.800003,3.5297412872314453
1365890030.4083543,107.200005,3.4659769535064697
1365890030.6087995,111.200005,3.469810962677002
1365890030.8082318,110.400002,3.4676082134246826
1365890031.0089989,111.200005,3.5173449516296387
1365890031.208595,110.400002,3.4697179794311523
1365890031.4097328,112.800003,3.4640953540802
1365890031.6081886,112.800003,3.4629218578338623
1365890031.8091593,111.200005,3.6941659450531006
1365890032.008921,106.400002,3.585552930831909
1365890032.2133842,107.200005,3.475470781326294
1365890032.4091191,106.400002,3.4738717079162598
1365890032.6085641,106.400002,3.514348268508911
1365890032.809007,107.200005,3.486318826675415
1365890033.0085392,108.800003,3.518211841583252
1365890033.208687,106.400002,3.469099760055542
1365890033.4081867,107.200005,3.465181589126587
1365890033.6085935,104.800003,3.4698779582977295
1365890033.8077536,110.400002,3.462068796157837
1365890034.0079868,111.200005,3.504875421524048
1365890034.209388,110.400002,3.4731602668762207
1365890034.4114149,111.200005,3.4642226696014404
1365890034.6106813,110.400002,3.4723005294799805
1365890034.8105447,112.800003,3.4875402450561523
1365890035.0101159,110.400002,3.51410174369812
1365890035.2105799,110.400002,3.4663896560668945
1365890035.4120028,110.400002,3.470257520675659
1365890035.6122456,110.400002,3.5173466205596924
1365890035.8117616,108.800003,3.4749040603637695
1365890036.0128498,110.400002,3.571840763092041
1365890036.2134068,108.800003,3.4762516021728516
1365890036.412666,110.400002,3.4621644020080566
1365890036.6138775,108.800003,3.559826135635376
1365890036.8127413,108.800003,3.493619918823242
1365890037.0123808,110.400002,3.4704723358154297
1365890037.2128553,110.400002,3.477592945098877
1365890037.4123378,108.800003,3.4634923934936523
1365890037.6140893,108.800003,3.4972245693206787
1365890037.812737,110.400002,3.4748330116271973
1365890038.0126302,108.800003,3.505415201187134
1365890038.21223,108.800003,3.4851181507110596
1365890038.4135568,107.200005,3.4825539588928223
1365890038.6121333,106.400002,3.5036890506744385
1365890038.81252,106.400002,3.5685224533081055
1365890039.0129797,111.200005,3.9453513622283936
1365890039.2134006,112.800003,3.748215675354004
1365890039.4150355,111.200005,4.00025200843811
1365890039.6133745,110.400002,3.803553819656372
1365890039.8139172,110.400002,3.604767322540283
1365890040.0133312,111.200005,3.744123935699463
1365890040.2139723,110.400002,3.6490478515625
1365890040.4143448,110.400002,3.657109260559082
1365890040.6159003,111.200005,3.9098470211029053
1365890040.8156831,108.800003,3.711132287979126
1365890041.0166464,108.800003,3.511489152908325
1365890041.2147613,108.800003,3.578139066696167
1365890041.4172883,108.800003,3.5501046180725098
1365890041.6148689,108.800003,3.484830617904663
1365890041.815462,108.800003,3.7247121334075928
1365890042.016028,108.800003,3.5265796184539795
1365890042.216585,108.800003,3.46938419342041
1365890042.4168901,108.800003,3.510511636734009
1365890042.617437,106.400002,3.472517251968384
1365890042.817984,106.400002,3.5798513889312744
1365890043.0191934,110.400002,3.619391918182373
1365890043.2192667,110.400002,3.9497299194335938
1365890043.4193635,111.200005,3.751119613647461
1365890043.6189692,111.200005,3.5526154041290283
1365890043.820462,110.400002,3.5535244941711426
1365890044.0190244,112.800003,3.468528985977173
1365890044.2192209,110.400002,3.462153911590576
1365890044.4193165,111.200005,3.4657630920410156
1365890044.619854,107.200005,3.5305728912353516
1365890044.8210347,107.200005,3.6268062591552734
1365890045.021063,104.800003,3.558336019515991
1365890045.221715,111.200005,3.463709592819214
1365890045.421817,111.200005,3.54599666595459
1365890045.621175,110.400002,3.757223129272461
1365890045.8212569,111.200005,3.5593724250793457
1365890046.0210717,111.200005,3.721877098083496
1365890046.2216482,111.200005,3.5232577323913574
1365890046.423954,108.800003,3.481642007827759
1365890046.623429,107.200005,3.627124547958374
1365890046.824265,107.200005,3.5205793380737305
1365890047.0239594,107.200005,3.529221296310425
1365890047.2256074,104.800003,3.4796574115753174
1365890047.4250655,110.400002,3.48052716255188
1365890047.624386,108.800003,3.4824137687683105
1365890047.8269114,114.400002,3.5133466720581055
1365890048.0251718,111.200005,3.4684712886810303
1365890048.2252643,114.400002,3.4633841514587402
1365890048.4243188,111.200005,3.49428129196167
1365890048.624802,110.400002,3.464466094970703
1365890048.8242624,110.400002,3.519840955734253
1365890049.0247486,110.400002,3.5374531745910645
1365890049.2245154,111.200005,3.527583360671997
1365890049.4249668,110.400002,3.462571620941162
1365890049.6250675,111.200005,3.5342390537261963
1365890049.82548,110.400002,3.467569351196289
1365890050.0243855,108.800003,3.4803199768066406
1365890050.2258582,107.200005,3.4611735343933105
1365890050.425473,108.800003,3.485582113265991
1365890050.625967,106.400002,3.4746222496032715
1365890050.8262544,110.400002,3.473518133163452
1365890051.0260181,111.200005,3.4967167377471924
1365890051.2267492,111.200005,3.4801361560821533
1365890051.4266407,111.200005,3.531519889831543
1365890051.6267374,112.800003,3.5083529949188232
1365890051.8259037,110.400002,3.511521577835083
1365890052.0266032,111.200005,3.461944580078125
1365890052.2260935,111.200005,3.492640256881714
1365890052.4254868,111.200005,3.486142158508301
1365890052.6262887,111.200005,3.4717230796813965
1365890052.8270473,112.800003,3.4660396575927734
1365890053.026943,110.400002,3.4721643924713135
1365890053.2276602,111.200005,3.5669376850128174
1365890053.428367,233.600006,3.475029230117798
1365890053.627875,107.200005,3.4876980781555176
1365890053.828451,104.800003,3.470989227294922
1365890054.028876,111.200005,3.462662935256958
1365890054.2298028,112.800003,3.4595024585723877
1365890054.4309711,112.800003,3.47420072555542
1365890054.6295,110.400002,3.464843988418579
1365890054.8308284,111.200005,3.472625970840454
1365890055.0311923,111.200005,3.4744977951049805
1365890055.2309968,110.400002,3.468149423599243
1365890055.4381745,108.800003,3.475672721862793
1365890055.632093,110.400002,3.472844362258911
1365890055.8327296,110.400002,3.476741075515747
1365890056.032843,108.800003,3.474546432495117
1365890056.2337384,108.800003,3.4881467819213867
1365890056.4340873,108.800003,3.4845211505889893
1365890056.6342602,102.400002,3.477511167526245
1365890056.8351743,107.200005,3.4829835891723633
1365890057.035529,106.400002,3.4587230682373047
1365890057.2356725,107.200005,3.4772417545318604
1365890057.4348419,108.800003,3.4788320064544678
1365890057.6355345,110.400002,3.4748952388763428
1365890057.8346822,108.800003,3.477900505065918
1365890058.0350525,107.200005,3.488713502883911
1365890058.2350893,108.800003,3.4755637645721436
1365890058.4352634,107.200005,3.4747002124786377
1365890058.6348813,108.800003,3.468602418899536
1365890058.8359132,103.200005,3.474552631378174
1365890059.035807,110.400002,3.511115312576294
1365890059.2349608,110.400002,3.462779998779297
1365890059.4359467,111.200005,3.480043649673462
1365890059.6359913,111.200005,3.4758315086364746
1365890059.839493,111.200005,3.478243350982666
