1365889767.273026,762.1951219512196,35.8,2.462782621383667
1365889767.5461838,898.1707317073171,36.9,2.3959996700286865
1365889767.8017511,755.4878048780488,36.9,2.422244071960449
1365889768.0620959,753.0487804878048,36.3,2.4281413555145264
1365889768.34733,798.1707317073171,36.3,2.397099018096924
1365889768.6026251,791.4634146341464,37.4,2.477073907852173
1365889768.868947,674.3902439024391,36.9,2.4311482906341553
1365889769.1531022,831.0975609756097,36.9,2.4180727005004883
1365889769.4076102,800.0,37.4,2.4373888969421387
1365889769.672361,733.5365853658536,36.9,2.4286932945251465
1365889769.9564102,884.1463414634146,36.9,2.4566922187805176
1365889770.213865,875.0,36.9,2.536205530166626
1365889770.469183,837.1951219512194,36.9,2.4498343467712402
1365889770.766143,889.0243902439024,36.9,2.3913516998291016
1365889771.0212438,934.1463414634147,37.9,2.4074606895446777
1365889771.2786329,921.9512195121952,36.9,2.470081090927124
1365889771.5780768,984.1463414634146,37.9,2.3983805179595947
1365889771.835875,910.3658536585366,37.4,2.4410946369171143
1365889772.104909,743.2926829268292,36.9,2.42273211479187
1365889772.3872142,805.4878048780488,37.4,2.426299810409546
1365889772.6489658,1670.1219512195123,37.4,2.4394023418426514
1365889772.9101949,1021.9512195121952,37.4,2.4403741359710693
1365889773.190898,921.3414634146342,36.9,2.431934356689453
1365889773.445677,853.0487804878048,37.9,2.4500513076782227
1365889773.7187572,1781.0975609756097,37.4,2.937537431716919
1365889773.991997,790.2439024390244,36.9,2.6650631427764893
1365889774.244883,868.2926829268292,37.4,2.470975399017334
1365889774.5012858,779.2682926829268,36.9,2.4686198234558105
1365889774.7607071,1289.0243902439024,36.9,2.4407083988189697
1365889775.049669,1725.6097560975609,37.4,2.4676010608673096
1365889775.309797,1000.0,37.9,2.4233815670013428
1365889775.567004,794.5121951219512,36.9,2.4128403663635254
1365889775.838613,962.1951219512194,37.9,2.4468867778778076
1365889776.10848,1017.0731707317074,37.9,2.4154345989227295
1365889776.367947,835.9756097560976,37.9,2.460570812225342
1365889776.6364748,815.2439024390243,36.9,2.5234081745147705
1365889776.925907,830.4878048780488,37.9,2.630341053009033
1365889777.181282,837.1951219512194,37.9,2.3928494453430176
1365889777.4349492,754.2682926829268,37.4,2.5315663814544678
1365889777.728317,917.0731707317074,37.9,2.394486665725708
1365889777.983608,928.048780487805,37.9,2.403785467147827
1365889778.2410471,727.4390243902438,37.4,2.4303271770477295
1365889778.528916,1381.7073170731705,37.9,2.422028064727783
1365889778.7907798,940.8536585365853,37.9,2.390894889831543
1365889779.044804,665.2439024390244,37.9,2.528046131134033
1365889779.336331,1246.9512195121952,37.9,2.397202968597412
1365889779.595723,918.9024390243903,37.9,2.494601249694824
1365889779.852386,769.5121951219512,37.9,2.768531084060669
1365889780.143688,976.219512195122,37.9,2.4801692962646484
1365889780.400471,812.1951219512194,37.9,2.39341402053833
1365889780.6556,750.0,37.4,2.4460289478302
1365889780.950324,1723.1707317073171,37.9,2.5330910682678223
1365889781.205495,840.2439024390244,38.5,2.5410003662109375
1365889781.460992,1268.90243902439,37.9,2.5992109775543213
1365889781.743926,1012.1951219512196,37.9,2.4493300914764404
1365889782.0057,854.2682926829268,37.9,2.479487657546997
1365889782.267315,928.048780487805,37.4,2.611128330230713
1365889782.542817,693.2926829268292,37.4,2.4625518321990967
1365889782.829201,981.0975609756098,37.9,2.454249620437622
1365889783.098382,909.1463414634146,38.5,2.529137372970581
1365889783.355716,785.9756097560976,36.9,2.5306007862091064
1365889783.634628,835.3658536585366,37.9,2.698688268661499
1365889783.889746,1584.7560975609756,37.9,2.7426836490631104
1365889784.148119,751.219512195122,37.9,2.617302417755127
1365889784.4343581,996.3414634146342,37.9,2.4001665115356445
1365889784.688823,909.1463414634146,37.9,2.6427161693573
1365889784.961023,780.4878048780488,37.9,2.4182472229003906
1365889785.237609,884.1463414634146,37.9,2.4143800735473633
1365889785.4974349,840.2439024390244,37.9,2.4378743171691895
1365889785.759619,1298.780487804878,37.9,2.6838529109954834
1365889786.042994,841.4634146341463,37.9,2.529289484024048
1365889786.3041532,940.8536585365853,37.9,2.440452814102173
1365889786.5659032,747.560975609756,37.9,2.5256762504577637
1365889786.8403578,828.0487804878048,37.9,2.4241185188293457
1365889787.1065118,1664.6341463414633,37.9,2.425872564315796
1365889787.36691,914.0243902439024,37.9,2.421039581298828
1365889787.647979,984.1463414634146,37.9,2.4049525260925293
1365889787.9151711,959.1463414634146,37.9,2.4923887252807617
1365889788.176621,832.9268292682926,37.9,2.4158756732940674
1365889788.4556391,751.219512195122,38.5,2.3950796127319336
1365889788.7145422,1616.4634146341464,37.9,2.436659812927246
1365889788.9802828,771.3414634146342,37.9,2.425771951675415
1365889789.253123,821.951219512195,38.5,2.4052395820617676
1365889789.5100071,915.8536585365854,38.5,2.4536752700805664
1365889789.773532,956.0975609756097,37.9,2.404886245727539
1365889790.035351,702.4390243902438,37.9,2.438526153564453
1365889790.32909,946.3414634146341,38.5,2.416208267211914
1365889790.593467,1037.1951219512193,38.5,2.4147024154663086
1365889790.8532171,720.1219512195122,37.9,2.5365991592407227
1365889791.1502779,998.170731707317,37.9,2.4299187660217285
1365889791.405321,1087.1951219512196,37.9,2.3979501724243164
1365889791.659036,746.3414634146342,38.5,2.421933889389038
1365889791.934043,1110.9756097560976,37.9,2.6417653560638428
1365889792.200304,779.2682926829268,38.5,2.3964788913726807
1365889792.45645,829.2682926829268,38.5,2.492250680923462
1365889792.7405171,887.1951219512196,38.5,2.482409954071045
1365889793.0048482,917.0731707317074,37.9,2.4035451412200928
1365889793.261899,846.951219512195,37.9,2.4233460426330566
1365889793.5451891,976.8292682926829,38.5,2.4327592849731445
1365889793.8151412,993.9024390243902,37.9,2.445704221725464
1365889794.073867,906.0975609756098,38.5,2.413811683654785
1365889794.346951,763.4146341463414,37.9,2.412191152572632
1365889794.609192,1076.219512195122,37.9,2.401355743408203
1365889794.8668318,932.9268292682927,38.5,2.570852279663086
1365889795.1302552,940.2439024390243,37.9,2.642418384552002
1365889795.414934,1314.0243902439024,38.5,2.420711040496826
1365889795.671433,890.8536585365854,38.5,2.468214750289917
1365889795.925514,796.9512195121952,37.9,2.453197479248047
1365889796.208669,860.9756097560976,37.9,2.393120288848877
1365889796.4625971,939.0243902439024,38.5,2.492259979248047
1365889796.726315,1356.7073170731708,37.9,4.824214458465576
1365889797.0095592,817.0731707317073,38.5,4.546103477478027
1365889797.263951,809.1463414634147,37.9,4.297911167144775
1365889797.522547,824.390243902439,38.5,4.04691219329834
1365889797.7882051,1577.439024390244,37.9,3.792424201965332
1365889798.072515,1785.3658536585367,37.9,3.519176721572876
1365889798.3338702,1043.9024390243903,37.9,3.27095103263855
1365889798.601182,1364.6341463414635,37.9,3.006197214126587
1365889798.8895528,934.1463414634147,37.9,2.722670793533325
1365889799.15127,931.0975609756098,38.5,2.4665873050689697
1365889799.4207869,746.3414634146342,38.5,2.435645341873169
1365889799.6943161,1239.6341463414635,38.5,2.407263994216919
1365889799.9499788,885.3658536585366,38.5,2.4343321323394775
1365889800.212139,745.1219512195122,37.9,2.4356606006622314
1365889800.48703,775.0,38.5,2.4000892639160156
1365889800.740496,929.8780487804878,38.5,2.4170470237731934
1365889801.00319,762.1951219512196,37.9,2.4917449951171875
1365889801.290159,1126.8292682926829,38.5,2.4860575199127197
1365889801.5519428,1043.2926829268292,38.5,2.4203145503997803
1365889801.82158,767.0731707317074,37.9,2.448411464691162
1365889802.111851,1007.3170731707318,38.5,2.4913856983184814
1365889802.3731918,1463.4146341463415,38.5,2.7881219387054443
1365889802.635655,733.5365853658536,38.5,2.6214749813079834
1365889802.9233532,875.0,38.5,2.4310967922210693
1365889803.182948,924.3902439024391,38.5,2.504282236099243
1365889803.439907,1004.2682926829267,37.9,2.4682977199554443
1365889803.7202098,1572.560975609756,38.5,2.5049493312835693
1365889803.9782982,830.4878048780488,37.9,2.433523178100586
1365889804.2466729,740.2439024390244,37.9,2.4448413848876953
1365889804.529479,840.2439024390244,38.5,2.468113899230957
1365889804.7827709,1045.1219512195123,38.5,2.5498948097229004
1365889805.048301,857.9268292682926,38.5,2.4657068252563477
1365889805.325589,780.4878048780488,39.0,2.409236192703247
1365889805.586723,931.0975609756098,38.5,2.4896862506866455
1365889805.8554502,857.9268292682926,38.5,2.500776767730713
1365889806.139387,820.1219512195122,38.5,2.392503261566162
1365889806.3938088,887.1951219512196,38.5,2.425703525543213
1365889806.658423,957.3170731707316,39.0,2.4145915508270264
1365889806.9310322,995.1219512195122,38.5,2.423403263092041
1365889807.193595,979.2682926829268,38.5,2.4667022228240967
1365889807.453352,898.1707317073171,38.5,2.444605588912964
1365889807.738945,957.3170731707316,37.9,2.3978612422943115
1365889807.9963362,951.8292682926829,38.5,2.4039947986602783
1365889808.261994,789.0243902439024,38.5,2.4589128494262695
1365889808.535711,738.4146341463414,38.5,2.458355188369751
1365889808.819502,1073.1707317073171,38.5,2.459444999694824
1365889809.077329,946.951219512195,38.5,2.398733615875244
1365889809.3307478,1051.219512195122,38.5,2.529487371444702
1365889809.6277702,1380.4878048780486,39.0,2.5644235610961914
1365889809.88187,826.2195121951219,39.0,2.4230589866638184
1365889810.142758,647.5609756097562,38.5,2.5905163288116455
1365889810.4368498,1607.3170731707319,39.0,2.5190820693969727
1365889810.691465,953.0487804878048,38.5,2.4123919010162354
1365889810.9496052,942.0731707317073,37.9,2.4814019203186035
1365889811.247078,890.2439024390244,38.5,2.4264352321624756
1365889811.501906,1065.2439024390244,39.0,2.4411845207214355
1365889811.764369,1032.9268292682927,38.5,2.4800047874450684
1365889812.06608,1001.8292682926829,38.5,2.5481860637664795
1365889812.322788,766.4634146341464,38.5,2.4090683460235596
1365889812.583754,762.1951219512196,38.5,2.4318573474884033
1365889812.8705,835.3658536585366,39.0,2.441934108734131
1365889813.135236,810.9756097560976,39.0,2.495664119720459
1365889813.398199,760.3658536585366,37.9,2.6098923683166504
1365889813.690836,1456.7073170731708,38.5,2.424551248550415
1365889813.947089,832.3170731707316,39.0,2.718726634979248
1365889814.2032158,727.4390243902438,39.0,2.551556348800659
1365889814.484552,1615.2439024390244,39.0,2.5406718254089355
1365889814.7491672,926.219512195122,38.5,2.464219570159912
1365889815.007863,779.2682926829268,38.5,2.6483535766601562
1365889815.297029,826.2195121951219,38.5,2.479302167892456
1365889815.554986,1054.2682926829268,39.0,2.4836928844451904
1365889815.813165,734.1463414634146,37.9,2.526566505432129
1365889816.109015,890.8536585365854,38.5,2.436230421066284
1365889816.375757,857.3170731707316,38.5,2.4462029933929443
1365889816.637795,1605.4878048780488,38.5,2.478891372680664
1365889816.92549,827.4390243902438,39.0,2.4407317638397217
1365889817.188416,810.9756097560976,38.5,2.571768283843994
1365889817.455971,773.1707317073171,39.0,2.470576286315918
1365889817.739087,1220.1219512195123,38.5,2.6269748210906982
1365889818.012484,965.2439024390244,38.5,2.550762414932251
1365889818.2714298,729.2682926829268,38.5,2.4291741847991943
1365889818.553169,1638.4146341463415,38.5,2.7429258823394775
1365889818.80806,1797.560975609756,39.0,2.564730405807495
1365889819.065481,745.1219512195122,39.0,2.594200611114502
1365889819.343891,1145.7317073170732,38.5,2.5926356315612793
1365889819.604765,1017.0731707317074,39.0,2.7101211547851562
1365889819.865272,1572.560975609756,39.0,2.4505527019500732
1365889820.143445,943.2926829268292,39.0,2.439917802810669
1365889820.4031749,760.9756097560976,39.0,2.484341859817505
1365889820.6626072,842.0731707317073,39.0,2.4239470958709717
1365889820.939761,975.0,38.5,2.4230265617370605
1365889821.20155,993.2926829268292,39.0,2.413881778717041
1365889821.465805,838.4146341463414,39.0,2.436955690383911
1365889821.736575,928.048780487805,39.0,2.6685943603515625
1365889821.994828,992.0731707317074,39.0,2.444185495376587
1365889822.257334,951.8292682926829,39.0,2.4033477306365967
1365889822.522104,712.1951219512194,38.5,2.429415225982666
1365889822.806056,854.2682926829268,37.9,2.4595789909362793
1365889823.0701902,765.2439024390244,39.0,2.397481679916382
1365889823.324919,726.219512195122,38.5,2.416017532348633
1365889823.603779,906.0975609756098,38.5,2.4211175441741943
1365889823.867903,909.1463414634146,38.5,2.406761407852173
1365889824.126004,725.0,38.5,2.4843220710754395
1365889824.407397,995.1219512195122,38.5,2.415292978286743
1365889824.671492,1665.2439024390244,38.5,2.43772554397583
1365889824.938784,776.219512195122,38.5,2.458369731903076
1365889825.227263,914.0243902439024,39.0,3.6280877590179443
1365889825.48911,1098.7804878048782,39.0,3.372734308242798
1365889825.742017,918.9024390243903,39.0,3.12532377243042
1365889826.022751,807.3170731707318,38.5,2.8488266468048096
1365889826.280534,840.2439024390244,39.0,2.595741033554077
1365889826.536171,935.3658536585366,38.5,2.437673807144165
1365889826.812441,1098.1707317073171,39.0,2.4390316009521484
1365889827.07741,873.170731707317,39.0,2.411405563354492
1365889827.3317592,778.048780487805,38.5,2.397446632385254
1365889827.591692,676.219512195122,37.9,2.494900941848755
1365889827.891038,791.4634146341464,38.5,2.391767978668213
1365889828.145581,753.0487804878048,38.5,2.4371635913848877
1365889828.405834,1789.0243902439024,39.0,2.47016978263855
1365889828.6931999,1812.1951219512196,39.0,2.3918848037719727
1365889828.948546,821.951219512195,39.0,2.4251856803894043
1365889829.20496,993.9024390243902,38.5,2.5541470050811768
1365889829.485022,1617.6829268292684,39.0,2.4352173805236816
1365889829.742858,890.8536585365854,39.0,2.440044641494751
1365889829.9985752,982.3170731707316,39.0,2.441901445388794
1365889830.2765079,736.5853658536586,37.9,3.1173017024993896
1365889830.550354,915.8536585365854,39.0,2.8503177165985107
1365889830.807544,1419.5121951219512,39.0,2.60322642326355
1365889831.071563,605.4878048780488,38.5,2.4175689220428467
1365889831.3470342,772.5609756097562,38.5,2.4302659034729004
1365889831.600489,945.1219512195122,38.5,2.4816112518310547
1365889831.866612,754.2682926829268,38.5,2.4697139263153076
1365889832.146771,814.0243902439024,38.5,2.3945047855377197
1365889832.401601,849.390243902439,38.5,2.442450523376465
1365889832.669991,1700.609756097561,38.5,2.5487284660339355
1365889832.9473438,779.2682926829268,39.0,2.3923776149749756
1365889833.2012942,789.0243902439024,39.0,2.6091814041137695
1365889833.470594,1218.9024390243903,38.5,2.4130940437316895
1365889833.740296,740.2439024390244,38.5,2.556377410888672
1365889834.018442,763.4146341463414,39.0,2.4669301509857178
1365889834.2758138,793.2926829268293,39.0,2.4343864917755127
1365889834.535709,799.3902439024391,39.0,2.410932779312134
1365889834.808766,1034.1463414634147,39.0,2.4158873558044434
1365889835.0751529,895.1219512195122,38.5,2.3985888957977295
1365889835.3300018,945.1219512195122,39.0,2.4664251804351807
1365889835.5981178,951.8292682926829,39.0,2.403604507446289
1365889835.860374,951.2195121951219,39.0,2.400855541229248
1365889836.12553,929.2682926829269,39.0,2.4019522666931152
1365889836.387299,737.1951219512194,38.5,2.8122005462646484
1365889836.669365,960.3658536585366,38.5,2.5445284843444824
1365889836.928123,912.1951219512196,39.0,2.398010730743408
1365889837.185518,932.3170731707318,37.9,2.425002336502075
1365889837.462094,796.3414634146342,39.0,2.4082038402557373
1365889837.721656,937.1951219512194,39.0,2.39304780960083
1365889837.9760242,760.9756097560976,39.0,2.4134631156921387
1365889838.2522838,943.9024390243902,39.0,2.41304087638855
1365889838.520941,1220.1219512195123,39.0,2.3992919921875
1365889838.7772748,1056.09756097561,39.0,2.4254508018493652
1365889839.0559502,851.219512195122,39.0,2.418647527694702
1365889839.3214662,940.8536585365853,39.0,2.4028947353363037
1365889839.582485,854.8780487804878,39.0,2.4240965843200684
1365889839.858572,804.2682926829269,39.5,2.4942920207977295
1365889840.116909,885.3658536585366,39.0,2.3950724601745605
1365889840.375247,946.3414634146341,39.0,2.464627981185913
1365889840.639141,728.0487804878048,38.5,2.495370388031006
1365889840.926465,796.9512195121952,39.0,2.3905539512634277
1365889841.181993,794.5121951219512,38.5,2.395667314529419
1365889841.44028,1291.4634146341464,38.5,2.45293927192688
1365889841.734088,909.1463414634146,38.5,2.3963687419891357
1365889841.988384,921.9512195121952,39.5,2.4282805919647217
1365889842.249868,749.390243902439,38.5,2.437864065170288
1365889842.541047,843.2926829268292,39.0,2.3993496894836426
1365889842.794614,923.1707317073171,39.0,2.434831380844116
1365889843.052462,795.1219512195122,39.0,2.433077335357666
1365889843.3430688,929.8780487804878,39.0,2.411287546157837
1365889843.6034539,782.3170731707318,39.0,2.437596321105957
1365889843.865462,964.0243902439024,39.0,2.7360715866088867
1365889844.154237,795.1219512195122,38.5,2.46445631980896
1365889844.409583,829.2682926829268,39.0,2.453598737716675
1365889844.6631591,929.8780487804878,39.0,2.452080488204956
1365889844.944055,863.4146341463414,39.5,2.410067081451416
1365889845.2005398,1062.8048780487804,39.0,2.450448751449585
1365889845.460195,1876.219512195122,38.5,2.415233612060547
1365889845.732082,774.390243902439,38.5,2.4209301471710205
1365889846.0117388,770.1219512195122,39.0,2.5240871906280518
1365889846.2713768,769.5121951219512,39.0,2.4536378383636475
1365889846.5340428,738.4146341463414,38.5,2.419267177581787
1365889846.813108,918.9024390243903,39.0,2.4585983753204346
1365889847.074184,793.2926829268293,38.5,2.413235902786255
1365889847.340545,821.951219512195,39.0,2.4284541606903076
1365889847.627705,1115.8536585365855,38.5,2.406022071838379
1365889847.895288,935.9756097560976,39.0,2.4152565002441406
1365889848.15793,942.0731707317073,39.0,2.4263415336608887
1365889848.433259,760.9756097560976,39.0,2.4113364219665527
1365889848.707974,834.1463414634146,39.0,2.443591356277466
1365889848.9634209,762.1951219512196,39.0,2.4369277954101562
1365889849.239677,978.0487804878048,39.0,2.4366209506988525
1365889849.5084312,940.8536585365853,39.0,2.4626548290252686
1365889849.7697349,849.390243902439,39.0,2.4100265502929688
1365889850.039757,827.4390243902438,38.5,2.5234451293945312
1365889850.326397,932.9268292682927,38.5,2.3959360122680664
1365889850.587531,775.0,39.0,2.4410440921783447
1365889850.855565,733.5365853658536,39.0,2.4297962188720703
1365889851.134179,824.390243902439,39.0,2.404484987258911
1365889851.389031,873.170731707317,39.0,2.4456746578216553
1365889851.6545339,696.3414634146341,38.5,2.448533296585083
1365889851.954329,804.2682926829269,39.0,2.402562379837036
1365889852.2191691,998.170731707317,39.0,2.4214344024658203
1365889852.482718,729.2682926829268,39.0,2.5405378341674805
1365889852.768555,954.2682926829268,38.5,2.4027109146118164
1365889853.032168,857.9268292682926,39.0,2.408689498901367
1365889853.2931142,862.1951219512194,39.0,2.4430441856384277
1365889853.574313,904.2682926829268,39.0,2.3912618160247803
1365889853.829431,825.0,39.5,2.496532917022705
1365889854.0957959,741.4634146341464,39.0,2.4181277751922607
1365889854.377852,762.1951219512196,39.0,2.3936965465545654
1365889854.631538,934.1463414634147,39.5,2.6947038173675537
1365889854.895933,740.2439024390244,39.0,2.5490622520446777
1365889855.175197,783.5365853658537,39.0,2.6559181213378906
1365889855.428829,945.1219512195122,39.0,2.5178964138031006
1365889855.681681,901.219512195122,39.0,2.528254747390747
1365889855.969512,1236.5853658536585,38.5,2.4556376934051514
1365889856.231134,875.0,39.5,2.403106927871704
1365889856.4865,723.170731707317,39.0,2.457707405090332
1365889856.776053,931.0975609756098,39.0,2.3913490772247314
1365889857.031536,865.2439024390244,39.0,2.4100069999694824
1365889857.2980359,766.4634146341464,38.5,2.4300777912139893
1365889857.591431,856.0975609756098,39.0,2.395263910293579
1365889857.847151,931.0975609756098,39.0,2.4071991443634033
1365889858.107763,885.9756097560976,39.0,2.4671738147735596
1365889858.401066,943.2926829268292,39.0,2.4019811153411865
1365889858.656407,934.1463414634147,39.0,2.428117275238037
1365889858.924823,1573.780487804878,39.0,2.4292116165161133
1365889859.211892,882.3170731707318,39.0,2.4214138984680176
1365889859.466943,893.2926829268292,39.0,2.403801202774048
1365889859.736334,1380.4878048780486,39.0,2.4283816814422607
1365889860.01717,768.2926829268292,39.0,2.471919298171997
1365889860.274247,914.0243902439024,39.5,2.4437294006347656
1365889860.539382,960.3658536585366,39.0,2.4832520484924316
1365889860.8279738,878.0487804878048,38.5,2.406308174133301
1365889861.086245,1000.0,39.0,2.433654308319092
1365889861.346555,1079.8780487804877,38.5,2.4128026962280273
1365889861.623782,805.4878048780488,39.0,2.4000613689422607
1365889861.8870568,967.0731707317073,40.1,2.4294755458831787
1365889862.145907,981.0975609756098,39.0,2.4252772331237793
1365889862.422677,871.9512195121952,39.0,2.405841588973999
1365889862.681271,1453.6585365853657,39.0,2.40621280670166
1365889862.9410481,943.2926829268292,39.0,2.406759738922119
1365889863.210005,730.4878048780488,37.9,2.4881105422973633
1365889863.4961338,1170.7317073170732,39.5,2.4102444648742676
1365889863.758545,784.1463414634146,39.0,2.4568564891815186
1365889864.016544,1466.4634146341464,39.0,2.5924251079559326
1365889864.2967522,1485.3658536585365,39.0,2.4245388507843018
1365889864.5549598,777.439024390244,39.0,2.4995224475860596
1365889864.8142872,840.2439024390244,39.0,2.513093948364258
1365889865.101213,853.0487804878048,39.0,2.436227798461914
1365889865.364325,860.9756097560976,39.0,2.418308973312378
1365889865.620776,746.3414634146342,38.5,2.434690237045288
1365889865.9066272,962.1951219512194,39.0,2.4841151237487793
1365889866.177131,1647.560975609756,39.0,2.491570472717285
1365889866.436417,737.1951219512194,39.0,2.413046360015869
1365889866.710725,940.2439024390243,39.0,2.636953353881836
1365889866.969485,935.9756097560976,39.0,2.4301083087921143
1365889867.2233548,901.219512195122,39.0,2.422368049621582
1365889867.503974,937.8048780487804,39.5,2.548443078994751
1365889867.768904,1779.2682926829268,39.0,2.438084602355957
1365889868.024468,879.2682926829268,39.5,2.482052803039551
1365889868.3027542,736.5853658536586,38.5,2.557766914367676
1365889868.5910861,953.0487804878048,39.0,2.425758123397827
1365889868.847561,920.1219512195122,39.0,2.5754663944244385
1365889869.101033,1467.6829268292684,38.5,2.4330623149871826
1365889869.393451,809.1463414634147,39.0,2.453287363052368
1365889869.657027,1310.9756097560976,39.0,2.474315643310547
1365889869.9150589,767.0731707317074,39.0,2.458127021789551
1365889870.2009542,940.2439024390243,39.0,2.4077200889587402
1365889870.46014,850.0,39.5,2.394188165664673
1365889870.716367,745.1219512195122,39.0,2.472351312637329
1365889871.0099552,817.0731707317073,39.0,2.4219627380371094
1365889871.269707,780.4878048780488,39.5,2.3967859745025635
1365889871.5286012,660.3658536585366,39.0,2.4224634170532227
1365889871.8141718,845.1219512195122,39.0,2.413936138153076
1365889872.076792,771.3414634146342,39.0,2.490795612335205
1365889872.3441432,1009.1463414634145,39.5,2.4767467975616455
1365889872.639661,773.1707317073171,39.5,2.4479639530181885
1365889872.8950698,1225.0,40.1,2.4800045490264893
1365889873.1603048,732.3170731707316,39.0,2.4572396278381348
1365889873.4436438,814.0243902439024,39.0,2.434222459793091
1365889873.697023,896.9512195121952,39.0,2.426419496536255
1365889873.9543092,694.5121951219512,39.0,2.4293406009674072
1365889874.244441,854.8780487804878,39.0,2.4162607192993164
1365889874.499407,1015.2439024390243,39.5,2.400294542312622
1365889874.759359,726.219512195122,39.5,2.428480863571167
1365889875.047659,945.1219512195122,39.5,2.495145559310913
1365889875.30284,942.0731707317073,39.0,2.400639772415161
1365889875.5670888,742.0731707317074,39.0,2.428117513656616
1365889875.857558,803.048780487805,39.0,2.445312261581421
1365889876.1193678,828.0487804878048,39.5,2.4243056774139404
1365889876.375212,723.170731707317,39.0,2.445615291595459
1365889876.6593359,990.8536585365854,39.5,2.438027858734131
1365889876.9207091,1689.6341463414635,39.5,2.402397394180298
1365889877.176265,752.439024390244,39.0,2.4375853538513184
1365889877.466613,864.0243902439024,39.0,2.4172747135162354
1365889877.733907,1190.8536585365855,39.0,2.456012010574341
1365889877.993866,1576.219512195122,39.0,2.511507749557495
1365889878.273571,778.048780487805,39.0,2.4044947624206543
1365889878.540811,803.048780487805,39.5,2.45369815826416
1365889878.800574,799.3902439024391,39.0,2.4135313034057617
1365889879.079202,885.9756097560976,39.5,2.4283993244171143
1365889879.347262,934.1463414634147,39.5,2.423006057739258
1365889879.607872,896.9512195121952,39.5,2.4196085929870605
1365889879.8820312,940.8536585365853,39.5,2.4263415336608887
1365889880.141678,860.9756097560976,39.0,2.4715347290039062
1365889880.410402,794.5121951219512,39.0,2.447387218475342
1365889880.6789079,788.4146341463415,39.5,2.4468040466308594
1365889880.961688,964.0243902439024,39.0,2.4228405952453613
1365889881.2199569,1118.9024390243903,39.5,2.4159975051879883
1365889881.4763541,675.609756097561,39.0,2.423631429672241
1365889881.7573838,785.3658536585366,39.5,2.429464340209961
1365889882.016802,862.1951219512194,39.5,2.4338455200195312
1365889882.2777228,740.2439024390244,39.0,2.4293646812438965
1365889882.554314,960.3658536585366,40.1,2.3974556922912598
1365889882.8159401,892.0731707317074,39.0,2.403029203414917
1365889883.0699651,845.1219512195122,39.0,2.416447162628174
1365889883.3452811,904.8780487804878,40.1,2.4014649391174316
1365889883.603817,962.8048780487804,39.0,2.3963980674743652
1365889883.8629801,832.9268292682926,39.5,2.400517702102661
1365889884.125512,756.0975609756098,39.0,2.544875383377075
1365889884.4172428,937.1951219512194,39.0,2.447704553604126
1365889884.677985,926.829268292683,39.5,2.4271154403686523
1365889884.939181,1040.2439024390244,39.0,2.662060499191284
1365889885.2380679,780.4878048780488,39.5,2.453195095062256
1365889885.4969869,1681.09756097561,39.0,2.548417806625366
1365889885.756783,918.2926829268293,39.0,2.4439477920532227
1365889886.055038,769.5121951219512,39.0,2.441011428833008
1365889886.3110468,871.3414634146342,39.0,2.5199105739593506
1365889886.564908,662.1951219512196,39.0,2.441350221633911
1365889886.8495219,877.439024390244,38.5,2.4019861221313477
1365889887.1048079,839.0243902439024,39.5,2.4055068492889404
1365889887.36638,945.1219512195122,39.0,2.4198126792907715
1365889887.650916,965.8536585365854,39.0,2.4018476009368896
1365889887.906472,832.3170731707316,39.5,2.479793071746826
1365889888.173544,772.5609756097562,39.0,2.4537065029144287
1365889888.455225,945.1219512195122,39.5,2.4136064052581787
1365889888.713265,979.2682926829268,39.5,2.4361064434051514
1365889888.977074,881.0975609756098,39.5,2.413130760192871
1365889889.251476,995.1219512195122,39.0,2.4306695461273193
1365889889.509202,937.8048780487804,39.5,2.4091405868530273
1365889889.7690408,875.0,39.5,2.4482343196868896
1365889890.034692,662.1951219512196,39.0,2.4340739250183105
1365889890.3173308,962.1951219512194,39.0,2.4004578590393066
1365889890.5791202,1164.0243902439024,39.5,2.4272186756134033
1365889890.840468,866.4634146341464,39.0,2.431075096130371
1365889891.124157,792.0731707317074,40.1,2.6933670043945312
1365889891.380964,998.170731707317,39.5,2.5426392555236816
1365889891.636064,746.3414634146342,39.5,2.4905636310577393
1365889891.926671,823.170731707317,39.5,2.5545666217803955
1365889892.1868968,934.1463414634147,39.0,2.501295566558838
1365889892.453871,709.1463414634146,39.5,2.443138837814331
1365889892.732267,968.9024390243902,40.1,2.459383249282837
1365889892.989046,866.4634146341464,39.0,2.4017927646636963
1365889893.2511191,758.5365853658536,38.5,2.4404690265655518
1365889893.543231,889.0243902439024,39.5,2.4259250164031982
1365889893.8076448,860.3658536585366,39.0,2.6162490844726562
1365889894.069175,778.048780487805,40.1,2.5747501850128174
1365889894.357842,878.0487804878048,40.1,2.5031466484069824
1365889894.6314712,1733.5365853658539,39.0,2.6086530685424805
1365889894.8845701,1125.0,39.0,2.5114877223968506
1365889895.166935,1780.4878048780488,39.5,2.5413424968719482
1365889895.420625,1057.9268292682925,39.5,2.445549249649048
1365889895.6819131,945.1219512195122,39.5,2.4793267250061035
1365889895.955764,979.2682926829268,40.1,2.5265748500823975
1365889896.211989,935.3658536585366,40.1,2.492077589035034
1365889896.476964,915.8536585365854,39.0,2.4709935188293457
1365889896.741937,765.2439024390244,39.0,2.499702215194702
1365889897.026619,949.390243902439,40.1,2.4154622554779053
1365889897.287612,1782.3170731707316,39.0,2.433112621307373
1365889897.543604,691.4634146341463,39.5,2.474181890487671
1365889897.839518,960.3658536585366,39.5,2.4535446166992188
1365889898.094483,876.219512195122,39.0,2.571864604949951
1365889898.350653,648.1707317073171,39.0,2.43896484375
1365889898.640765,821.951219512195,39.5,2.4148342609405518
1365889898.900749,915.2439024390244,39.5,2.3987269401550293
1365889899.1555378,737.1951219512194,39.5,2.485527992248535
1365889899.4535758,896.9512195121952,39.5,2.4049947261810303
1365889899.709934,884.1463414634146,40.1,2.439220666885376
1365889899.963742,1370.7317073170732,39.0,2.5237557888031006
1365889900.2686589,971.951219512195,39.5,2.463529348373413
1365889900.5267751,1048.780487804878,39.5,2.402862071990967
1365889900.7881322,834.1463414634146,39.0,2.4794371128082275
1365889901.076093,839.0243902439024,40.1,2.468735694885254
1365889901.3313768,791.4634146341464,40.1,2.418994426727295
1365889901.601971,736.5853658536586,39.0,2.444610357284546
1365889901.886441,845.1219512195122,39.5,2.3929812908172607
1365889902.1432881,835.9756097560976,40.1,2.4155218601226807
1365889902.407826,971.3414634146342,39.0,2.434081554412842
1365889902.697275,946.951219512195,40.1,2.3936970233917236
1365889902.951467,832.9268292682926,39.5,2.4795010089874268
1365889903.218242,1475.6097560975609,39.0,2.454038381576538
1365889903.505167,815.2439024390243,39.5,2.3945255279541016
1365889903.758283,838.4146341463414,39.0,2.7462656497955322
1365889904.01351,888.4146341463414,39.0,2.62776780128479
1365889904.300756,935.9756097560976,39.5,2.5602097511291504
1365889904.555063,850.0,39.5,2.4735286235809326
1365889904.8174589,982.3170731707316,39.0,2.4205472469329834
1365889905.1016152,940.8536585365853,39.5,2.3980488777160645
1365889905.35487,932.3170731707318,39.0,2.4160099029541016
1365889905.6096241,784.1463414634146,39.0,2.5298120975494385
1365889905.893766,942.0731707317073,39.0,2.408409833908081
1365889906.154429,926.219512195122,39.5,2.4096627235412598
1365889906.422333,801.219512195122,39.0,2.416149616241455
1365889906.700117,835.9756097560976,39.5,2.393350601196289
1365889906.953502,895.1219512195122,40.1,2.4089434146881104
1365889907.227339,1816.4634146341464,39.0,2.441441059112549
1365889907.5083761,729.2682926829268,39.5,2.511658191680908
1365889907.7846668,813.4146341463414,40.1,2.4708361625671387
1365889908.0408058,1031.7073170731708,39.0,2.427334785461426
1365889908.300391,1244.5121951219514,39.0,2.473659038543701
1365889908.585687,973.780487804878,39.5,2.4024736881256104
1365889908.852093,882.9268292682926,40.1,2.442103385925293
1365889909.1106648,730.4878048780488,39.0,2.444356679916382
1365889909.3916721,1050.0,39.5,2.4134011268615723
1365889909.6660118,1062.8048780487804,40.1,2.414646625518799
1365889909.923705,710.3658536585366,39.5,2.4462122917175293
1365889910.203866,770.1219512195122,40.1,2.4781460762023926
1365889910.474494,976.219512195122,39.5,2.3958983421325684
1365889910.729451,840.2439024390244,39.5,2.419339418411255
1365889911.007298,1029.2682926829268,40.1,2.403128147125244
1365889911.2678158,1117.6829268292684,39.0,2.392533779144287
1365889911.525256,898.1707317073171,40.1,2.4182419776916504
1365889911.796319,926.829268292683,39.5,2.4476253986358643
1365889912.055558,926.829268292683,40.1,2.405161142349243
1365889912.320579,942.0731707317073,39.5,2.398021697998047
1365889912.57861,727.4390243902438,39.0,2.5602989196777344
1365889912.866692,957.9268292682926,40.1,2.5175063610076904
1365889913.127531,862.1951219512194,40.1,2.3966257572174072
1365889913.381033,785.3658536585366,40.1,2.4448623657226562
1365889913.6674602,843.9024390243902,39.0,2.396726369857788
1365889913.9278002,789.0243902439024,40.1,2.3953065872192383
1365889914.1828082,731.0975609756098,39.5,2.426633834838867
1365889914.478855,1552.439024390244,39.5,2.4060535430908203
1365889914.735522,929.2682926829269,40.1,2.468194007873535
1365889914.9888551,918.9024390243903,39.0,2.4260475635528564
1365889915.27186,796.3414634146342,39.5,2.485123634338379
1365889915.541912,904.2682926829268,40.1,2.41573429107666
1365889915.798286,1283.5365853658536,40.1,2.434053659439087
1365889916.08553,1129.878048780488,39.5,2.390310764312744
1365889916.3409479,1031.7073170731708,40.1,2.4095020294189453
1365889916.594479,993.9024390243902,39.0,2.46370792388916
1365889916.870239,937.1951219512194,40.1,2.4036693572998047
1365889917.134698,810.9756097560976,39.5,2.400369167327881
1365889917.388576,921.9512195121952,39.5,2.4756152629852295
1365889917.66547,806.0975609756098,39.0,2.455758571624756
1365889917.95873,918.9024390243903,39.5,2.40620756149292
1365889918.214584,913.4146341463415,39.5,2.399643659591675
1365889918.471733,735.3658536585366,39.0,2.525421619415283
1365889918.756201,946.3414634146341,39.5,2.4058637619018555
1365889919.0111191,1020.7317073170732,40.1,2.434447765350342
1365889919.2727969,931.0975609756098,39.5,2.512831449508667
1365889919.5592399,904.2682926829268,39.0,2.425769329071045
1365889919.817555,1447.560975609756,40.1,2.4293606281280518
1365889920.071323,773.1707317073171,39.0,2.4163167476654053
1365889920.349168,1173.170731707317,40.1,2.402026653289795
1365889920.6025531,835.9756097560976,39.5,2.400529384613037
1365889920.864337,764.0243902439024,39.5,2.409059524536133
1365889921.134706,734.1463414634146,39.0,2.4175593852996826
1365889921.412652,1579.2682926829268,39.5,2.458017587661743
1365889921.676342,1109.7560975609756,40.1,2.4746761322021484
1365889921.938797,727.4390243902438,39.0,2.454796552658081
1365889922.2200902,1818.2926829268292,40.1,2.3965108394622803
1365889922.478771,785.3658536585366,39.5,2.4077210426330566
1365889922.741408,743.2926829268292,39.5,2.496790647506714
1365889923.021507,902.439024390244,40.1,2.503962516784668
1365889923.279031,878.0487804878048,40.1,2.491222381591797
1365889923.540689,943.9024390243902,40.1,2.5121166706085205
1365889923.80956,803.048780487805,40.1,2.408841848373413
1365889924.071906,951.2195121951219,39.5,2.4262142181396484
1365889924.333196,790.2439024390244,40.1,2.4051458835601807
1365889924.597847,1057.9268292682925,39.5,2.5008580684661865
1365889924.890743,885.3658536585366,40.1,2.4027397632598877
1365889925.156318,871.3414634146342,40.1,2.446704387664795
1365889925.4106822,978.0487804878048,39.0,2.43556809425354
1365889925.698192,1029.2682926829268,39.0,2.4172492027282715
1365889925.966052,1385.3658536585365,40.1,2.4805538654327393
1365889926.222922,957.9268292682926,39.0,2.490119695663452
1365889926.509117,957.9268292682926,40.1,2.722899913787842
1365889926.7697458,791.4634146341464,39.5,2.556157350540161
1365889927.025789,915.2439024390244,39.5,2.525209903717041
1365889927.3161752,801.219512195122,40.1,2.405941963195801
1365889927.5719528,899.390243902439,40.1,2.4016239643096924
1365889927.835555,790.2439024390244,40.1,2.490172863006592
1365889928.122754,924.3902439024391,39.0,2.3978495597839355
1365889928.379355,957.9268292682926,40.1,2.4347145557403564
1365889928.6414459,885.9756097560976,40.1,2.406423330307007
1365889928.916141,752.439024390244,39.0,2.415848970413208
1365889929.193932,931.0975609756098,39.5,2.409984827041626
1365889929.457653,823.170731707317,39.0,2.4033584594726562
1365889929.713749,1408.5365853658536,39.0,2.4239745140075684
1365889929.993763,909.1463414634146,40.1,2.4062342643737793
1365889930.257652,1051.219512195122,39.0,2.395390272140503
1365889930.516212,759.1463414634146,40.1,2.464353322982788
1365889930.795509,914.0243902439024,39.5,2.4512476921081543
1365889931.057357,901.219512195122,39.5,2.39925217628479
1365889931.310432,954.2682926829268,40.1,2.4418938159942627
1365889931.592577,965.2439024390244,40.1,2.406491756439209
1365889931.858104,1404.8780487804877,39.0,2.403606653213501
1365889932.112588,937.1951219512194,40.1,2.498021364212036
1365889932.3917062,774.390243902439,40.1,2.5850696563720703
1365889932.648273,853.0487804878048,40.1,2.576669931411743
1365889932.9219131,1709.1463414634147,39.5,2.4938032627105713
1365889933.1835022,742.0731707317074,39.5,2.445385694503784
1365889933.468124,859.1463414634146,39.5,2.4826443195343018
1365889933.731421,889.0243902439024,39.5,2.3989739418029785
1365889933.9872189,935.9756097560976,40.1,2.431729793548584
1365889934.2793322,928.048780487805,40.1,2.447253465652466
1365889934.5375848,834.1463414634146,39.5,2.398545742034912
1365889934.794261,993.2926829268292,40.1,2.5586795806884766
1365889935.085567,932.9268292682927,40.1,2.4000251293182373
1365889935.350634,1062.8048780487804,40.1,2.65474009513855
1365889935.608042,746.3414634146342,39.5,2.6983554363250732
1365889935.895285,796.9512195121952,40.1,2.416435480117798
1365889936.158324,776.219512195122,39.0,2.693723440170288
1365889936.415849,831.0975609756097,39.0,2.440734624862671
1365889936.691329,1705.4878048780488,39.5,2.603682518005371
1365889936.953121,945.1219512195122,40.1,2.6759042739868164
1365889937.209734,996.9512195121952,39.0,2.422152042388916
1365889937.4842298,934.1463414634147,40.1,2.431901216506958
1365889937.753222,814.0243902439024,40.1,2.3925588130950928
1365889938.0074282,807.9268292682927,39.5,2.41994309425354
1365889938.278526,1745.121951219512,40.1,2.4485535621643066
1365889938.542857,1468.2926829268292,40.1,2.3951852321624756
1365889938.8013508,765.2439024390244,39.5,2.417659282684326
1365889939.060139,1258.5365853658536,40.1,2.4422054290771484
1365889939.350999,764.0243902439024,40.1,2.396388292312622
1365889939.605061,854.8780487804878,40.1,2.536074638366699
1365889939.866366,1015.2439024390243,39.5,2.4574151039123535
1365889940.149169,982.3170731707316,40.1,2.3938558101654053
1365889940.4048,783.5365853658537,40.1,2.404569625854492
1365889940.662658,1636.5853658536585,40.1,2.4083611965179443
1365889940.941131,1364.6341463414635,39.5,2.3993020057678223
1365889941.19704,1015.8536585365854,40.1,2.4549496173858643
1365889941.453548,885.9756097560976,40.1,2.4172213077545166
1365889941.723572,725.0,39.5,2.4388961791992188
1365889942.012634,759.1463414634146,39.5,2.5594961643218994
1365889942.267595,914.0243902439024,40.1,2.3977692127227783
1365889942.524483,762.1951219512196,39.0,2.4545326232910156
1365889942.815958,939.0243902439024,39.0,2.401873826980591
1365889943.07893,951.8292682926829,39.5,2.5006632804870605
1365889943.347202,1468.2926829268292,40.1,2.425532817840576
1365889943.625702,849.390243902439,39.5,2.4863245487213135
1365889943.887655,806.0975609756098,40.1,2.518418788909912
1365889944.154319,1316.4634146341464,40.1,2.4380722045898438
1365889944.43567,892.0731707317074,40.1,2.3913512229919434
1365889944.691194,900.0,40.1,2.4548676013946533
1365889944.956306,937.8048780487804,39.5,2.512648582458496
1365889945.233645,973.170731707317,40.1,2.3931491374969482
1365889945.487298,907.9268292682927,40.1,2.3913159370422363
1365889945.740213,964.0243902439024,40.1,2.508683443069458
1365889946.025434,742.0731707317074,39.5,2.421853542327881
1365889946.303694,802.439024390244,40.1,2.4856579303741455
1365889946.567221,943.2926829268292,39.5,2.396592855453491
1365889946.82226,648.1707317073171,39.0,2.4311177730560303
1365889947.1119108,954.8780487804878,39.5,2.473630905151367
1365889947.3819351,951.8292682926829,40.1,2.394883632659912
1365889947.6353211,838.4146341463414,40.1,2.4668514728546143
1365889947.917451,1023.1707317073171,40.1,2.4634742736816406
1365889948.186473,783.5365853658537,40.1,2.476511001586914
1365889948.44302,805.4878048780488,40.1,2.5345916748046875
1365889948.7234728,1704.2682926829268,40.1,2.528615713119507
1365889948.988746,942.0731707317073,40.1,2.4696168899536133
1365889949.246448,900.0,40.1,2.6372668743133545
1365889949.517687,939.0243902439024,40.1,2.4391582012176514
1365889949.781166,769.5121951219512,40.1,2.4149982929229736
1365889950.0446851,940.8536585365853,40.1,2.4228568077087402
1365889950.321307,860.3658536585366,40.1,2.443352222442627
1365889950.5818398,790.2439024390244,40.1,2.4063074588775635
1365889950.838227,772.5609756097562,40.1,2.415604829788208
1365889951.106276,879.2682926829268,39.5,2.446843147277832
1365889951.397755,984.7560975609756,40.1,2.394545316696167
1365889951.652962,940.8536585365853,40.1,2.436758041381836
1365889951.9168131,751.219512195122,40.1,2.47141170501709
1365889952.209843,960.9756097560976,39.5,2.422571897506714
1365889952.46333,829.2682926829268,40.1,2.4764773845672607
1365889952.722463,649.390243902439,39.5,2.4731950759887695
1365889953.008205,920.1219512195122,40.1,2.3913047313690186
1365889953.261624,921.9512195121952,39.5,2.408773422241211
1365889953.526706,732.3170731707316,40.1,2.471735715866089
1365889953.8168929,849.390243902439,40.1,2.702871084213257
1365889954.073133,928.048780487805,40.1,2.507256031036377
1365889954.327838,772.5609756097562,40.1,2.620112657546997
1365889954.610263,806.0975609756098,40.1,2.4226958751678467
1365889954.8692238,932.9268292682927,40.1,2.4042389392852783
1365889955.128695,877.439024390244,40.1,2.4177138805389404
1365889955.410899,970.1219512195122,40.1,2.392465829849243
1365889955.667243,774.390243902439,40.1,2.4808661937713623
1365889955.937485,918.9024390243903,39.5,2.4791316986083984
1365889956.2280488,859.1463414634146,39.5,2.4137139320373535
1365889956.483218,802.439024390244,40.1,2.3983006477355957
1365889956.744972,987.1951219512194,39.5,2.4238357543945312
1365889957.021346,722.560975609756,40.1,2.434079647064209
1365889957.3004029,951.2195121951219,40.1,2.3961129188537598
1365889957.557162,874.390243902439,39.5,2.4272968769073486
1365889957.818387,725.0,40.1,2.5772242546081543
1365889958.093441,1032.9268292682927,40.1,2.5300261974334717
1365889958.3566341,923.1707317073171,40.1,2.4607229232788086
1365889958.622684,785.9756097560976,40.1,2.4405298233032227
1365889958.905349,1101.219512195122,40.1,2.395595073699951
1365889959.166631,857.9268292682926,40.1,2.404202461242676
1365889959.427701,929.2682926829269,40.1,2.4656898975372314
1365889959.701946,1009.7560975609756,40.1,2.4001142978668213
1365889959.960259,870.1219512195122,40.1,2.405123710632324
1365889960.2229838,987.8048780487804,39.5,2.409207344055176
1365889960.494186,832.3170731707316,40.1,2.5308265686035156
1365889960.7481558,770.1219512195122,40.1,2.4305899143218994
1365889961.011461,940.8536585365853,40.1,2.4157848358154297
1365889961.271866,720.1219512195122,39.5,2.4685657024383545
1365889961.551743,857.3170731707316,40.1,2.418562412261963
1365889961.815721,904.8780487804878,40.1,2.3907740116119385
1365889962.06896,1035.9756097560976,40.1,2.4211673736572266
1365889962.348822,945.1219512195122,40.1,2.4081227779388428
1365889962.609256,810.9756097560976,40.1,2.4001688957214355
1365889962.867378,866.4634146341464,40.1,2.4138429164886475
1365889963.142756,854.2682926829268,40.1,2.691930055618286
1365889963.404771,943.2926829268292,40.1,2.430826187133789
1365889963.665029,771.3414634146342,40.1,2.775447130203247
1365889963.927179,721.3414634146342,39.5,2.6611227989196777
1365889964.209405,957.9268292682926,40.1,2.7507925033569336
1365889964.473747,962.8048780487804,40.1,2.5355100631713867
1365889964.744419,750.0,40.1,2.456310987472534
1365889965.032783,752.439024390244,40.1,2.3975508213043213
1365889965.288348,843.2926829268292,40.1,2.4186086654663086
1365889965.550213,733.5365853658536,40.1,2.5362765789031982
1365889965.833281,906.0975609756098,40.1,2.3921570777893066
1365889966.087011,921.9512195121952,39.5,2.4113051891326904
1365889966.349528,796.3414634146342,39.5,3.1045873165130615
1365889966.633246,837.1951219512194,40.1,2.8228113651275635
1365889966.889709,996.9512195121952,40.1,2.5714263916015625
1365889967.151906,995.1219512195122,40.1,2.5026755332946777
1365889967.435296,926.829268292683,40.1,2.3907506465911865
1365889967.6885052,915.8536585365854,39.5,2.472792148590088
1365889967.954713,967.0731707317073,40.1,2.4746787548065186
1365889968.237667,768.2926829268292,40.1,2.4204185009002686
1365889968.495889,845.1219512195122,40.1,2.4570817947387695
1365889968.758531,945.1219512195122,40.1,2.441363573074341
1365889969.031002,742.0731707317074,40.1,2.4474072456359863
1365889969.307939,860.9756097560976,39.5,2.410905599594116
1365889969.570364,968.2926829268292,40.1,2.408538579940796
1365889969.831417,750.0,39.5,2.416470766067505
1365889970.106931,854.8780487804878,39.5,2.4038784503936768
1365889970.370614,942.0731707317073,40.1,2.436777353286743
1365889970.629205,1056.7073170731708,40.1,2.467977285385132
1365889970.9085839,885.3658536585366,40.1,2.4054784774780273
1365889971.1713831,1664.6341463414633,40.1,2.5507454872131348
1365889971.44008,1605.4878048780488,40.6,2.9939258098602295
1365889971.721537,748.170731707317,40.1,2.722468614578247
1365889971.9854772,788.4146341463415,40.1,2.4640679359436035
1365889972.245312,819.5121951219512,40.1,2.411797523498535
1365889972.521513,940.8536585365853,40.1,2.4576611518859863
1365889972.781566,843.2926829268292,39.5,2.4385452270507812
1365889973.042325,873.170731707317,40.1,2.409986972808838
1365889973.317469,775.0,40.1,2.4621520042419434
1365889973.581913,943.9024390243902,40.1,2.464517116546631
1365889973.8451042,866.4634146341464,40.1,2.4091718196868896
1365889974.117978,784.1463414634146,39.5,2.4332916736602783
1365889974.3858602,957.3170731707316,40.1,2.441769599914551
1365889974.643918,774.390243902439,40.1,2.443763256072998
1365889974.910332,680.4878048780488,39.5,2.6231613159179688
1365889975.190615,878.0487804878048,40.1,2.549441337585449
1365889975.4471512,1761.5853658536585,40.1,2.4533772468566895
1365889975.7060711,791.4634146341464,40.1,2.561711311340332
1365889975.991447,1803.0487804878048,40.1,2.486971139907837
1365889976.2536519,1697.560975609756,40.1,2.467466115951538
1365889976.5066612,1053.0487804878048,40.1,5.372206449508667
1365889976.788167,845.1219512195122,40.1,5.097442626953125
1365889977.053441,764.0243902439024,39.5,4.835201978683472
1365889977.322507,951.2195121951219,40.1,4.575064659118652
1365889977.6037629,962.1951219512194,40.1,4.302211761474609
1365889977.8651562,821.951219512195,40.1,4.0474324226379395
1365889978.118088,777.439024390244,40.1,3.8001632690429688
1365889978.3974028,810.3658536585366,40.1,3.525014877319336
1365889978.659117,793.2926829268293,40.1,3.267160415649414
1365889978.9157472,857.3170731707316,40.1,3.0138046741485596
1365889979.188298,705.4878048780488,39.5,2.747623920440674
1365889979.470882,965.8536585365854,40.1,2.468843460083008
1365889979.727343,890.8536585365854,40.1,2.424272060394287
1365889979.985915,652.439024390244,40.1,2.4906392097473145
1365889980.2718751,942.0731707317073,40.1,2.3914592266082764
1365889980.527221,918.9024390243903,40.1,2.3990232944488525
1365889980.789016,743.2926829268292,39.5,2.4586691856384277
1365889981.076299,788.4146341463415,40.1,2.398439884185791
1365889981.330624,790.2439024390244,40.1,2.424825429916382
1365889981.593777,653.6585365853658,40.1,2.4176266193389893
1365889981.877152,845.1219512195122,40.1,2.3899383544921875
1365889982.13237,791.4634146341464,40.1,2.401442289352417
1365889982.394428,901.219512195122,40.1,2.417538642883301
1365889982.6770098,957.9268292682926,40.1,2.389899730682373
1365889982.931668,770.1219512195122,40.1,2.419846534729004
1365889983.195616,810.3658536585366,40.1,2.448857069015503
1365889983.461633,738.4146341463414,39.5,2.4138123989105225
1365889983.738505,926.829268292683,40.1,2.421264171600342
1365889984.0060349,814.0243902439024,40.1,2.4250376224517822
1365889984.2636878,723.170731707317,39.5,2.4224026203155518
1365889984.540596,826.2195121951219,40.6,2.4578025341033936
1365889984.800659,1316.4634146341464,40.1,2.4081172943115234
1365889985.062817,779.2682926829268,40.1,2.4126851558685303
1365889985.340333,785.3658536585366,40.6,2.399465322494507
1365889985.60291,843.2926829268292,40.1,2.436863422393799
1365889985.868278,789.0243902439024,40.1,2.442582845687866
1365889986.14411,792.0731707317074,40.6,2.549013137817383
1365889986.4046159,1045.1219512195123,40.1,2.6066172122955322
1365889986.665741,953.0487804878048,40.1,2.5364270210266113
1365889986.935104,718.2926829268292,39.5,2.5261385440826416
1365889987.2143,809.1463414634147,40.1,2.4093940258026123
1365889987.474217,896.3414634146342,40.1,2.393024206161499
1365889987.730619,729.2682926829268,39.5,2.4241297245025635
1365889988.017285,835.9756097560976,40.1,2.396252155303955
1365889988.2778492,793.2926829268293,40.1,2.400374174118042
1365889988.5310342,671.3414634146342,40.1,2.4334723949432373
1365889988.8147478,877.439024390244,40.1,2.452396869659424
1365889989.072885,1632.3170731707316,40.1,2.3932530879974365
1365889989.329771,645.1219512195122,40.1,2.4242360591888428
1365889989.615337,857.9268292682926,40.1,2.399064540863037
1365889989.875273,976.8292682926829,40.1,2.392993450164795
1365889990.131941,940.2439024390243,40.1,2.417752504348755
1365889990.411318,766.4634146341464,40.1,2.496622085571289
1365889990.670987,973.170731707317,40.6,2.4734301567077637
1365889990.925668,1267.6829268292681,40.1,2.4260830879211426
1365889991.198967,826.2195121951219,40.6,2.4431159496307373
1365889991.459594,803.048780487805,40.1,2.393791437149048
1365889991.7144608,943.2926829268292,40.1,2.4244298934936523
1365889991.9752462,1192.0731707317075,39.5,2.542020797729492
1365889992.2629728,904.8780487804878,40.1,2.3936307430267334
1365889992.516429,951.2195121951219,40.6,2.4058046340942383
1365889992.7709482,806.0975609756098,40.1,2.4484171867370605
1365889993.064967,915.2439024390244,40.1,2.392577886581421
1365889993.31951,777.439024390244,40.1,2.406838893890381
1365889993.572819,837.1951219512194,40.1,2.5568814277648926
1365889993.8637528,1140.8536585365853,40.6,2.3930253982543945
1365889994.118745,925.0,40.1,2.437469005584717
1365889994.373547,973.170731707317,40.1,2.4078540802001953
1365889994.652682,868.2926829268292,40.1,2.4027018547058105
1365889994.910552,1151.8292682926829,40.1,2.472321033477783
1365889995.164917,921.9512195121952,40.1,2.4035675525665283
1365889995.42592,737.1951219512194,40.1,2.5804667472839355
1365889995.7231958,946.951219512195,40.1,2.509943723678589
1365889995.979193,813.4146341463414,40.1,2.4148800373077393
1365889996.243943,738.4146341463414,40.1,2.4268548488616943
1365889996.535114,787.1951219512196,40.1,2.4402918815612793
1365889996.7913768,1056.09756097561,40.1,2.4197945594787598
1365889997.0467782,724.390243902439,39.0,2.487126588821411
1365889997.346178,940.8536585365853,40.1,2.417027235031128
1365889997.612874,981.0975609756098,40.1,2.488560914993286
1365889997.872424,758.5365853658536,40.1,2.4552676677703857
1365889998.151684,760.9756097560976,40.1,2.4142892360687256
1365889998.416234,1511.5853658536585,40.1,2.5131430625915527
1365889998.682007,1064.0243902439024,40.1,2.5858144760131836
1365889998.960444,926.219512195122,40.1,2.395599842071533
1365889999.2164428,798.1707317073171,40.1,2.5393195152282715
1365889999.479806,1090.2439024390244,40.1,2.7084193229675293
1365889999.758703,866.4634146341464,40.1,2.4332847595214844
1365890000.020441,1648.1707317073171,40.1,2.4796485900878906
1365890000.2823691,793.2926829268293,40.1,2.41521954536438
1365890000.560319,790.2439024390244,40.6,2.4650421142578125
1365890000.8210711,1725.6097560975609,40.1,2.4553864002227783
1365890001.0843441,615.2439024390244,40.1,2.4162817001342773
1365890001.363301,846.3414634146342,40.1,2.42284893989563
1365890001.627892,857.3170731707316,40.6,2.427201271057129
1365890001.8880582,1808.5365853658536,40.1,2.41733717918396
1365890002.1707919,921.3414634146342,40.1,2.4069652557373047
1365890002.430295,937.8048780487804,40.1,2.4058709144592285
1365890002.688807,1040.8536585365853,40.1,2.432439088821411
1365890002.964393,913.4146341463415,40.1,2.410156011581421
1365890003.22683,915.8536585365854,40.1,2.4677734375
1365890003.484681,823.170731707317,40.1,2.406899929046631
1365890003.752969,745.1219512195122,40.1,2.4602134227752686
1365890004.029693,926.219512195122,40.1,2.5255985260009766
1365890004.2963488,805.4878048780488,40.6,2.3969409465789795
1365890004.551511,1132.9268292682925,40.1,2.429347515106201
1365890004.841559,770.1219512195122,40.1,2.4130120277404785
1365890005.102051,976.219512195122,40.1,2.3928167819976807
1365890005.3568141,839.0243902439024,40.1,2.43609881401062
1365890005.641424,879.2682926829268,40.1,2.4115474224090576
1365890005.902594,918.9024390243903,40.1,2.3900649547576904
1365890006.157568,887.1951219512196,40.1,2.4715962409973145
1365890006.448373,795.1219512195122,40.1,2.401498317718506
1365890006.709975,813.4146341463414,40.1,2.3930697441101074
1365890006.964963,929.8780487804878,40.1,2.466810941696167
1365890007.248148,1461.5853658536587,40.1,2.409466028213501
1365890007.511505,973.170731707317,40.1,2.4540247917175293
1365890007.7679,903.048780487805,40.1,2.563107490539551
1365890008.048095,982.9268292682926,40.1,2.5280985832214355
1365890008.309809,1331.7073170731708,40.6,2.477916717529297
1365890008.5675578,882.9268292682926,40.1,2.409630298614502
1365890008.842669,835.3658536585366,40.1,2.5426039695739746
1365890009.1053288,1256.0975609756097,40.6,2.396021604537964
1365890009.364337,1017.0731707317074,40.1,2.5047597885131836
1365890009.623648,794.5121951219512,40.1,2.4610276222229004
1365890009.9170592,781.0975609756098,40.1,2.424954414367676
1365890010.172411,779.2682926829268,40.1,2.4122235774993896
1365890010.42658,1001.219512195122,40.1,2.496488094329834
1365890010.7167108,1597.5609756097563,40.1,2.518139600753784
1365890010.971093,929.8780487804878,40.6,2.4147353172302246
1365890011.228348,1593.2926829268292,40.1,2.488638401031494
1365890011.511433,915.2439024390244,40.6,2.5350656509399414
1365890011.768372,976.219512195122,41.2,2.4671506881713867
1365890012.025373,926.219512195122,40.1,2.522813320159912
1365890012.307342,825.0,40.1,2.679217576980591
1365890012.560815,1101.8292682926829,40.1,2.618678092956543
1365890012.81902,829.2682926829268,40.1,2.4123833179473877
1365890013.0841138,747.560975609756,40.1,2.617636203765869
1365890013.365577,838.4146341463414,40.1,2.3900184631347656
1365890013.619563,777.439024390244,40.1,2.801490545272827
1365890013.880739,845.1219512195122,39.5,2.739319086074829
1365890014.165858,1677.439024390244,40.1,2.96640682220459
1365890014.4251719,1839.0243902439024,40.1,2.7097537517547607
1365890014.681945,987.1951219512194,40.1,2.6464364528656006
1365890014.960146,787.1951219512196,40.1,2.459357500076294
1365890015.2192361,940.8536585365853,40.1,2.464872121810913
1365890015.476052,1684.1463414634145,40.1,2.4889814853668213
1365890015.7449632,637.1951219512196,40.1,2.420598268508911
1365890016.023663,878.0487804878048,40.1,2.402719020843506
1365890016.2778099,954.2682926829268,40.6,2.889131784439087
1365890016.5420449,748.170731707317,40.1,2.626338005065918
1365890016.826841,1353.658536585366,40.6,2.566659927368164
1365890017.0844889,1778.0487804878048,40.1,2.6337661743164062
1365890017.348573,1340.8536585365853,40.1,2.8266899585723877
1365890017.630105,949.390243902439,40.1,2.6017203330993652
1365890017.883019,1726.219512195122,40.1,2.7697086334228516
1365890018.140564,1181.09756097561,40.1,2.6551175117492676
1365890018.407097,741.4634146341464,39.5,2.6223223209381104
1365890018.685305,812.1951219512194,40.1,2.5960657596588135
1365890018.9444401,914.0243902439024,40.1,2.6662533283233643
1365890019.2001941,1447.560975609756,40.1,2.4275081157684326
1365890019.485478,1793.2926829268292,40.1,2.7598085403442383
1365890019.748179,1415.8536585365853,40.6,2.5279977321624756
1365890020.0050602,1815.2439024390244,40.6,2.7700467109680176
1365890020.286479,959.1463414634146,40.6,2.4988343715667725
1365890020.555391,1676.219512195122,40.1,2.4613356590270996
1365890020.808867,1620.7317073170732,40.1,2.462524175643921
1365890021.081702,900.0,40.1,2.5127007961273193
1365890021.344202,857.3170731707316,40.6,2.6908042430877686
1365890021.597219,1718.2926829268292,40.6,2.8977859020233154
1365890021.854041,1509.7560975609756,39.5,3.451237916946411
1365890022.1381938,1648.1707317073171,40.1,3.489192485809326
1365890022.4001348,834.1463414634146,40.1,3.3215253353118896
1365890022.657742,885.9756097560976,40.1,3.29886794090271
1365890022.944351,1685.3658536585365,41.2,3.1175084114074707
1365890023.212887,887.1951219512196,40.1,3.1600165367126465
1365890023.467356,979.2682926829268,40.1,3.33046293258667
1365890023.746864,818.2926829268292,40.1,3.267914056777954
1365890024.0005372,956.0975609756097,40.6,3.1949892044067383
1365890024.2563672,985.9756097560976,40.1,3.211329460144043
1365890024.529921,1514.6341463414635,40.1,3.3170368671417236
1365890024.786376,898.1707317073171,40.1,3.0615615844726562
1365890025.043961,1333.5365853658536,40.1,2.9122846126556396
1365890025.318174,759.1463414634146,40.1,3.0699410438537598
1365890025.606221,1750.6097560975609,40.1,2.859341621398926
1365890025.8588958,796.3414634146342,40.1,2.6815757751464844
1365890026.113354,1562.8048780487804,40.1,2.541238784790039
1365890026.407188,992.0731707317074,40.6,2.536499261856079
1365890026.6667662,928.048780487805,40.1,2.4673361778259277
1365890026.931068,907.9268292682927,40.1,2.4306130409240723
1365890027.216966,777.439024390244,40.6,2.416325092315674
1365890027.473956,948.170731707317,40.6,2.460242509841919
1365890027.739668,1552.439024390244,40.1,2.466261148452759
1365890028.026958,984.1463414634146,40.1,2.424978256225586
1365890028.293131,1009.1463414634145,40.6,2.503325939178467
1365890028.5579462,668.2926829268293,40.1,2.4858109951019287
1365890028.84142,1090.2439024390244,40.1,2.4330458641052246
1365890029.1069372,1153.6585365853657,40.6,2.5540597438812256
1365890029.365875,756.0975609756098,40.1,2.4207401275634766
1365890029.642981,990.2439024390244,40.1,2.5306384563446045
1365890029.907042,899.390243902439,41.2,2.6523890495300293
1365890030.1737201,757.3170731707318,40.1,2.601195812225342
1365890030.4570959,940.8536585365853,40.6,2.4370310306549072
1365890030.725159,1092.0731707317073,40.6,2.582801103591919
1365890030.995498,726.219512195122,40.1,2.434386730194092
1365890031.2729962,942.0731707317073,40.6,2.504476547241211
1365890031.535145,816.4634146341463,41.2,2.46012282371521
1365890031.799756,1203.6585365853657,40.1,2.4689528942108154
1365890032.080458,893.2926829268292,40.6,2.5484442710876465
1365890032.353367,1533.5365853658536,40.1,2.5061557292938232
1365890032.614016,758.5365853658536,40.1,2.4656505584716797
1365890032.9083252,1051.8292682926829,40.1,2.4245877265930176
1365890033.170403,794.5121951219512,40.6,2.4013843536376953
1365890033.429781,754.2682926829268,40.1,2.428154945373535
1365890033.716028,910.9756097560976,40.6,2.5416665077209473
1365890033.984016,1004.2682926829267,40.6,2.4377965927124023
1365890034.2431931,752.439024390244,40.1,2.488581657409668
1365890034.526809,935.9756097560976,40.6,2.610714912414551
1365890034.7920809,932.9268292682927,40.1,2.6612823009490967
1365890035.045054,725.0,40.1,2.469956874847412
1365890035.319032,943.2926829268292,40.1,2.491947889328003
1365890035.583343,832.3170731707316,40.6,2.438645362854004
1365890035.8464441,657.3170731707318,40.1,2.4677510261535645
1365890036.130985,900.0,40.1,2.5401172637939453
1365890036.391273,1017.0731707317074,40.6,2.411543846130371
1365890036.6513631,636.5853658536586,40.6,2.4755125045776367
1365890036.9444852,787.1951219512196,41.2,2.6243295669555664
1365890037.207723,1777.4390243902437,40.1,2.7260687351226807
1365890037.463477,734.1463414634146,40.6,3.1138830184936523
1365890037.740046,1723.1707317073171,41.2,4.10732626914978
1365890037.995695,1537.8048780487804,40.1,4.9587671756744385
1365890038.253728,1712.1951219512196,40.1,4.93576979637146
1365890038.529962,956.0975609756097,40.6,4.836380243301392
1365890038.7851,929.2682926829269,40.1,4.953848361968994
1365890039.042836,954.8780487804878,40.6,4.7282493114471436
1365890039.305486,648.1707317073171,40.1,4.8297035694122314
1365890039.5845408,829.2682926829268,40.1,4.688202619552612
1365890039.83987,815.2439024390243,40.1,4.508740186691284
1365890040.0948858,780.4878048780488,40.6,4.340301275253296
1365890040.3691142,1307.9268292682925,40.1,4.443868398666382
1365890040.6534069,796.3414634146342,40.6,4.161700487136841
1365890040.90759,773.1707317073171,40.1,3.9086735248565674
1365890041.1665258,1621.341463414634,40.1,4.130709886550903
1365890041.453103,1175.6097560975609,40.1,3.8449854850769043
1365890041.708097,814.0243902439024,40.6,4.0374391078948975
1365890041.9647129,1399.3902439024391,40.1,3.7859456539154053
1365890042.2537332,803.048780487805,40.6,3.4982125759124756
1365890042.5069509,835.3658536585366,40.6,3.24648118019104
1365890042.7616498,906.0975609756098,40.1,3.208232879638672
1365890043.036769,756.0975609756098,40.1,3.0777535438537598
1365890043.309331,875.0,40.6,2.8097574710845947
1365890043.563243,1828.0487804878048,40.1,3.0821421146392822
1365890043.827029,675.609756097561,40.1,2.821843147277832
1365890044.1047099,1653.6585365853657,40.1,2.54768705368042
1365890044.3576279,915.8536585365854,40.6,2.590665578842163
1365890044.614014,960.9756097560976,40.1,2.5367705821990967
1365890044.8886871,951.2195121951219,40.6,2.389618396759033
1365890045.142905,948.170731707317,40.6,2.4244890213012695
1365890045.4046562,1078.0487804878048,41.2,2.4056949615478516
1365890045.668076,743.2926829268292,40.1,2.4155824184417725
1365890045.945023,813.4146341463414,40.1,2.5981078147888184
1365890046.2005088,1607.3170731707319,40.1,2.660165309906006
1365890046.4559438,1425.6097560975609,40.1,2.4141321182250977
1365890046.726534,829.2682926829268,40.1,2.4202699661254883
1365890046.98483,1668.2926829268292,40.6,2.5151991844177246
1365890047.2415318,896.3414634146342,40.1,3.0144221782684326
1365890047.501122,1602.439024390244,40.1,2.756927728652954
1365890047.779177,802.439024390244,40.1,3.514885425567627
1365890048.036821,848.170731707317,40.6,3.49395751953125
1365890048.2900422,1006.0975609756098,40.6,3.2754554748535156
1365890048.565909,838.4146341463414,40.6,3.9178078174591064
1365890048.822581,954.2682926829268,40.6,3.6651835441589355
1365890049.07937,1642.6829268292681,40.6,3.4111649990081787
1365890049.349969,759.1463414634146,40.1,3.704840898513794
1365890049.605115,838.4146341463414,40.1,3.4504878520965576
1365890049.858258,832.3170731707316,40.6,3.203120231628418
1365890050.11384,692.0731707317073,40.1,3.166138172149658
1365890050.3983629,1607.3170731707319,40.1,3.137507677078247
1365890050.662026,890.8536585365854,40.1,3.4308547973632812
1365890050.915544,1627.439024390244,40.6,3.241032361984253
1365890051.195467,851.219512195122,40.1,3.2231223583221436
1365890051.4693708,812.1951219512194,40.6,4.430564641952515
1365890051.7275121,942.0731707317073,40.1,4.1735687255859375
1365890051.987118,639.6341463414634,40.1,3.9165525436401367
1365890052.278889,827.4390243902438,40.6,3.6267664432525635
1365890052.535531,1015.8536585365854,40.6,3.372737407684326
1365890052.793986,696.3414634146341,40.1,3.1172046661376953
1365890053.0834749,926.219512195122,40.1,2.828260660171509
1365890053.3380742,778.048780487805,40.6,2.6175215244293213
1365890053.59092,846.951219512195,40.1,2.471576452255249
1365890053.884599,768.2926829268292,40.6,2.4411463737487793
1365890054.137726,759.1463414634146,41.2,2.538241386413574
1365890054.391886,760.9756097560976,40.1,2.538997173309326
1365890054.672705,948.170731707317,40.6,2.3952128887176514
1365890054.92612,853.0487804878048,40.6,2.394387722015381
1365890055.180058,942.0731707317073,40.6,2.4026970863342285
1365890055.447955,718.2926829268292,40.1,2.4453656673431396
1365890055.726505,925.0,40.1,2.4055919647216797
1365890055.979452,901.219512195122,40.1,3.1303980350494385
1365890056.236023,940.2439024390243,40.1,2.880039691925049
1365890056.5115461,864.0243902439024,40.6,2.609778642654419
1365890056.766538,809.1463414634147,40.6,2.532193183898926
1365890057.0246851,1766.4634146341461,41.2,2.4009666442871094
1365890057.28876,721.3414634146342,40.1,2.420790910720825
1365890057.564833,879.8780487804878,41.2,2.3944358825683594
1365890057.824833,1770.121951219512,40.1,2.3934836387634277
1365890058.080322,921.9512195121952,40.1,2.4090230464935303
1365890058.355714,876.219512195122,40.1,2.3880691528320312
1365890058.610015,826.2195121951219,40.6,2.5024406909942627
1365890058.873164,765.2439024390244,40.6,2.4004385471343994
1365890059.133322,725.0,40.1,2.413238286972046
1365890059.40984,962.1951219512194,41.2,2.40775990486145
1365890059.684383,975.0,41.2,2.413498640060425
1365890059.9508438,696.3414634146341,40.1,2.4772377014160156
1365890060.2551832,821.951219512195,40.6,2.4183130264282227
1365890060.526937,903.048780487805,41.2,2.4134795665740967
1365890060.7868009,738.4146341463414,40.1,2.558777093887329
1365890061.070865,868.2926829268292,40.6,2.4417505264282227
1365890061.345418,960.9756097560976,40.6,2.400930404663086
1365890061.608653,776.219512195122,40.6,2.468475580215454
1365890061.897331,1705.4878048780488,40.6,2.75297474861145
1365890062.150469,1708.5365853658536,40.6,2.5498104095458984
1365890062.4068632,758.5365853658536,40.6,2.439681053161621
1365890062.690303,934.1463414634147,40.6,2.419955015182495
1365890062.9492,1548.780487804878,40.6,2.4561386108398438
1365890063.213623,650.609756097561,40.6,2.4473724365234375
1365890063.5065742,907.9268292682927,41.2,2.4227633476257324
1365890063.767016,1379.878048780488,41.2,2.4576382637023926
1365890064.0359738,1614.6341463414635,41.2,2.43989896774292
1365890064.332474,1048.780487804878,40.6,2.420614004135132
1365890064.604199,898.1707317073171,40.6,2.4821951389312744
1365890064.871328,1501.8292682926829,40.6,2.418733596801758
1365890065.153687,1232.9268292682927,41.2,2.456991672515869
1365890065.4217448,1092.0731707317073,40.1,2.436774730682373
1365890065.684462,948.170731707317,40.6,2.5417771339416504
1365890065.9764328,1789.0243902439024,41.2,2.431424379348755
1365890066.2473412,1839.0243902439024,41.2,2.4231908321380615
1365890066.5014532,890.2439024390244,40.6,2.421814441680908
1365890066.788609,778.048780487805,41.2,2.4189183712005615
