1365889755.48979,701.2195121951219,36.9,13.214037895202637
1365889755.7627351,809.1463414634147,37.9,13.121138334274292
1365889756.018854,792.0731707317074,37.9,13.170489311218262
1365889756.2729962,660.3658536585366,37.4,13.18698263168335
1365889756.5603719,835.9756097560976,37.9,13.165929555892944
1365889756.815286,791.4634146341464,37.9,13.122934341430664
1365889757.070146,687.1951219512194,37.9,13.191300868988037
1365889757.355613,859.1463414634146,37.9,13.1258225440979
1365889757.609877,764.0243902439024,38.5,13.126224994659424
1365889757.864903,832.3170731707316,38.5,13.222456216812134
1365889758.146603,896.3414634146342,38.5,13.125458002090454
1365889758.403005,902.439024390244,38.5,13.145105361938477
1365889758.659143,860.3658536585366,38.5,13.20603084564209
1365889758.9266188,1558.5365853658536,37.9,13.295208930969238
1365889759.205068,915.8536585365854,37.9,13.20717191696167
1365889759.461843,764.0243902439024,38.5,13.292466878890991
1365889759.718949,659.1463414634146,38.5,13.169836521148682
1365889759.99914,770.1219512195122,38.5,13.136226415634155
1365889760.253345,814.0243902439024,38.5,13.27444577217102
1365889760.5137558,926.829268292683,38.5,13.235853910446167
1365889760.7834601,698.170731707317,37.9,13.150482892990112
1365889761.057806,926.829268292683,37.9,13.22488522529602
1365889761.31569,1583.5365853658536,38.5,13.14073634147644
1365889761.5729542,690.2439024390243,38.5,13.218462944030762
1365889761.8526878,843.2926829268292,38.5,13.247897148132324
1365889762.111534,1643.2926829268292,39.0,13.225060939788818
1365889762.365759,846.3414634146342,38.5,13.188019514083862
1365889762.640214,814.0243902439024,38.5,13.127044439315796
1365889762.896988,846.3414634146342,38.5,13.624412298202515
1365889763.160351,1536.5853658536585,37.9,13.69098448753357
1365889763.429166,1386.5853658536585,37.9,13.424666166305542
1365889763.705954,1599.390243902439,38.5,13.443270444869995
1365889763.968941,1362.8048780487804,39.0,13.281983852386475
1365889764.228367,699.390243902439,37.9,13.194304704666138
1365889764.5046191,747.560975609756,39.0,13.186454057693481
1365889764.769769,795.1219512195122,39.0,13.152993440628052
1365889765.025675,695.1219512195122,38.5,13.146648406982422
1365889765.3059242,802.439024390244,38.5,13.23351263999939
1365889765.5673769,757.3170731707318,38.5,13.301907062530518
1365889765.824461,810.9756097560976,38.5,13.1437668800354
1365889766.101609,830.4878048780488,39.0,13.452996253967285
1365889766.363768,846.3414634146342,38.5,13.194890260696411
1365889766.619443,898.1707317073171,39.0,13.151944398880005
1365889766.892805,785.9756097560976,38.5,13.138585329055786
1365889767.155255,757.3170731707318,39.0,13.143508434295654
1365889767.410727,802.439024390244,39.0,13.131032705307007
1365889767.6698,698.170731707317,38.5,13.279298782348633
1365889767.951875,973.170731707317,38.5,13.146174907684326
1365889768.211383,785.3658536585366,39.0,13.241887331008911
1365889768.464843,942.0731707317073,38.5,13.250615119934082
1365889768.738561,692.0731707317073,37.9,13.352450132369995
1365889769.0187058,816.4634146341463,38.5,13.126657009124756
1365889769.277243,784.1463414634146,38.5,13.345104694366455
1365889769.5382662,685.3658536585366,38.5,13.172914505004883
1365889769.8158631,832.9268292682926,39.0,13.129010677337646
1365889770.0727732,838.4146341463414,39.0,13.138822317123413
1365889770.3317041,1577.439024390244,38.5,13.502601623535156
1365889770.609393,1661.5853658536585,39.0,13.274571418762207
1365889770.864511,843.9024390243902,39.0,13.361662149429321
1365889771.1204631,741.4634146341464,39.0,13.365272760391235
1365889771.4012969,881.0975609756098,38.5,13.184542655944824
1365889771.659911,1587.1951219512196,39.0,13.301783323287964
1365889771.9130518,948.170731707317,39.0,13.27748155593872
1365889772.182395,636.5853658536586,37.9,13.196741580963135
1365889772.461195,785.3658536585366,39.0,13.234161376953125
1365889772.715063,734.1463414634146,39.0,13.238662242889404
1365889772.971589,838.4146341463414,39.0,13.710084199905396
1365889773.244344,893.2926829268292,39.0,13.545932292938232
1365889773.4987268,769.5121951219512,39.0,13.481473445892334
1365889773.754206,846.951219512195,39.0,13.306161642074585
1365889774.019465,706.0975609756097,38.5,13.316882371902466
1365889774.2953851,792.0731707317074,39.0,13.181141376495361
1365889774.554026,769.5121951219512,39.0,13.50058126449585
1365889774.809292,804.2682926829269,37.9,13.294393539428711
1365889775.0824761,832.9268292682926,39.0,13.362698316574097
1365889775.341152,1651.2195121951218,39.0,13.233761310577393
1365889775.598954,834.1463414634146,38.5,13.168732404708862
1365889775.866129,689.6341463414634,38.5,13.381262302398682
1365889776.148931,1751.219512195122,39.0,13.299401998519897
1365889776.408028,785.9756097560976,39.0,13.1397385597229
1365889776.662546,909.1463414634146,38.5,13.159829139709473
1365889776.9391308,1839.0243902439024,39.0,13.331428050994873
1365889777.200308,732.3170731707316,39.0,13.683835983276367
1365889777.455989,1120.7317073170732,39.0,13.631398916244507
1365889777.725018,590.2439024390244,39.0,13.84028673171997
1365889778.009357,921.3414634146342,39.0,13.988142728805542
1365889778.265184,1634.1463414634145,39.0,13.845468044281006
1365889778.521436,906.0975609756098,39.0,13.945536613464355
1365889778.797272,690.2439024390243,38.5,13.968678951263428
1365889779.077307,871.9512195121952,39.0,13.915087223052979
1365889779.3327942,890.8536585365854,38.5,14.319429159164429
1365889779.5988731,785.3658536585366,39.0,15.046557903289795
1365889779.872148,907.9268292682927,39.0,15.02678918838501
1365889780.128393,1778.0487804878048,39.0,15.226276636123657
1365889780.388125,1730.4878048780488,39.0,15.211766004562378
1365889780.646678,1513.4146341463415,39.0,15.139914751052856
1365889780.92418,879.8780487804878,39.0,15.793309211730957
1365889781.180744,737.1951219512194,39.0,15.793100833892822
1365889781.437196,779.2682926829268,38.5,15.623935222625732
1365889781.709246,737.1951219512194,38.5,16.22205376625061
1365889781.991561,1605.4878048780488,39.0,16.755679845809937
1365889782.246051,932.9268292682927,39.0,16.70988655090332
1365889782.502353,1451.829268292683,39.0,19.069575548171997
1365889782.7857962,863.4146341463414,38.5,18.790158987045288
1365889783.043564,772.5609756097562,39.0,18.53439450263977
1365889783.298354,825.0,39.0,18.287334203720093
1365889783.5779111,902.439024390244,39.0,18.01107954978943
1365889783.8328938,818.2926829268292,39.0,17.761744260787964
1365889784.088434,1763.4146341463415,39.0,17.507923126220703
1365889784.36072,717.0731707317073,38.5,17.242528438568115
1365889784.642554,945.1219512195122,38.5,16.964179039001465
1365889784.903455,1864.0243902439024,39.5,16.70602011680603
1365889785.16382,931.0975609756098,39.0,16.44960927963257
1365889785.4349692,817.0731707317073,39.0,16.18176531791687
1365889785.689652,810.9756097560976,39.0,16.3170268535614
1365889785.946469,873.170731707317,39.0,16.536300659179688
1365889786.220178,685.3658536585366,38.5,16.763076066970825
1365889786.4956522,898.1707317073171,38.5,16.559995651245117
1365889786.7500958,842.0731707317073,39.0,16.713322162628174
1365889787.0053198,907.3170731707318,39.5,16.653794765472412
1365889787.277335,708.5365853658536,38.5,16.54391646385193
1365889787.5588858,760.3658536585366,39.0,16.494609117507935
1365889787.823395,1737.1951219512196,39.0,16.28663420677185
1365889788.0770261,785.9756097560976,38.5,16.10600447654724
1365889788.363275,898.1707317073171,39.0,16.009013175964355
1365889788.623832,746.3414634146342,39.5,15.955438375473022
1365889788.87871,702.4390243902438,39.0,15.836430788040161
1365889789.159156,853.0487804878048,39.0,16.33098006248474
1365889789.419499,1051.219512195122,40.1,16.071456909179688
1365889789.674521,762.1951219512196,39.0,16.55149793624878
1365889789.94718,921.9512195121952,39.0,16.566040515899658
1365889790.210647,753.0487804878048,38.5,16.515663385391235
1365889790.467433,1827.439024390244,39.0,16.73718500137329
1365889790.7293591,1095.7317073170732,39.0,17.187179565429688
1365889791.014261,1287.8048780487804,39.0,17.164358139038086
1365889791.270157,907.3170731707318,39.5,17.57777214050293
1365889791.529442,690.2439024390243,38.5,17.660751342773438
1365889791.808334,1663.4146341463413,39.5,17.585204124450684
1365889792.064182,1306.7073170731708,39.0,17.457051992416382
1365889792.320142,1812.1951219512196,39.0,17.733226776123047
1365889792.597066,866.4634146341464,39.0,17.630697011947632
1365889792.8521972,873.170731707317,39.5,17.605687141418457
1365889793.107827,1671.3414634146343,39.5,17.574851512908936
1365889793.371395,1504.2682926829268,39.0,17.801659107208252
1365889793.665077,854.8780487804878,39.0,18.075424194335938
1365889793.920514,904.2682926829268,39.0,18.01827645301819
1365889794.174674,1189.0243902439024,39.0,18.662912130355835
1365889794.4583979,868.2926829268292,39.0,18.600399255752563
1365889794.712974,888.4146341463414,39.5,18.485260725021362
1365889794.9703412,879.2682926829268,39.0,18.672050714492798
1365889795.235828,1519.5121951219512,39.0,18.65397024154663
1365889795.514099,854.8780487804878,39.0,18.516988277435303
1365889795.76768,1677.439024390244,39.5,18.429562091827393
1365889796.028202,1295.7317073170732,39.0,18.26572823524475
1365889796.3006542,1537.8048780487804,39.0,18.144404649734497
1365889796.579045,1677.439024390244,39.0,18.207249879837036
1365889796.837493,940.2439024390243,39.5,17.97988271713257
1365889797.091928,784.1463414634146,39.5,17.81538701057434
1365889797.3735108,1761.5853658536585,39.5,17.740917682647705
1365889797.633771,1795.1219512195123,40.1,17.555204153060913
1365889797.8880918,909.1463414634146,39.5,17.42284655570984
1365889798.1570508,1814.0243902439024,39.5,17.350992441177368
1365889798.4165041,882.9268292682926,39.5,17.214973211288452
1365889798.671094,778.048780487805,39.5,17.05413842201233
1365889798.936073,1580.4878048780488,39.0,17.073415994644165
1365889799.2184331,1825.0,39.5,16.93614149093628
1365889799.477348,1195.7317073170732,39.5,16.86418628692627
1365889799.735014,695.1219512195122,39.0,16.932519912719727
1365889800.0169349,802.439024390244,39.0,17.006831407546997
1365889800.2718248,887.1951219512196,40.1,16.80613136291504
1365889800.5267332,1451.829268292683,39.0,16.661576747894287
1365889800.803894,1572.560975609756,39.0,16.7230007648468
1365889801.060228,781.0975609756098,39.0,16.65130066871643
1365889801.3171751,1785.3658536585367,40.1,16.460301637649536
1365889801.578811,709.1463414634146,39.0,16.46184015274048
1365889801.85805,948.170731707317,39.0,16.355353116989136
1365889802.115128,882.3170731707318,39.5,16.225651502609253
1365889802.374839,875.0,39.0,16.264992237091064
1365889802.660985,881.0975609756098,39.5,16.042084217071533
1365889802.91677,1034.1463414634147,39.5,16.010878086090088
1365889803.175762,821.3414634146341,40.1,15.873797178268433
1365889803.4573739,924.3902439024391,40.1,15.69606614112854
1365889803.7109041,1649.3902439024391,40.1,15.443610429763794
1365889803.965884,890.2439024390244,39.0,15.39917254447937
1365889804.241311,982.3170731707316,40.1,15.12613821029663
1365889804.497084,736.5853658536586,39.5,15.043726921081543
1365889804.751538,887.1951219512196,39.5,14.917476654052734
1365889805.0135932,707.3170731707316,39.0,14.766200065612793
1365889805.308085,853.0487804878048,39.0,14.679406881332397
1365889805.56334,1702.439024390244,40.1,14.462041139602661
1365889805.828942,648.1707317073171,40.1,14.535374402999878
1365889806.112298,810.3658536585366,40.1,14.25434923171997
1365889806.3681011,1655.4878048780488,40.1,13.99913477897644
1365889806.625487,1765.2439024390244,39.0,14.396295070648193
1365889806.9049659,921.9512195121952,40.1,14.280673503875732
1365889807.165222,1653.6585365853657,40.1,14.021778583526611
1365889807.424578,771.3414634146342,40.1,14.049810409545898
1365889807.7027998,1555.4878048780488,39.5,14.234519481658936
1365889807.9784791,879.2682926829268,40.1,14.301841259002686
1365889808.2406201,806.0975609756098,40.1,14.150341272354126
1365889808.498181,613.4146341463414,39.5,13.988237142562866
1365889808.772875,1611.5853658536585,40.1,13.83499026298523
1365889809.030563,909.1463414634146,39.5,13.82840347290039
1365889809.2906199,852.4390243902438,39.0,13.714688777923584
1365889809.565322,900.0,39.5,13.488099575042725
1365889809.822032,1631.7073170731705,39.5,13.49453067779541
1365889810.0822132,1316.4634146341464,40.1,13.33103632926941
1365889810.3468502,712.1951219512194,39.0,13.165407419204712
1365889810.6289861,904.8780487804878,39.0,13.169852495193481
1365889810.894347,784.1463414634146,40.1,13.134277105331421
1365889811.151458,702.4390243902438,39.0,13.256923198699951
1365889811.428406,890.8536585365854,40.1,13.142419576644897
1365889811.690397,884.1463414634146,39.5,13.177755355834961
1365889811.947913,945.1219512195122,40.1,13.181935548782349
1365889812.2246778,906.0975609756098,39.5,13.168807983398438
1365889812.484788,758.5365853658536,39.5,13.157995700836182
1365889812.740534,879.8780487804878,39.5,13.139331102371216
1365889813.010506,598.170731707317,39.0,13.25240445137024
1365889813.291926,814.0243902439024,39.5,13.128791809082031
1365889813.546731,907.9268292682927,40.1,13.126232624053955
1365889813.803124,709.1463414634146,39.5,13.307132482528687
1365889814.084432,1621.341463414634,39.5,13.14205813407898
1365889814.341568,853.0487804878048,40.1,14.510137796401978
1365889814.596046,758.5365853658536,39.0,14.263195514678955
1365889814.8793101,793.2926829268293,40.1,13.983773231506348
1365889815.1358879,912.1951219512196,40.1,13.733457565307617
1365889815.3904982,749.390243902439,40.1,13.4829740524292
1365889815.663192,678.048780487805,39.0,13.216352701187134
1365889815.9441578,832.3170731707316,40.1,13.132616758346558
1365889816.198018,744.5121951219512,40.1,13.169892072677612
1365889816.4527612,1244.5121951219514,40.1,13.181022644042969
1365889816.7369258,1943.2926829268292,39.5,13.123311996459961
1365889816.9923189,816.4634146341463,40.1,13.123954772949219
1365889817.248186,1809.1463414634145,40.1,13.240828275680542
1365889817.531459,743.2926829268292,39.0,13.190755844116211
1365889817.787633,918.2926829268293,39.0,13.123326063156128
1365889818.041384,788.4146341463415,40.1,13.166985988616943
1365889818.312584,1571.341463414634,40.1,13.15038800239563
1365889818.5881119,771.3414634146342,40.1,13.173248291015625
1365889818.846261,828.0487804878048,40.1,13.268433570861816
1365889819.1067038,714.0243902439024,39.5,13.164533853530884
1365889819.384162,895.1219512195122,40.1,14.007171869277954
1365889819.638888,736.5853658536586,40.1,13.756072998046875
1365889819.899352,1359.7560975609756,40.1,13.506572961807251
1365889820.17573,885.9756097560976,40.1,13.239348411560059
1365889820.430738,925.0,39.5,13.14524531364441
1365889820.690953,787.1951219512196,39.5,13.244261741638184
1365889820.959371,568.2926829268292,39.5,13.1603844165802
1365889821.237568,775.0,40.1,13.249412536621094
1365889821.496253,929.2682926829269,40.1,13.170203924179077
1365889821.753401,702.4390243902438,40.1,13.14537787437439
1365889822.03261,871.9512195121952,40.1,13.262153625488281
1365889822.292363,1743.2926829268295,40.1,13.181936740875244
1365889822.546824,719.5121951219512,39.5,13.262702226638794
1365889822.8253078,876.219512195122,39.5,13.172625303268433
1365889823.084001,1622.560975609756,40.1,13.500337839126587
1365889823.339926,907.9268292682927,40.1,13.245516538619995
1365889823.617026,730.4878048780488,40.1,13.175289392471313
1365889823.871881,853.0487804878048,40.1,13.218084573745728
1365889824.132809,745.1219512195122,40.1,13.149031400680542
1365889824.395125,683.5365853658537,39.0,13.196754217147827
1365889824.681083,1691.4634146341464,40.1,13.148146867752075
1365889824.937181,807.9268292682927,40.1,13.206117391586304
1365889825.192191,741.4634146341464,40.1,13.148963451385498
1365889825.462641,824.390243902439,40.1,13.210065364837646
1365889825.724521,921.3414634146342,40.1,13.477241277694702
1365889825.980064,787.1951219512196,40.1,13.234717845916748
1365889826.2428641,702.4390243902438,39.5,13.2110755443573
1365889826.5245178,917.0731707317074,40.1,13.22518801689148
1365889826.7808352,881.0975609756098,40.1,13.120439291000366
1365889827.035628,823.170731707317,40.1,13.243843078613281
1365889827.31635,735.3658536585366,40.1,13.157641410827637
1365889827.572429,943.9024390243902,39.5,13.129467487335205
1365889827.830247,882.3170731707318,40.1,13.163029193878174
1365889828.1083672,1698.1707317073171,39.5,13.13668966293335
1365889828.365623,900.0,40.1,13.431100368499756
1365889828.6214662,1534.7560975609756,40.1,13.358697652816772
1365889828.88841,619.5121951219512,39.5,13.519821882247925
1365889829.169131,740.2439024390244,40.1,13.2701416015625
1365889829.4291131,920.1219512195122,40.1,13.173049688339233
1365889829.6825972,889.0243902439024,40.1,13.190483570098877
1365889829.966448,923.1707317073171,40.1,13.18727159500122
1365889830.2230039,823.170731707317,40.1,13.123128414154053
1365889830.480234,881.0975609756098,40.1,13.218101501464844
1365889830.7659562,751.219512195122,40.1,13.161417961120605
1365889831.020847,814.0243902439024,40.1,13.12273120880127
1365889831.275981,820.1219512195122,40.1,13.188883543014526
1365889831.553696,853.0487804878048,40.1,13.182948350906372
1365889831.810827,898.1707317073171,40.1,13.134305000305176
1365889832.065896,921.9512195121952,40.1,13.242721796035767
1365889832.330543,642.6829268292684,39.5,13.25566840171814
1365889832.611081,810.3658536585366,40.1,13.141122102737427
1365889832.868196,876.219512195122,40.1,13.335835218429565
1365889833.12714,778.048780487805,40.1,13.47688341140747
1365889833.4026492,803.048780487805,40.1,13.316579103469849
1365889833.656836,864.0243902439024,40.1,13.394388914108276
1365889833.9176252,1735.3658536585365,40.1,13.33522367477417
1365889834.1861818,697.560975609756,40.1,13.167020082473755
1365889834.46453,877.439024390244,40.1,13.25788402557373
1365889834.724127,939.0243902439024,40.1,13.136353969573975
1365889834.98175,695.1219512195122,39.5,13.161205768585205
1365889835.258239,912.1951219512196,40.1,13.77293062210083
1365889835.517411,1691.4634146341464,40.1,13.79494857788086
1365889835.7726982,882.3170731707318,40.1,13.634156703948975
1365889836.046766,1624.390243902439,40.1,13.705121517181396
1365889836.307744,1423.780487804878,40.1,13.520221710205078
1365889836.5690858,1424.390243902439,40.1,13.418395042419434
1365889836.841074,695.1219512195122,39.5,13.251805067062378
1365889837.119353,1638.4146341463415,40.1,13.17456841468811
1365889837.376252,832.9268292682926,40.1,13.131197452545166
1365889837.6318989,639.6341463414634,39.5,13.202316284179688
1365889837.9145238,937.8048780487804,40.1,13.232175588607788
1365889838.172889,876.219512195122,40.1,13.141084432601929
1365889838.4289489,696.3414634146341,40.1,13.145640134811401
1365889838.7121768,1771.341463414634,40.1,13.267935752868652
1365889838.9672651,1162.8048780487804,40.1,13.34023380279541
1365889839.221726,704.2682926829268,40.1,13.312425136566162
1365889839.497895,979.8780487804878,39.5,13.2911057472229
1365889839.7587159,1722.5609756097563,40.1,13.225141048431396
1365889840.0164149,1620.7317073170732,40.1,13.780044794082642
1365889840.290071,776.219512195122,40.1,13.764042615890503
1365889840.545884,864.0243902439024,40.1,13.659916400909424
1365889840.802777,871.3414634146342,40.6,13.575982809066772
1365889841.0727942,673.1707317073171,39.5,13.555219888687134
1365889841.356656,828.0487804878048,40.1,13.46101999282837
1365889841.615443,790.2439024390244,40.1,13.346541166305542
1365889841.871171,762.1951219512196,39.5,13.35689377784729
1365889842.1575308,1206.7073170731708,40.1,13.188757419586182
1365889842.413856,860.9756097560976,40.1,13.121344804763794
1365889842.669347,739.0243902439024,40.1,13.256023645401001
1365889842.9487932,810.9756097560976,40.1,13.198713302612305
1365889843.204142,964.0243902439024,40.1,13.229609251022339
1365889843.4592772,850.0,40.1,13.136667251586914
1365889843.725548,752.439024390244,40.1,13.240301847457886
1365889844.010675,802.439024390244,40.1,13.317628860473633
1365889844.2662,783.5365853658537,40.1,13.56227159500122
1365889844.522592,851.219512195122,40.1,13.513443231582642
1365889844.797308,918.9024390243903,40.1,13.549124717712402
1365889845.052329,868.2926829268292,40.1,13.40769648551941
1365889845.306387,873.170731707317,40.1,13.45509147644043
1365889845.582422,976.8292682926829,40.1,13.3602454662323
1365889845.837871,763.4146341463414,40.1,13.233098030090332
1365889846.095925,1720.1219512195123,40.1,13.283902645111084
1365889846.355507,701.2195121951219,39.5,13.168325424194336
1365889846.633319,805.4878048780488,40.1,13.126670360565186
1365889846.8913019,921.3414634146342,40.1,13.15992259979248
1365889847.151243,800.0,40.1,13.23473834991455
1365889847.4270022,1580.4878048780488,40.6,13.153840780258179
1365889847.681015,762.1951219512196,40.6,13.30509877204895
1365889847.938068,1043.2926829268292,40.1,13.197896003723145
1365889848.2015328,595.7317073170732,40.1,13.14865756034851
1365889848.481524,1476.8292682926829,40.1,13.206034421920776
1365889848.739996,1100.0,40.1,13.206319570541382
1365889848.997321,918.9024390243903,40.1,13.151779651641846
1365889849.273124,882.9268292682926,40.1,13.167296171188354
1365889849.52761,755.4878048780488,40.1,13.219974994659424
1365889849.7853172,1778.0487804878048,40.1,13.173441171646118
1365889850.056235,695.1219512195122,40.1,13.14990758895874
1365889850.329089,920.1219512195122,40.1,13.129268884658813
1365889850.589865,859.1463414634146,40.1,13.135635614395142
1365889850.844955,692.0731707317073,40.1,13.143630504608154
1365889851.122693,756.0975609756098,40.1,13.297348499298096
1365889851.388583,1740.2439024390244,40.1,13.151726007461548
1365889851.646348,739.0243902439024,40.1,13.149697542190552
1365889851.9232142,764.0243902439024,40.1,13.147847890853882
1365889852.186141,871.9512195121952,40.6,13.123514890670776
1365889852.442222,779.2682926829268,40.1,13.143084526062012
1365889852.712357,772.5609756097562,40.1,13.18690824508667
1365889852.96915,1711.5853658536587,40.1,13.279060125350952
1365889853.224436,848.170731707317,41.2,13.192244052886963
1365889853.4830248,693.2926829268292,40.1,13.845598936080933
1365889853.764151,751.219512195122,40.1,13.983859300613403
1365889854.020351,748.170731707317,40.1,13.84090805053711
1365889854.274077,901.219512195122,40.1,13.886193990707397
1365889854.5522618,748.170731707317,40.6,13.752135038375854
1365889854.8104699,1120.7317073170732,40.6,13.856785535812378
1365889855.064026,931.0975609756098,40.6,13.664736270904541
1365889855.325228,701.2195121951219,40.1,14.0755295753479
1365889855.615417,1305.4878048780488,40.1,13.994550943374634
1365889855.873048,1767.0731707317073,40.6,13.858741521835327
1365889856.129051,712.1951219512194,40.1,13.83628511428833
1365889856.4123678,1425.6097560975609,40.1,13.706220626831055
1365889856.667413,915.2439024390244,40.6,13.609973430633545
1365889856.923481,882.9268292682926,40.6,13.662003517150879
1365889857.191365,1526.8292682926829,40.1,13.472614765167236
1365889857.469014,801.219512195122,40.1,13.219409465789795
1365889857.724517,915.8536585365854,40.6,13.385043382644653
1365889857.981211,1597.5609756097563,40.1,13.656406879425049
1365889858.2631428,892.0731707317074,40.1,13.402720928192139
1365889858.5192761,1760.3658536585365,40.6,13.615633726119995
1365889858.778881,853.0487804878048,40.1,13.497781038284302
1365889859.054179,1697.560975609756,40.1,13.414930582046509
1365889859.312258,1631.7073170731705,40.6,13.600992202758789
1365889859.5714529,846.951219512195,40.1,13.686010837554932
1365889859.8353438,699.390243902439,40.1,13.493125200271606
1365889860.113097,1383.5365853658536,40.6,13.61026406288147
1365889860.3736582,1680.4878048780488,40.1,13.90991735458374
1365889860.630871,1757.3170731707316,41.2,13.717674732208252
1365889860.892713,693.2926829268292,40.1,13.73417615890503
1365889861.173099,1731.09756097561,40.1,13.50639033317566
1365889861.432367,784.1463414634146,40.1,13.415441751480103
1365889861.689943,1200.609756097561,40.1,13.521220207214355
1365889861.9693592,771.3414634146342,40.1,13.311142921447754
1365889862.225176,1004.8780487804878,40.1,13.276365280151367
1365889862.479724,767.0731707317074,40.1,13.197248458862305
1365889862.7492852,854.8780487804878,40.6,13.290798425674438
1365889863.012365,868.9024390243902,40.1,13.153239011764526
1365889863.268524,865.2439024390244,40.6,13.130978345870972
1365889863.528606,600.609756097561,40.1,13.171326160430908
1365889863.813466,824.390243902439,40.1,13.143268823623657
1365889864.068268,889.0243902439024,40.6,13.128703355789185
1365889864.3217971,766.4634146341464,40.1,13.232672691345215
1365889864.597643,1599.390243902439,40.6,13.17258882522583
1365889864.855957,756.0975609756098,40.6,13.122802019119263
1365889865.1117032,900.0,41.2,13.241659164428711
1365889865.381699,1499.390243902439,40.1,13.220754861831665
1365889865.659324,827.4390243902438,40.6,13.162799835205078
1365889865.9135091,1929.878048780488,40.6,13.13215970993042
1365889866.1733482,1242.0731707317075,40.1,13.220251083374023
1365889866.4520261,909.1463414634146,40.6,13.147865772247314
1365889866.707741,781.0975609756098,40.6,13.120679140090942
1365889866.963522,1109.7560975609756,40.6,13.157920360565186
1365889867.2479098,829.2682926829268,40.6,13.218945741653442
1365889867.504504,758.5365853658536,40.6,13.12768006324768
1365889867.7610931,912.1951219512196,40.6,13.231791257858276
1365889868.0358012,706.0975609756097,40.6,13.143763065338135
1365889868.309393,863.4146341463414,40.1,13.127799987792969
1365889868.563484,726.219512195122,40.1,13.133874416351318
1365889868.827599,962.8048780487804,40.1,13.301977634429932
1365889869.1097422,759.1463414634146,40.6,13.179867029190063
1365889869.36589,755.4878048780488,41.2,13.18161654472351
1365889869.626456,1112.1951219512196,40.6,13.227839946746826
1365889869.9029272,828.0487804878048,40.1,13.215750455856323
1365889870.158475,884.1463414634146,40.1,13.361035108566284
1365889870.422645,1045.7317073170732,40.1,13.359423875808716
1365889870.6906722,1512.8048780487804,40.1,13.390979051589966
1365889870.966975,1656.7073170731708,40.6,14.355811595916748
1365889871.2250261,1726.219512195122,41.2,14.236676216125488
1365889871.4825568,708.5365853658536,40.1,14.204604625701904
1365889871.75969,848.170731707317,40.6,14.380055904388428
1365889872.016096,915.8536585365854,40.6,14.270851612091064
1365889872.269583,1605.4878048780488,40.6,14.198368787765503
1365889872.5457358,1593.2926829268292,40.6,14.162380695343018
1365889872.802911,1292.6829268292684,40.1,14.062968969345093
1365889873.060462,896.3414634146342,40.6,14.021059036254883
1365889873.3219788,715.2439024390244,40.1,14.416520357131958
1365889873.606216,1512.8048780487804,40.1,14.262792587280273
1365889873.865141,812.1951219512194,41.2,14.395775318145752
1365889874.1210399,587.1951219512194,40.6,15.007420778274536
1365889874.4019682,1782.3170731707316,40.1,14.978111267089844
1365889874.6565602,893.9024390243902,40.6,14.89812421798706
1365889874.9147038,900.0,40.6,14.851764678955078
1365889875.1944199,960.3658536585366,41.2,15.118021011352539
1365889875.449156,1015.8536585365854,40.6,15.047824382781982
1365889875.706818,1762.1951219512196,40.6,14.998287677764893
1365889875.977716,706.0975609756097,40.1,15.140278100967407
1365889876.261312,1794.5121951219512,40.6,15.179687261581421
1365889876.518037,810.3658536585366,41.2,15.032445192337036
1365889876.774219,1609.7560975609756,40.1,15.531307697296143
1365889877.056959,915.2439024390244,41.2,15.450120449066162
1365889877.312151,893.2926829268292,40.1,15.42103362083435
1365889877.5684521,1586.5853658536587,40.1,15.59832501411438
1365889877.853871,1604.2682926829268,40.6,15.443981647491455
1365889878.1085708,1658.5365853658536,40.6,15.278220891952515
1365889878.363904,931.0975609756098,40.6,15.648560285568237
1365889878.635765,1586.5853658536587,40.1,15.492488861083984
1365889878.916708,946.951219512195,41.2,15.350766897201538
1365889879.170507,871.9512195121952,41.2,15.373497724533081
1365889879.430403,1076.829268292683,41.2,15.207894563674927
1365889879.7108328,796.3414634146342,40.1,15.158657550811768
1365889879.966292,1794.5121951219512,40.6,15.167057991027832
1365889880.223264,801.219512195122,40.6,15.077261686325073
1365889880.5027819,834.1463414634146,41.2,14.943491458892822
1365889880.7564218,866.4634146341464,41.2,14.768875360488892
1365889881.015423,777.439024390244,40.6,14.64884066581726
1365889881.290473,946.951219512195,40.6,14.452246904373169
1365889881.548005,900.0,40.6,14.293612718582153
1365889881.80689,739.0243902439024,40.1,14.261811017990112
1365889882.068213,693.2926829268292,40.1,14.574912071228027
1365889882.3468852,918.2926829268293,40.6,14.509922742843628
1365889882.613011,843.2926829268292,41.2,14.503716707229614
1365889882.869715,705.4878048780488,40.1,14.52553939819336
1365889883.148132,1134.1463414634145,41.2,14.495511054992676
1365889883.4025338,1619.5121951219514,41.2,14.517312288284302
1365889883.6643531,1237.8048780487804,40.1,14.324644088745117
1365889883.9457338,918.2926829268293,40.6,14.325068473815918
1365889884.201466,794.5121951219512,41.2,14.382660388946533
1365889884.46509,760.9756097560976,41.2,14.237348079681396
1365889884.736972,923.1707317073171,41.2,14.065343618392944
1365889885.008063,1653.6585365853657,41.2,14.23160719871521
1365889885.269506,805.4878048780488,41.2,13.971619606018066
1365889885.5430028,792.0731707317074,41.2,13.699209928512573
1365889885.8017411,935.3658536585366,41.2,13.75815200805664
1365889886.060931,1079.2682926829268,41.2,13.700875282287598
1365889886.325962,618.2926829268292,40.6,13.518803358078003
1365889886.603308,755.4878048780488,40.6,13.415654420852661
1365889886.859149,879.2682926829268,41.2,13.18099308013916
1365889887.115416,1738.4146341463415,41.2,13.218033790588379
1365889887.385393,604.2682926829268,40.1,13.282522678375244
1365889887.666857,1771.341463414634,41.2,13.282443761825562
1365889887.922225,749.390243902439,41.2,13.222888946533203
1365889888.179119,693.2926829268292,40.6,13.17693281173706
1365889888.462815,1317.6829268292684,41.2,13.151841640472412
1365889888.7204301,910.9756097560976,40.6,13.129302024841309
1365889888.974401,845.1219512195122,40.6,13.323559522628784
1365889889.24558,1054.878048780488,40.6,13.17715835571289
1365889889.527824,826.2195121951219,40.6,13.205040216445923
1365889889.785944,745.1219512195122,41.2,13.460611820220947
1365889890.044586,626.219512195122,40.6,13.222219467163086
1365889890.324903,868.9024390243902,40.6,13.197227716445923
1365889890.579096,910.3658536585366,41.2,13.172404289245605
1365889890.8408802,712.1951219512194,40.6,13.167045593261719
1365889891.1217039,946.3414634146341,40.6,13.148535013198853
1365889891.3767521,879.2682926829268,40.6,13.135575771331787
1365889891.6371331,1766.4634146341461,40.1,13.197797775268555
1365889891.914809,885.9756097560976,41.2,13.158494472503662
1365889892.1689322,914.0243902439024,40.6,13.135958194732666
1365889892.423918,860.3658536585366,40.6,13.247233629226685
1365889892.701674,925.0,41.2,13.133522272109985
1365889892.958106,935.3658536585366,41.2,13.54478931427002
1365889893.211788,751.219512195122,40.6,13.576765537261963
1365889893.473789,590.2439024390244,40.1,13.386093854904175
1365889893.756865,896.9512195121952,41.2,13.268184423446655
1365889894.0173178,1325.0,41.2,13.152813196182251
1365889894.277771,1655.4878048780488,40.6,13.400083780288696
1365889894.552813,710.3658536585366,40.1,13.36212420463562
1365889894.82928,914.0243902439024,40.1,13.36202359199524
1365889895.090517,1139.6341463414635,41.2,13.210417985916138
1365889895.349916,973.170731707317,40.1,13.156982660293579
1365889895.6274781,814.0243902439024,40.6,13.159596681594849
1365889895.89226,843.9024390243902,41.2,13.135107278823853
1365889896.147112,913.4146341463415,41.2,13.137092351913452
1365889896.4152489,914.0243902439024,41.2,13.227426767349243
1365889896.67326,842.0731707317073,41.7,13.152245044708252
1365889896.929271,1170.1219512195123,41.2,13.352733135223389
1365889897.188721,1493.2926829268295,40.1,13.18760871887207
1365889897.476196,1610.3658536585365,41.2,13.178313970565796
1365889897.732636,784.1463414634146,41.2,13.173102617263794
1365889897.987763,731.0975609756098,41.2,13.30519413948059
1365889898.263354,1603.658536585366,41.2,13.528604984283447
1365889898.519308,1660.3658536585367,40.6,13.274325847625732
1365889898.772807,835.9756097560976,40.6,13.14105224609375
1365889899.0285609,702.4390243902438,40.1,13.19831657409668
1365889899.312914,760.9756097560976,40.6,13.219191312789917
1365889899.570633,918.2926829268293,40.6,13.12743878364563
1365889899.8276281,740.2439024390244,41.2,13.151230335235596
1365889900.109426,849.390243902439,40.6,13.143675804138184
1365889900.367946,957.9268292682926,41.2,13.130964040756226
1365889900.622082,760.9756097560976,41.2,13.176761388778687
1365889900.891349,765.2439024390244,40.1,13.152844190597534
1365889901.168243,814.0243902439024,41.2,13.122935056686401
1365889901.422081,733.5365853658536,41.2,13.163339376449585
1365889901.683102,949.390243902439,40.6,13.154513835906982
1365889901.962207,949.390243902439,41.2,13.185836791992188
1365889902.2176158,771.3414634146342,41.2,13.230664014816284
1365889902.475827,1689.6341463414635,41.2,13.144271850585938
1365889902.744961,726.219512195122,40.1,13.14767336845398
1365889903.018904,796.9512195121952,41.2,13.163414001464844
1365889903.2794318,778.048780487805,41.2,13.172016143798828
1365889903.535511,707.3170731707316,41.2,13.149173259735107
1365889903.8134668,791.4634146341464,41.2,13.184203624725342
1365889904.07256,804.2682926829269,41.2,13.25417447090149
1365889904.3279989,755.4878048780488,41.2,13.282443284988403
1365889904.602782,863.4146341463414,41.2,13.223145484924316
1365889904.856697,778.048780487805,41.2,13.183956384658813
1365889905.118609,918.9024390243903,41.2,13.138613939285278
1365889905.384363,627.439024390244,40.6,13.14710783958435
1365889905.6666062,1210.9756097560976,40.1,13.125786304473877
1365889905.925898,1566.4634146341464,40.6,13.154114007949829
1365889906.1805172,846.951219512195,41.2,13.14799952507019
1365889906.449153,853.0487804878048,41.2,13.156116962432861
1365889906.70846,867.0731707317074,40.6,13.167716026306152
1365889906.9640372,910.9756097560976,41.2,13.128249645233154
1365889907.223129,673.1707317073171,40.1,13.344186305999756
1365889907.504716,866.4634146341464,41.2,13.239866256713867
1365889907.760229,743.2926829268292,40.6,13.238204956054688
1365889908.015499,953.0487804878048,41.2,13.286164283752441
1365889908.289397,701.2195121951219,40.6,13.195048332214355
1365889908.565044,915.8536585365854,41.2,13.221333026885986
1365889908.819335,839.0243902439024,41.2,13.195501804351807
1365889909.0774431,1783.5365853658536,41.2,13.239491939544678
1365889909.345248,645.1219512195122,40.1,13.168138265609741
1365889909.624768,788.4146341463415,40.1,13.25452470779419
1365889909.882858,1222.5609756097563,40.6,13.132702350616455
1365889910.140147,698.170731707317,40.6,13.15792179107666
1365889910.420099,899.390243902439,41.2,13.306458950042725
1365889910.680296,1466.4634146341464,41.2,13.12326192855835
1365889910.9373708,737.1951219512194,40.6,13.214484691619873
1365889911.216222,741.4634146341464,40.6,13.134327173233032
1365889911.475887,1792.0731707317073,41.2,13.125978708267212
1365889911.734348,839.0243902439024,41.2,13.29476523399353
1365889912.00286,702.4390243902438,40.6,13.237104415893555
1365889912.285038,821.951219512195,40.6,13.242099046707153
1365889912.539246,779.2682926829268,41.2,13.276813983917236
1365889912.795816,992.0731707317074,41.2,13.255604028701782
1365889913.068875,758.5365853658536,41.2,13.157977104187012
1365889913.333096,829.2682926829268,41.2,13.1487135887146
1365889913.587481,917.0731707317074,41.2,13.12585997581482
1365889913.847241,693.2926829268292,40.1,13.253211498260498
1365889914.133885,745.1219512195122,40.1,13.134817600250244
1365889914.388782,788.4146341463415,41.2,13.212383270263672
1365889914.644948,860.9756097560976,41.2,13.386137247085571
1365889914.925132,745.1219512195122,41.2,13.189131498336792
1365889915.1787488,915.2439024390244,41.2,13.26635456085205
1365889915.4346979,831.0975609756097,41.2,13.344856262207031
1365889915.7023401,1533.5365853658536,40.1,13.567460775375366
1365889915.9815822,804.2682926829269,41.2,13.50599217414856
1365889916.2367308,1636.5853658536585,41.2,13.583746433258057
1365889916.4967098,1067.0731707317075,41.2,13.438058853149414
1365889916.772133,914.0243902439024,40.6,13.232039213180542
1365889917.029139,815.2439024390243,41.2,13.127056360244751
1365889917.289721,1621.341463414634,40.6,13.1830313205719
1365889917.560603,702.4390243902438,40.1,13.15305495262146
1365889917.835996,896.9512195121952,40.6,13.143789291381836
1365889918.09236,1020.7317073170732,41.2,13.147948503494263
1365889918.349719,777.439024390244,41.2,13.15726637840271
1365889918.628248,788.4146341463415,41.2,13.124627351760864
1365889918.886615,914.0243902439024,41.2,13.125553846359253
1365889919.147103,915.2439024390244,41.2,13.147710084915161
1365889919.422163,764.0243902439024,41.2,13.149422407150269
1365889919.677532,759.1463414634146,41.2,13.214329242706299
1365889919.937131,792.0731707317074,41.2,13.228285074234009
1365889920.203079,649.390243902439,40.6,13.148853778839111
1365889920.482354,893.2926829268292,41.2,13.226099252700806
1365889920.7459369,931.0975609756098,41.2,13.145982503890991
1365889921.001733,695.1219512195122,40.1,13.141902923583984
1365889921.278753,887.1951219512196,40.6,13.154133796691895
1365889921.5374799,1755.4878048780486,41.2,13.399011611938477
1365889921.79171,826.2195121951219,41.2,13.32175350189209
1365889922.068885,877.439024390244,41.2,13.348349571228027
1365889922.329011,770.1219512195122,40.6,13.15941047668457
1365889922.5862021,854.2682926829268,41.2,13.132668733596802
1365889922.854484,703.0487804878048,40.6,13.176662921905518
1365889923.1351402,915.2439024390244,41.2,13.211162328720093
1365889923.391807,749.390243902439,41.2,13.123693704605103
1365889923.646976,710.3658536585366,41.2,13.188437461853027
1365889923.930318,785.9756097560976,41.2,13.125271558761597
1365889924.1877198,832.9268292682926,41.7,13.166525840759277
1365889924.442296,866.4634146341464,41.2,13.31183123588562
1365889924.720386,1584.7560975609756,41.2,13.289617776870728
1365889924.9761422,934.1463414634147,41.7,13.333193063735962
1365889925.2293491,846.3414634146342,41.7,13.213954448699951
1365889925.489394,649.390243902439,40.6,13.365521430969238
1365889925.7766988,770.1219512195122,40.6,13.296616077423096
1365889926.0336509,830.4878048780488,41.2,13.59281873703003
1365889926.293039,868.2926829268292,41.2,13.440784931182861
1365889926.573477,791.4634146341464,41.2,13.25053071975708
1365889926.828285,885.3658536585366,41.2,13.149115800857544
1365889927.0888588,749.390243902439,41.2,13.154869318008423
1365889927.363348,694.5121951219512,40.1,13.146319150924683
1365889927.643383,772.5609756097562,41.2,13.13627576828003
1365889927.898616,724.390243902439,41.2,13.140463829040527
1365889928.1622,881.0975609756098,41.2,13.1915602684021
1365889928.44057,878.0487804878048,41.2,13.130659818649292
1365889928.696894,906.0975609756098,41.2,13.150509119033813
1365889928.957673,893.2926829268292,41.2,13.216488122940063
1365889929.2307022,837.1951219512194,41.2,13.132521867752075
1365889929.484284,815.2439024390243,41.2,13.152848482131958
1365889929.742259,903.048780487805,41.2,13.149888277053833
1365889930.006667,689.6341463414634,40.6,13.145999908447266
1365889930.282897,904.8780487804878,41.7,13.248032569885254
1365889930.5417962,1148.780487804878,41.2,13.215028047561646
1365889930.797153,806.0975609756098,41.2,13.17003321647644
1365889931.072761,810.3658536585366,41.2,13.159629583358765
1365889931.330424,1764.0243902439024,41.2,13.731671810150146
1365889931.5842938,1686.5853658536585,40.6,13.481568098068237
1365889931.854039,1568.2926829268292,40.6,13.618181705474854
1365889932.13138,914.0243902439024,41.2,13.982064723968506
1365889932.3907368,932.9268292682927,41.2,13.887064695358276
1365889932.646016,593.2926829268292,41.2,13.993848085403442
1365889932.924018,900.0,41.2,14.289118766784668
1365889933.1817238,1593.2926829268292,41.2,14.063879013061523
1365889933.43939,1490.8536585365855,41.2,14.507216453552246
1365889933.716877,846.3414634146342,41.2,14.569464921951294
1365889933.9787679,871.3414634146342,41.7,14.535635232925415
1365889934.236779,1662.1951219512193,41.2,14.43376612663269
1365889934.505433,1483.5365853658539,41.2,14.94685959815979
1365889934.782411,857.9268292682926,41.2,14.726887226104736
1365889935.0365481,1773.1707317073171,41.2,14.558894872665405
1365889935.294518,1093.9024390243903,41.2,14.417972803115845
1365889935.5749052,835.9756097560976,41.2,14.294852018356323
1365889935.834191,912.1951219512196,41.2,14.215259075164795
1365889936.0873148,705.4878048780488,41.2,14.152883768081665
1365889936.3701031,971.951219512195,41.2,13.965821981430054
1365889936.631954,920.1219512195122,41.7,13.846734523773193
1365889936.887477,1325.609756097561,41.7,13.807335138320923
1365889937.170209,1018.9024390243901,41.2,13.671195268630981
1365889937.425131,1672.560975609756,41.7,13.551923274993896
1365889937.678595,951.8292682926829,41.2,13.574374198913574
1365889937.948072,1552.439024390244,40.6,13.933910846710205
1365889938.222663,1600.6097560975609,41.2,13.662030696868896
1365889938.478195,866.4634146341464,41.2,13.407457828521729
1365889938.736897,1204.8780487804877,41.2,13.434080123901367
1365889939.020819,871.9512195121952,41.2,13.296674251556396
1365889939.275753,1026.8292682926829,41.7,13.226701021194458
1365889939.529972,815.2439024390243,41.2,13.252727508544922
1365889939.8060758,700.6097560975609,41.2,13.163877010345459
1365889940.082073,751.219512195122,41.2,13.125383853912354
1365889940.335747,868.2926829268292,41.2,13.173112630844116
1365889940.59406,895.1219512195122,41.2,13.16472864151001
1365889940.8744771,937.8048780487804,41.2,13.17494797706604
1365889941.12846,828.0487804878048,41.2,13.239428758621216
1365889941.387009,910.3658536585366,41.2,13.164488315582275
1365889941.656713,634.1463414634146,41.2,13.154524564743042
1365889941.9349508,737.1951219512194,41.2,13.138404369354248
1365889942.1974552,788.4146341463415,41.2,13.133225440979004
1365889942.4549918,684.1463414634147,40.6,13.15432071685791
1365889942.731771,771.3414634146342,41.7,13.278589248657227
1365889942.990002,752.439024390244,41.2,13.391060590744019
1365889943.2448819,854.2682926829268,41.7,13.388408660888672
1365889943.5148082,887.1951219512196,41.2,13.453111410140991
1365889943.779433,818.2926829268292,41.2,13.213268518447876
1365889944.033403,798.1707317073171,41.2,13.164024591445923
1365889944.29726,657.3170731707318,40.1,13.1878981590271
1365889944.579131,1584.7560975609756,41.2,13.176629781723022
1365889944.834346,733.5365853658536,41.2,13.125695705413818
1365889945.08823,795.1219512195122,41.2,13.238484621047974
1365889945.3551528,691.4634146341463,41.2,13.227317571640015
1365889945.638426,810.9756097560976,41.2,13.13841438293457
1365889945.896271,887.1951219512196,41.2,13.127260446548462
1365889946.149927,695.1219512195122,41.2,13.159888505935669
1365889946.439114,873.170731707317,41.7,13.120182275772095
1365889946.694603,775.0,41.2,13.127390146255493
1365889946.9498932,722.560975609756,41.2,13.444120645523071
1365889947.234997,818.2926829268292,41.7,13.165236234664917
1365889947.489781,923.1707317073171,41.2,13.217434167861938
1365889947.74425,803.048780487805,41.2,13.317874193191528
1365889948.021892,1565.2439024390244,40.6,13.201857566833496
1365889948.299111,816.4634146341463,41.7,13.126394271850586
1365889948.552825,796.9512195121952,41.2,13.133497476577759
1365889948.8178298,1098.7804878048782,41.2,13.168277978897095
1365889949.0976121,792.0731707317074,41.2,13.121327877044678
1365889949.353529,906.0975609756098,42.2,13.141454458236694
1365889949.6163142,896.3414634146342,41.2,13.371283769607544
1365889949.883157,705.4878048780488,41.2,13.226743221282959
1365889950.158845,893.2926829268292,41.2,13.209559440612793
1365889950.42068,1697.560975609756,41.7,13.12333607673645
1365889950.676437,719.5121951219512,41.2,13.157373428344727
1365889950.9554272,889.0243902439024,41.2,13.178279638290405
1365889951.2146602,1645.121951219512,41.7,13.199074506759644
1365889951.470127,920.1219512195122,41.2,13.160466194152832
1365889951.743731,882.9268292682926,41.2,13.166293859481812
1365889952.0018601,1742.0731707317075,41.7,13.210148096084595
1365889952.2552361,854.8780487804878,41.2,13.278217077255249
1365889952.5217988,697.560975609756,41.2,13.314903020858765
1365889952.802722,1676.219512195122,41.2,13.181274175643921
1365889953.0574799,789.0243902439024,41.2,13.620271444320679
1365889953.311736,706.0975609756097,41.2,13.652462482452393
1365889953.5911949,982.9268292682926,41.2,13.374488115310669
1365889953.846637,790.2439024390244,41.2,13.172623634338379
1365889954.100797,756.0975609756098,41.7,13.172746896743774
1365889954.374588,807.9268292682927,41.7,13.130422592163086
1365889954.6360981,778.048780487805,41.2,13.170196056365967
1365889954.89023,813.4146341463414,41.2,13.237788438796997
1365889955.156105,654.2682926829268,40.6,13.161983728408813
1365889955.4367192,830.4878048780488,41.7,13.16639256477356
1365889955.6917708,874.390243902439,41.7,13.7629873752594
1365889955.945798,877.439024390244,41.7,13.516202449798584
1365889956.2264361,1710.3658536585367,41.2,13.387748718261719
1365889956.481236,737.1951219512194,41.2,13.174808740615845
1365889956.736656,802.439024390244,41.2,13.222207069396973
1365889956.999088,1576.219512195122,41.2,13.184816360473633
1365889957.275722,781.0975609756098,41.7,13.198904991149902
1365889957.532039,736.5853658536586,41.7,13.320999145507812
1365889957.791338,805.4878048780488,41.2,13.204585552215576
1365889958.063308,893.9024390243902,41.2,13.183195352554321
1365889958.319286,831.0975609756097,41.7,13.16635799407959
1365889958.5746481,885.9756097560976,41.7,13.154998779296875
1365889958.844411,701.2195121951219,40.1,13.164492845535278
1365889959.1233,729.2682926829268,41.2,13.12967824935913
1365889959.377308,769.5121951219512,41.2,13.162647724151611
1365889959.639092,965.2439024390244,41.2,13.147206544876099
1365889959.9139142,843.9024390243902,41.2,13.15175199508667
1365889960.168969,870.1219512195122,41.2,13.257794618606567
1365889960.4273121,796.3414634146342,41.2,13.231214761734009
1365889960.685432,757.3170731707318,41.2,13.74682092666626
1365889960.972259,852.4390243902438,41.2,13.467560291290283
1365889961.233099,901.219512195122,41.2,13.215179204940796
1365889961.489155,693.2926829268292,41.2,13.146946668624878
1365889961.7665439,741.4634146341464,41.7,13.333708047866821
1365889962.024262,924.3902439024391,42.2,13.187840223312378
1365889962.28233,798.1707317073171,41.2,13.13668417930603
1365889962.55292,914.0243902439024,41.2,13.235260486602783
1365889962.810986,1653.6585365853657,41.2,13.18914246559143
1365889963.065066,932.9268292682927,41.2,13.145746231079102
1365889963.32189,692.0731707317073,41.2,13.252987623214722
1365889963.6058292,925.0,41.7,13.290773153305054
1365889963.8620942,962.8048780487804,41.7,13.198087453842163
1365889964.118887,733.5365853658536,41.2,13.413383483886719
1365889964.386963,746.3414634146342,41.2,13.45447039604187
1365889964.6459908,1009.7560975609756,41.2,13.331820011138916
1365889964.902018,918.2926829268293,41.2,13.555656433105469
1365889965.158384,725.0,41.2,16.71386408805847
1365889965.437771,1606.7073170731708,41.2,16.438086986541748
1365889965.6947489,870.1219512195122,42.2,16.1821608543396
1365889965.9499562,832.3170731707316,42.2,15.937737464904785
1365889966.213869,701.2195121951219,40.6,15.67811369895935
1365889966.493495,1739.6341463414635,41.2,15.401643991470337
1365889966.750659,926.219512195122,41.7,15.150620937347412
1365889967.006437,913.4146341463415,41.2,14.903476238250732
1365889967.28808,950.0,41.7,14.627096891403198
1365889967.544758,753.0487804878048,41.2,14.375536680221558
1365889967.7999291,742.0731707317074,41.2,14.123466968536377
1365889968.085639,921.3414634146342,41.2,13.84147834777832
1365889968.339127,730.4878048780488,41.7,13.593681335449219
1365889968.59569,1558.5365853658536,41.7,13.342754602432251
1365889968.860652,619.5121951219512,41.2,13.199033260345459
1365889969.140915,906.0975609756098,41.2,13.128424406051636
1365889969.397057,914.0243902439024,41.7,13.2593092918396
1365889969.655363,1103.0487804878048,41.7,13.18226408958435
1365889969.931597,744.5121951219512,41.7,13.12511944770813
1365889970.185463,816.4634146341463,41.2,13.176011085510254
1365889970.444803,862.1951219512194,41.2,13.169227600097656
1365889970.7065501,694.5121951219512,40.6,13.14530611038208
1365889970.986463,801.219512195122,41.2,13.154422998428345
1365889971.24449,912.1951219512196,41.2,13.154422760009766
1365889971.502014,703.0487804878048,41.2,13.159204483032227
1365889971.7805529,896.9512195121952,41.2,13.19532036781311
1365889972.039051,913.4146341463415,42.2,13.129323720932007
1365889972.296247,882.3170731707318,41.2,13.152646541595459
1365889972.569323,748.170731707317,41.2,13.168566226959229
1365889972.828418,1712.1951219512196,41.2,13.12692141532898
1365889973.086762,866.4634146341464,41.2,13.136241674423218
1365889973.351497,707.3170731707316,41.2,13.2048180103302
1365889973.632403,1775.0,41.7,13.365193843841553
1365889973.8879411,800.0,41.7,13.237317562103271
1365889974.1449442,689.6341463414634,41.2,13.146249055862427
1365889974.4289029,1653.6585365853657,42.2,13.126854419708252
1365889974.685803,762.1951219512196,41.2,13.148377418518066
1365889974.940788,979.8780487804878,41.2,13.142049551010132
1365889975.214828,819.5121951219512,41.2,13.476735353469849
1365889975.4767082,926.219512195122,41.7,13.331411838531494
1365889975.7299762,831.0975609756097,41.2,13.384612321853638
1365889975.991213,706.0975609756097,41.2,13.40629506111145
1365889976.273303,918.9024390243903,42.2,13.264842987060547
1365889976.528217,907.9268292682927,41.2,13.123529434204102
1365889976.7843919,778.048780487805,41.2,13.182085037231445
1365889977.062585,925.0,41.7,13.139908790588379
1365889977.3171892,729.2682926829268,41.2,13.12756633758545
1365889977.572209,772.5609756097562,41.2,13.224746942520142
1365889977.839039,1557.3170731707316,41.2,13.219958782196045
1365889978.11787,866.4634146341464,42.2,13.150651454925537
1365889978.3727858,939.0243902439024,41.2,13.17406678199768
1365889978.627257,711.5853658536585,42.2,13.199268817901611
1365889978.909444,737.1951219512194,41.2,13.1252601146698
1365889979.164059,926.829268292683,42.2,13.120623350143433
1365889979.41903,864.0243902439024,41.2,13.154575109481812
1365889979.700463,865.2439024390244,41.2,13.206209659576416
1365889979.9567502,853.0487804878048,41.7,13.206132888793945
1365889980.2112541,773.1707317073171,41.2,13.206875324249268
1365889980.478511,706.0975609756097,41.2,13.178852558135986
1365889980.754724,773.1707317073171,41.2,13.120996236801147
1365889981.009284,864.0243902439024,42.2,13.204904079437256
1365889981.268266,687.1951219512194,41.7,13.179091930389404
1365889981.546433,831.0975609756097,41.7,13.174046516418457
1365889981.800674,904.2682926829268,41.2,13.147900819778442
1365889982.05898,1686.5853658536585,41.2,13.15931248664856
1365889982.336025,850.0,41.2,13.127322673797607
1365889982.591836,841.4634146341463,41.7,13.185266733169556
1365889982.850898,1620.7317073170732,42.2,13.25779104232788
1365889983.1201851,678.048780487805,41.2,13.157111406326294
1365889983.3963132,920.1219512195122,41.7,13.374091148376465
1365889983.6551502,755.4878048780488,41.7,13.270119428634644
1365889983.912066,1078.0487804878048,41.2,13.182002544403076
1365889984.1889641,821.3414634146341,41.2,13.194953918457031
1365889984.444633,816.4634146341463,41.7,13.560568809509277
1365889984.7051258,785.9756097560976,41.7,13.340131759643555
1365889984.9772851,714.0243902439024,41.2,13.339332580566406
1365889985.251175,863.4146341463414,41.2,13.305946826934814
1365889985.51014,954.2682926829268,42.2,13.205875158309937
1365889985.765308,710.3658536585366,41.7,13.164124727249146
1365889986.042707,904.2682926829268,42.2,13.289313793182373
1365889986.304419,900.0,41.7,13.210464715957642
1365889986.558315,710.3658536585366,41.2,13.203712701797485
1365889986.842186,753.0487804878048,41.7,13.249877691268921
1365889987.108171,825.0,42.2,13.2161386013031
1365889987.363873,868.9024390243902,41.7,13.143968343734741
1365889987.63501,917.0731707317074,42.2,13.15114164352417
1365889987.893766,1634.1463414634145,42.2,13.25955867767334
1365889988.148561,898.1707317073171,42.2,13.296529531478882
1365889988.410562,691.4634146341463,41.2,13.343611717224121
1365889988.69371,1619.5121951219514,41.2,13.495634317398071
1365889988.948286,781.0975609756098,41.2,13.24315357208252
1365889989.2058911,893.2926829268292,41.7,13.18991231918335
1365889989.490396,846.951219512195,42.2,13.166136503219604
1365889989.7486532,738.4146341463414,41.2,13.123563766479492
1365889990.0033941,881.0975609756098,41.2,13.272106647491455
1365889990.278225,779.2682926829268,41.2,13.151709079742432
1365889990.53805,757.3170731707318,41.7,13.144266366958618
1365889990.7942111,760.3658536585366,42.2,13.128015041351318
1365889991.057915,775.0,41.2,13.185046911239624
1365889991.337725,849.390243902439,42.2,13.1436288356781
1365889991.595741,918.9024390243903,41.2,13.127792596817017
1365889991.850137,691.4634146341463,41.2,13.198252439498901
1365889992.140552,910.9756097560976,42.2,13.120622634887695
1365889992.394956,838.4146341463414,42.2,13.123157262802124
1365889992.6488519,706.0975609756097,41.7,13.191730499267578
1365889992.940438,935.9756097560976,42.2,13.148138284683228
1365889993.1966588,898.1707317073171,42.2,13.155712366104126
1365889993.4527612,1034.7560975609756,42.2,13.172021389007568
1365889993.741508,910.3658536585366,41.7,13.12268853187561
1365889993.9949892,782.3170731707318,41.7,13.133399724960327
1365889994.249804,903.048780487805,41.2,13.190967798233032
1365889994.52799,813.4146341463414,41.7,13.146610021591187
1365889994.783472,803.048780487805,41.2,13.128771543502808
1365889995.0372858,741.4634146341464,41.7,13.158650398254395
1365889995.301932,707.3170731707316,41.2,13.158717155456543
1365889995.581246,832.9268292682926,41.2,13.12452220916748
1365889995.8372931,749.390243902439,42.2,13.223605871200562
1365889996.095847,823.170731707317,41.7,13.144605875015259
1365889996.3690429,749.390243902439,42.2,13.128334760665894
1365889996.625081,798.1707317073171,41.2,13.220124006271362
1365889996.8843489,979.2682926829268,41.2,13.446117401123047
1365889997.148709,617.6829268292682,41.2,13.18437123298645
1365889997.427433,746.3414634146342,41.7,13.286222696304321
1365889997.686593,1665.2439024390244,42.2,13.207082986831665
1365889997.9427788,701.2195121951219,41.7,13.330211877822876
1365889998.220007,813.4146341463414,41.7,13.273174047470093
1365889998.481836,903.048780487805,42.2,13.240580797195435
1365889998.73582,852.4390243902438,41.7,13.24111294746399
1365889999.010877,820.1219512195122,41.7,13.25486135482788
1365889999.266167,793.2926829268293,41.7,13.24393081665039
1365889999.529922,794.5121951219512,41.2,13.153284549713135
1365889999.802706,627.439024390244,41.2,13.190529346466064
1365890000.077781,835.9756097560976,42.2,13.221930265426636
1365890000.3388531,856.0975609756098,41.7,13.37580680847168
1365890000.5945768,712.1951219512194,41.2,13.344223499298096
1365890000.8725781,812.1951219512194,41.7,13.363777160644531
1365890001.136852,971.3414634146342,41.7,13.451720952987671
1365890001.391226,1701.219512195122,41.7,13.323746681213379
1365890001.668257,798.1707317073171,41.7,13.665707349777222
1365890001.926114,904.2682926829268,41.2,13.623519659042358
1365890002.182585,843.2926829268292,42.2,13.52070689201355
1365890002.439271,1503.658536585366,41.2,13.578096866607666
1365890002.728242,1748.1707317073171,41.2,13.87511396408081
1365890002.984499,921.3414634146342,41.7,14.148711442947388
1365890003.240362,856.0975609756098,41.7,13.896263360977173
1365890003.515639,752.439024390244,41.7,14.123413324356079
1365890003.7748458,864.0243902439024,41.2,14.189621925354004
1365890004.032026,910.9756097560976,41.7,14.368227481842041
1365890004.305578,705.4878048780488,41.2,14.315926551818848
1365890004.5839841,851.219512195122,41.7,14.240205526351929
1365890004.837567,830.4878048780488,41.2,14.390542268753052
1365890005.094224,1281.7073170731708,41.2,15.081925868988037
1365890005.3774002,1668.2926829268292,42.2,15.27386999130249
1365890005.631129,764.0243902439024,41.2,15.979034423828125
1365890005.886064,876.219512195122,41.2,15.999261617660522
1365890006.162482,587.1951219512194,41.7,16.083956480026245
1365890006.435515,744.5121951219512,42.2,16.338478088378906
1365890006.6909702,857.3170731707316,42.2,16.217285633087158
1365890006.950099,698.170731707317,41.2,16.240702629089355
1365890007.225385,871.9512195121952,42.2,16.500157117843628
1365890007.480358,910.9756097560976,41.2,17.018139123916626
1365890007.736064,774.390243902439,41.2,16.784088850021362
1365890008.012308,900.0,41.7,16.555235624313354
1365890008.2699142,790.2439024390244,42.2,16.66688585281372
1365890008.5249321,840.2439024390244,42.2,16.512821674346924
1365890008.796315,697.560975609756,41.7,16.45167899131775
1365890009.0749319,898.1707317073171,42.2,16.818357944488525
1365890009.336343,910.3658536585366,41.7,17.462701320648193
1365890009.592881,722.560975609756,41.2,17.664988040924072
1365890009.871549,906.0975609756098,42.2,18.25899600982666
1365890010.1314611,757.3170731707318,42.2,18.25342297554016
1365890010.389441,710.3658536585366,41.2,18.106239080429077
1365890010.670052,810.9756097560976,41.7,18.41051411628723
1365890010.929164,763.4146341463414,42.2,18.354944705963135
1365890011.18333,747.560975609756,41.7,18.241985321044922
1365890011.468339,870.1219512195122,42.2,18.453019618988037
1365890011.726478,830.4878048780488,42.2,18.36204481124878
1365890011.9845161,762.1951219512196,42.2,18.187450170516968
1365890012.259156,924.3902439024391,41.7,18.03486204147339
1365890012.51404,931.0975609756098,41.7,17.98519492149353
1365890012.7739148,879.8780487804878,42.2,17.83993911743164
1365890013.034805,700.6097560975609,41.2,17.631583213806152
1365890013.311188,896.9512195121952,41.7,17.604291677474976
1365890013.570702,925.0,42.2,17.44578790664673
1365890013.825043,859.1463414634146,41.7,17.246374130249023
1365890014.092155,718.2926829268292,41.2,17.15904402732849
1365890014.381998,737.1951219512194,41.7,16.941642999649048
1365890014.638796,1726.219512195122,42.2,16.746710538864136
1365890014.893139,843.2926829268292,41.2,16.711708307266235
1365890015.1585128,604.2682926829268,41.2,16.670485973358154
1365890015.4373739,865.2439024390244,42.2,16.42780637741089
1365890015.693761,923.1707317073171,42.2,16.33222985267639
1365890015.9532669,909.1463414634146,41.2,16.218863010406494
1365890016.235316,932.9268292682927,42.2,15.9397873878479
1365890016.4933288,1642.6829268292681,42.2,15.842003107070923
1365890016.751785,810.3658536585366,41.7,15.910571098327637
1365890017.018493,695.1219512195122,41.2,15.754385232925415
1365890017.299432,1656.7073170731708,41.7,15.591968297958374
1365890017.565548,1594.5121951219512,41.7,15.329393148422241
1365890017.823454,1545.7317073170732,41.2,15.316719770431519
1365890018.10382,1608.5365853658539,41.7,15.553136587142944
1365890018.361651,1671.3414634146343,42.2,15.323374509811401
1365890018.6209521,648.1707317073171,41.2,15.158125162124634
1365890018.8964841,798.1707317073171,41.7,15.348742961883545
1365890019.1572428,1730.4878048780488,42.2,15.243862628936768
1365890019.4117398,859.1463414634146,41.7,15.06075143814087
1365890019.678638,704.2682926829268,41.2,15.051252365112305
1365890019.960664,940.8536585365853,41.7,15.023688554763794
1365890020.218647,852.4390243902438,41.2,14.855487585067749
1365890020.477164,707.3170731707316,41.7,14.920726776123047
1365890020.763096,781.0975609756098,42.2,14.712932348251343
1365890021.018922,939.0243902439024,41.7,14.576353788375854
1365890021.274982,954.8780487804878,42.2,14.541247129440308
1365890021.5554109,817.0731707317073,41.7,14.458133220672607
1365890021.812185,1674.390243902439,42.2,14.2505362033844
1365890022.066321,879.2682926829268,41.7,14.143926620483398
1365890022.342439,879.8780487804878,42.2,14.077387809753418
1365890022.600221,828.0487804878048,42.2,14.020058631896973
1365890022.858477,852.4390243902438,42.2,13.836701393127441
1365890023.1203258,617.6829268292682,41.2,13.838780641555786
1365890023.411426,849.390243902439,42.2,13.7289879322052
1365890023.666558,1689.6341463414635,41.7,13.865656614303589
1365890023.924355,788.4146341463415,41.7,13.844866514205933
1365890024.210709,778.048780487805,41.7,13.649314165115356
1365890024.463983,864.0243902439024,42.2,13.55704665184021
1365890024.718254,925.0,42.2,13.594232559204102
1365890025.00586,879.2682926829268,41.7,13.45587682723999
1365890025.263218,866.4634146341464,42.2,13.383370399475098
1365890025.517744,764.0243902439024,41.7,13.390003442764282
1365890025.7936618,616.4634146341464,41.2,13.269028663635254
1365890026.071048,1039.0243902439024,42.2,13.132927417755127
1365890026.3265688,870.1219512195122,42.2,13.935842514038086
1365890026.58443,801.219512195122,41.2,13.96699047088623
1365890026.8582358,915.2439024390244,41.2,13.939617395401001
1365890027.1112409,799.3902439024391,42.2,15.36027979850769
1365890027.368012,885.3658536585366,41.2,16.40505623817444
1365890027.627959,690.2439024390243,41.2,25.429482460021973
1365890027.912311,821.951219512195,42.2,26.179420948028564
1365890028.170094,877.439024390244,41.7,26.13878083229065
1365890028.423739,828.0487804878048,41.2,33.186890840530396
1365890028.6948311,754.2682926829268,42.2,33.02882170677185
1365890028.948392,895.1219512195122,41.7,32.948208808898926
1365890029.204916,802.439024390244,42.2,32.74915432929993
1365890029.46308,1087.1951219512196,41.2,32.552164793014526
1365890029.741974,878.0487804878048,42.2,32.455408573150635
1365890030.001459,854.8780487804878,41.2,32.22332739830017
1365890030.256166,857.9268292682926,41.2,32.026453733444214
1365890030.521952,669.5121951219512,41.2,31.851534843444824
1365890030.7986171,868.2926829268292,42.2,31.630719900131226
1365890031.054683,749.390243902439,41.7,31.41090488433838
1365890031.3097541,710.3658536585366,42.2,31.220759391784668
1365890031.588083,890.8536585365854,42.2,30.973485469818115
1365890031.842703,767.0731707317074,42.2,30.76826500892639
1365890032.097488,923.1707317073171,41.2,30.821566581726074
1365890032.37676,741.4634146341464,42.2,30.659139156341553
1365890032.629411,892.0731707317074,42.2,30.431687831878662
1365890032.883447,1103.0487804878048,42.2,30.2436466217041
1365890033.139359,607.3170731707316,41.7,30.207199811935425
1365890033.417691,799.3902439024391,42.2,29.929556846618652
1365890033.670916,739.0243902439024,41.2,29.67726159095764
1365890033.923847,728.0487804878048,41.2,29.47591257095337
1365890034.1927848,690.2439024390243,41.2,29.253926515579224
1365890034.472041,821.951219512195,41.2,29.009254217147827
1365890034.725279,889.0243902439024,41.2,28.847391605377197
1365890034.980702,889.0243902439024,41.7,28.629931449890137
1365890035.2559779,604.2682926829268,41.2,28.3734393119812
1365890035.533091,846.951219512195,42.2,28.20834493637085
1365890035.792429,884.1463414634146,42.2,28.026365995407104
1365890036.047628,888.4146341463414,41.7,27.776397943496704
1365890036.314899,709.1463414634146,41.7,27.591698169708252
1365890036.5884778,801.219512195122,42.2,27.37641978263855
1365890036.843379,812.1951219512194,42.2,27.16938853263855
1365890037.098451,704.2682926829268,42.2,27.029245138168335
1365890037.376823,825.0,42.2,26.84218168258667
1365890037.631637,1020.1219512195121,41.2,26.769354343414307
1365890037.887038,915.2439024390244,42.2,26.77950406074524
1365890038.1621299,866.4634146341464,41.2,26.66001796722412
1365890038.422019,769.5121951219512,42.2,26.507749795913696
1365890038.675879,766.4634146341464,42.2,26.285673141479492
1365890038.942592,1580.4878048780488,41.2,26.225509643554688
1365890039.2215009,853.0487804878048,41.2,26.002943992614746
1365890039.475081,837.1951219512194,41.2,25.798255681991577
1365890039.730162,775.0,42.2,25.68524479866028
1365890039.996813,798.1707317073171,41.7,25.542776346206665
1365890040.276054,838.4146341463414,42.2,25.26807737350464
1365890040.533468,873.170731707317,42.2,25.09985089302063
1365890040.791611,756.0975609756098,42.2,24.897631645202637
1365890041.058315,845.1219512195122,41.2,24.638477563858032
1365890041.34113,907.9268292682927,41.2,24.585881233215332
1365890041.600964,789.0243902439024,41.2,24.327056646347046
1365890041.8559208,876.219512195122,41.7,24.142655611038208
1365890042.132163,805.4878048780488,42.2,23.951704740524292
1365890042.388227,789.0243902439024,42.2,23.72347354888916
1365890042.64475,882.3170731707318,42.2,23.57369041442871
1365890042.90226,699.390243902439,41.2,23.324265003204346
1365890043.178495,924.3902439024391,41.2,23.130246877670288
1365890043.4353962,831.0975609756097,42.2,22.914680004119873
1365890043.690424,741.4634146341464,41.2,22.74530816078186
1365890043.953465,704.2682926829268,41.2,22.546653270721436
1365890044.2344892,604.2682926829268,40.6,22.383785009384155
1365890044.511308,772.5609756097562,41.7,22.127785444259644
1365890044.766696,1720.1219512195123,41.7,21.937084674835205
1365890045.023227,887.1951219512196,42.2,21.71445345878601
1365890045.297615,925.0,42.2,21.480746507644653
1365890045.553843,926.219512195122,42.2,21.312219858169556
1365890045.810308,874.390243902439,41.7,21.115426778793335
1365890046.071882,704.2682926829268,41.7,20.91530203819275
1365890046.3481338,849.390243902439,42.2,20.67919921875
1365890046.609256,793.2926829268293,42.2,20.47999930381775
1365890046.862978,918.9024390243903,41.2,20.325003385543823
1365890047.1328378,700.6097560975609,41.2,20.243019580841064
1365890047.408258,740.2439024390244,41.2,20.039339780807495
1365890047.661688,890.8536585365854,42.2,19.78752374649048
1365890047.9151812,810.9756097560976,41.2,19.651720762252808
1365890048.193424,851.219512195122,41.2,19.571650743484497
1365890048.447304,745.1219512195122,42.8,19.41039204597473
1365890048.702316,1335.9756097560976,42.2,19.156972646713257
1365890048.973005,664.6341463414634,42.2,18.96030044555664
1365890049.265578,769.5121951219512,41.7,18.679829359054565
1365890049.5292969,1606.7073170731708,41.2,18.511645317077637
1365890049.79183,1558.5365853658536,41.2,18.450793504714966
1365890050.078521,929.2682926829269,42.2,18.270490884780884
1365890050.3362439,926.829268292683,42.2,18.02741003036499
1365890050.599723,682.3170731707318,41.7,17.913530111312866
1365890050.895651,760.9756097560976,41.7,17.794856309890747
1365890051.1538858,737.1951219512194,42.2,17.631827354431152
1365890051.411712,608.5365853658536,41.2,17.452979564666748
1365890051.687221,1716.4634146341464,42.2,17.27193284034729
1365890051.9425821,859.1463414634146,42.2,17.096491813659668
