1365889741.8802478,2264.6341463414633,53.7,17.314871311187744
1365889742.096602,1907.9268292682927,53.7,17.32441282272339
1365889742.312321,2104.268292682927,53.7,17.31926703453064
1365889742.5282366,1701.219512195122,53.2,17.32554817199707
1365889742.7442207,1840.2439024390244,53.7,17.335301160812378
1365889742.9599771,2054.8780487804875,53.7,17.31815457344055
1365889743.1759367,1633.5365853658536,53.7,17.326290607452393
1365889743.3917618,1587.1951219512196,52.6,17.328734636306763
1365889743.607762,1978.0487804878048,53.7,17.319289684295654
1365889743.8235986,1495.7317073170732,52.6,17.382335662841797
1365889744.0516624,1474.390243902439,52.6,17.352598428726196
1365889744.2798052,1491.4634146341464,52.6,17.33354902267456
1365889744.5084438,1533.5365853658536,52.6,17.343465089797974
1365889744.7369633,1710.3658536585367,52.1,17.33341646194458
1365889744.965527,1572.560975609756,51.5,17.342905521392822
1365889745.193558,1783.5365853658536,52.6,17.32917308807373
1365889745.4225304,1563.4146341463415,52.1,18.023539781570435
1365889745.6510704,1686.5853658536585,51.5,17.79782199859619
1365889745.87943,1789.0243902439024,52.1,17.571409463882446
1365889746.1077392,1758.5365853658536,52.1,17.34540295600891
1365889746.3360424,1783.5365853658536,52.1,17.333667516708374
1365889746.5640628,1673.170731707317,52.6,17.33928656578064
1365889746.7921426,1523.780487804878,51.5,17.329787492752075
1365889747.020277,1479.878048780488,51.5,17.332777738571167
1365889747.2483084,2051.829268292683,52.1,17.320245504379272
1365889747.4642851,1581.7073170731708,52.1,17.33079719543457
1365889747.680253,2090.2439024390246,52.6,17.328298091888428
1365889747.8962603,1647.560975609756,52.6,17.31459140777588
1365889748.1121457,1788.4146341463413,52.6,17.319349765777588
1365889748.3281612,1906.0975609756097,52.6,17.316277742385864
1365889748.5440211,1574.3902439024391,52.6,17.32621121406555
1365889748.760057,2054.2682926829266,53.2,17.318697929382324
1365889748.9764605,1900.0,52.6,17.32583999633789
1365889749.192459,1784.1463414634147,53.2,17.317649602890015
1365889749.4088404,2026.8292682926829,52.6,17.33474636077881
1365889749.624803,1590.2439024390244,52.6,17.321852922439575
1365889749.840861,2062.8048780487807,52.6,17.326802492141724
1365889750.0568275,1629.2682926829268,53.2,17.322118282318115
1365889750.272628,1578.6585365853657,52.6,17.337856769561768
1365889750.4885776,2037.8048780487802,53.2,17.331222772598267
1365889750.7044454,1648.1707317073171,53.2,17.32538390159607
1365889750.9203715,1828.0487804878048,52.6,17.31794047355652
1365889751.1365037,2463.4146341463415,52.6,17.33688735961914
1365889751.3651707,1696.341463414634,52.1,17.344004154205322
1365889751.5932405,1601.219512195122,52.1,17.32962417602539
1365889751.8215399,1593.2926829268292,52.6,17.33209776878357
1365889752.0498857,1965.2439024390244,52.1,17.403740882873535
1365889752.278871,1474.390243902439,52.1,17.43535351753235
1365889752.5074458,1632.3170731707316,52.1,17.365453481674194
1365889752.735727,1670.1219512195123,52.1,17.345404148101807
1365889752.964514,1466.4634146341464,51.5,17.33260703086853
1365889753.193362,1665.2439024390244,51.5,17.325732469558716
1365889753.421902,1625.6097560975609,52.1,17.3295795917511
1365889753.6502333,1718.2926829268292,51.5,17.41323709487915
1365889753.8781698,1681.09756097561,52.1,17.37860941886902
1365889754.106068,1469.5121951219512,52.1,17.377928018569946
1365889754.3339818,2120.121951219512,52.1,17.35076904296875
1365889754.54988,1711.5853658536587,52.6,17.37830686569214
1365889754.7662692,1932.9268292682925,52.6,17.3307363986969
1365889754.982127,1581.7073170731708,52.6,17.32297921180725
1365889755.198134,2010.3658536585365,51.5,17.472182273864746
1365889755.4139886,1845.1219512195123,52.1,17.375064611434937
1365889755.629873,1587.1951219512196,52.6,17.313025951385498
1365889755.8460062,1943.90243902439,52.6,17.34044313430786
1365889756.0618632,1590.2439024390244,52.6,17.41530466079712
1365889756.2780077,2076.2195121951218,52.1,17.41900396347046
1365889756.4938385,1731.09756097561,52.6,17.429288387298584
1365889756.70966,1577.439024390244,53.2,17.393431901931763
1365889756.9258468,1852.439024390244,52.6,17.343584299087524
1365889757.1419015,1783.5365853658536,52.6,17.341472625732422
1365889757.3578503,2117.0731707317073,52.6,17.37748146057129
1365889757.5739188,1578.6585365853657,52.6,17.369648933410645
1365889757.7897303,2043.9024390243903,52.1,17.322213888168335
1365889758.005867,1586.5853658536587,53.2,17.35355806350708
1365889758.2217,1823.1707317073171,52.6,17.38567018508911
1365889758.4377728,1779.2682926829268,52.6,17.31367588043213
1365889758.653527,1576.219512195122,53.2,17.678448915481567
1365889758.869398,1896.341463414634,52.6,17.78398609161377
1365889759.0853894,1792.0731707317073,52.6,17.56895899772644
1365889759.301595,2053.048780487805,53.2,17.551262140274048
1365889759.5174263,1776.2195121951218,53.2,17.450741052627563
1365889759.7339246,2007.3170731707316,52.6,17.41753101348877
1365889759.9505343,1981.09756097561,53.2,17.352632999420166
1365889760.1666963,1766.4634146341461,52.6,17.361315488815308
1365889760.3825347,2051.219512195122,52.6,17.31996512413025
1365889760.5984018,1714.6341463414633,52.6,17.33574390411377
1365889760.8141317,1588.4146341463415,53.2,17.33316731452942
1365889761.030169,2093.2926829268295,53.2,17.32967734336853
1365889761.2467446,2060.9756097560976,53.2,17.31335186958313
1365889761.462592,1739.6341463414635,52.6,17.44775629043579
1365889761.6785321,1734.1463414634147,53.2,17.47989559173584
1365889761.8944643,2023.7804878048782,53.2,17.659151077270508
1365889762.1103024,1696.341463414634,52.6,17.44671058654785
1365889762.32637,1962.1951219512196,52.6,17.381027460098267
1365889762.542246,1896.9512195121952,52.6,17.38340926170349
1365889762.7581823,1577.439024390244,53.2,17.32865571975708
1365889762.9740717,2012.8048780487804,52.6,17.350754022598267
1365889763.1899793,1745.121951219512,52.6,17.314488410949707
1365889763.4061675,1600.6097560975609,52.1,17.541707038879395
1365889763.6342645,1740.2439024390244,52.6,17.382086992263794
1365889763.86264,1778.0487804878048,52.6,17.398024082183838
1365889764.0905845,1603.658536585366,52.1,17.405986070632935
1365889764.318809,1628.658536585366,52.1,17.395641326904297
1365889764.5471756,1649.3902439024391,52.1,17.54242491722107
1365889764.775732,1629.2682926829268,52.1,17.330228328704834
1365889765.0038857,1746.341463414634,52.6,17.340199947357178
1365889765.232082,1701.219512195122,51.5,17.392443418502808
1365889765.4603539,1705.4878048780488,52.1,17.4355149269104
1365889765.6884167,1642.6829268292681,52.1,17.36868643760681
1365889765.9166048,1587.1951219512196,52.1,17.333216428756714
1365889766.1444926,1462.8048780487807,52.1,17.687780380249023
1365889766.3726711,1532.3170731707316,51.5,17.46074867248535
1365889766.6007147,1784.1463414634147,51.5,17.43412947654724
1365889766.823154,1732.3170731707319,52.6,17.404305934906006
1365889767.0394053,2071.951219512195,52.6,17.351787567138672
1365889767.2556021,1639.6341463414635,52.6,17.42555546760559
1365889767.4838974,1674.390243902439,52.1,17.42741894721985
1365889767.7121618,1664.6341463414633,51.5,17.456706762313843
1365889767.9409633,1454.8780487804877,51.5,17.408798456192017
1365889768.169596,1628.658536585366,51.5,17.39281702041626
1365889768.397942,2523.7804878048782,51.5,17.39560079574585
1365889768.6262908,1819.5121951219512,51.5,17.362415075302124
1365889768.8543522,1548.780487804878,51.5,17.936770915985107
1365889769.0823476,1462.8048780487807,51.5,17.709356784820557
1365889769.3101864,1764.0243902439024,51.5,17.58814787864685
1365889769.5383499,1712.1951219512196,51.5,17.45476007461548
1365889769.7670157,1477.439024390244,51.5,17.56596612930298
1365889769.9957974,1617.6829268292684,52.1,17.345991611480713
1365889770.2239773,1549.390243902439,52.1,17.339646100997925
1365889770.4523597,1627.439024390244,51.5,17.3433518409729
1365889770.6807756,1867.0731707317075,51.5,17.345653772354126
1365889770.8969462,1694.5121951219512,52.1,17.549352645874023
1365889771.112817,1751.219512195122,52.1,17.46118927001953
1365889771.3289692,1776.2195121951218,52.1,17.345196962356567
1365889771.5457866,1595.7317073170732,53.2,17.340306282043457
1365889771.7617977,2040.8536585365855,52.6,17.331713438034058
1365889771.977841,1515.2439024390244,52.1,17.404550075531006
1365889772.2060153,1465.8536585365853,52.6,17.340709924697876
1365889772.4339776,1739.6341463414635,52.1,17.34389019012451
1365889772.6624324,1478.658536585366,51.5,17.34413170814514
1365889772.890964,1620.7317073170732,51.5,17.333494186401367
1365889773.1191568,1533.5365853658536,52.1,17.36418604850769
1365889773.3474429,1517.6829268292681,51.5,17.347474813461304
1365889773.5755057,1459.7560975609756,52.1,17.38607096672058
1365889773.8048282,1561.5853658536585,51.5,17.42385959625244
1365889774.0331976,1476.8292682926829,51.5,17.3454008102417
1365889774.261921,1731.09756097561,52.1,17.96782922744751
1365889774.4903655,1575.609756097561,51.5,17.742324590682983
1365889774.718493,1760.3658536585365,51.5,17.629817962646484
1365889774.9466083,1686.5853658536585,51.0,17.44860863685608
1365889775.1745179,1477.439024390244,51.5,17.390815496444702
1365889775.3958707,1752.439024390244,51.5,17.378275871276855
1365889775.6240206,1745.121951219512,51.5,17.385599374771118
1365889775.852013,1541.4634146341464,51.5,17.358317852020264
1365889776.0803404,1561.5853658536585,51.5,17.345869779586792
1365889776.308372,1471.3414634146343,51.5,17.3943932056427
1365889776.5365665,1459.7560975609756,51.5,17.34061336517334
1365889776.7646592,1468.2926829268292,51.5,17.33777403831482
1365889776.9929678,1496.341463414634,51.5,17.43722653388977
1365889777.2207434,1721.3414634146343,51.5,17.357131481170654
1365889777.4485116,1469.5121951219512,51.5,17.392108917236328
1365889777.6764297,1794.5121951219512,51.5,17.46998143196106
1365889777.9043875,1615.2439024390244,52.1,17.36902093887329
1365889778.1328082,1719.5121951219512,51.5,17.340419054031372
1365889778.3607552,1551.219512195122,51.5,17.3909010887146
1365889778.5891385,1579.2682926829268,51.0,17.34728503227234
1365889778.8171241,1468.2926829268292,51.5,17.442086458206177
1365889779.044854,1760.3658536585365,51.5,17.395487308502197
1365889779.2730706,1714.6341463414633,51.5,17.345322608947754
1365889779.500871,1469.5121951219512,51.0,17.471765756607056
1365889779.7287948,1577.439024390244,50.5,17.611802339553833
1365889779.956724,1674.390243902439,51.5,17.55100703239441
1365889780.1846795,1489.6341463414635,51.0,17.55500054359436
1365889780.413107,1557.3170731707316,51.5,17.36065411567688
1365889780.6416101,1706.0975609756097,51.0,17.497082710266113
1365889780.8694932,1473.7804878048782,51.5,17.343228816986084
1365889781.0978847,1544.5121951219512,51.0,17.329004764556885
1365889781.3262422,1780.4878048780488,51.5,17.334262371063232
1365889781.5543218,1493.2926829268295,51.5,17.482651948928833
1365889781.7823253,1487.8048780487804,51.5,19.766034841537476
1365889782.0105357,1471.3414634146343,51.5,19.555432319641113
1365889782.2383313,1649.3902439024391,52.1,19.32887053489685
1365889782.466432,1606.7073170731708,51.5,19.10158061981201
1365889782.694591,1501.8292682926829,50.5,18.880176305770874
1365889782.92234,1609.7560975609756,51.0,18.66115713119507
1365889783.150562,1775.0,51.5,18.442785263061523
1365889783.3784258,1588.4146341463415,51.5,18.22567391395569
1365889783.6072717,1544.5121951219512,51.5,18.00147247314453
1365889783.8350866,1637.1951219512196,51.0,17.77630877494812
1365889784.0630472,1478.658536585366,51.5,17.552449703216553
1365889784.291121,1464.6341463414633,51.5,17.58776068687439
1365889784.5190277,1751.219512195122,50.5,17.42993712425232
1365889784.7470012,1571.341463414634,50.5,17.52277660369873
1365889784.975151,1482.3170731707319,51.5,17.407984733581543
1365889785.2030396,1532.3170731707316,51.0,17.436091899871826
1365889785.4311814,1585.3658536585367,51.5,17.351613998413086
1365889785.6598687,1708.5365853658536,51.5,17.929421186447144
1365889785.8758614,1821.341463414634,52.1,17.714571475982666
1365889786.0918252,1896.341463414634,51.5,17.499431133270264
1365889786.3077583,1581.7073170731708,51.5,17.391672372817993
1365889786.5234344,1706.0975609756097,52.1,17.364585638046265
1365889786.7516596,1680.4878048780488,51.5,17.381279468536377
1365889786.9796858,1512.8048780487804,51.5,17.48843741416931
1365889787.2079735,1605.4878048780488,51.5,17.954660177230835
1365889787.4361222,1479.878048780488,51.5,17.727834701538086
1365889787.6639912,1543.2926829268292,51.0,17.59234070777893
1365889787.891928,1719.5121951219512,51.0,17.403736352920532
1365889788.1198664,1481.7073170731708,51.5,17.37162184715271
1365889788.348022,1469.5121951219512,51.5,17.343720197677612
1365889788.5793884,1464.6341463414633,50.5,17.523841857910156
1365889788.8080497,1589.6341463414633,51.5,17.41882085800171
1365889789.0362942,1571.341463414634,51.5,17.414904832839966
1365889789.2640688,1505.4878048780486,51.0,17.33574914932251
1365889789.4921668,1598.1707317073171,51.0,17.430726051330566
1365889789.720151,1695.121951219512,51.5,17.33006525039673
1365889789.9481218,1506.7073170731705,51.0,17.468143463134766
1365889790.176716,1678.658536585366,50.5,17.344688177108765
1365889790.404772,1578.6585365853657,51.5,17.38398265838623
1365889790.6332588,1740.2439024390244,51.0,17.369045972824097
1365889790.8613892,1591.4634146341464,51.5,17.411070108413696
1365889791.089262,1474.390243902439,51.0,17.388126134872437
1365889791.3178,1519.5121951219512,51.5,17.459397792816162
1365889791.5461853,1646.341463414634,51.0,17.365710258483887
1365889791.7744648,1780.4878048780488,50.5,17.335121154785156
1365889792.002503,1470.7317073170732,51.0,17.35112166404724
1365889792.230936,1595.7317073170732,50.5,17.423994064331055
1365889792.458911,1476.8292682926829,51.0,17.355677366256714
1365889792.68742,1569.5121951219512,50.5,17.361383199691772
1365889792.9164824,1452.439024390244,51.5,17.41049838066101
1365889793.144874,1492.6829268292684,51.0,17.32904887199402
1365889793.3728318,1530.4878048780488,51.0,17.50651502609253
1365889793.600908,1797.560975609756,51.0,17.330605268478394
1365889793.8291209,1784.1463414634147,50.5,17.38445258140564
1365889794.0573118,1712.1951219512196,51.5,17.769914865493774
1365889794.2850783,1459.7560975609756,51.0,17.543318033218384
1365889794.5128999,1788.4146341463413,50.5,17.34898853302002
1365889794.7410312,1705.4878048780488,51.5,17.386160612106323
1365889794.9691095,1726.219512195122,51.0,17.346768856048584
1365889795.1973312,1608.5365853658539,50.5,17.379674911499023
1365889795.425059,1540.2439024390244,51.0,17.454896450042725
1365889795.6531448,1771.341463414634,51.5,17.403589963912964
1365889795.881028,1546.3414634146343,51.5,17.41394877433777
1365889796.1095378,1697.560975609756,51.0,17.38447070121765
1365889796.3376722,1590.2439024390244,51.5,17.367396116256714
1365889796.5536463,2035.9756097560978,51.5,17.388034343719482
1365889796.7695348,1771.341463414634,51.5,17.341957092285156
1365889796.9855914,1929.2682926829268,51.5,17.409348487854004
1365889797.2016559,1538.4146341463413,51.5,17.523211002349854
1365889797.430706,1483.5365853658539,51.5,17.3878276348114
1365889797.6591384,1481.7073170731708,51.5,17.4525306224823
1365889797.8875806,1492.6829268292684,51.5,17.342294216156006
1365889798.115956,1579.2682926829268,51.5,17.39303994178772
1365889798.3440506,1649.3902439024391,51.5,17.424656629562378
1365889798.5723321,1541.4634146341464,51.0,17.542170524597168
1365889798.8008974,1695.121951219512,51.5,17.863368034362793
1365889799.028996,1553.658536585366,51.5,17.638054847717285
1365889799.2572951,1612.1951219512196,51.5,17.76736044883728
1365889799.4850926,1506.7073170731705,51.0,17.704177856445312
1365889799.7129698,1737.1951219512196,51.5,17.703516244888306
1365889799.9409719,1577.439024390244,51.5,17.716218948364258
1365889800.1692126,1527.4390243902437,51.5,17.489002227783203
1365889800.397261,1469.5121951219512,51.5,17.381460428237915
1365889800.614327,1738.4146341463415,51.5,17.425323724746704
1365889800.8299959,1921.9512195121952,51.0,17.41088557243347
1365889801.046181,1590.2439024390244,52.1,17.49470853805542
1365889801.2620456,1867.0731707317075,51.5,17.35982847213745
1365889801.4779058,1998.170731707317,52.1,17.432945728302002
1365889801.693561,1882.9268292682925,52.1,17.421664476394653
1365889801.9096358,1846.3414634146343,52.1,17.347168922424316
1365889802.1259212,1607.3170731707319,52.1,17.542031049728394
1365889802.3418632,1971.3414634146343,52.1,17.53760051727295
1365889802.5578096,1828.0487804878048,52.1,17.466023445129395
1365889802.773675,1581.7073170731708,51.5,17.59169340133667
1365889802.9896374,2059.1463414634145,52.1,17.645795106887817
1365889803.2057815,1588.4146341463415,52.6,17.98069739341736
1365889803.421686,2018.9024390243903,52.6,17.936772346496582
1365889803.6376548,1707.3170731707316,51.5,17.722907543182373
1365889803.8534293,1591.4634146341464,52.1,17.62166118621826
1365889804.069161,1808.5365853658536,52.1,17.670726776123047
1365889804.2848604,2110.9756097560976,52.6,17.652984142303467
1365889804.5006013,1956.0975609756097,52.6,17.437724351882935
1365889804.7167213,1734.1463414634147,52.1,17.588045358657837
1365889804.9326878,1996.9512195121952,52.6,17.50831437110901
1365889805.1486454,1596.3414634146343,52.1,17.361738681793213
1365889805.3645713,1963.4146341463415,52.6,17.433364868164062
1365889805.5805273,1746.341463414634,52.6,17.425402641296387
1365889805.7965863,1892.0731707317073,52.6,17.35387110710144
1365889806.0125482,1874.390243902439,52.6,17.40192198753357
1365889806.2285922,1735.3658536585365,52.6,17.365567445755005
1365889806.4443495,2001.829268292683,52.6,17.325857877731323
1365889806.6603491,1670.1219512195123,52.6,17.323944091796875
1365889806.8764749,2006.0975609756094,52.6,17.529635906219482
1365889807.0924387,1469.5121951219512,52.1,17.347447395324707
1365889807.3205013,1473.7804878048782,52.1,17.337449550628662
1365889807.5492146,1636.5853658536585,51.5,17.340237617492676
1365889807.7775097,1624.390243902439,52.1,17.372174501419067
1365889808.005643,1583.5365853658536,52.1,17.36580801010132
1365889808.233648,1488.4146341463415,51.5,17.339903354644775
1365889808.4623277,1691.4634146341464,51.5,17.35444164276123
1365889808.690872,1626.219512195122,51.5,17.351863861083984
1365889808.9192414,1552.439024390244,51.5,17.353853702545166
1365889809.1475546,1533.5365853658536,51.5,17.33311700820923
1365889809.3758214,1534.7560975609756,51.5,17.32638382911682
1365889809.6040983,1506.7073170731705,51.5,17.477826595306396
1365889809.8320718,1731.09756097561,51.5,17.33919620513916
1365889810.0604565,1611.5853658536585,51.5,18.788783073425293
1365889810.2883723,1587.1951219512196,51.5,18.565802812576294
1365889810.5042884,1987.8048780487804,51.5,18.355703830718994
1365889810.7202752,1694.5121951219512,51.5,18.14370584487915
1365889810.9366724,1898.1707317073171,52.1,17.93163228034973
1365889811.1527624,1806.09756097561,51.5,17.71991539001465
1365889811.368959,1709.1463414634147,52.6,17.508275032043457
1365889811.5847142,1575.609756097561,52.1,17.329378604888916
1365889811.8007827,2029.8780487804877,52.1,17.333597660064697
1365889812.0169082,1591.4634146341464,52.1,17.358064651489258
1365889812.2327216,1976.219512195122,52.1,17.37283229827881
1365889812.4486923,1736.5853658536585,52.6,17.359715700149536
1365889812.6646724,1970.1219512195123,52.1,17.38934850692749
1365889812.8808267,1753.0487804878048,52.6,17.326292276382446
1365889813.096928,1946.341463414634,52.6,17.370874404907227
1365889813.3128252,1851.219512195122,52.6,17.407922983169556
1365889813.5289783,1898.1707317073171,52.1,17.345831871032715
1365889813.7448108,1979.2682926829268,52.1,17.32596182823181
1365889813.960827,1580.4878048780488,52.6,17.37804675102234
1365889814.1768687,2037.8048780487802,52.6,17.312369108200073
1365889814.392892,1600.6097560975609,52.6,17.367403030395508
1365889814.608871,2042.0731707317073,52.1,17.367244720458984
1365889814.8248906,1634.1463414634145,52.1,17.359057664871216
1365889815.0413537,1482.3170731707319,52.1,17.378084182739258
1365889815.2699122,1667.6829268292684,52.1,18.122830390930176
1365889815.4980488,1550.6097560975609,52.1,17.900075912475586
1365889815.7269793,1480.4878048780488,52.1,17.681252241134644
1365889815.955741,1606.7073170731708,52.1,17.457722187042236
1365889816.1840067,1607.3170731707319,51.5,17.335726499557495
1365889816.4125466,1767.0731707317073,51.5,17.36688780784607
1365889816.6410153,1524.3902439024391,52.1,17.348304986953735
1365889816.869779,1570.7317073170732,51.5,17.372125387191772
1365889817.09829,1518.2926829268292,51.5,17.402400016784668
1365889817.3282518,1464.6341463414633,51.5,17.423290014266968
1365889817.556812,1619.5121951219514,51.5,17.331445693969727
1365889817.785516,1545.7317073170732,51.5,17.40658473968506
1365889818.013701,1597.5609756097563,51.5,17.395180463790894
1365889818.2419426,3040.8536585365855,51.0,17.364484071731567
1365889818.4579697,1670.1219512195123,51.5,17.353178024291992
1365889818.6739717,1953.0487804878048,52.1,17.382984399795532
1365889818.8901446,1625.6097560975609,52.1,17.53670310974121
1365889819.1062016,2018.9024390243903,51.5,17.477185249328613
1365889819.3219326,1950.0,52.1,17.768640518188477
1365889819.537846,1589.6341463414633,52.6,17.553260803222656
1365889819.753465,1576.219512195122,52.1,17.33815288543701
1365889819.9696202,2012.8048780487804,52.6,17.329362392425537
1365889820.1856635,1629.2682926829268,52.1,17.405465126037598
1365889820.4015439,2054.2682926829266,52.6,17.317413091659546
1365889820.6175027,1618.2926829268295,52.1,17.31621766090393
1365889820.8332462,1593.2926829268292,52.1,17.347767114639282
1365889821.0491772,1548.780487804878,52.1,17.327913284301758
1365889821.2773175,1613.4146341463415,52.1,17.396700620651245
1365889821.5057328,1547.560975609756,51.5,17.695160388946533
1365889821.7340746,1512.8048780487804,52.1,17.47086477279663
1365889821.9620202,1795.1219512195123,52.1,17.332470178604126
1365889822.1902747,1771.341463414634,51.5,17.418665885925293
1365889822.4183395,1603.658536585366,51.5,17.356087684631348
1365889822.6466997,1754.2682926829268,51.5,17.361627101898193
1365889822.8746603,1555.4878048780488,52.1,17.364680290222168
1365889823.1027453,1456.7073170731708,51.5,17.335655689239502
1365889823.3309093,1476.8292682926829,51.5,17.345834016799927
1365889823.5594978,1512.8048780487804,51.5,17.327842473983765
1365889823.7877162,1471.3414634146343,51.5,17.325578212738037
1365889824.0171292,1541.4634146341464,51.5,17.333393812179565
1365889824.2455134,1603.658536585366,51.5,17.330114364624023
1365889824.4735606,1651.2195121951218,51.5,17.331733465194702
1365889824.6895726,1918.2926829268292,52.6,17.382566690444946
1365889824.905784,1582.3170731707316,51.5,17.37248682975769
1365889825.1216588,1896.9512195121952,52.1,17.33110785484314
1365889825.337797,1631.7073170731705,52.6,17.361873149871826
1365889825.5537386,1907.9268292682927,52.1,17.337848663330078
1365889825.7696452,1962.1951219512196,52.1,17.31516981124878
1365889825.985795,1783.5365853658536,52.6,17.31754755973816
1365889826.2018588,1814.0243902439024,52.6,17.322382926940918
1365889826.4179788,1918.2926829268292,52.1,17.316637754440308
1365889826.6339166,2034.1463414634147,51.5,17.32327651977539
1365889826.8505573,1803.0487804878048,52.1,17.34518599510193
1365889827.06664,1871.341463414634,52.1,17.372463941574097
1365889827.2826746,1825.0,52.6,17.33432936668396
1365889827.4989173,2040.2439024390242,52.6,17.325666904449463
1365889827.7150848,1597.5609756097563,52.1,17.326854944229126
1365889827.93119,1480.4878048780488,52.1,17.358394384384155
1365889828.159568,1462.8048780487807,52.6,17.373552083969116
1365889828.3877745,1463.4146341463415,51.5,17.356810331344604
1365889828.616054,1464.6341463414633,52.1,17.3361234664917
1365889828.8442605,1485.3658536585365,52.1,17.758631467819214
1365889829.0727682,1462.8048780487807,52.1,17.532362937927246
1365889829.3007882,1496.341463414634,51.5,17.426053285598755
1365889829.5294256,1509.7560975609756,51.5,17.465238571166992
1365889829.7577114,1544.5121951219512,51.5,17.545148372650146
1365889829.985909,1505.4878048780486,51.5,17.366063833236694
1365889830.2140539,1479.878048780488,51.5,17.334521770477295
1365889830.4425387,1609.7560975609756,51.5,17.376423120498657
1365889830.670717,1500.6097560975609,51.5,17.41085720062256
1365889830.899116,1610.3658536585365,51.5,17.357229709625244
1365889831.1278775,1530.4878048780488,51.5,17.467813968658447
1365889831.3465815,2051.219512195122,51.5,17.37154221534729
1365889831.5629508,1865.2439024390244,51.5,17.34148597717285
1365889831.7790575,1708.5365853658536,52.1,17.35140109062195
1365889831.995394,2001.829268292683,52.1,17.410141944885254
1365889832.2114756,1583.5365853658536,52.1,17.351428270339966
1365889832.4275925,1904.8780487804877,51.5,17.33544421195984
1365889832.6437366,1843.2926829268292,52.1,17.344735622406006
1365889832.859762,1814.0243902439024,52.6,17.37902331352234
1365889833.0763319,1854.2682926829268,52.1,17.326029539108276
1365889833.2923188,1594.5121951219512,52.6,17.327205896377563
1365889833.508421,1879.2682926829268,52.6,17.376243114471436
1365889833.7244902,1783.5365853658536,52.1,17.32238268852234
1365889833.940609,1794.5121951219512,52.6,17.3325617313385
1365889834.156791,1964.0243902439024,52.1,17.343088388442993
1365889834.3727014,1812.1951219512196,52.6,17.399447679519653
1365889834.5887449,1826.219512195122,52.6,17.389264822006226
1365889834.8047261,1935.9756097560976,52.1,17.54808473587036
1365889835.0206451,1586.5853658536587,52.1,17.44790029525757
1365889835.2365768,2035.9756097560978,52.6,17.88343596458435
1365889835.4527345,1593.2926829268292,52.6,17.668550968170166
1365889835.668582,1910.9756097560976,52.6,17.512312650680542
1365889835.8846416,1720.1219512195123,52.6,17.314313888549805
1365889836.1009717,2029.8780487804877,52.6,17.31601309776306
1365889836.3169916,1591.4634146341464,52.6,17.326735973358154
1365889836.532824,1916.4634146341464,52.6,17.375637531280518
1365889836.7490911,1595.7317073170732,52.6,17.420363903045654
1365889836.9776928,2643.292682926829,52.6,17.3510160446167
1365889837.2059357,1753.0487804878048,52.6,17.33105969429016
1365889837.4339893,1658.5365853658536,51.5,17.35474395751953
1365889837.6622612,1657.3170731707316,51.5,17.361990451812744
1365889837.8904934,1646.341463414634,51.5,17.375529527664185
1365889838.1184194,1470.7317073170732,51.5,17.387065649032593
1365889838.3469656,1614.6341463414635,51.5,17.364943504333496
1365889838.5754461,1540.2439024390244,52.1,17.362175941467285
1365889838.8040173,1519.5121951219512,51.5,17.357919216156006
1365889839.0320954,1612.1951219512196,52.1,17.41451597213745
1365889839.2603652,1612.1951219512196,51.5,17.383896827697754
1365889839.4885576,1732.3170731707319,51.5,17.34335470199585
1365889839.7169309,1601.219512195122,51.5,17.610171794891357
1365889839.9447885,1576.219512195122,51.5,17.49923300743103
1365889840.1608143,2070.1219512195125,52.6,17.596524238586426
1365889840.3769436,1581.7073170731708,52.1,17.658068418502808
1365889840.5926223,1681.09756097561,52.1,17.444390535354614
1365889840.820726,1643.2926829268292,52.1,17.52465510368347
1365889841.0486186,1472.5609756097563,51.5,17.410013914108276
1365889841.2770529,1494.5121951219514,51.5,17.451607942581177
1365889841.505111,1470.7317073170732,51.5,17.36272883415222
1365889841.7333057,1484.7560975609756,51.5,17.36820960044861
1365889841.9624388,1574.3902439024391,51.5,17.36398720741272
1365889842.19067,1615.2439024390244,51.5,17.337855100631714
1365889842.4189606,1605.4878048780488,51.0,17.332401275634766
1365889842.6471932,1618.2926829268295,51.5,17.332671642303467
1365889842.8759882,1466.4634146341464,51.5,17.337343215942383
1365889843.1041396,1484.7560975609756,51.5,17.465189695358276
1365889843.332458,1475.6097560975609,52.1,17.387855052947998
1365889843.56036,1556.7073170731708,50.5,17.397216796875
1365889843.7886374,1536.5853658536585,51.5,17.38840675354004
1365889844.016858,2020.121951219512,51.5,17.316662073135376
1365889844.2328005,1705.4878048780488,51.5,17.33602023124695
1365889844.4489758,2029.8780487804877,51.5,17.312965393066406
1365889844.6651664,1579.2682926829268,52.1,17.327531576156616
1365889844.8809133,1842.0731707317073,52.6,17.333224773406982
1365889845.0968025,1962.1951219512196,52.1,17.39052653312683
1365889845.3127344,1564.6341463414635,52.1,17.414140462875366
1365889845.5408175,1457.3170731707316,52.1,17.397294282913208
1365889845.7759225,1504.2682926829268,52.1,17.343173503875732
1365889846.0046551,1468.2926829268292,51.5,17.331653356552124
1365889846.2326717,1560.3658536585365,51.0,17.33622980117798
1365889846.4606345,1676.219512195122,51.5,17.344176530838013
1365889846.6887155,1580.4878048780488,51.0,17.365105152130127
1365889846.9169517,1570.7317073170732,51.5,17.46976947784424
1365889847.14517,1515.2439024390244,51.5,17.355244159698486
1365889847.3732843,1465.8536585365853,51.5,17.352099657058716
1365889847.6014893,1504.2682926829268,51.0,17.327813625335693
1365889847.829736,1464.6341463414633,51.5,17.332743406295776
1365889848.058071,1486.5853658536585,51.0,17.33313274383545
1365889848.2865841,1587.1951219512196,51.5,17.41766667366028
1365889848.515204,1610.3658536585365,51.5,17.36497926712036
1365889848.7432244,1611.5853658536585,51.5,17.442184448242188
1365889848.9594173,2741.4634146341464,52.1,17.429222106933594
1365889849.1754327,1820.121951219512,52.1,17.434578895568848
1365889849.3913767,1967.0731707317073,52.1,17.340237379074097
1365889849.607423,1575.609756097561,52.1,17.446082830429077
1365889849.823404,2075.0,52.1,17.502143621444702
1365889850.03941,1578.6585365853657,52.1,17.421700954437256
1365889850.2679381,1718.2926829268292,51.5,17.432603359222412
1365889850.4963953,2168.9024390243903,51.5,17.34272861480713
1365889850.7246604,1524.3902439024391,51.5,17.351303100585938
1365889850.9532914,1473.7804878048782,51.5,17.401586771011353
1365889851.1814687,1459.7560975609756,51.5,17.48665452003479
1365889851.409622,1493.2926829268295,52.1,17.359757900238037
1365889851.6380596,1462.8048780487807,51.5,17.399648427963257
1365889851.8665931,1539.6341463414633,51.0,17.53116226196289
1365889852.0949154,1677.439024390244,51.5,17.450371265411377
1365889852.3231337,1571.341463414634,51.5,17.384551525115967
1365889852.5513613,1558.5365853658536,51.5,17.438913583755493
1365889852.7797182,1575.609756097561,50.5,17.421451091766357
1365889853.0079467,1582.3170731707316,51.5,17.436980485916138
1365889853.235941,1837.1951219512196,51.5,17.39456582069397
1365889853.4517984,1579.2682926829268,51.5,17.513972759246826
1365889853.6676586,2087.8048780487807,51.5,17.341075897216797
1365889853.8836997,1700.609756097561,51.5,17.557907819747925
1365889854.0994897,1591.4634146341464,52.1,17.416584253311157
1365889854.3153596,2015.853658536585,52.1,17.35168147087097
1365889854.5310833,1976.8292682926829,51.5,17.327801942825317
1365889854.7471642,1607.3170731707319,52.6,17.386152982711792
1365889854.9631429,2064.0243902439024,52.1,17.369818210601807
1365889855.17895,1728.0487804878048,51.5,17.404868602752686
1365889855.3947866,1579.2682926829268,52.1,17.335619688034058
1365889855.6105378,1921.9512195121952,52.1,17.45973539352417
1365889855.8264112,1932.9268292682925,52.1,17.33950138092041
1365889856.0424407,1591.4634146341464,52.6,17.381948947906494
1365889856.2584486,2021.3414634146343,52.1,17.390242338180542
1365889856.4742424,1696.341463414634,52.1,17.365576028823853
1365889856.6900048,1572.560975609756,52.1,17.326361417770386
1365889856.9060113,1526.8292682926829,52.1,17.37896203994751
1365889857.1349168,1692.0731707317075,52.1,17.326940059661865
1365889857.3630059,1541.4634146341464,51.5,17.388054370880127
1365889857.5911415,1476.8292682926829,51.5,17.457894325256348
1365889857.8190155,1573.780487804878,52.6,17.43316912651062
1365889858.0477107,1467.6829268292684,51.5,17.40890622138977
1365889858.276094,1548.780487804878,51.5,17.402172088623047
1365889858.504257,1502.439024390244,51.5,17.4128475189209
1365889858.7321782,1517.6829268292681,51.5,17.362221002578735
1365889858.9603941,1537.8048780487804,51.5,17.401232957839966
1365889859.1883938,1734.1463414634147,51.5,17.34290862083435
1365889859.4163034,1508.5365853658536,51.5,17.336366415023804
1365889859.6442013,1502.439024390244,51.5,17.331254482269287
1365889859.8719254,1639.6341463414635,51.5,17.35374116897583
1365889860.100036,1499.390243902439,51.5,17.39807367324829
1365889860.3279629,2000.0,51.5,17.352721214294434
1365889860.5441875,1865.2439024390244,52.1,17.345738887786865
1365889860.7601418,1940.2439024390244,52.6,17.38071346282959
1365889860.975942,1633.5365853658536,52.1,17.328105449676514
1365889861.1919441,1956.0975609756097,52.1,17.63931441307068
1365889861.4079957,1683.5365853658536,52.1,17.424280166625977
1365889861.6236916,1619.5121951219514,52.6,17.337944746017456
1365889861.839403,1749.390243902439,52.1,17.33143186569214
1365889862.0551126,1926.219512195122,52.1,17.340781211853027
1365889862.2708333,2060.9756097560976,52.6,17.339900016784668
1365889862.4867492,1602.439024390244,52.6,17.321913957595825
1365889862.7026079,1767.0731707317073,52.1,17.324745178222656
1365889862.9184487,2043.2926829268295,52.1,17.34755849838257
1365889863.1343503,1662.1951219512193,52.1,17.37324833869934
1365889863.3502715,1841.4634146341464,52.1,17.316184282302856
1365889863.5662785,1866.4634146341464,52.6,17.383070468902588
1365889863.7821612,1586.5853658536587,52.1,17.31370973587036
1365889863.9980497,1960.3658536585367,52.1,17.37596368789673
1365889864.2138734,1932.3170731707316,52.1,17.312797784805298
1365889864.4295833,1711.5853658536587,52.1,17.334879636764526
1365889864.6454704,1639.6341463414635,52.6,17.32271933555603
1365889864.8611662,1925.0,52.1,17.412295818328857
1365889865.076954,2034.7560975609756,52.6,17.3142409324646
1365889865.2929008,1575.609756097561,52.6,17.369245767593384
1365889865.5088418,1940.8536585365855,52.6,17.359256505966187
1365889865.7245784,2070.1219512195125,52.6,17.3951678276062
1365889865.940455,1652.4390243902437,52.6,17.320226907730103
1365889866.156388,1848.1707317073171,52.1,17.329089403152466
1365889866.3722384,2037.1951219512193,52.6,17.343480110168457
1365889866.5881586,1606.7073170731708,52.6,17.33476948738098
1365889866.8039255,1709.1463414634147,52.1,17.428887844085693
1365889867.0198593,2054.8780487804875,52.6,17.362884998321533
1365889867.2357209,1663.4146341463413,52.6,17.400469064712524
1365889867.452182,1799.390243902439,52.1,17.347033262252808
1365889867.6683261,1926.219512195122,52.6,17.359424591064453
1365889867.8846765,1775.0,52.6,17.335557222366333
1365889868.1005883,2054.2682926829266,52.6,17.37051010131836
1365889868.316458,2798.1707317073174,52.6,17.34753155708313
1365889868.5323644,1580.4878048780488,53.2,17.33107852935791
1365889868.7482731,1532.3170731707316,52.6,17.334059715270996
1365889868.97638,1789.0243902439024,52.1,17.343170166015625
1365889869.2045684,1789.0243902439024,52.1,17.452061653137207
1365889869.43291,1791.4634146341464,52.1,17.37828278541565
1365889869.6612802,1578.6585365853657,52.1,17.390209436416626
1365889869.8897805,1485.3658536585365,51.5,17.81166911125183
1365889870.118026,1457.3170731707316,51.5,17.584044218063354
1365889870.3463356,1474.390243902439,51.5,17.370593786239624
1365889870.5741544,1781.0975609756097,51.5,17.76211380958557
1365889870.8022149,1655.4878048780488,51.5,17.62584948539734
1365889871.030403,1572.560975609756,51.5,17.42476511001587
1365889871.2586193,1551.219512195122,52.1,17.495482206344604
1365889871.4867475,1489.6341463414635,51.5,17.40789008140564
1365889871.7147396,1467.6829268292684,51.5,17.352697134017944
1365889871.9430845,1473.7804878048782,51.5,17.373372077941895
1365889872.1621184,1578.6585365853657,52.1,17.347095012664795
1365889872.3781629,2075.0,52.1,17.33415412902832
1365889872.594044,1770.121951219512,51.5,17.328248262405396
1365889872.8099144,1578.6585365853657,52.6,17.398285150527954
1365889873.0260262,1917.0731707317073,52.6,17.430562496185303
1365889873.241956,1582.3170731707316,52.6,17.413753271102905
1365889873.4581454,1456.7073170731708,52.1,17.354856967926025
1365889873.6868336,1642.6829268292681,52.1,17.387693405151367
1365889873.9151866,1593.2926829268292,52.1,17.38616943359375
1365889874.1449227,1499.390243902439,52.1,17.36163091659546
1365889874.3733952,1467.6829268292684,51.5,17.358840227127075
1365889874.601806,1481.7073170731708,51.5,17.337488174438477
1365889874.8298624,1457.3170731707316,51.5,17.34791874885559
1365889875.0578496,1603.658536585366,51.5,17.405064344406128
1365889875.2860367,1764.0243902439024,51.5,17.37418508529663
1365889875.5141134,1728.0487804878048,51.5,17.413633584976196
1365889875.742782,1513.4146341463415,52.1,17.334203481674194
1365889875.9706616,1673.170731707317,51.5,17.363606691360474
1365889876.1990838,1746.341463414634,51.5,17.619808673858643
1365889876.4273818,1754.2682926829268,51.5,17.527596950531006
1365889876.6551225,1467.6829268292684,51.5,17.39448618888855
1365889876.8837316,1752.439024390244,51.5,17.356484174728394
1365889877.0995605,2010.3658536585365,52.1,17.383182048797607
1365889877.3159308,1798.170731707317,52.1,17.40216040611267
1365889877.531892,2900.0,51.5,17.396686553955078
1365889877.7483947,2028.0487804878046,52.1,17.442098379135132
1365889877.9646492,1871.9512195121952,52.1,17.448029279708862
1365889878.1805847,1924.390243902439,52.6,17.343706607818604
1365889878.3966317,1592.6829268292684,52.1,17.422455072402954
1365889878.612656,1964.0243902439024,52.6,17.427411556243896
1365889878.828671,1574.3902439024391,52.1,17.594321966171265
1365889879.0444832,1976.219512195122,52.6,17.6783549785614
1365889879.2601612,2048.7804878048782,52.6,17.548051834106445
1365889879.476014,1734.1463414634147,52.6,17.38329792022705
1365889879.6917543,1599.390243902439,52.1,17.547416925430298
1365889879.9079084,1993.9024390243903,52.6,17.488802433013916
1365889880.1237068,1681.09756097561,52.6,17.52145266532898
1365889880.33973,1770.121951219512,52.1,17.46895122528076
1365889880.5677814,1641.4634146341461,52.1,17.390649795532227
1365889880.7962005,1783.5365853658536,52.1,17.565297842025757
1365889881.0242598,1614.6341463414635,51.5,17.56167221069336
1365889881.2524045,1523.780487804878,51.5,17.450982332229614
1365889881.480282,1488.4146341463415,51.5,17.469242811203003
1365889881.7089212,1524.3902439024391,51.5,17.53162455558777
1365889881.9376533,1613.4146341463415,51.5,17.6064612865448
1365889882.1657531,1718.2926829268292,51.5,17.559738397598267
1365889882.3937905,1651.2195121951218,51.5,17.42765164375305
1365889882.6216495,1474.390243902439,51.5,17.37998080253601
1365889882.8502545,1533.5365853658536,51.5,17.398954153060913
1365889883.0786126,1580.4878048780488,51.5,17.58684730529785
1365889883.3074572,1500.6097560975609,51.5,17.432187795639038
1365889883.535519,1612.1951219512196,51.5,17.4183988571167
1365889883.7539637,2109.756097560976,52.1,17.381354331970215
1365889883.9700997,1925.0,52.1,17.320277214050293
1365889884.1862638,1904.2682926829268,52.1,17.36385416984558
1365889884.4021215,1954.8780487804877,52.1,17.34927248954773
1365889884.6181595,1710.3658536585367,52.6,17.34605050086975
1365889884.8462172,1496.341463414634,51.5,17.404722929000854
1365889885.0743074,1467.6829268292684,51.5,17.411445140838623
1365889885.3023646,1502.439024390244,51.5,17.42931318283081
1365889885.5303924,1619.5121951219514,51.5,17.33129596710205
1365889885.7584257,1751.219512195122,52.1,17.490116834640503
1365889885.987107,1522.560975609756,51.5,17.330729484558105
1365889886.2150705,1716.4634146341464,51.5,17.474812030792236
1365889886.4435923,1549.390243902439,51.5,17.340391874313354
1365889886.6714895,1635.3658536585365,51.5,17.365739107131958
1365889886.8999338,1746.341463414634,51.5,17.363161325454712
1365889887.1280313,1657.3170731707316,51.0,17.325801849365234
1365889887.3566282,1567.6829268292684,51.5,17.327794075012207
1365889887.5849411,1507.3170731707316,51.5,17.34551215171814
1365889887.813117,1620.7317073170732,51.5,17.325112104415894
1365889888.0413337,1935.3658536585365,51.5,17.45792269706726
1365889888.257425,1645.121951219512,52.1,17.372120141983032
1365889888.473383,1876.219512195122,52.1,17.35073232650757
1365889888.6894028,1783.5365853658536,52.1,17.5899338722229
1365889888.9054227,1838.4146341463415,52.1,17.64834237098694
1365889889.1213014,2037.1951219512193,52.1,17.736814498901367
1365889889.3370318,1814.0243902439024,52.1,17.684088945388794
1365889889.5529752,1605.4878048780488,52.1,17.470274209976196
1365889889.768898,2037.8048780487802,52.1,17.37844491004944
1365889889.9848611,1590.2439024390244,52.6,17.37045955657959
1365889890.200717,1814.0243902439024,52.1,17.401975393295288
1365889890.416905,1663.4146341463413,52.6,17.46400499343872
1365889890.6329925,1590.2439024390244,52.1,17.399245023727417
1365889890.8620455,1669.5121951219512,51.5,17.429113626480103
1365889891.090309,1676.219512195122,52.1,17.34963607788086
1365889891.3184938,1606.7073170731708,51.5,17.345448970794678
1365889891.5466542,1525.609756097561,51.5,17.32623791694641
1365889891.774948,1572.560975609756,51.5,17.332868814468384
1365889892.003035,1519.5121951219512,51.5,17.334356784820557
1365889892.2312741,1482.3170731707319,51.0,17.37225914001465
1365889892.4594216,1467.6829268292684,51.5,17.32881212234497
1365889892.6875923,2070.7317073170734,51.5,17.518261671066284
1365889892.9162166,1506.7073170731705,51.0,17.415626287460327
1365889893.1443362,1465.8536585365853,51.5,17.32974123954773
1365889893.3721807,1616.4634146341464,51.5,17.330270767211914
1365889893.6004312,1624.390243902439,51.5,17.37662434577942
1365889893.8286626,1935.9756097560976,51.5,17.402515411376953
1365889894.0445333,1896.9512195121952,52.1,17.463824033737183
1365889894.2604415,1609.7560975609756,52.1,17.46561098098755
1365889894.4763832,2090.8536585365855,52.1,17.327710390090942
1365889894.6927047,1743.2926829268295,52.1,17.360678672790527
1365889894.908724,1446.341463414634,52.1,17.45116114616394
1365889895.136987,1463.4146341463415,51.5,17.39408588409424
1365889895.3649356,1610.3658536585365,51.5,17.3292293548584
1365889895.5932634,1629.2682926829268,51.5,17.347049713134766
1365889895.8224056,1702.439024390244,51.5,17.339237451553345
1365889896.051053,1485.3658536585365,51.5,17.33369779586792
1365889896.279187,1564.6341463414635,51.0,17.36544680595398
1365889896.507138,1670.1219512195123,51.5,17.327579736709595
1365889896.7352226,1559.7560975609756,51.5,17.33530330657959
1365889896.9638915,1626.219512195122,51.5,17.33230948448181
1365889897.191963,1709.1463414634147,50.5,17.34762215614319
1365889897.420258,1758.5365853658536,51.5,17.32744264602661
1365889897.6484628,1680.4878048780488,51.0,17.37988305091858
1365889897.8767757,1747.560975609756,51.5,17.379333972930908
1365889898.1048949,1652.4390243902437,51.5,17.36007833480835
1365889898.3330069,1608.5365853658539,51.5,17.34051275253296
1365889898.549021,1985.3658536585365,51.5,17.607720375061035
1365889898.7649925,1757.3170731707316,51.5,17.41638207435608
1365889898.9808702,1595.7317073170732,52.1,17.327882766723633
1365889899.1967926,2026.219512195122,52.1,17.329647541046143
1365889899.41314,2053.048780487805,52.6,17.349648475646973
1365889899.62935,1589.6341463414633,52.1,17.34001636505127
1365889899.8450909,1576.219512195122,52.6,17.39868187904358
1365889900.061142,1990.2439024390244,51.5,17.41576600074768
1365889900.2771816,1589.6341463414633,51.5,17.48100757598877
1365889900.4933581,1835.9756097560976,52.1,17.36504316329956
1365889900.7093546,1736.5853658536585,52.6,17.332403421401978
1365889900.9256334,1645.121951219512,52.1,17.66785740852356
1365889901.1417751,2031.09756097561,52.6,17.45949077606201
1365889901.3575342,1878.0487804878048,52.6,17.320321321487427
1365889901.573293,1604.2682926829268,52.6,17.328555583953857
1365889901.789215,1870.121951219512,52.1,17.326525926589966
1365889902.0055983,1586.5853658536587,52.1,17.33284282684326
1365889902.2214649,2020.121951219512,52.1,17.357721090316772
1365889902.4375386,1583.5365853658536,52.6,17.348320245742798
1365889902.654115,1606.7073170731708,52.6,17.338218212127686
1365889902.8701143,1996.9512195121952,51.5,17.321049213409424
1365889903.0861607,1672.560975609756,52.1,17.39590048789978
1365889903.3021672,1758.5365853658536,52.1,17.44350838661194
1365889903.530447,1622.560975609756,52.1,17.465810537338257
1365889903.7589903,1492.6829268292684,52.1,17.36700677871704
1365889903.9880338,1767.0731707317073,51.5,17.35234308242798
1365889904.216341,1616.4634146341464,51.5,17.568456649780273
1365889904.4447145,1531.7073170731708,51.5,17.355756521224976
1365889904.6729681,1564.6341463414635,52.1,17.35878586769104
1365889904.9012172,1574.3902439024391,51.5,17.41465997695923
1365889905.1306095,1499.390243902439,51.5,17.378394603729248
1365889905.3586693,1750.6097560975609,51.5,17.32453751564026
1365889905.587286,1468.2926829268292,51.5,17.331507921218872
1365889905.8158298,1562.8048780487804,51.5,17.378934621810913
1365889906.044106,1619.5121951219514,51.5,17.344008207321167
1365889906.2724574,1626.219512195122,51.0,17.374085426330566
1365889906.5011053,1611.5853658536585,51.5,17.370494842529297
1365889906.7295158,1548.780487804878,51.5,17.375394105911255
1365889906.957944,1458.5365853658536,51.5,17.340839624404907
1365889907.1861289,1459.7560975609756,51.5,17.33798623085022
1365889907.414287,1546.3414634146343,52.1,17.344886541366577
1365889907.6426678,1481.7073170731708,51.5,17.384838104248047
1365889907.870881,1513.4146341463415,51.5,17.367944955825806
1365889908.0990586,1559.7560975609756,51.0,17.42741632461548
1365889908.3273122,1580.4878048780488,51.5,17.48735499382019
1365889908.5475907,1605.4878048780488,52.1,17.377813577651978
1365889908.7633505,1586.5853658536587,52.1,17.44031548500061
1365889908.9793487,1996.341463414634,52.1,17.32088017463684
1365889909.1954486,1582.3170731707316,52.1,17.31812047958374
1365889909.411474,1985.9756097560976,51.5,17.317281484603882
1365889909.6275594,1592.6829268292684,52.6,17.39459800720215
1365889909.843474,2059.1463414634145,52.1,17.322034120559692
1365889910.0594883,1546.3414634146343,52.1,17.396715879440308
1365889910.2874334,1460.3658536585367,51.5,17.445531845092773
1365889910.5159392,1497.560975609756,52.1,17.345458030700684
1365889910.744086,1465.8536585365853,51.5,17.35588502883911
1365889910.972193,1482.3170731707319,51.5,17.473775625228882
1365889911.200231,1571.341463414634,51.5,17.511922359466553
1365889911.4281814,1662.1951219512193,51.5,17.47844696044922
1365889911.6561701,1473.7804878048782,51.5,17.578182697296143
1365889911.8841925,1468.2926829268292,51.5,17.44315218925476
1365889912.1123307,1561.5853658536585,51.5,17.64458966255188
1365889912.3403432,1741.4634146341464,50.5,17.474308967590332
1365889912.5683208,2521.3414634146343,51.5,17.39453935623169
1365889912.7968652,1726.219512195122,51.5,17.328176259994507
1365889913.0257914,1474.390243902439,51.0,17.39227271080017
1365889913.2539837,1476.8292682926829,51.5,17.361725091934204
1365889913.4804182,1610.3658536585365,52.1,17.342207193374634
1365889913.6962824,2065.2439024390246,51.5,17.332070112228394
1365889913.9121475,1810.9756097560976,51.5,17.32197880744934
1365889914.128079,1592.6829268292684,51.5,17.34064245223999
1365889914.3438694,1948.1707317073171,52.1,17.334213972091675
1365889914.5596585,1963.4146341463415,51.5,17.320608377456665
1365889914.7756374,1574.3902439024391,52.1,17.332709789276123
1365889914.9914138,1921.3414634146343,52.1,17.316527128219604
1365889915.207395,1850.0,52.1,17.342393159866333
1365889915.4236486,1993.9024390243903,52.1,17.335009813308716
1365889915.6394804,1871.9512195121952,52.1,17.46738052368164
1365889915.8553836,1581.7073170731708,52.1,17.412967443466187
1365889916.0712438,1970.1219512195123,52.1,17.313180208206177
1365889916.2871838,1777.4390243902437,51.5,17.39291548728943
1365889916.5030696,1591.4634146341464,52.6,17.376825094223022
1365889916.7190337,2092.0731707317077,52.6,17.322296380996704
1365889916.9348655,1725.6097560975609,52.1,17.355225086212158
1365889917.1506875,1590.2439024390244,52.1,17.388917684555054
1365889917.3669348,1781.0975609756097,52.6,17.519343614578247
1365889917.582762,1589.6341463414633,52.6,17.413856267929077
1365889917.7988343,2029.2682926829268,52.6,17.427492141723633
1365889918.014615,1718.2926829268292,52.1,17.335240602493286
1365889918.2305446,1739.6341463414635,52.1,17.323323249816895
1365889918.447085,1588.4146341463415,52.6,17.312350034713745
1365889918.662994,1518.2926829268292,52.1,17.36136817932129
1365889918.891072,1787.1951219512193,52.6,17.363272666931152
1365889919.1193707,1614.6341463414635,51.5,17.33170175552368
1365889919.3475902,1770.121951219512,52.1,17.37803363800049
1365889919.5763566,1467.6829268292684,51.5,17.33815312385559
1365889919.8044784,1461.5853658536587,51.5,17.32862615585327
1365889920.0325305,1579.2682926829268,51.5,17.37748670578003
1365889920.2608447,1533.5365853658536,51.5,17.409847021102905
1365889920.4902604,1493.2926829268295,51.5,17.519018411636353
1365889920.718797,1532.3170731707316,51.5,17.588968753814697
1365889920.9468567,1470.7317073170732,51.0,17.36378264427185
1365889921.1748517,1556.7073170731708,51.5,17.676263570785522
1365889921.402881,1689.6341463414635,51.5,17.452896118164062
1365889921.6308138,1474.390243902439,51.5,17.547487020492554
1365889921.8587375,2070.7317073170734,52.1,17.769240617752075
1365889922.0743947,1902.4390243902437,52.6,17.55655789375305
1365889922.290113,1694.5121951219512,51.5,17.532198429107666
1365889922.506169,1948.1707317073171,52.1,17.3744797706604
1365889922.7219596,1985.3658536585365,52.1,17.32752537727356
1365889922.938009,1581.7073170731708,52.1,17.314178466796875
1365889923.15397,2043.2926829268295,52.1,17.348356246948242
1365889923.3698087,1748.1707317073171,52.1,17.35596489906311
1365889923.585775,1760.3658536585365,52.1,17.33797836303711
1365889923.8016531,2053.048780487805,52.6,17.32484245300293
1365889924.0178173,1577.439024390244,52.6,17.347386360168457
1365889924.2343209,1629.2682926829268,52.1,17.340465307235718
1365889924.4625394,1570.7317073170732,52.1,17.367793798446655
1365889924.6905909,1498.780487804878,51.5,17.451534032821655
1365889924.9188874,1472.5609756097563,51.5,17.331298112869263
1365889925.1472888,1906.0975609756097,51.5,17.346565008163452
1365889925.3752062,1477.439024390244,51.5,17.34770441055298
1365889925.6037285,1480.4878048780488,51.5,17.323785066604614
1365889925.8320184,1489.6341463414635,51.5,17.330867767333984
1365889926.0602574,1474.390243902439,51.5,17.40837049484253
1365889926.288352,1465.8536585365853,51.5,17.452468872070312
1365889926.5162945,1597.5609756097563,51.5,17.334734201431274
1365889926.74408,1589.6341463414633,51.5,17.347012519836426
1365889926.972784,1615.2439024390244,51.5,17.337031841278076
1365889927.2008038,1691.4634146341464,51.5,17.404057264328003
1365889927.4288476,1519.5121951219512,51.5,17.452332258224487
1365889927.657108,1582.3170731707316,51.5,17.35308051109314
1365889927.8730159,1898.1707317073171,51.5,17.323277235031128
1365889928.0888972,1965.2439024390244,52.1,17.339131593704224
1365889928.3049219,1579.2682926829268,51.5,17.327232360839844
1365889928.520939,1498.780487804878,52.1,17.33385968208313
1365889928.7490966,1578.6585365853657,52.1,17.827248573303223
1365889928.9773786,1569.5121951219512,51.5,17.600501775741577
1365889929.20522,1635.3658536585365,51.5,17.84319233894348
1365889929.4331021,1475.6097560975609,51.5,17.622970581054688
1365889929.6609352,1773.1707317073171,51.5,17.43981909751892
1365889929.88903,1678.658536585366,51.5,17.47494387626648
1365889930.1173406,1699.3902439024391,51.5,17.426531076431274
1365889930.345671,1728.0487804878048,51.0,17.3410165309906
1365889930.573855,1695.121951219512,51.5,17.349318742752075
1365889930.8020349,1656.7073170731708,51.5,17.44832491874695
1365889931.0304646,1721.3414634146343,50.5,17.73851203918457
1365889931.258361,1708.5365853658536,51.5,17.530049800872803
1365889931.4878387,1599.390243902439,51.5,17.32598376274109
1365889931.7159922,1505.4878048780486,51.0,17.339777946472168
1365889931.9441845,1686.5853658536585,51.5,17.326547861099243
1365889932.160095,1799.390243902439,51.5,17.42390537261963
1365889932.3763504,1602.439024390244,52.1,17.46353816986084
1365889932.5921326,1596.3414634146343,51.5,17.422919988632202
1365889932.808248,1857.3170731707319,52.1,17.430304527282715
1365889933.024131,1583.5365853658536,51.5,17.426728010177612
1365889933.2398608,1803.0487804878048,52.1,17.602840185165405
1365889933.4558456,1875.0,51.5,18.091420888900757
1365889933.67168,1588.4146341463415,52.1,18.20891785621643
1365889933.8877037,2087.19512195122,52.6,17.993745803833008
1365889934.1035569,1450.609756097561,51.5,17.780646800994873
1365889934.3316355,1522.560975609756,52.1,17.553544759750366
1365889934.5596097,1790.2439024390244,51.5,17.34090542793274
1365889934.7881079,1537.8048780487804,51.5,17.36116671562195
1365889935.016456,1492.6829268292684,52.1,17.44134259223938
1365889935.2450557,1498.780487804878,51.5,17.417049169540405
1365889935.4733188,1487.8048780487804,51.5,17.36374592781067
1365889935.7017777,1605.4878048780488,51.5,17.34281015396118
1365889935.9299643,1565.2439024390244,51.5,17.373647451400757
1365889936.1582644,1604.2682926829268,51.5,17.388051986694336
1365889936.3873377,2260.975609756097,51.5,17.34491276741028
1365889936.615968,1976.219512195122,51.5,17.432359218597412
1365889936.844136,1590.2439024390244,51.5,17.356128931045532
1365889937.072565,1706.0975609756097,51.5,17.327616453170776
1365889937.3003476,1471.3414634146343,51.5,17.4315824508667
1365889937.528664,1735.3658536585365,51.5,17.43816590309143
1365889937.7445514,1597.5609756097563,51.5,17.323933839797974
1365889937.9604464,2079.2682926829266,52.1,17.342703580856323
1365889938.1767051,1718.2926829268292,52.6,17.32291531562805
1365889938.3927255,1461.5853658536587,51.5,17.340277194976807
1365889938.6208978,1507.3170731707316,51.5,17.36389708518982
1365889938.8495665,1585.3658536585367,51.5,17.529865026474
1365889939.0778913,1539.6341463414633,51.5,17.557827472686768
1365889939.3058634,1475.6097560975609,51.5,17.53636407852173
1365889939.5342653,1574.3902439024391,50.5,17.43444275856018
1365889939.7623856,1475.6097560975609,51.0,17.4341082572937
1365889939.9909914,1569.5121951219512,51.5,17.361108779907227
1365889940.2203915,1653.6585365853657,51.5,17.334869623184204
1365889940.448687,1650.609756097561,51.5,17.32529926300049
1365889940.676814,1584.7560975609756,50.5,17.33486819267273
1365889940.905071,1550.6097560975609,51.5,17.453424215316772
1365889941.1332011,1469.5121951219512,51.5,17.376441478729248
1365889941.3615534,1537.8048780487804,51.0,17.387033224105835
1365889941.5896916,1468.2926829268292,51.5,17.319610595703125
1365889941.8117723,1546.3414634146343,51.0,17.342209100723267
1365889942.0399806,1527.4390243902437,51.5,17.32693386077881
1365889942.2681143,1474.390243902439,51.0,17.33616280555725
1365889942.4964194,1488.4146341463415,51.5,17.328438758850098
1365889942.7245972,1530.4878048780488,51.5,17.36867666244507
1365889942.9527087,1476.8292682926829,51.5,17.443559408187866
1365889943.181056,1455.4878048780488,51.0,17.44466781616211
1365889943.4088671,1792.0731707317073,50.5,17.41007089614868
1365889943.6371214,1773.1707317073171,51.5,17.347838401794434
1365889943.8648248,1467.6829268292684,51.0,17.361522436141968
1365889944.0931761,1471.3414634146343,51.5,17.335256099700928
1365889944.3215003,1499.390243902439,51.0,17.3532657623291
1365889944.5497591,1524.3902439024391,51.0,17.357768058776855
1365889944.777985,1569.5121951219512,51.5,17.330610990524292
1365889945.0067055,1780.4878048780488,51.5,17.351701736450195
1365889945.2341402,2079.2682926829266,51.5,17.326791524887085
1365889945.4499197,1867.0731707317075,52.1,17.429041624069214
1365889945.6658764,1582.3170731707316,51.5,17.393755197525024
1365889945.881759,2048.7804878048782,51.5,17.318140506744385
1365889946.097597,1786.5853658536585,52.1,17.344069004058838
1365889946.3134792,1583.5365853658536,52.1,17.357325792312622
1365889946.5294352,2372.560975609756,51.5,17.4950008392334
1365889946.7453802,1631.7073170731705,52.1,29.974645137786865
1365889946.9613051,1896.9512195121952,52.1,29.759784936904907
1365889947.1775088,1504.2682926829268,51.5,29.544800281524658
1365889947.4055722,1479.878048780488,51.5,29.317624807357788
1365889947.633197,1673.170731707317,51.5,29.09056520462036
1365889947.8615913,1730.4878048780488,51.5,28.862675428390503
1365889948.089573,1531.7073170731708,51.5,28.63520646095276
1365889948.3176548,2436.5853658536585,51.0,28.407604694366455
1365889948.5458453,1462.8048780487807,51.0,28.179960012435913
1365889948.7739246,1791.4634146341464,51.0,27.95236372947693
1365889949.0019133,1748.1707317073171,51.5,27.724853038787842
1365889949.2299113,1597.5609756097563,51.5,27.497329711914062
1365889949.4578698,1470.7317073170732,51.5,27.269845962524414
1365889949.686025,1469.5121951219512,51.5,27.042185306549072
1365889949.914197,1606.7073170731708,50.5,26.8146071434021
1365889950.1423304,1576.219512195122,51.0,26.58700966835022
1365889950.370344,1699.3902439024391,51.0,26.35951280593872
1365889950.58795,1735.3658536585365,51.5,26.142417669296265
1365889950.8037267,1998.780487804878,51.5,25.927234888076782
1365889951.0194192,2034.7560975609756,52.1,25.712126970291138
1365889951.2350225,2081.7073170731705,52.1,25.497251272201538
1365889951.450847,1609.7560975609756,51.5,25.28241991996765
1365889951.666681,1755.4878048780486,52.1,25.067498683929443
1365889951.8832958,1815.2439024390244,51.5,24.85324454307556
1365889952.0989883,1996.341463414634,52.1,24.638587713241577
1365889952.3147638,1971.9512195121952,51.5,24.42416214942932
1365889952.5304701,1738.4146341463415,51.5,24.20938014984131
1365889952.7463975,1766.4634146341461,52.1,23.99433469772339
1365889952.9622269,2042.0731707317073,52.1,23.779426336288452
1365889953.1782446,1542.6829268292684,52.1,23.564621210098267
1365889953.4064584,1486.5853658536585,51.5,23.33726930618286
1365889953.634207,1645.121951219512,52.1,23.110336780548096
1365889953.8623967,1788.4146341463413,51.5,22.882795810699463
1365889954.090314,1582.3170731707316,51.5,22.655528783798218
1365889954.3179572,1602.439024390244,51.5,22.428465127944946
1365889954.545919,1647.560975609756,51.5,22.201074838638306
1365889954.7737868,1466.4634146341464,51.5,21.97383952140808
1365889955.0019453,1489.6341463414635,51.0,21.74622678756714
1365889955.2298687,1766.4634146341461,50.5,21.5189368724823
1365889955.4580057,2250.0,51.0,21.2913179397583
1365889955.6862178,1722.5609756097563,51.5,21.063727617263794
1365889955.9142776,1554.2682926829268,50.5,20.836233377456665
1365889956.1430829,1572.560975609756,51.5,20.608214855194092
1365889956.3708127,1594.5121951219512,51.0,20.381203413009644
1365889956.5987842,1880.4878048780486,51.5,20.15393090248108
1365889956.814611,1624.390243902439,51.5,19.938803911209106
1365889957.0425673,1466.4634146341464,51.5,19.711474895477295
1365889957.2705007,1620.7317073170732,51.5,19.484175205230713
1365889957.498371,1546.3414634146343,51.0,19.39151430130005
1365889957.72642,1464.6341463414633,51.5,19.1641845703125
1365889957.9541256,1794.5121951219512,51.5,18.937285900115967
1365889958.182187,1616.4634146341464,51.5,18.70999526977539
1365889958.4104483,1617.6829268292684,51.5,18.482698678970337
1365889958.6383743,1459.7560975609756,51.0,18.255500078201294
1365889958.866636,1473.7804878048782,51.5,18.02778196334839
1365889959.095825,1474.390243902439,51.5,17.799280405044556
1365889959.3241248,1702.439024390244,51.5,17.571616649627686
1365889959.5519583,1769.5121951219512,51.5,17.384727478027344
1365889959.779754,1491.4634146341464,51.5,17.443013429641724
1365889960.0077698,1518.2926829268292,51.0,17.591735363006592
1365889960.2371604,1965.2439024390244,51.5,17.61907148361206
1365889960.4531121,1578.6585365853657,51.5,17.81373643875122
1365889960.6690643,2032.3170731707316,51.5,17.807169437408447
1365889960.8848252,2054.2682926829266,51.5,17.592509031295776
1365889961.100593,1648.1707317073171,52.1,17.606950759887695
1365889961.3165123,1816.4634146341464,51.5,17.52368998527527
1365889961.5323198,2103.048780487805,52.1,20.345541954040527
1365889961.7482362,1648.1707317073171,52.1,20.13607358932495
1365889961.9641376,1885.9756097560976,51.5,19.922526836395264
1365889962.1803267,1673.170731707317,52.6,19.712904453277588
1365889962.3962593,2234.146341463415,51.5,19.49996256828308
1365889962.6119316,1974.390243902439,52.1,19.29276728630066
1365889962.827906,1731.09756097561,52.1,19.080758094787598
1365889963.0438664,1788.4146341463413,52.1,18.869965076446533
1365889963.2597315,2029.8780487804877,51.5,18.659749507904053
1365889963.4757268,1582.3170731707316,52.6,18.44597601890564
1365889963.6916134,1909.1463414634147,52.1,18.23280119895935
1365889963.907605,1772.560975609756,52.1,18.020155906677246
1365889964.1243043,1672.560975609756,52.1,17.806792974472046
1365889964.3403814,1979.2682926829268,52.1,17.596811771392822
1365889964.556488,1592.6829268292684,52.6,17.41562509536743
1365889964.772417,2139.0243902439024,52.6,17.41500735282898
1365889964.9885159,1769.5121951219512,52.1,17.322288274765015
1365889965.2045193,1903.0487804878048,52.6,17.41454792022705
1365889965.4205565,1746.341463414634,52.6,17.316540718078613
1365889965.6365974,1860.9756097560976,52.6,17.317654609680176
1365889965.8524902,1968.2926829268292,52.1,17.3503098487854
1365889966.0683942,1577.439024390244,52.6,17.362807750701904
1365889966.2843065,1927.439024390244,52.6,17.36889410018921
1365889966.5003772,1657.3170731707316,52.1,17.325413942337036
1365889966.7164073,1912.1951219512193,51.5,17.315744161605835
1365889966.9325259,1618.2926829268295,52.1,17.327720880508423
1365889967.1484907,1895.121951219512,52.6,17.316866874694824
1365889967.3643012,1495.7317073170732,52.1,17.337355613708496
1365889967.5922854,1761.5853658536585,52.1,17.34874677658081
1365889967.8209321,1461.5853658536587,52.1,17.328391551971436
1365889968.049131,1477.439024390244,52.1,17.380504846572876
1365889968.2776382,1478.658536585366,51.5,17.368074893951416
1365889968.5061452,1696.341463414634,51.5,17.326004028320312
1365889968.7347653,1560.3658536585365,51.5,17.333285093307495
1365889968.9631317,1565.2439024390244,51.5,17.366047143936157
1365889969.1911654,1729.2682926829268,51.5,17.341499090194702
1365889969.4195902,1628.658536585366,51.5,17.355092763900757
1365889969.6477878,1784.1463414634147,51.5,17.409403085708618
1365889969.8760586,1778.0487804878048,51.5,17.342618227005005
1365889970.1039798,1586.5853658536587,51.5,17.343034744262695
1365889970.332148,1550.6097560975609,51.5,17.329206228256226
1365889970.5601892,1458.5365853658536,51.5,17.397398948669434
1365889970.7880313,1937.1951219512196,51.5,17.466715812683105
1365889971.003877,1934.1463414634145,52.1,17.686746835708618
1365889971.2198608,1605.4878048780488,51.5,17.586155652999878
1365889971.435739,1996.9512195121952,52.1,17.530381202697754
1365889971.651608,1852.439024390244,52.1,17.46445941925049
1365889971.8675501,1597.5609756097563,52.6,17.394761562347412
1365889972.0833066,1918.9024390243903,52.6,17.419438123703003
1365889972.2991369,1953.0487804878048,52.1,17.329724073410034
1365889972.5150096,1586.5853658536587,52.1,17.312119960784912
1365889972.7308853,1845.1219512195123,52.1,17.32131266593933
1365889972.9468954,1454.8780487804877,52.1,17.327604293823242
1365889973.1757905,1795.1219512195123,52.1,17.351020336151123
1365889973.4039328,1949.3902439024391,51.5,17.363664150238037
1365889973.6322424,1731.09756097561,51.5,17.39484477043152
1365889973.8604434,1702.439024390244,52.1,17.38078999519348
1365889974.0884671,1533.5365853658536,52.1,17.36495351791382
1365889974.3166423,1483.5365853658539,51.5,17.3503839969635
1365889974.5445127,1510.3658536585365,51.5,17.33383321762085
1365889974.7726014,1784.1463414634147,50.5,17.363048791885376
1365889975.0006018,1611.5853658536585,51.5,17.35429310798645
1365889975.2285855,1480.4878048780488,51.5,17.4098482131958
1365889975.4568524,1464.6341463414633,51.5,17.432775259017944
1365889975.684798,1469.5121951219512,52.1,17.425403356552124
1365889975.9136024,1720.1219512195123,51.0,17.353888511657715
1365889976.1428564,2579.2682926829266,52.1,17.33250617980957
1365889976.3712647,1594.5121951219512,52.1,17.326992511749268
1365889976.587383,1946.9512195121952,52.1,17.31303334236145
1365889976.803229,1584.7560975609756,51.5,17.35630965232849
1365889977.0193322,2054.2682926829266,52.1,17.34691619873047
1365889977.2353814,1744.5121951219514,52.1,17.33844494819641
1365889977.4512382,1926.219512195122,51.5,17.32149314880371
1365889977.6672723,1892.0731707317073,51.5,17.323174238204956
1365889977.8833294,1840.2439024390244,52.1,17.333905696868896
1365889978.0994246,1723.1707317073171,52.1,17.326772928237915
1365889978.3154457,1850.0,52.1,17.324912071228027
1365889978.5314827,1777.4390243902437,52.1,17.355343341827393
1365889978.7475324,1821.341463414634,52.6,17.383118867874146
1365889978.9635046,1884.1463414634145,52.1,17.319697380065918
1365889979.1794376,1579.2682926829268,52.1,17.378632068634033
1365889979.3953924,2035.9756097560978,52.6,17.32953381538391
1365889979.611296,1708.5365853658536,52.6,17.382222175598145
1365889979.8272784,1846.3414634146343,52.6,17.48580574989319
1365889980.0436022,1586.5853658536587,52.1,17.48783564567566
1365889980.259642,1542.6829268292684,52.1,17.375781059265137
1365889980.4879155,1548.780487804878,52.1,17.51975417137146
1365889980.7167046,1557.3170731707316,52.6,17.4544358253479
1365889980.9448173,1551.219512195122,51.5,17.389261960983276
1365889981.173832,1612.1951219512196,51.5,17.345669746398926
1365889981.4016678,1704.2682926829268,51.5,17.364611625671387
1365889981.6302834,1570.7317073170732,51.5,17.358954429626465
1365889981.8582516,1707.3170731707316,51.5,17.405146598815918
1365889982.0864804,1678.658536585366,51.5,17.376007318496704
1365889982.3147342,1704.2682926829268,51.5,17.350837469100952
1365889982.5433812,1518.2926829268292,51.5,17.327229261398315
1365889982.771973,1476.8292682926829,51.5,17.334142208099365
1365889983.0004976,1607.3170731707319,51.5,17.41685724258423
1365889983.228609,1519.5121951219512,51.5,17.409467220306396
1365889983.456684,1828.0487804878048,51.5,17.318353414535522
1365889983.672427,1608.5365853658539,51.5,17.372899055480957
1365889983.8885205,2051.829268292683,51.5,17.555602550506592
1365889984.1043205,1818.2926829268292,52.1,17.38150429725647
1365889984.3201694,1577.439024390244,52.1,17.396860599517822
1365889984.536105,3057.9268292682927,51.5,17.65104603767395
1365889984.7519686,1812.1951219512196,52.1,17.438802003860474
1365889984.9679363,1574.3902439024391,52.6,17.326132774353027
1365889985.1838484,2062.8048780487807,52.1,17.358532667160034
1365889985.3997617,1632.3170731707316,52.1,17.313632488250732
1365889985.615762,1902.4390243902437,52.1,17.34539532661438
1365889985.8316708,1887.1951219512196,52.1,17.35886526107788
1365889986.0475798,1642.6829268292681,52.1,17.350248098373413
1365889986.263357,1865.2439024390244,52.1,17.32792043685913
1365889986.4793887,1773.1707317073171,52.6,17.322561979293823
1365889986.6957414,2054.8780487804875,52.6,17.357763290405273
1365889986.9116929,1578.6585365853657,52.6,17.348460912704468
1365889987.1277235,2021.9512195121952,52.6,17.314176559448242
1365889987.3436046,1786.5853658536585,51.5,17.31265115737915
1365889987.5594513,1576.219512195122,52.1,17.32119607925415
1365889987.7754889,2048.7804878048782,52.6,17.320696115493774
1365889987.9915612,1588.4146341463415,52.1,17.325040102005005
1365889988.2075803,2078.048780487805,52.1,17.3637433052063
1365889988.423326,2000.0,52.1,17.355113744735718
1365889988.6401286,1505.4878048780486,52.6,17.365312814712524
1365889988.8682048,1482.3170731707319,52.1,17.401520252227783
1365889989.0961907,1556.7073170731708,52.1,17.417977333068848
1365889989.324264,1796.3414634146343,52.1,17.35690689086914
1365889989.5522346,1567.6829268292684,51.5,17.34688901901245
1365889989.7803862,1502.439024390244,52.1,17.339176177978516
1365889990.0084636,1467.6829268292684,51.5,17.356449604034424
1365889990.236894,1488.4146341463415,52.1,17.334782600402832
1365889990.4661148,1473.7804878048782,52.1,17.35780429840088
1365889990.6941803,1568.2926829268292,51.5,17.33052682876587
1365889990.9223962,1521.341463414634,51.5,17.335440397262573
1365889991.1504614,1620.7317073170732,51.5,17.33018660545349
1365889991.3784535,1673.170731707317,52.1,17.332179069519043
1365889991.6072962,1471.3414634146343,51.5,17.482900619506836
1365889991.835072,1694.5121951219512,51.5,17.369272232055664
1365889992.063066,1583.5365853658536,52.1,17.367017030715942
1365889992.2791178,2087.8048780487807,52.6,17.377280473709106
1365889992.4954376,1601.219512195122,52.6,17.41226100921631
1365889992.7112281,2015.853658536585,52.6,17.355039358139038
1365889992.927326,1575.609756097561,51.5,17.404762268066406
1365889993.143146,1812.1951219512196,52.1,17.38549017906189
1365889993.3590136,2048.1707317073174,52.1,17.42631506919861
1365889993.5748584,1673.170731707317,52.1,17.33359169960022
1365889993.7911463,2020.121951219512,52.1,17.563126802444458
1365889994.0071073,1570.7317073170732,52.6,17.524085521697998
1365889994.2228575,1821.341463414634,52.1,17.343775033950806
1365889994.4391944,1588.4146341463415,52.6,17.470345973968506
1365889994.6550484,2832.317073170732,52.1,17.428648233413696
1365889994.8709629,1928.0487804878048,52.6,17.467646598815918
1365889995.0868416,1589.6341463414633,52.6,17.336567640304565
1365889995.3027303,1885.3658536585365,52.1,17.345306873321533
1365889995.5188093,1712.1951219512196,52.1,17.36420226097107
1365889995.7347002,1773.1707317073171,52.6,17.38884449005127
1365889995.9506783,1976.8292682926829,52.1,17.350037574768066
1365889996.1667778,1589.6341463414633,52.1,17.54869246482849
1365889996.3826635,2045.121951219512,52.6,17.55513906478882
1365889996.5987635,1576.219512195122,52.6,17.545441150665283
1365889996.82717,1683.5365853658536,52.1,17.4595148563385
1365889997.0557528,1569.5121951219512,52.1,18.156590461730957
1365889997.2841597,1490.8536585365855,51.5,17.929139614105225
1365889997.5121815,1620.7317073170732,52.1,17.701701879501343
1365889997.7403061,1862.1951219512196,51.5,17.552698850631714
1365889997.9684367,1637.1951219512196,51.5,17.540876626968384
1365889998.1966362,1611.5853658536585,51.5,17.353928089141846
1365889998.4251955,1744.5121951219514,51.5,17.45361351966858
1365889998.6534445,1672.560975609756,51.0,17.950632095336914
1365889998.882279,1465.8536585365853,51.5,17.723190784454346
1365889999.1105213,1478.658536585366,51.5,17.507632970809937
1365889999.3393319,1830.4878048780488,51.5,17.795087099075317
1365889999.5682425,1575.609756097561,51.5,17.56726622581482
1365889999.7964942,1647.560975609756,52.1,17.452813863754272
1365890000.0125442,1993.9024390243903,51.5,17.52862048149109
1365890000.2288601,1578.6585365853657,51.5,17.40870761871338
1365890000.4447014,2064.0243902439024,52.1,17.518950700759888
1365890000.6608596,1600.6097560975609,52.1,17.376265287399292
1365890000.8769383,2062.8048780487807,51.5,17.451441526412964
1365890001.093317,1948.1707317073171,51.5,17.490437030792236
1365890001.3094642,1591.4634146341464,52.6,17.42331075668335
1365890001.5256364,2034.7560975609756,52.6,17.390335083007812
1365890001.741604,1588.4146341463415,52.6,17.487586736679077
1365890001.957758,2037.1951219512193,52.1,17.758447408676147
1365890002.173859,1599.390243902439,52.1,18.000699996948242
1365890002.389683,2090.2439024390246,52.6,18.335535049438477
1365890002.6056318,1783.5365853658536,52.6,18.120429277420044
1365890002.8216105,1748.1707317073171,52.6,17.904979467391968
1365890003.0376923,1840.2439024390244,52.6,17.689454793930054
1365890003.2534592,1578.6585365853657,52.6,17.578372478485107
1365890003.4694533,2034.1463414634147,52.1,17.467857837677002
1365890003.685511,1668.2926829268292,52.1,17.37371301651001
1365890003.901539,1951.829268292683,52.6,17.707802295684814
1365890004.1176565,1606.7073170731708,52.6,17.494017362594604
1365890004.3335304,1824.3902439024391,52.6,17.55066156387329
1365890004.5494034,2017.0731707317073,53.2,17.69476580619812
1365890004.7652245,1485.3658536585365,52.1,17.512265920639038
1365890004.9935918,1538.4146341463413,52.1,17.786065101623535
1365890005.222617,1467.6829268292684,52.1,17.561490297317505
1365890005.4506924,1547.560975609756,51.5,17.459375143051147
1365890005.6789775,1688.4146341463415,52.1,17.365652799606323
1365890005.9082887,1548.780487804878,51.5,17.5521240234375
1365890006.1371539,1654.2682926829268,52.1,17.589383363723755
1365890006.3658059,1587.1951219512196,51.5,18.13439965248108
1365890006.5942018,1495.7317073170732,51.5,17.906681060791016
1365890006.8222704,1630.4878048780486,51.5,17.679194450378418
1365890007.0508313,1472.5609756097563,51.5,17.45137596130371
1365890007.2792583,1470.7317073170732,52.1,17.338316202163696
1365890007.507607,1481.7073170731708,51.5,17.383307218551636
1365890007.7358785,1485.3658536585365,51.5,17.38562035560608
1365890007.9643703,1606.7073170731708,51.5,17.3598849773407
1365890008.1927278,1775.0,52.1,17.45102286338806
1365890008.4087327,1965.8536585365853,52.6,17.485482454299927
1365890008.6246269,1592.6829268292684,51.5,17.950635194778442
1365890008.840807,2029.2682926829268,52.1,17.86868143081665
1365890009.0567892,1694.5121951219512,52.1,17.74353837966919
1365890009.272528,1785.3658536585367,52.6,17.528700828552246
1365890009.4885297,1921.3414634146343,52.1,17.70635485649109
1365890009.704534,1587.1951219512196,52.1,17.703115940093994
1365890009.9204857,2110.9756097560976,52.6,17.673601865768433
1365890010.136477,1600.6097560975609,52.1,17.47685694694519
1365890010.352279,1764.0243902439024,52.6,17.519787788391113
1365890010.5683908,1810.9756097560976,52.6,17.493502378463745
1365890010.7840638,1567.6829268292684,52.1,17.331490755081177
1365890011.012612,1675.6097560975609,51.5,17.40499234199524
1365890011.2407603,1641.4634146341461,51.5,17.7001314163208
1365890011.4690607,1614.6341463414635,51.5,17.564685821533203
1365890011.6971288,1526.8292682926829,52.1,17.438281297683716
1365890011.9251933,1462.8048780487807,51.5,17.411808967590332
1365890012.1530666,1638.4146341463415,51.5,17.375135898590088
1365890012.3821583,1632.3170731707316,51.5,17.445659637451172
1365890012.6104648,1680.4878048780488,51.5,17.35461711883545
1365890012.839041,1577.439024390244,51.5,17.367799282073975
1365890013.0671842,1763.4146341463415,51.0,17.375870943069458
1365890013.2955914,1570.7317073170732,51.5,17.44989538192749
1365890013.523718,1782.3170731707316,51.5,17.461723566055298
1365890013.7520785,1585.3658536585367,51.5,17.344420909881592
1365890013.9807081,1810.9756097560976,51.5,17.402307987213135
1365890014.1967833,1875.0,51.5,17.665951251983643
1365890014.41278,1857.3170731707319,52.1,17.564908981323242
1365890014.628653,1612.1951219512196,52.1,17.54808807373047
1365890014.8445284,1960.3658536585367,51.5,17.65558362007141
1365890015.06032,1971.9512195121952,52.6,17.71360993385315
1365890015.276357,1577.439024390244,52.1,17.616130113601685
1365890015.4924867,1913.4146341463413,52.6,17.40091586112976
1365890015.7084703,1590.2439024390244,52.1,17.598553895950317
1365890015.925189,1796.3414634146343,52.1,17.383644342422485
1365890016.1410735,2035.9756097560978,52.6,17.449748516082764
1365890016.3570328,1610.3658536585365,52.1,17.42129421234131
1365890016.573049,2021.3414634146343,52.6,17.486643075942993
1365890016.7892601,1586.5853658536587,52.1,17.340686559677124
1365890017.006188,1960.3658536585367,52.1,17.39914107322693
1365890017.2223043,1581.7073170731708,52.6,17.351998567581177
1365890017.4384427,2081.7073170731705,52.6,17.5720477104187
1365890017.6543005,1716.4634146341464,52.6,17.427258253097534
1365890017.8700786,1579.2682926829268,52.6,17.36981177330017
1365890018.0862572,1881.0975609756097,52.6,17.36943745613098
1365890018.3021832,1588.4146341463415,52.1,17.36953902244568
1365890018.5182724,2010.3658536585365,52.1,17.363457918167114
1365890018.734432,1776.2195121951218,52.1,17.435259103775024
1365890018.9504895,1467.6829268292684,52.1,17.394341945648193
1365890019.1787434,1459.7560975609756,52.1,17.44318723678589
1365890019.4071019,1491.4634146341464,51.5,17.479825258255005
1365890019.6365464,1490.8536585365855,51.5,17.502995014190674
1365890019.8646884,1474.390243902439,51.5,17.590006589889526
1365890020.0930166,1474.390243902439,51.5,17.579057693481445
1365890020.3214028,1521.341463414634,51.5,17.449012279510498
1365890020.5501754,1621.341463414634,51.5,17.418960094451904
1365890020.778596,1499.390243902439,51.5,17.532307386398315
1365890021.006755,1561.5853658536585,51.5,17.561851501464844
1365890021.2349434,1573.780487804878,51.5,17.41251230239868
1365890021.4638782,1597.5609756097563,51.5,17.419480323791504
1365890021.6926963,1520.7317073170732,51.5,17.394411325454712
1365890021.9209082,1560.3658536585365,51.5,17.34906268119812
1365890022.1494017,1885.3658536585365,51.5,17.759491443634033
1365890022.3655427,1813.4146341463415,51.5,18.767590761184692
1365890022.5814605,1946.9512195121952,52.1,18.55964970588684
1365890022.7975025,1658.5365853658536,52.1,18.344467163085938
1365890023.0134122,2046.9512195121952,52.1,18.12933039665222
1365890023.229248,1771.341463414634,51.5,17.914313077926636
1365890023.4450462,1588.4146341463415,51.5,17.894741773605347
1365890023.660978,2225.0,52.6,17.679658889770508
1365890023.8770168,1641.4634146341461,52.6,17.464396238327026
1365890024.0928917,1781.0975609756097,52.6,17.332666397094727
1365890024.3092132,1574.3902439024391,52.1,17.327555418014526
1365890024.5258298,1599.390243902439,52.1,17.3908634185791
1365890024.7422605,1690.2439024390244,52.1,17.328710079193115
1365890024.9583397,1608.5365853658539,52.6,18.048534154891968
1365890025.1870072,1471.3414634146343,51.5,17.820948600769043
1365890025.4150822,1490.8536585365855,51.5,17.594012022018433
1365890025.6430762,1775.0,51.5,17.46730899810791
1365890025.8707306,1466.4634146341464,51.5,17.374130249023438
1365890026.099478,1718.2926829268292,51.5,17.638622760772705
1365890026.3277538,1699.3902439024391,51.5,17.447506189346313
1365890026.5565066,1467.6829268292684,51.5,17.407296895980835
1365890026.784534,1549.390243902439,51.5,17.486300230026245
1365890027.0132163,1489.6341463414635,51.5,17.461891889572144
1365890027.2416215,2509.756097560976,52.1,17.572569608688354
1365890027.4703798,1588.4146341463415,51.5,17.496681213378906
1365890027.6984146,1703.6585365853657,51.0,17.600248336791992
1365890027.926758,1591.4634146341464,51.5,17.820707321166992
1365890028.155833,1610.3658536585365,51.0,17.595481157302856
1365890028.3795667,1796.3414634146343,51.5,17.451035022735596
1365890028.5958326,2048.1707317073174,52.1,17.5214204788208
1365890028.8118646,1545.7317073170732,51.5,17.831972360610962
1365890029.040892,1473.7804878048782,51.5,17.60605478286743
1365890029.2696013,1776.2195121951218,51.5,17.382144927978516
1365890029.4983342,1516.4634146341461,51.5,17.39863109588623
1365890029.7266972,1486.5853658536585,52.1,17.402973413467407
1365890029.9556541,1749.390243902439,51.5,17.33284306526184
1365890030.1836507,1563.4146341463415,50.5,17.337713956832886
1365890030.412012,1648.1707317073171,51.5,17.339819192886353
1365890030.6408656,1458.5365853658536,51.5,17.3252272605896
1365890030.8692768,1459.7560975609756,50.5,17.49892544746399
1365890031.0976512,1487.8048780487804,51.5,17.341310739517212
1365890031.3261826,1687.1951219512196,51.5,17.535425186157227
1365890031.5544257,1786.5853658536585,51.5,17.330912351608276
1365890031.7827847,1692.0731707317075,51.0,17.71846318244934
1365890032.0117195,1708.5365853658536,51.5,17.490758657455444
1365890032.2276945,1816.4634146341464,52.1,18.027420043945312
1365890032.443702,1469.5121951219512,51.5,17.812801122665405
1365890032.6717005,1578.6585365853657,51.5,17.58584952354431
1365890032.9004521,1496.341463414634,51.5,17.41133403778076
1365890033.128747,1527.4390243902437,51.5,17.362523555755615
1365890033.3572814,1667.6829268292684,51.5,17.534575939178467
1365890033.5856893,1767.0731707317073,51.5,17.32723832130432
1365890033.8140762,1573.780487804878,51.5,17.431507349014282
1365890034.042303,1596.3414634146343,50.5,17.41603994369507
1365890034.2708335,1457.3170731707316,51.5,17.53813886642456
1365890034.4994931,1557.3170731707316,51.5,17.579421281814575
1365890034.727697,1568.2926829268292,50.5,17.754558801651
1365890034.955879,1492.6829268292684,51.0,17.536248207092285
1365890035.1842043,1684.1463414634145,51.0,17.869581699371338
1365890035.4125159,1541.4634146341464,51.5,17.644018411636353
1365890035.6412766,2023.7804878048782,51.0,17.422297716140747
1365890035.857362,1577.439024390244,51.5,17.360238552093506
1365890036.073255,1891.4634146341461,51.5,17.392967700958252
1365890036.2895992,1591.4634146341464,51.5,17.373860120773315
1365890036.5054774,1993.9024390243903,51.5,17.589361667633057
1365890036.7214506,1705.4878048780488,52.1,17.464038372039795
1365890036.93735,1672.560975609756,51.5,17.640902042388916
1365890037.1658928,1569.5121951219512,51.5,18.733376264572144
1365890037.3942897,1466.4634146341464,51.5,18.50618052482605
1365890037.6224241,1565.2439024390244,51.5,18.282549619674683
1365890037.8508525,1467.6829268292684,51.5,18.055352687835693
1365890038.0801814,1487.8048780487804,51.5,17.829682111740112
1365890038.3085043,1471.3414634146343,51.0,17.603933334350586
1365890038.5372047,1643.2926829268292,51.0,17.42718267440796
1365890038.7657256,1780.4878048780488,51.5,17.359994888305664
1365890038.9938385,1691.4634146341464,51.5,17.3496356010437
1365890039.2220128,2656.7073170731705,51.5,17.454491138458252
1365890039.4504328,1756.0975609756097,51.5,17.65623426437378
1365890039.67867,1693.2926829268292,51.5,17.444751262664795
1365890039.907005,1769.5121951219512,51.5,17.340331077575684
1365890040.1356053,1507.3170731707316,51.5,17.32985258102417
1365890040.3642044,1645.121951219512,51.5,17.32371711730957
1365890040.5802178,1754.2682926829268,51.5,17.331115245819092
1365890040.808086,1606.7073170731708,51.5,17.385247468948364
1365890041.0374334,1559.7560975609756,51.5,17.357101678848267
1365890041.2659507,1702.439024390244,51.5,17.848756313323975
1365890041.494244,1723.1707317073171,51.5,17.626190900802612
1365890041.7224855,1731.09756097561,51.5,17.575607538223267
