1365889752.5160453,1151.8292682926829,59.1,0.031056642532348633
1365889752.7385516,978.0487804878048,59.1,0.028916597366333008
1365889752.9559107,1045.7317073170732,58.5,0.042868852615356445
1365889753.1730044,1045.7317073170732,58.5,0.030009984970092773
1365889753.39154,1048.780487804878,58.5,0.028552770614624023
1365889753.6097677,1062.8048780487804,58.0,0.0290679931640625
1365889753.828736,1054.878048780488,58.0,0.034920692443847656
1365889754.0466504,1054.2682926829268,58.0,0.029381990432739258
1365889754.2650275,953.0487804878048,58.0,0.030568361282348633
1365889754.4831483,1029.8780487804877,58.0,0.03177022933959961
1365889754.7006056,957.9268292682926,58.5,0.029865503311157227
1365889754.918603,968.9024390243902,59.1,0.038027286529541016
1365889755.1499536,1045.1219512195123,58.5,0.0264737606048584
1365889755.3709428,1056.7073170731708,58.0,0.02617645263671875
1365889755.589746,1031.7073170731708,58.0,0.028188228607177734
1365889755.8079185,1242.6829268292684,58.5,0.031381845474243164
1365889756.0320606,1242.0731707317075,58.5,0.03318023681640625
1365889756.2578242,1293.9024390243903,58.5,0.03480982780456543
1365889756.4854598,1087.8048780487807,58.0,0.04212546348571777
1365889756.7082553,1139.0243902439024,58.5,0.037674665451049805
1365889756.9333236,962.1951219512194,58.0,0.05507016181945801
1365889757.1522465,1146.9512195121952,59.1,0.035695552825927734
1365889757.3830404,998.170731707317,58.5,0.04610466957092285
1365889757.6008701,1235.9756097560976,58.0,0.05358099937438965
1365889757.8284621,1193.90243902439,58.5,0.03506016731262207
1365889758.0524592,1031.0975609756097,58.5,0.07604050636291504
1365889758.2710667,1085.9756097560976,58.5,0.0411839485168457
1365889758.495765,1137.8048780487804,58.5,0.03763842582702637
1365889758.721328,1040.2439024390244,59.1,0.030142784118652344
1365889758.9402037,992.0731707317074,58.5,0.030452728271484375
1365889759.1589398,1073.780487804878,58.5,0.04569864273071289
1365889759.3851337,1235.9756097560976,58.0,0.027895212173461914
1365889759.6053567,1154.8780487804877,59.1,0.03959250450134277
1365889759.8250754,1098.1707317073171,59.1,0.027615785598754883
1365889760.0436237,1114.6341463414635,58.5,0.02429056167602539
1365889760.2638464,1042.0731707317073,59.1,0.08680295944213867
1365889760.4849234,1250.6097560975609,58.5,0.04593682289123535
1365889760.7107692,1062.8048780487804,59.1,0.033956050872802734
1365889760.93121,1087.1951219512196,58.5,0.04013967514038086
1365889761.1578114,1070.7317073170732,59.1,0.02810502052307129
1365889761.3789432,1040.2439024390244,59.1,0.027408123016357422
1365889761.59785,1034.1463414634147,59.1,0.02544546127319336
1365889761.8173268,1242.0731707317075,59.1,0.03441643714904785
1365889762.04639,1246.9512195121952,59.1,0.034749746322631836
1365889762.2679086,1137.8048780487804,58.5,0.04933786392211914
1365889762.5032592,1171.9512195121952,59.1,0.03564286231994629
1365889762.7326827,1054.2682926829268,59.1,0.03930211067199707
1365889762.9563143,1321.9512195121952,59.1,0.03221559524536133
1365889763.180818,987.1951219512194,58.5,0.0430142879486084
1365889763.3988824,1267.0731707317073,59.1,0.028554677963256836
1365889763.620561,1079.2682926829268,59.6,0.028473377227783203
1365889763.841159,1167.0731707317073,59.1,0.029302597045898438
1365889764.061522,1351.8292682926829,59.1,0.04610586166381836
1365889764.2852178,1035.9756097560976,59.1,0.04289650917053223
1365889764.5191286,1229.878048780488,59.1,0.04716897010803223
1365889764.7390046,1087.8048780487807,59.1,0.03251314163208008
1365889764.9623208,1081.0975609756097,59.1,1.4742867946624756
1365889765.1822708,1067.6829268292684,59.1,1.2570397853851318
1365889765.405379,1128.0487804878048,59.1,1.0358762741088867
1365889765.62743,1109.1463414634147,59.1,0.8152687549591064
1365889765.8454938,1085.9756097560976,59.1,0.6021075248718262
1365889766.0653234,1103.658536585366,59.1,0.38602519035339355
1365889766.2851317,1212.8048780487807,59.1,0.16972756385803223
1365889766.5119212,1106.7073170731708,59.1,0.10154056549072266
1365889766.730591,1214.6341463414633,59.1,0.041428327560424805
1365889766.9497676,1117.6829268292684,59.1,0.0356290340423584
1365889767.1729279,1128.0487804878048,58.5,0.03552651405334473
1365889767.3918586,1276.8292682926829,59.1,0.03374886512756348
1365889767.6123354,1098.7804878048782,58.5,0.05606889724731445
1365889767.8361475,1468.2926829268292,59.6,0.06336450576782227
1365889768.0661535,1189.0243902439024,59.1,0.0755760669708252
1365889768.2916086,1106.09756097561,59.1,0.04109334945678711
1365889768.5219886,1247.560975609756,59.1,0.028920888900756836
1365889768.744541,1039.0243902439024,59.6,0.03924965858459473
1365889768.9686472,1173.170731707317,59.1,0.03944563865661621
1365889769.1972954,1085.9756097560976,59.1,0.027388572692871094
1365889769.4163046,1090.2439024390244,59.1,0.028416872024536133
1365889769.6383529,1042.0731707317073,59.1,0.05415773391723633
1365889769.8576636,1229.878048780488,59.1,0.028945446014404297
1365889770.0827482,1164.6341463414633,59.1,0.04018807411193848
1365889770.3121693,957.3170731707316,59.1,0.027028560638427734
1365889770.5332727,968.9024390243902,59.1,0.03208589553833008
1365889770.7530894,1296.9512195121952,59.1,0.0412442684173584
1365889770.9776075,1201.829268292683,59.1,0.0433964729309082
1365889771.2006795,960.3658536585366,59.1,0.03872203826904297
1365889771.4223092,1067.6829268292684,59.1,0.03181266784667969
1365889771.6414025,1054.878048780488,59.1,0.06284809112548828
1365889771.8599424,987.8048780487804,59.1,0.026404380798339844
1365889772.0808692,981.0975609756098,59.6,0.03129720687866211
1365889772.3027,1021.9512195121952,59.1,0.04490494728088379
1365889772.5405746,1157.9268292682927,59.1,0.024469852447509766
1365889772.760714,1057.9268292682925,59.1,0.030699968338012695
1365889772.979501,1120.7317073170732,59.6,0.03230166435241699
1365889773.2039006,1070.121951219512,59.1,0.03143882751464844
1365889773.4237716,1039.0243902439024,59.6,0.027566194534301758
1365889773.6450305,1043.2926829268292,59.6,0.02707839012145996
1365889773.8670778,1211.5853658536587,59.1,0.0653383731842041
1365889774.0869672,1017.0731707317074,59.1,0.024532079696655273
1365889774.3059754,1218.9024390243903,60.1,0.05416417121887207
1365889774.5295465,1306.7073170731708,59.1,0.11070752143859863
1365889774.758433,1167.0731707317073,59.6,0.031177043914794922
1365889774.9820719,962.8048780487804,59.1,0.12035489082336426
1365889775.200107,957.9268292682926,59.1,0.04813838005065918
1365889775.4194646,1139.6341463414635,59.1,0.08071660995483398
1365889775.6400135,949.390243902439,59.1,0.24066877365112305
1365889775.8580663,1006.0975609756098,58.5,0.06541800498962402
1365889776.0776663,1046.9512195121952,59.1,0.16277313232421875
1365889776.3084118,998.780487804878,59.1,0.03005838394165039
1365889776.5342705,1256.0975609756097,59.1,0.03334498405456543
1365889776.760536,1106.7073170731708,59.1,0.02453136444091797
1365889776.9801452,1059.7560975609756,60.1,0.03570842742919922
1365889777.2024167,1018.2926829268292,59.1,0.03472423553466797
1365889777.421407,1220.1219512195123,59.1,0.03088092803955078
1365889777.6415136,1028.0487804878048,59.1,0.028603553771972656
1365889777.8652806,1034.7560975609756,59.1,0.029019594192504883
1365889778.0855062,1037.8048780487804,59.1,0.025693178176879883
1365889778.3040407,959.1463414634146,59.6,0.03530263900756836
1365889778.5273147,967.0731707317073,59.1,0.02927541732788086
1365889778.7480025,1112.8048780487804,59.1,0.025812149047851562
1365889778.969288,1235.9756097560976,59.1,0.04114842414855957
1365889779.1941466,1043.2926829268292,59.6,0.032056570053100586
1365889779.4178612,1293.9024390243903,59.6,0.03724789619445801
1365889779.6386936,1096.9512195121952,60.1,0.02726912498474121
1365889779.8588395,1087.1951219512196,59.6,0.030292749404907227
1365889780.0789547,1045.1219512195123,59.6,0.026201963424682617
1365889780.301136,1028.0487804878048,59.1,0.14984893798828125
1365889780.5247943,1039.0243902439024,59.6,0.11609315872192383
1365889780.7453299,1192.6829268292684,59.6,0.10889887809753418
1365889780.9663923,1320.7317073170732,59.6,0.04032540321350098
1365889781.1904988,1184.7560975609756,59.1,0.0398712158203125
1365889781.418013,1103.0487804878048,59.1,0.04485821723937988
1365889781.6366804,996.3414634146342,59.6,0.0369570255279541
1365889781.8600922,1321.9512195121952,60.1,0.03207087516784668
1365889782.0868754,1275.609756097561,59.6,0.04495954513549805
1365889782.31732,1153.6585365853657,59.6,0.03587508201599121
1365889782.5486782,996.3414634146342,59.6,0.02486562728881836
1365889782.76957,1073.1707317073171,59.1,0.03174018859863281
1365889782.9888566,1156.7073170731708,60.1,0.03960776329040527
1365889783.214505,1290.8536585365853,59.6,0.042962074279785156
1365889783.4410696,1312.8048780487804,59.6,0.03427267074584961
1365889783.6647935,1101.219512195122,60.1,0.05167245864868164
1365889783.8847017,1132.9268292682925,60.1,0.07535362243652344
1365889784.1055768,1264.6341463414635,60.1,0.027872562408447266
1365889784.3289375,1142.0731707317073,60.1,0.03558015823364258
1365889784.5474255,1235.9756097560976,59.1,0.032968759536743164
1365889784.7730684,1006.0975609756098,60.1,0.040389299392700195
1365889784.9936879,1159.1463414634147,60.1,0.034717559814453125
1365889785.2218056,1096.9512195121952,60.1,0.03405117988586426
1365889785.446722,1032.9268292682927,59.1,0.028446674346923828
1365889785.6698368,1214.6341463414633,60.1,0.05549192428588867
1365889785.8925319,1159.1463414634147,60.1,0.03417706489562988
1365889786.1197834,1214.0243902439024,59.6,0.03679299354553223
1365889786.3447957,1214.6341463414633,60.1,0.02866673469543457
1365889786.5661538,1007.9268292682925,60.1,0.0446934700012207
1365889786.7888114,1137.8048780487804,59.6,0.031122922897338867
1365889787.015,1007.3170731707318,59.1,0.04427051544189453
1365889787.2395756,1009.1463414634145,59.1,0.026122331619262695
1365889787.4605956,956.0975609756097,59.1,0.023880720138549805
1365889787.6788902,1179.878048780488,60.1,0.03066539764404297
1365889787.9041402,1206.0975609756097,60.1,0.11944723129272461
1365889788.1291356,1010.9756097560976,60.1,0.023646116256713867
1365889788.34801,971.951219512195,60.1,0.04296755790710449
1365889788.5752509,1029.8780487804877,59.1,0.04980611801147461
1365889788.7994034,1234.7560975609756,60.1,0.043859243392944336
1365889789.0276108,1025.0,59.6,0.02991461753845215
1365889789.2462714,993.9024390243902,60.1,0.02715587615966797
1365889789.4662716,996.3414634146342,60.7,0.02390265464782715
1365889789.6855004,1148.780487804878,59.1,0.025435924530029297
1365889789.9051933,1243.9024390243903,60.1,0.04481863975524902
1365889790.1280844,1101.8292682926829,60.1,0.03466939926147461
1365889790.3511853,1040.8536585365853,60.1,0.05705142021179199
1365889790.570285,1247.560975609756,60.1,0.12317156791687012
1365889790.7943878,973.780487804878,60.1,0.06670475006103516
1365889791.021532,1115.8536585365855,60.1,0.030106067657470703
1365889791.2465925,1065.8536585365855,60.1,0.042208194732666016
1365889791.4734836,1020.1219512195121,60.1,0.025665998458862305
1365889791.6919084,1233.5365853658539,60.1,0.03164839744567871
1365889791.9192476,1307.9268292682925,60.1,0.04483389854431152
1365889792.153233,1208.5365853658536,60.1,0.0330660343170166
1365889792.3793683,959.1463414634146,60.7,0.028177499771118164
1365889792.5983863,976.219512195122,60.1,0.02531266212463379
1365889792.8183775,1157.9268292682927,60.1,0.031911373138427734
1365889793.0426846,1268.90243902439,60.1,0.07669806480407715
1365889793.2714584,973.170731707317,59.6,0.07900238037109375
1365889793.4936163,987.8048780487804,59.1,0.05387520790100098
1365889793.7119768,1106.7073170731708,60.1,0.03185749053955078
1365889793.9347885,1278.6585365853657,60.7,0.05095791816711426
1365889794.1552238,1176.8292682926829,60.1,0.03975415229797363
1365889794.3832316,1096.9512195121952,60.1,0.043637752532958984
1365889794.6036098,1186.5853658536585,60.7,0.03790402412414551
1365889794.8235981,1211.5853658536587,60.7,0.05342459678649902
1365889795.0493414,1267.6829268292681,60.1,0.04327726364135742
1365889795.2748406,1071.9512195121952,60.1,0.024019241333007812
1365889795.4945292,1178.0487804878048,60.7,0.03219246864318848
1365889795.7219362,953.0487804878048,60.7,0.02846670150756836
1365889795.9423125,1114.0243902439024,60.1,0.025748729705810547
1365889796.162875,1007.3170731707318,60.1,0.03159904479980469
1365889796.3813982,1070.121951219512,60.1,0.024070024490356445
1365889796.5992892,1215.8536585365853,60.1,0.031986236572265625
1365889796.8226013,1373.780487804878,60.7,0.04065275192260742
1365889797.0511124,1096.9512195121952,60.1,0.034349918365478516
1365889797.2713897,1031.7073170731708,60.1,0.030643701553344727
1365889797.4889364,1283.5365853658536,60.1,0.0896146297454834
1365889797.7083485,1098.7804878048782,60.1,0.03667140007019043
1365889797.9357727,1054.2682926829268,60.1,0.03194236755371094
1365889798.1629117,1376.8292682926829,60.7,0.05486917495727539
1365889798.3916392,1208.5365853658536,60.1,0.036968231201171875
1365889798.619131,1317.6829268292684,60.7,0.02789783477783203
1365889798.8399086,1048.170731707317,60.7,0.027678728103637695
1365889799.062635,1259.7560975609756,60.1,0.03408980369567871
1365889799.2895927,1020.7317073170732,60.1,0.1986377239227295
1365889799.5078213,1354.878048780488,60.1,0.04266643524169922
1365889799.7470584,1218.9024390243903,60.7,0.026821374893188477
1365889799.9689524,1231.09756097561,60.1,0.043808937072753906
1365889800.1949534,1228.658536585366,60.1,0.041123390197753906
1365889800.420698,1192.6829268292684,60.1,0.024743318557739258
1365889800.6395378,993.9024390243902,60.1,0.03499317169189453
1365889800.8627737,1007.9268292682925,60.1,0.031188488006591797
1365889801.0824895,1178.0487804878048,60.7,0.028142452239990234
1365889801.3055196,1189.0243902439024,60.1,0.13012409210205078
1365889801.5374417,1247.560975609756,60.1,0.027089357376098633
1365889801.7600906,1156.0975609756097,60.1,0.07168769836425781
1365889801.9801605,1051.8292682926829,60.1,0.048041343688964844
1365889802.2064989,1051.219512195122,60.1,0.0302579402923584
1365889802.4262831,1203.6585365853657,60.7,0.25480175018310547
1365889802.6537142,1079.2682926829268,60.1,0.05185198783874512
1365889802.8792455,1103.0487804878048,60.1,0.03365921974182129
1365889803.1025815,1059.7560975609756,60.7,0.049825191497802734
1365889803.331859,1359.7560975609756,60.1,0.04055595397949219
1365889803.5573263,1200.0,60.1,0.0430450439453125
1365889803.788066,1411.5853658536585,60.7,0.05973386764526367
1365889804.0173101,1268.90243902439,60.1,0.050011634826660156
1365889804.2591088,1344.5121951219512,60.1,0.02983403205871582
1365889804.4826808,1100.0,61.2,0.02303338050842285
1365889804.7006452,1129.878048780488,60.7,0.03720450401306152
1365889804.9193692,1311.5853658536585,60.7,0.06592178344726562
1365889805.1526806,1250.6097560975609,60.7,0.03357243537902832
1365889805.3753371,992.0731707317074,60.7,0.028137922286987305
1365889805.5942993,957.3170731707316,60.1,0.028393030166625977
1365889805.8173373,968.2926829268292,60.7,0.041052818298339844
1365889806.0364833,1225.6097560975609,60.7,0.03470444679260254
1365889806.2607324,1225.0,60.1,0.053273916244506836
1365889806.4905875,950.0,60.7,0.04628634452819824
1365889806.7084694,990.2439024390244,60.7,0.031450748443603516
1365889806.9270387,1000.0,60.1,0.024391651153564453
1365889807.1464818,1175.0,60.1,0.03394579887390137
1365889807.374894,1206.7073170731708,60.7,0.0633091926574707
1365889807.5944672,1040.2439024390244,60.1,0.0860130786895752
1365889807.81498,1140.8536585365853,60.7,0.04213547706604004
1365889808.042333,1089.0243902439024,60.7,0.03528594970703125
1365889808.2693744,1189.0243902439024,61.2,0.034028053283691406
1365889808.494323,1285.9756097560976,60.7,0.035910844802856445
1365889808.725215,996.9512195121952,60.1,0.03695201873779297
1365889808.9553602,1309.7560975609756,60.7,0.036214351654052734
1365889809.183558,1159.7560975609756,60.7,0.03128242492675781
1365889809.402385,996.9512195121952,60.7,0.03575778007507324
1365889809.6285274,1001.219512195122,60.7,0.07239961624145508
1365889809.8581538,1426.8292682926829,60.1,0.04452109336853027
1365889810.0886064,1092.6829268292684,60.1,0.10976672172546387
1365889810.3129175,1101.8292682926829,61.2,0.025933504104614258
1365889810.5326698,971.951219512195,60.1,0.02659010887145996
1365889810.7542586,1179.878048780488,60.1,0.034792423248291016
1365889810.9749413,1070.7317073170732,60.1,0.096527099609375
1365889811.1934645,987.8048780487804,60.1,0.03864145278930664
1365889811.421047,1253.0487804878048,60.7,0.03830695152282715
1365889811.6427763,1198.780487804878,60.1,0.05946516990661621
1365889811.8653607,1201.829268292683,60.7,0.040305137634277344
1365889812.0851793,1291.4634146341464,60.7,0.03758645057678223
1365889812.3125591,1314.6341463414635,60.1,0.033924102783203125
1365889812.5359583,1093.9024390243903,61.2,0.02365589141845703
1365889812.7556772,1167.0731707317073,60.7,0.04175233840942383
1365889812.9920843,1048.780487804878,60.1,0.025557279586791992
1365889813.2118824,1304.878048780488,60.7,0.060942888259887695
1365889813.4403124,1012.8048780487804,60.7,0.03372931480407715
1365889813.6665528,1000.0,61.2,0.02943587303161621
1365889813.8855562,1003.0487804878047,60.7,0.02774357795715332
1365889814.1044114,960.9756097560976,60.1,0.02568197250366211
1365889814.3249629,1070.121951219512,60.7,0.029649019241333008
1365889814.5435185,1253.658536585366,60.7,0.03168368339538574
1365889814.7706623,1214.6341463414633,61.2,0.04430961608886719
1365889815.00058,960.9756097560976,61.2,0.05315685272216797
1365889815.2190933,1271.9512195121952,60.7,0.03825211524963379
1365889815.4392183,1043.9024390243903,61.2,0.037694692611694336
1365889815.6717904,1029.8780487804877,60.1,0.06405329704284668
1365889815.8913321,993.2926829268292,60.7,0.04201817512512207
1365889816.1213129,1303.658536585366,60.7,0.03169727325439453
1365889816.341685,1062.8048780487804,60.7,0.026241064071655273
1365889816.560101,975.0,60.7,0.06759357452392578
1365889816.7814605,962.1951219512194,60.7,0.050162553787231445
1365889817.0150042,1154.8780487804877,60.7,0.06139016151428223
1365889817.2484128,1076.829268292683,60.7,0.02542734146118164
1365889817.469399,1236.5853658536585,60.7,0.03702569007873535
1365889817.6933198,1207.9268292682927,60.1,0.02962470054626465
1365889817.916577,984.7560975609756,61.2,0.042287588119506836
1365889818.1418047,1096.9512195121952,61.2,0.0269775390625
1365889818.3605788,1232.9268292682927,60.1,0.027361392974853516
1365889818.5814223,1064.0243902439024,61.2,0.032404422760009766
1365889818.8043075,979.2682926829268,61.2,0.03177928924560547
1365889819.0258493,1301.8292682926829,60.7,0.028141260147094727
1365889819.249983,956.0975609756097,60.7,0.03462386131286621
1365889819.4709046,1282.9268292682927,60.7,0.03232741355895996
1365889819.6923385,1035.9756097560976,60.7,0.028966426849365234
1365889819.910192,1026.2195121951218,60.7,0.039786577224731445
1365889820.1293755,1114.0243902439024,60.7,0.03379082679748535
1365889820.3499095,978.0487804878048,60.7,0.041739463806152344
1365889820.5694687,1062.8048780487804,60.1,0.09974408149719238
1365889820.7882802,1250.0,60.7,0.02825450897216797
1365889821.0077856,1182.9268292682925,60.7,0.05463886260986328
1365889821.2346482,1001.8292682926829,60.7,0.036307334899902344
1365889821.4545407,1068.90243902439,60.7,0.03672361373901367
1365889821.6805487,1021.9512195121952,60.7,0.10728669166564941
1365889821.8985322,1178.658536585366,61.2,0.028369903564453125
1365889822.1203604,1065.2439024390244,60.1,0.0702674388885498
1365889822.3403187,1285.9756097560976,60.7,0.04364609718322754
1365889822.5600388,1350.6097560975609,60.7,0.031887054443359375
1365889822.7812219,1067.6829268292684,60.7,0.02582097053527832
1365889823.0014312,1366.4634146341464,60.7,0.03907585144042969
1365889823.2311094,1045.7317073170732,61.2,0.03159070014953613
1365889823.4512937,1110.9756097560976,60.7,0.04940152168273926
1365889823.6788995,1051.8292682926829,60.7,0.07035255432128906
1365889823.9000614,1164.0243902439024,60.7,0.03928232192993164
1365889824.1263547,1231.7073170731708,60.7,0.025667428970336914
1365889824.3468416,1162.8048780487804,60.7,0.0411829948425293
1365889824.567693,1244.5121951219514,60.7,0.030511856079101562
1365889824.792348,993.2926829268292,60.7,0.03584551811218262
1365889825.0166435,995.1219512195122,60.1,0.03537726402282715
1365889825.239772,1156.0975609756097,60.7,0.03400301933288574
1365889825.4658914,1062.1951219512196,60.7,0.03976798057556152
1365889825.6896625,953.0487804878048,60.7,0.05048704147338867
1365889825.9312363,1225.0,60.7,0.03237605094909668
1365889826.154363,1059.1463414634145,61.2,0.029238224029541016
1365889826.3741543,1035.9756097560976,60.7,0.059942007064819336
1365889826.5931122,1001.219512195122,60.1,0.03623652458190918
1365889826.81388,1212.8048780487807,61.2,0.03455543518066406
1365889827.0366795,1279.8780487804877,60.1,0.06988978385925293
1365889827.263277,1228.658536585366,60.7,0.0453948974609375
1365889827.482121,1137.8048780487804,60.7,0.023413658142089844
1365889827.7019382,1160.9756097560976,61.2,0.03188729286193848
1365889827.9247918,1100.0,60.1,0.024265766143798828
1365889828.1439278,1021.9512195121952,60.1,0.02392125129699707
1365889828.3626862,1114.0243902439024,61.2,0.028415441513061523
1365889828.5828655,1228.658536585366,60.7,0.04679059982299805
1365889828.8070943,1250.6097560975609,61.2,0.028036117553710938
1365889829.0273674,1054.2682926829268,61.2,0.03229928016662598
1365889829.2506313,1168.9024390243903,61.2,0.0341489315032959
1365889829.4744792,1184.7560975609756,61.2,0.03614687919616699
1365889829.702678,962.1951219512194,61.2,0.0637671947479248
1365889829.9274557,1237.8048780487804,61.8,0.03295421600341797
1365889830.1549163,1112.8048780487804,60.7,0.026851892471313477
1365889830.374802,1168.9024390243903,60.7,0.025713205337524414
1365889830.5955057,1093.9024390243903,61.2,0.03540515899658203
1365889830.815419,1053.0487804878048,60.7,0.1757514476776123
1365889831.0365188,1148.780487804878,60.7,0.054189443588256836
1365889831.2624168,1110.9756097560976,61.2,0.032999515533447266
1365889831.4892793,1046.9512195121952,60.7,0.024852275848388672
1365889831.7093356,1414.6341463414633,61.2,0.031670570373535156
1365889831.9352808,1307.9268292682925,61.2,0.03954458236694336
1365889832.1633337,1093.9024390243903,60.7,0.030024051666259766
1365889832.3819497,1101.8292682926829,60.7,0.03203940391540527
1365889832.6006968,1134.7560975609756,60.7,0.03207135200500488
1365889832.825602,1037.1951219512193,60.7,0.030536890029907227
1365889833.049093,1254.878048780488,61.2,0.05590462684631348
1365889833.27364,1095.7317073170732,60.7,0.0272674560546875
1365889833.496115,1121.9512195121952,61.2,0.042444467544555664
1365889833.718349,1060.9756097560976,61.2,0.03152275085449219
1365889833.9381542,1173.170731707317,61.2,0.043179988861083984
1365889834.1677635,1208.5365853658536,61.2,0.12154412269592285
1365889834.3884022,1089.0243902439024,61.2,0.025867938995361328
1365889834.6067812,1260.9756097560976,61.2,0.025704622268676758
1365889834.8291802,1307.9268292682925,61.2,0.026513099670410156
1365889835.04796,1168.9024390243903,61.2,0.05742692947387695
1365889835.2682807,1120.7317073170732,60.7,0.05359387397766113
1365889835.4858952,1045.1219512195123,60.7,0.05703163146972656
1365889835.703486,1043.9024390243903,60.1,0.24460577964782715
1365889835.9225597,1322.560975609756,60.7,0.04121112823486328
1365889836.15572,1106.7073170731708,60.7,0.1553809642791748
1365889836.3831992,1173.780487804878,60.1,0.0306856632232666
1365889836.6041358,992.0731707317074,60.1,0.0242156982421875
1365889836.8233075,1341.4634146341464,60.7,0.029794931411743164
1365889837.0484219,1243.9024390243903,60.7,0.029261112213134766
1365889837.2699149,1184.1463414634145,60.1,0.0362858772277832
1365889837.4911587,1062.8048780487804,60.7,0.03011488914489746
1365889837.7133226,1358.5365853658539,60.7,0.027937650680541992
1365889837.9349027,959.1463414634146,60.7,0.16313767433166504
1365889838.1534638,1173.780487804878,60.7,0.04329395294189453
1365889838.3898978,960.9756097560976,61.2,0.08295345306396484
1365889838.6096117,1050.0,60.7,0.20354533195495605
1365889838.8333602,957.3170731707316,60.7,0.09269833564758301
1365889839.0638888,984.1463414634146,60.7,0.155198335647583
1365889839.2863903,1032.9268292682927,60.7,0.0344085693359375
1365889839.5084867,1068.90243902439,60.1,0.04687094688415527
1365889839.7303243,1262.8048780487804,60.7,0.04649806022644043
1365889839.9583287,1112.1951219512196,61.2,0.04775667190551758
1365889840.1872418,1081.7073170731708,60.7,0.028594970703125
1365889840.4100134,1007.9268292682925,60.7,0.025602340698242188
1365889840.6301396,968.9024390243902,60.7,0.03462076187133789
1365889840.8523808,1250.6097560975609,61.2,0.051387786865234375
1365889841.0812683,1117.0731707317075,61.2,0.038877248764038086
1365889841.30479,1208.5365853658536,60.1,0.03999519348144531
1365889841.5364957,1164.0243902439024,60.7,0.0316166877746582
1365889841.7607763,1185.9756097560976,60.7,0.034386396408081055
1365889841.989387,1043.9024390243903,61.2,0.039873361587524414
1365889842.216266,1140.8536585365853,61.2,0.05576491355895996
1365889842.450447,1179.878048780488,60.7,0.04031705856323242
1365889842.6850533,1258.5365853658536,61.2,0.027396440505981445
1365889842.9043794,1444.5121951219512,61.2,0.06034040451049805
1365889843.1299834,1222.5609756097563,60.7,0.05103611946105957
1365889843.3560524,965.8536585365854,61.2,0.044341325759887695
1365889843.5793147,1267.0731707317073,61.2,0.03759956359863281
1365889843.8033981,1076.829268292683,61.2,0.026630878448486328
1365889844.023932,962.1951219512194,61.2,0.3662452697753906
1365889844.2470112,950.0,61.2,0.16142058372497559
1365889844.4671242,957.9268292682926,61.2,0.03563523292541504
1365889844.6942713,1312.8048780487804,60.7,0.04120326042175293
1365889844.9244993,1222.5609756097563,60.7,0.02832818031311035
1365889845.14748,1208.5365853658536,60.7,0.027860164642333984
1365889845.3699334,1165.8536585365853,60.7,0.03989243507385254
1365889845.5963776,1073.780487804878,61.2,0.04914569854736328
1365889845.816803,1192.6829268292684,61.2,0.02863478660583496
1365889846.0391328,1126.219512195122,60.7,0.026915311813354492
1365889846.2581637,1048.170731707317,61.2,0.039386749267578125
1365889846.4789808,1065.8536585365855,60.7,0.061987876892089844
1365889846.6980348,1176.8292682926829,60.7,0.049877166748046875
1365889846.923012,1023.1707317073171,61.8,0.047919511795043945
1365889847.1435628,1003.0487804878047,60.7,0.03202009201049805
1365889847.3626063,1242.0731707317075,60.7,0.05507850646972656
1365889847.585867,1103.658536585366,60.7,0.05152487754821777
1365889847.8120675,1056.7073170731708,60.7,0.03780841827392578
1365889848.0315373,960.3658536585366,61.2,0.048450469970703125
1365889848.2664778,1300.0,61.2,0.10479426383972168
1365889848.490962,978.0487804878048,60.7,0.03488445281982422
1365889848.7091508,1056.7073170731708,60.7,0.026276826858520508
1365889848.9282942,1344.5121951219512,60.7,0.02382969856262207
1365889849.1469522,1247.560975609756,60.7,0.03696751594543457
1365889849.3715153,1222.5609756097563,61.2,0.049611806869506836
1365889849.5995076,1176.8292682926829,61.2,0.02485060691833496
1365889849.8190873,1053.0487804878048,60.7,0.028357982635498047
1365889850.0432012,1173.170731707317,60.7,0.023374319076538086
1365889850.2625709,1070.7317073170732,60.7,0.025388479232788086
1365889850.4818897,953.0487804878048,61.2,0.03902578353881836
1365889850.7080004,979.8780487804878,60.7,0.03491353988647461
1365889850.9335124,965.2439024390244,60.7,0.02314448356628418
1365889851.1516576,1296.9512195121952,61.2,0.03217291831970215
1365889851.3777668,990.2439024390244,61.2,0.02938985824584961
1365889851.596052,1026.8292682926829,60.7,0.028625965118408203
1365889851.8175747,1065.2439024390244,61.2,0.02653360366821289
1365889852.0363917,1070.121951219512,60.7,0.03903460502624512
1365889852.256929,1257.9268292682925,60.7,0.031000137329101562
1365889852.4805617,1244.5121951219514,60.7,0.044478416442871094
1365889852.7102895,1265.8536585365853,60.7,0.2957882881164551
1365889852.9381611,1179.878048780488,60.7,0.0749664306640625
1365889853.1619062,1250.0,61.2,0.03980135917663574
1365889853.3870513,1225.0,61.2,0.030815601348876953
1365889853.607273,1000.0,61.2,0.06069517135620117
1365889853.8279135,1204.8780487804877,61.2,0.06500744819641113
1365889854.0546155,1371.9512195121952,61.2,0.03826570510864258
1365889854.2769365,960.9756097560976,61.2,0.029504060745239258
1365889854.494351,1062.1951219512196,61.2,0.038138389587402344
1365889854.713159,1233.5365853658539,61.2,0.03829360008239746
1365889854.9353235,1215.8536585365853,60.7,0.026564836502075195
1365889855.15472,1285.9756097560976,61.2,0.032997846603393555
1365889855.3762553,1017.0731707317074,60.7,0.07556700706481934
1365889855.5947776,1004.8780487804878,61.2,0.03427886962890625
1365889855.814518,1051.8292682926829,60.7,0.03001713752746582
1365889856.032994,962.1951219512194,61.2,0.029829978942871094
1365889856.251965,1278.6585365853657,61.2,0.0366971492767334
1365889856.4834192,1015.2439024390243,60.7,0.03696799278259277
1365889856.7095447,1087.1951219512196,61.2,0.07883548736572266
1365889856.9373167,1195.7317073170732,61.2,0.045027971267700195
1365889857.1619086,1120.121951219512,61.2,0.03922462463378906
1365889857.3884823,965.8536585365854,61.2,0.2441251277923584
1365889857.6083283,1293.9024390243903,61.2,0.10739541053771973
1365889857.8413324,1231.09756097561,60.7,0.030855178833007812
1365889858.0661912,1218.9024390243903,60.7,0.0303804874420166
1365889858.28486,1017.0731707317074,61.2,0.03828120231628418
1365889858.5071833,1222.5609756097563,61.2,0.03173947334289551
1365889858.7312052,995.1219512195122,60.7,0.02932572364807129
1365889858.9553459,1195.7317073170732,61.2,0.044942378997802734
1365889859.182414,1296.9512195121952,60.7,0.0405573844909668
1365889859.4040873,959.1463414634146,60.7,0.07020068168640137
1365889859.6232588,1054.878048780488,60.7,0.027582883834838867
1365889859.8432515,1142.6829268292681,61.2,0.2885167598724365
1365889860.0735745,1120.121951219512,61.2,0.06651496887207031
1365889860.2930846,1089.0243902439024,61.2,0.03492259979248047
1365889860.5163205,1092.6829268292684,61.2,0.030986785888671875
1365889860.7405837,1051.8292682926829,61.2,0.0374600887298584
1365889860.9710243,964.0243902439024,61.8,0.07754206657409668
1365889861.1950533,1157.9268292682927,61.2,0.3668694496154785
1365889861.4226718,1051.8292682926829,61.2,0.139970064163208
1365889861.6411166,1015.2439024390243,61.2,0.03833818435668945
1365889861.8637629,1021.9512195121952,61.2,0.024141550064086914
1365889862.0846856,1354.878048780488,60.7,0.0417180061340332
1365889862.3044477,1285.9756097560976,61.2,0.059972524642944336
1365889862.5323768,1192.6829268292684,60.7,0.04301285743713379
1365889862.760009,1070.7317073170732,61.2,0.03618192672729492
1365889862.98149,982.9268292682926,61.2,0.03254556655883789
1365889863.1999836,1059.7560975609756,61.2,0.031232595443725586
1365889863.4193149,1004.8780487804878,61.2,0.029155492782592773
1365889863.6406245,1073.1707317073171,61.2,0.031235218048095703
1365889863.8612726,1053.0487804878048,60.7,0.02446913719177246
1365889864.0814195,1029.8780487804877,61.2,0.029798030853271484
1365889864.3035915,998.170731707317,61.2,0.028688907623291016
1365889864.5221593,1060.9756097560976,61.2,0.0356903076171875
1365889864.7448614,1148.1707317073171,61.2,0.03827381134033203
1365889864.9735749,1269.5121951219512,61.2,0.03863883018493652
1365889865.2053888,1203.6585365853657,61.8,0.03823065757751465
1365889865.4301615,1267.0731707317073,61.2,0.028990507125854492
1365889865.6520066,1192.6829268292684,60.7,0.04300498962402344
1365889865.8781714,1040.8536585365853,61.8,0.031717538833618164
1365889866.0977066,1126.219512195122,61.2,0.031217098236083984
1365889866.3231304,1101.8292682926829,61.2,0.08700037002563477
1365889866.5567055,1065.8536585365855,61.2,0.035109758377075195
1365889866.782923,965.2439024390244,61.2,0.030039310455322266
1365889867.00332,1054.878048780488,61.2,0.03731489181518555
1365889867.2332406,1056.09756097561,61.2,0.06245851516723633
1365889867.4545352,1087.8048780487807,60.7,0.02691817283630371
1365889867.6730556,1226.8292682926829,61.2,0.02962970733642578
1365889867.8931787,1314.0243902439024,61.2,0.02921295166015625
1365889868.1124554,1067.0731707317075,60.7,0.03989124298095703
1365889868.3371153,951.2195121951219,60.7,0.24775362014770508
1365889868.5576825,1123.1707317073171,61.2,0.03783583641052246
1365889868.7835844,957.9268292682926,61.2,0.03626394271850586
1365889869.007577,1159.7560975609756,61.2,0.02726912498474121
1365889869.2271528,1235.9756097560976,61.2,0.10370111465454102
1365889869.4548895,1131.7073170731705,61.2,0.03415107727050781
1365889869.6757195,1004.2682926829267,61.2,0.02490973472595215
1365889869.893445,965.8536585365854,61.2,0.05742287635803223
1365889870.1127565,1085.9756097560976,61.2,0.09498262405395508
1365889870.3316944,1067.0731707317075,61.2,0.1345834732055664
1365889870.5533075,1184.7560975609756,61.2,0.09481406211853027
1365889870.7808785,1098.1707317073171,61.2,0.05956673622131348
1365889871.0083086,1023.1707317073171,60.7,0.037117719650268555
1365889871.230328,1046.9512195121952,61.2,0.038813114166259766
1365889871.456376,978.0487804878048,61.2,0.02930760383605957
1365889871.675443,1070.121951219512,61.2,0.07172966003417969
1365889871.8954437,1120.121951219512,61.2,0.06675481796264648
1365889872.115747,1117.0731707317075,61.2,0.046347618103027344
1365889872.339558,1139.0243902439024,61.8,0.04933571815490723
1365889872.5677223,1087.8048780487807,60.7,0.11945939064025879
1365889872.7875228,1366.4634146341464,61.2,0.07262301445007324
1365889873.014048,1056.7073170731708,60.7,0.0364079475402832
1365889873.2320364,1051.8292682926829,60.7,0.0391843318939209
1365889873.4504027,1215.8536585365853,61.2,0.03773212432861328
1365889873.672926,1056.7073170731708,61.2,0.032019615173339844
1365889873.8922775,1026.2195121951218,61.2,0.030408620834350586
1365889874.1179335,1109.1463414634147,61.2,0.03690767288208008
1365889874.3404372,1179.878048780488,61.2,0.03112506866455078
1365889874.5595598,1192.6829268292684,61.2,0.03939533233642578
1365889874.786765,1278.6585365853657,60.7,0.0392153263092041
1365889875.017403,1018.2926829268292,60.7,0.33264684677124023
1365889875.2394571,1265.8536585365853,61.2,0.11361074447631836
1365889875.4590764,1059.1463414634145,61.2,0.02725958824157715
1365889875.6782584,996.3414634146342,61.2,0.0390627384185791
1365889875.8959062,1076.219512195122,61.2,0.11881232261657715
1365889876.117881,1284.7560975609756,61.2,0.03555488586425781
1365889876.34731,964.0243902439024,61.8,0.03625941276550293
1365889876.5713847,1350.0,60.7,0.02796459197998047
1365889876.792805,1247.560975609756,61.2,0.02710413932800293
1365889877.0150123,1142.0731707317073,61.2,0.045314788818359375
1365889877.242097,1214.6341463414633,61.2,0.044568777084350586
1365889877.4717581,1059.1463414634145,61.2,0.03108072280883789
1365889877.689593,1015.2439024390243,61.2,0.031282901763916016
1365889877.908449,1056.7073170731708,60.7,0.025268077850341797
1365889878.1299794,990.8536585365854,60.7,0.03408217430114746
1365889878.3515117,1120.7317073170732,61.2,0.046715497970581055
1365889878.573002,1001.219512195122,61.2,0.02613544464111328
1365889878.7937138,1065.2439024390244,60.7,0.0429995059967041
1365889879.0261059,1167.6829268292684,61.8,0.03537750244140625
1365889879.250283,1173.780487804878,61.2,0.035347938537597656
1365889879.4702892,1190.8536585365855,61.2,0.038983821868896484
1365889879.6989594,1237.8048780487804,60.7,0.031177520751953125
1365889879.9214828,1208.5365853658536,60.7,0.04844975471496582
1365889880.150085,1232.9268292682927,61.8,0.09248971939086914
1365889880.3798745,1021.9512195121952,61.2,0.03540468215942383
1365889880.6001651,1106.09756097561,61.2,0.06689333915710449
1365889880.8184407,1035.9756097560976,61.2,0.034780263900756836
1365889881.0426366,1145.7317073170732,61.2,0.03888988494873047
1365889881.2714586,953.0487804878048,61.8,0.026674270629882812
1365889881.4903207,982.9268292682926,61.2,0.02543044090270996
1365889881.7103355,979.2682926829268,61.2,0.07790231704711914
1365889881.929213,1283.5365853658536,61.2,0.02921605110168457
1365889882.1519985,1198.780487804878,61.2,0.040346384048461914
1365889882.3780444,1057.9268292682925,61.2,0.02508234977722168
1365889882.596662,1206.0975609756097,61.2,0.02986288070678711
1365889882.8197775,1325.0,61.2,0.024536848068237305
1365889883.0388322,1200.0,61.2,0.03393387794494629
1365889883.2587948,1217.6829268292684,61.8,0.042937278747558594
1365889883.4838135,1018.2926829268292,61.2,0.031928062438964844
1365889883.7027125,1042.0731707317073,61.2,0.03131866455078125
1365889883.9215205,1023.1707317073171,61.2,0.12951302528381348
1365889884.1411371,1225.0,61.2,0.03572535514831543
1365889884.3652766,1139.0243902439024,61.2,0.1132957935333252
1365889884.5862129,1070.7317073170732,61.2,0.055146217346191406
1365889884.8066666,1059.7560975609756,61.2,0.04291653633117676
1365889885.0370717,1126.219512195122,60.7,0.03750753402709961
1365889885.26546,1321.9512195121952,61.8,0.03515982627868652
1365889885.487603,1256.7073170731705,61.8,0.048768043518066406
1365889885.708766,1056.7073170731708,60.7,0.029283523559570312
1365889885.927168,1017.0731707317074,61.2,0.026341676712036133
1365889886.1464362,1319.5121951219512,61.8,0.03831171989440918
1365889886.3730211,1060.9756097560976,61.2,0.07024168968200684
1365889886.593693,1103.658536585366,61.2,0.04664969444274902
1365889886.828158,978.0487804878048,61.2,0.03425407409667969
1365889887.0493393,1050.0,61.2,0.055611371994018555
1365889887.2766593,975.0,61.2,0.0355224609375
1365889887.4953806,1239.0243902439024,61.2,0.03602099418640137
1365889887.719699,1015.8536585365854,61.2,0.03806328773498535
1365889887.939982,1267.0731707317073,61.2,0.028414249420166016
1365889888.1639175,1189.6341463414635,61.2,0.04102373123168945
1365889888.3864949,1246.9512195121952,61.2,0.09534335136413574
1365889888.6188245,1331.7073170731708,60.7,0.0282437801361084
1365889888.8403845,1134.7560975609756,61.2,0.03976631164550781
1365889889.0598118,1254.878048780488,61.2,0.05501246452331543
1365889889.2870123,1210.9756097560976,61.2,0.03259873390197754
1365889889.51206,1009.1463414634145,61.2,0.053293466567993164
1365889889.7320101,1034.7560975609756,61.2,0.04476022720336914
1365889889.9512067,1112.8048780487804,61.2,0.03372359275817871
1365889890.171642,1054.878048780488,61.2,0.0580141544342041
1365889890.3908172,1264.6341463414635,61.8,0.03460335731506348
1365889890.6109653,1321.9512195121952,61.2,0.03572964668273926
1365889890.8409445,1239.6341463414635,61.8,0.05332493782043457
1365889891.0646589,1307.9268292682925,61.2,0.033916473388671875
1365889891.289058,1228.658536585366,61.8,0.043886423110961914
1365889891.514442,1126.8292682926829,61.8,0.026874542236328125
1365889891.7346332,1070.7317073170732,61.2,0.024838924407958984
1365889891.9538815,1032.9268292682927,61.2,0.07226920127868652
1365889892.1722896,1084.1463414634147,61.2,0.023427248001098633
1365889892.3918254,1081.7073170731708,61.2,0.06964516639709473
1365889892.617317,1056.09756097561,61.8,0.04821443557739258
1365889892.8375196,1379.878048780488,61.8,0.030437946319580078
1365889893.0582833,1007.9268292682925,61.2,0.036069393157958984
1365889893.2768228,1242.6829268292684,61.2,0.08101820945739746
1365889893.4983957,993.2926829268292,61.2,0.04529595375061035
1365889893.7261686,1154.8780487804877,61.2,0.03274655342102051
1365889893.9492598,1015.2439024390243,61.8,0.05375933647155762
1365889894.1689577,1067.0731707317075,61.8,0.04909062385559082
1365889894.3892663,1217.6829268292684,61.2,0.05128741264343262
1365889894.6087942,1210.9756097560976,61.8,0.03461790084838867
1365889894.8363965,1220.7317073170732,61.2,0.03899216651916504
1365889895.0703275,1250.6097560975609,61.8,0.037683725357055664
1365889895.3022099,1236.5853658536585,61.2,0.03281569480895996
1365889895.5304453,976.219512195122,61.2,0.02991795539855957
1365889895.7492425,1007.3170731707318,61.2,0.02583026885986328
1365889895.9705515,1007.9268292682925,62.3,0.07218790054321289
1365889896.188815,1092.6829268292684,61.2,0.08371829986572266
1365889896.4173486,1264.0243902439024,61.8,0.04315948486328125
1365889896.6368835,1129.878048780488,61.2,0.05112338066101074
1365889896.879472,960.9756097560976,61.2,0.16279816627502441
1365889897.09695,1110.9756097560976,61.2,0.04355359077453613
1365889897.3234754,1167.0731707317073,61.2,0.23996520042419434
1365889897.5437675,1426.8292682926829,61.2,0.0833280086517334
1365889897.7795687,1240.8536585365855,61.8,0.029706478118896484
1365889898.0019994,1173.780487804878,61.8,0.06483721733093262
1365889898.2270231,1254.878048780488,61.8,0.04137897491455078
1365889898.4531603,1256.0975609756097,61.2,0.033075809478759766
1365889898.6802552,1208.5365853658536,61.2,0.03736376762390137
1365889898.902279,1073.1707317073171,61.2,0.2125847339630127
1365889899.1213636,1114.0243902439024,61.8,0.1783428192138672
1365889899.3408747,1282.9268292682927,61.2,0.04818463325500488
1365889899.562493,1164.0243902439024,61.2,0.04091334342956543
1365889899.782618,1234.7560975609756,61.8,0.04536557197570801
1365889900.012332,1054.2682926829268,61.2,0.04029035568237305
1365889900.2452376,1175.0,61.2,0.04559731483459473
1365889900.4745631,1254.878048780488,61.8,0.04524660110473633
1365889900.6984725,1051.8292682926829,61.2,0.03948330879211426
1365889900.9172764,1134.1463414634145,61.2,0.03302955627441406
1365889901.1387637,1089.0243902439024,61.2,0.10429096221923828
1365889901.359133,1101.219512195122,62.3,0.13831067085266113
1365889901.5881321,1035.9756097560976,61.8,0.07445621490478516
1365889901.810107,1285.9756097560976,62.3,0.032282352447509766
1365889902.0366971,976.219512195122,61.2,0.27039122581481934
1365889902.2651587,1342.6829268292684,61.8,0.14082980155944824
1365889902.493273,1032.9268292682927,61.8,0.06715250015258789
1365889902.7193408,1297.560975609756,61.8,0.053479671478271484
1365889902.940121,1200.0,61.8,0.03652071952819824
1365889903.1671257,964.0243902439024,61.2,0.0436708927154541
1365889903.386416,1054.2682926829268,61.8,0.027947187423706055
1365889903.60684,1208.5365853658536,61.8,0.039206743240356445
1365889903.8324816,1156.0975609756097,61.8,0.0338900089263916
1365889904.0613558,1413.4146341463413,61.8,0.3554725646972656
1365889904.2986658,1048.170731707317,61.8,0.12955474853515625
1365889904.5167792,1065.2439024390244,61.8,0.02381277084350586
1365889904.7372932,962.1951219512194,61.8,0.03688955307006836
1365889904.9586244,1043.9024390243903,61.2,0.028822660446166992
1365889905.178631,1145.121951219512,61.2,0.03449845314025879
1365889905.407536,1269.5121951219512,61.8,0.030183076858520508
1365889905.6322713,1037.1951219512193,61.2,0.039653778076171875
1365889905.8580217,1377.439024390244,61.8,0.029797792434692383
1365889906.0825267,1039.0243902439024,61.2,0.06637239456176758
1365889906.3075962,1034.1463414634147,61.2,0.04019331932067871
1365889906.5366385,1056.09756097561,61.2,0.06646871566772461
1365889906.7559404,1215.8536585365853,61.2,0.0586240291595459
1365889906.9805875,1162.8048780487804,61.2,0.03559303283691406
1365889907.2108123,1087.1951219512196,61.2,0.03767895698547363
1365889907.430577,1218.9024390243903,61.2,0.026456832885742188
1365889907.6498299,1222.5609756097563,61.2,0.04833698272705078
1365889907.8703644,1140.8536585365853,61.8,0.03309130668640137
1365889908.093433,1201.829268292683,61.8,0.03498029708862305
1365889908.3187397,1357.9268292682927,61.8,0.03258037567138672
1365889908.546519,1260.9756097560976,61.8,0.037371158599853516
1365889908.769124,1300.6097560975609,62.3,0.03933095932006836
1365889908.9973176,1009.1463414634145,61.8,0.03435492515563965
1365889909.2262754,1262.8048780487804,61.8,0.049666643142700195
1365889909.4493937,996.3414634146342,61.2,0.024022340774536133
1365889909.66883,1126.219512195122,61.8,0.03222489356994629
1365889909.8948762,1228.658536585366,61.2,0.03392338752746582
1365889910.11805,1062.1951219512196,61.8,0.03187203407287598
1365889910.3435783,1308.5365853658536,61.8,0.04034900665283203
1365889910.5692582,1010.9756097560976,61.2,0.02776789665222168
1365889910.789081,1064.0243902439024,61.2,0.026898622512817383
1365889911.0098996,1294.5121951219512,61.2,0.043875932693481445
1365889911.2433677,1250.6097560975609,61.2,0.06533956527709961
1365889911.4631011,1076.829268292683,62.3,0.07356023788452148
1365889911.6810055,1275.609756097561,61.2,0.03537797927856445
1365889911.9058871,1250.6097560975609,62.3,0.03098011016845703
1365889912.1317534,1279.8780487804877,61.8,0.05412554740905762
1365889912.3601513,1007.3170731707318,62.3,0.035552263259887695
1365889912.5809612,1078.0487804878048,62.3,0.03125309944152832
1365889912.8007812,1095.1219512195123,61.8,0.04351997375488281
1365889913.0254083,1319.5121951219512,62.3,0.02692246437072754
1365889913.2476664,1264.0243902439024,62.3,0.03972458839416504
1365889913.4794276,1145.121951219512,62.3,0.04214596748352051
1365889913.7154737,1123.780487804878,62.3,0.027796506881713867
1365889913.9347053,1234.7560975609756,62.3,0.05211687088012695
1365889914.159743,1028.0487804878048,61.8,0.03262495994567871
1365889914.378524,1278.6585365853657,61.8,0.04713845252990723
1365889914.5974708,1308.5365853658536,61.8,0.10007357597351074
1365889914.8201888,962.8048780487804,62.3,0.0365748405456543
1365889915.0516045,1434.7560975609756,61.8,0.037812232971191406
1365889915.283345,1101.8292682926829,61.8,0.027974367141723633
1365889915.5045469,1267.0731707317073,62.3,0.035893917083740234
1365889915.7302415,1289.0243902439024,61.8,0.035878658294677734
1365889915.954578,1179.878048780488,61.8,0.037038326263427734
1365889916.1835876,1048.170731707317,61.8,0.2892003059387207
1365889916.4025447,1098.1707317073171,61.8,0.09312582015991211
1365889916.6218865,1040.2439024390244,61.8,0.1203157901763916
1365889916.8441217,1160.9756097560976,61.8,0.027059078216552734
1365889917.0648913,1106.7073170731708,61.2,0.03774213790893555
1365889917.297351,973.780487804878,61.8,0.14191460609436035
1365889917.522589,982.9268292682926,62.3,0.032492876052856445
1365889917.7506833,1217.6829268292684,61.8,0.04792952537536621
1365889917.9772608,1267.6829268292681,61.2,0.03148078918457031
1365889918.1962848,1060.9756097560976,61.2,0.03905153274536133
1365889918.4150398,1031.7073170731708,61.8,0.05246090888977051
1365889918.6401372,1018.2926829268292,61.8,0.030185937881469727
1365889918.8634377,1159.7560975609756,61.2,0.03634524345397949
1365889919.0817168,1090.8536585365853,62.3,0.05945587158203125
1365889919.3157241,1062.8048780487804,61.2,0.27093076705932617
1365889919.5415,1023.1707317073171,61.2,0.06273627281188965
1365889919.761991,1062.1951219512196,61.8,0.07116174697875977
1365889919.981838,954.2682926829268,61.2,0.024283885955810547
1365889920.2019997,1009.7560975609756,61.8,0.03495430946350098
1365889920.4225032,1034.1463414634147,61.2,0.06671524047851562
1365889920.6415465,1297.560975609756,61.8,0.0679161548614502
1365889920.8698573,1075.0,61.2,0.0435490608215332
1365889921.0911958,1215.8536585365853,61.2,0.06474423408508301
1365889921.3141892,1159.7560975609756,61.8,0.24279546737670898
1365889921.5386047,1085.9756097560976,61.2,0.02787494659423828
1365889921.7591193,1256.0975609756097,62.3,0.314302921295166
1365889921.9834645,957.3170731707316,61.2,0.09642696380615234
1365889922.2022736,990.8536585365854,61.2,0.03466367721557617
1365889922.424549,998.170731707317,61.2,0.02950882911682129
1365889922.6471834,1232.9268292682927,61.2,0.028351783752441406
1365889922.8682237,1048.170731707317,62.3,0.028330326080322266
1365889923.0903504,1031.7073170731708,62.3,0.05548882484436035
1365889923.3155804,1228.658536585366,61.2,0.0287625789642334
1365889923.5366726,965.2439024390244,61.2,0.047213077545166016
1365889923.75507,1062.8048780487804,61.8,0.044625043869018555
1365889923.9743764,968.9024390243902,61.8,0.0543665885925293
1365889924.1924791,975.0,61.2,0.046964168548583984
1365889924.4112601,1015.2439024390243,61.2,0.0769350528717041
1365889924.6380682,1054.2682926829268,61.2,0.05003499984741211
1365889924.8585253,1090.8536585365853,61.2,0.06125235557556152
1365889925.0838904,1190.8536585365855,61.8,0.04366660118103027
1365889925.3137426,1178.0487804878048,61.8,0.051038265228271484
1365889925.5435927,1157.9268292682927,61.2,0.029985666275024414
1365889925.7640126,1234.7560975609756,61.8,0.055074214935302734
1365889925.984604,1153.0487804878048,61.2,0.04249739646911621
1365889926.2154622,1223.7804878048782,61.2,0.03783297538757324
1365889926.438596,1135.9756097560976,61.8,0.026492595672607422
1365889926.6588383,1095.1219512195123,61.8,0.03229117393493652
1365889926.8801255,962.8048780487804,61.2,0.07757806777954102
1365889927.1094298,1151.8292682926829,61.8,0.031270742416381836
1365889927.3349135,1221.9512195121952,61.8,0.03334951400756836
1365889927.556941,1025.0,61.2,0.030962228775024414
1365889927.781201,1300.6097560975609,61.2,0.04106879234313965
1365889928.0030606,1070.7317073170732,61.2,0.06124281883239746
1365889928.2329035,1150.609756097561,61.8,0.032500267028808594
1365889928.4540894,1107.9268292682927,61.2,0.026604652404785156
1365889928.6723785,967.0731707317073,61.2,0.07980608940124512
1365889928.891574,1232.9268292682927,62.3,0.047621965408325195
1365889929.1282809,1198.780487804878,61.2,0.18353509902954102
1365889929.346484,984.7560975609756,61.2,0.11254334449768066
1365889929.5700703,1262.8048780487804,61.8,0.02826976776123047
1365889929.7926183,1095.1219512195123,61.2,0.058855533599853516
1365889930.0115623,1098.1707317073171,61.2,0.16489601135253906
1365889930.233097,993.2926829268292,61.2,0.1864616870880127
1365889930.452006,1184.7560975609756,61.2,0.09932065010070801
1365889930.6802897,1196.9512195121952,61.8,0.02626943588256836
1365889930.8991618,1210.9756097560976,61.2,0.029409408569335938
1365889931.119989,1103.0487804878048,61.2,0.03693556785583496
1365889931.3513927,1001.8292682926829,61.2,0.025173187255859375
1365889931.571597,995.1219512195122,61.8,0.034580230712890625
1365889931.7951436,1115.8536585365855,61.8,0.025847434997558594
1365889932.0142713,1137.8048780487804,61.2,0.05036306381225586
1365889932.2373846,1087.1951219512196,61.2,0.0466456413269043
1365889932.4558227,1275.0,61.2,0.025730371475219727
1365889932.6776047,1261.5853658536585,61.8,0.025995254516601562
1365889932.89707,1003.0487804878047,61.2,0.025789499282836914
1365889933.117573,1145.7317073170732,61.2,0.037016868591308594
1365889933.3422978,1121.9512195121952,61.2,0.0343170166015625
1365889933.5629728,1258.5365853658536,61.2,0.03750753402709961
1365889933.7925127,1192.0731707317075,61.2,0.03991103172302246
1365889934.015247,1028.0487804878048,61.8,0.025452852249145508
1365889934.2356966,996.3414634146342,61.2,0.031888484954833984
1365889934.45514,1037.8048780487804,61.8,0.028240442276000977
1365889934.6752048,1419.5121951219512,61.2,0.04315757751464844
1365889934.8977795,1256.0975609756097,61.2,0.05676150321960449
1365889935.1320422,1014.0243902439023,61.8,0.033461809158325195
1365889935.352029,1250.6097560975609,61.2,0.03156685829162598
1365889935.5754547,1215.8536585365853,62.3,0.0315704345703125
1365889935.8024645,1046.9512195121952,61.8,0.03668832778930664
1365889936.0209308,1256.0975609756097,62.3,0.03069591522216797
1365889936.2455475,1212.8048780487807,61.8,0.03652667999267578
1365889936.4735134,946.951219512195,61.8,0.024919748306274414
1365889936.6915858,1334.7560975609756,62.3,0.043074846267700195
1365889936.9210138,1289.6341463414633,62.3,0.03954291343688965
1365889937.1489582,1228.0487804878048,61.2,0.030446529388427734
1365889937.3734913,1075.0,61.8,0.04892849922180176
1365889937.6022415,1023.1707317073171,61.8,0.09694361686706543
1365889937.8211699,1239.0243902439024,62.3,0.02726459503173828
1365889938.043063,1087.1951219512196,62.3,0.1392054557800293
1365889938.2648761,965.8536585365854,61.2,0.0384824275970459
1365889938.4836154,978.0487804878048,61.2,0.038338422775268555
1365889938.7036247,1222.5609756097563,61.2,0.04302239418029785
1365889938.9246383,1186.5853658536585,62.3,0.03130054473876953
1365889939.149804,1095.7317073170732,62.3,0.057125091552734375
1365889939.3784785,1064.0243902439024,61.2,0.055231571197509766
1365889939.605545,1179.878048780488,62.3,0.03612399101257324
1365889939.8264835,951.2195121951219,61.8,0.03223085403442383
1365889940.0450997,1073.1707317073171,61.8,0.027899503707885742
1365889940.2635806,1217.0731707317073,61.8,0.02816915512084961
1365889940.4821386,1050.0,61.8,0.029325008392333984
1365889940.704239,1239.6341463414635,61.8,0.060949087142944336
1365889940.9364028,960.9756097560976,61.8,0.05887484550476074
1365889941.1800644,959.1463414634146,61.8,0.02949690818786621
1365889941.40098,1210.9756097560976,61.2,0.03311896324157715
1365889941.6225803,1056.09756097561,61.2,0.033997297286987305
1365889941.8423665,1121.9512195121952,61.8,0.047997474670410156
1365889942.063643,1193.90243902439,62.3,0.04113006591796875
1365889942.2891014,1070.121951219512,62.3,0.05807352066040039
1365889942.511438,1065.8536585365855,61.2,0.13287734985351562
1365889942.7299764,1203.6585365853657,62.3,0.03661489486694336
1365889942.9570625,1332.9268292682927,61.2,0.037518978118896484
1365889943.1783078,979.2682926829268,61.2,0.04349231719970703
1365889943.3989522,1145.7317073170732,61.2,0.03179788589477539
1365889943.6255453,1327.439024390244,61.8,0.07429099082946777
1365889943.846639,1351.8292682926829,62.3,0.32277965545654297
1365889944.069649,1054.2682926829268,61.2,0.10622453689575195
1365889944.3024294,1060.9756097560976,61.2,0.0390017032623291
1365889944.5215304,1023.1707317073171,61.8,0.025899410247802734
1365889944.7399142,1173.780487804878,61.8,0.03217267990112305
1365889944.9679499,1225.0,62.3,0.028438091278076172
1365889945.1907356,1050.0,62.3,0.04522061347961426
1365889945.42575,1034.1463414634147,61.8,0.0274658203125
1365889945.644921,1057.9268292682925,61.8,0.025888681411743164
1365889945.8652763,959.1463414634146,62.3,0.03202700614929199
1365889946.0837717,1043.9024390243903,62.3,0.04467320442199707
1365889946.3038554,1079.2682926829268,62.3,0.03501772880554199
1365889946.532445,1196.9512195121952,61.2,0.053955078125
1365889946.7567315,1244.5121951219514,62.3,0.05111050605773926
1365889946.9881337,1035.9756097560976,62.3,0.03385734558105469
1365889947.2094247,1220.1219512195123,61.8,0.04247713088989258
1365889947.4354398,1012.8048780487804,62.3,0.026053667068481445
1365889947.6541817,1292.6829268292684,62.3,0.038713932037353516
1365889947.882266,1087.8048780487807,61.8,0.02818584442138672
1365889948.100424,1276.8292682926829,62.3,0.5101709365844727
1365889948.3253567,1305.4878048780488,62.3,0.29335713386535645
1365889948.5442488,1344.5121951219512,62.3,0.07800531387329102
1365889948.7687867,1357.9268292682927,62.3,0.03998279571533203
1365889948.9948208,1062.1951219512196,62.3,0.04894733428955078
1365889949.2209184,1275.0,62.3,0.03520941734313965
1365889949.4452732,1067.6829268292684,61.8,0.03453373908996582
1365889949.6709287,1215.8536585365853,62.3,0.02781057357788086
1365889949.8938408,1243.9024390243903,61.2,0.03531384468078613
1365889950.1212702,1346.9512195121952,61.2,0.041750431060791016
1365889950.3414721,1065.8536585365855,61.2,0.04018521308898926
1365889950.5618312,1283.5365853658536,62.3,0.031108617782592773
1365889950.7887952,1341.4634146341464,61.2,0.03186202049255371
1365889951.0133338,1275.0,62.3,0.03866720199584961
1365889951.2392082,1010.9756097560976,61.8,0.03930044174194336
1365889951.465178,1073.1707317073171,62.3,0.023906469345092773
1365889951.6830893,1065.8536585365855,61.2,0.026290416717529297
1365889951.9026735,1167.0731707317073,61.8,0.0458526611328125
1365889952.1308298,1226.8292682926829,62.3,0.039545536041259766
1365889952.357176,1225.6097560975609,62.3,0.10264062881469727
1365889952.5858774,1425.6097560975609,62.3,0.051706552505493164
1365889952.816419,1233.5365853658539,62.3,0.03795027732849121
1365889953.043534,1040.8536585365853,61.2,0.026424884796142578
1365889953.2657707,996.3414634146342,62.3,0.03005075454711914
1365889953.4834924,1062.8048780487804,61.8,0.031125307083129883
1365889953.7028725,1156.7073170731708,61.8,0.0320742130279541
1365889953.9300025,1159.1463414634147,61.8,0.028206348419189453
1365889954.1502795,990.8536585365854,61.8,0.03831791877746582
1365889954.3693984,1344.5121951219512,61.2,0.03628849983215332
1365889954.5988126,1126.8292682926829,61.8,0.02440166473388672
1365889954.818263,1173.170731707317,62.3,0.03147315979003906
1365889955.0403306,1203.0487804878048,62.3,0.05272102355957031
1365889955.2684994,1306.7073170731708,62.3,0.03506612777709961
1365889955.4932368,1225.6097560975609,62.3,0.044249773025512695
1365889955.722317,1018.9024390243901,61.8,0.04679274559020996
1365889955.9430935,1070.7317073170732,61.8,0.05608320236206055
1365889956.167065,1275.0,61.8,0.10751128196716309
1365889956.3935535,987.1951219512194,61.8,0.03473782539367676
1365889956.618184,1048.780487804878,61.8,0.03802919387817383
1365889956.8381412,1221.9512195121952,62.3,0.03360128402709961
1365889957.0643911,957.3170731707316,62.3,0.031332969665527344
1365889957.2830784,1004.8780487804878,61.2,0.03382277488708496
1365889957.5106678,1004.8780487804878,61.8,0.031348228454589844
1365889957.7313159,1082.9268292682927,61.2,0.03308987617492676
1365889957.9506242,1137.1951219512196,61.2,0.04029679298400879
1365889958.1722605,1017.0731707317074,62.3,0.026584148406982422
1365889958.3943927,1211.5853658536587,62.3,0.02914595603942871
1365889958.6156535,1070.121951219512,61.8,0.034316301345825195
1365889958.8363848,1051.219512195122,61.8,0.13796138763427734
1365889959.0559504,1092.0731707317073,62.3,0.049623966217041016
1365889959.2784374,1196.9512195121952,62.3,0.04797220230102539
1365889959.5112662,1245.7317073170732,61.8,0.02576589584350586
1365889959.7325058,1012.8048780487804,61.8,0.02599358558654785
1365889959.954569,1192.6829268292684,61.8,0.04838442802429199
1365889960.18464,1258.5365853658536,62.3,0.036925554275512695
1365889960.4101222,1151.8292682926829,61.8,0.047917842864990234
1365889960.6386578,1014.0243902439023,62.3,0.03182625770568848
1365889960.8572743,1001.8292682926829,62.3,0.03252363204956055
1365889961.078561,957.3170731707316,61.2,0.09125876426696777
1365889961.2972753,1106.09756097561,62.3,0.03293943405151367
1365889961.516021,1064.0243902439024,61.2,0.05927324295043945
1365889961.7427695,962.8048780487804,61.2,0.03559756278991699
1365889961.961244,1359.7560975609756,61.2,0.04804563522338867
1365889962.1985807,1110.9756097560976,61.8,0.037078857421875
1365889962.4264286,1262.8048780487804,61.2,0.034119606018066406
1365889962.648497,1223.7804878048782,61.8,0.03324389457702637
1365889962.8695393,1187.8048780487804,62.3,0.04797029495239258
1365889963.093076,984.1463414634146,61.2,0.025548219680786133
1365889963.312741,1095.1219512195123,62.3,0.035170793533325195
1365889963.531663,1064.0243902439024,61.8,0.028125762939453125
1365889963.7534778,1145.7317073170732,61.2,0.024204015731811523
1365889963.973022,1018.2926829268292,61.8,0.050791025161743164
1365889964.1956885,975.0,61.2,0.06367754936218262
1365889964.4154842,1217.0731707317073,62.3,0.10623383522033691
1365889964.6398141,998.780487804878,61.2,0.03580021858215332
1365889964.859282,1120.121951219512,61.8,0.050283193588256836
1365889965.0767865,1176.8292682926829,62.3,0.04687809944152832
1365889965.3049033,1250.6097560975609,61.8,0.02929520606994629
1365889965.5246272,1153.6585365853657,61.8,0.033652305603027344
1365889965.7447507,1228.0487804878048,62.3,0.03615427017211914
1365889965.974838,1189.0243902439024,61.8,0.0809476375579834
1365889966.20442,1145.7317073170732,61.8,0.03589987754821777
1365889966.4268093,1197.560975609756,61.8,0.0391387939453125
1365889966.6552658,1068.90243902439,61.2,0.0317234992980957
1365889966.8770125,1284.7560975609756,61.8,0.029385805130004883
1365889967.10015,976.219512195122,62.3,0.03434610366821289
1365889967.3243458,965.8536585365854,61.8,0.03120255470275879
1365889967.5483165,1065.8536585365855,61.8,0.03887200355529785
1365889967.7806554,1204.8780487804877,62.3,0.036803483963012695
1365889968.0097773,1045.7317073170732,61.8,0.025521039962768555
1365889968.2309327,1150.0,61.8,0.042218923568725586
1365889968.457158,1273.780487804878,62.3,0.03681778907775879
1365889968.679575,1203.6585365853657,62.3,0.027016878128051758
1365889968.900051,962.8048780487804,62.3,0.028216838836669922
1365889969.1211946,1009.7560975609756,61.8,0.07214689254760742
1365889969.3389847,960.3658536585366,62.3,0.05834317207336426
1365889969.5612023,1032.9268292682927,62.3,0.03129720687866211
1365889969.7863026,1145.121951219512,62.3,0.0397336483001709
1365889970.0051804,1260.9756097560976,62.3,0.040332794189453125
1365889970.2312713,1307.9268292682925,62.3,0.0253756046295166
1365889970.4522204,1045.7317073170732,62.3,0.027606964111328125
1365889970.6736372,1256.7073170731705,62.3,0.03339505195617676
1365889970.8949282,1031.0975609756097,62.3,0.032248497009277344
1365889971.1143758,1236.5853658536585,62.3,0.035614728927612305
1365889971.3357852,1090.2439024390244,62.3,0.04305219650268555
1365889971.5547945,1079.8780487804877,62.3,0.03384661674499512
1365889971.7816343,1096.9512195121952,61.8,0.029558420181274414
1365889972.0011988,1142.0731707317073,62.3,0.03507590293884277
1365889972.2286317,1253.0487804878048,61.8,0.02904796600341797
1365889972.4502215,1151.8292682926829,62.3,0.03667593002319336
1365889972.6765006,1079.8780487804877,62.3,0.030815601348876953
1365889972.9009213,1195.121951219512,62.3,0.03159451484680176
1365889973.1280382,1103.0487804878048,61.2,0.027695894241333008
1365889973.3488307,968.2926829268292,62.3,0.029415130615234375
1365889973.5705965,1293.9024390243903,62.3,0.03599095344543457
1365889973.8010566,1197.560975609756,62.3,0.0340425968170166
1365889974.0233405,1142.6829268292681,62.3,0.03987741470336914
1365889974.2492785,1286.5853658536585,62.3,0.04558062553405762
1365889974.4722002,1228.658536585366,61.8,0.031717777252197266
1365889974.6990707,976.219512195122,62.3,0.03368878364562988
1365889974.9179084,1037.8048780487804,62.3,0.025771617889404297
1365889975.1362646,1106.09756097561,62.3,0.03185677528381348
1365889975.3555162,1129.878048780488,61.8,0.04578900337219238
1365889975.5814486,1001.219512195122,61.8,0.02949810028076172
1365889975.8028786,1197.560975609756,62.3,0.025873184204101562
1365889976.0245895,1229.878048780488,62.3,0.032537221908569336
1365889976.250524,1184.1463414634145,62.3,0.03367304801940918
1365889976.470249,1195.7317073170732,61.8,0.02812337875366211
1365889976.6932096,1139.6341463414635,62.3,0.046605587005615234
1365889976.918508,1068.90243902439,62.3,0.033940792083740234
1365889977.1377916,1200.609756097561,62.3,0.050045013427734375
1365889977.3658137,1096.9512195121952,62.3,0.05257439613342285
1365889977.5838277,1189.6341463414635,62.3,0.11686348915100098
1365889977.803465,1159.1463414634147,62.3,0.05207943916320801
1365889978.0235982,1323.780487804878,61.8,0.14084219932556152
1365889978.2504632,1244.5121951219514,62.3,0.03164958953857422
1365889978.4765148,1222.5609756097563,62.3,0.040276288986206055
1365889978.7055306,1120.121951219512,62.3,0.05609011650085449
1365889978.9250717,1206.0975609756097,62.3,0.05756115913391113
1365889979.1519551,1112.8048780487804,62.3,0.03179526329040527
1365889979.3722327,1142.6829268292681,62.3,0.12421512603759766
1365889979.59798,1184.1463414634145,62.3,0.06392645835876465
1365889979.8279026,1170.7317073170732,62.3,0.039489030838012695
1365889980.0613463,1203.0487804878048,62.3,0.09475255012512207
1365889980.2821748,1261.5853658536585,62.3,0.03289461135864258
1365889980.5080562,1236.5853658536585,62.3,0.029404401779174805
1365889980.731161,1167.0731707317073,62.3,0.026640653610229492
1365889980.9496439,1196.9512195121952,62.3,0.03537130355834961
1365889981.1761687,1373.780487804878,62.3,0.03557991981506348
1365889981.4072962,1053.0487804878048,62.3,0.026693344116210938
1365889981.6278186,1225.0,62.3,0.032215118408203125
1365889981.8560493,1386.5853658536585,62.3,0.05227541923522949
1365889982.0865817,1053.0487804878048,62.3,0.2146141529083252
1365889982.306966,1098.1707317073171,62.3,0.049449920654296875
1365889982.5335357,1307.9268292682925,62.3,0.7500953674316406
1365889982.7612743,1240.8536585365855,62.3,0.5250899791717529
1365889982.983273,1043.9024390243903,62.3,0.3063328266143799
1365889983.2048316,1307.9268292682925,62.3,0.08919000625610352
1365889983.4335914,1282.9268292682927,62.3,0.06807208061218262
1365889983.6565547,1032.9268292682927,62.3,0.04588055610656738
1365889983.8761842,951.8292682926829,62.3,0.050736427307128906
1365889984.100774,1021.9512195121952,62.3,0.04276394844055176
1365889984.32103,1042.0731707317073,62.3,0.04579806327819824
1365889984.5440254,970.1219512195122,61.2,0.03367495536804199
1365889984.7661595,1148.780487804878,62.3,0.0802304744720459
1365889984.9918165,1037.8048780487804,62.3,0.034609317779541016
1365889985.2140303,1075.0,61.8,0.026963233947753906
1365889985.4351208,1054.878048780488,62.3,0.035662174224853516
1365889985.6545868,1012.1951219512196,61.8,0.047564029693603516
1365889985.8745003,1196.9512195121952,61.8,0.026906967163085938
1365889986.0934122,1034.7560975609756,62.3,0.036527156829833984
1365889986.323141,1073.780487804878,62.3,0.0752403736114502
1365889986.541482,1212.8048780487807,61.8,0.025360584259033203
1365889986.7611308,1029.8780487804877,62.3,0.02888655662536621
1365889986.9787767,1173.170731707317,62.3,0.08245587348937988
1365889987.201019,1365.8536585365855,62.3,0.05551934242248535
1365889987.427994,1032.9268292682927,62.3,0.20161819458007812
1365889987.6470482,960.9756097560976,62.3,0.040886640548706055
1365889987.8696678,1225.0,62.3,0.04216909408569336
1365889988.0890882,1182.9268292682925,62.3,0.04286527633666992
1365889988.3171477,1318.90243902439,62.3,0.03256702423095703
1365889988.5371418,1310.9756097560976,62.3,0.30065131187438965
1365889988.7566378,1208.5365853658536,62.3,0.10794758796691895
1365889988.979584,1150.609756097561,62.3,0.1333463191986084
1365889989.1998882,1247.560975609756,62.3,0.14603614807128906
1365889989.419085,959.1463414634146,62.3,0.044116973876953125
1365889989.6389704,1256.0975609756097,61.8,0.2128303050994873
1365889989.8716607,1042.0731707317073,62.3,0.1697843074798584
1365889990.09074,1142.6829268292681,61.8,0.11467409133911133
1365889990.3162942,960.9756097560976,62.3,0.04777264595031738
1365889990.5400496,1107.9268292682927,62.3,0.44014477729797363
1365889990.7626429,1001.219512195122,62.3,0.6371994018554688
1365889990.9826477,1228.0487804878048,61.8,0.5779478549957275
1365889991.2027838,978.0487804878048,61.8,0.5216898918151855
1365889991.4209554,990.2439024390244,61.2,0.3722567558288574
1365889991.6398468,1175.6097560975609,61.2,0.5396866798400879
1365889991.858366,1031.7073170731708,61.8,0.9409995079040527
1365889992.077827,971.951219512195,61.2,0.7226474285125732
1365889992.2963145,1037.1951219512193,61.2,0.5057592391967773
1365889992.515858,1020.7317073170732,61.2,0.2878603935241699
1365889992.7335372,951.8292682926829,61.8,0.07291531562805176
1365889992.952537,957.9268292682926,61.2,0.029942035675048828
1365889993.1726308,957.9268292682926,61.8,0.0574190616607666
1365889993.3928304,1295.7317073170732,61.2,0.3709268569946289
1365889993.6194289,1240.8536585365855,61.8,0.15904855728149414
1365889993.8437426,1114.6341463414635,61.2,0.09094905853271484
1365889994.0755844,1289.6341463414633,61.2,0.04084944725036621
1365889994.2953632,1256.7073170731705,61.2,0.049170732498168945
1365889994.514096,1156.0975609756097,61.2,0.42519640922546387
1365889994.7321255,962.1951219512194,61.2,0.2081012725830078
1365889994.9510086,957.3170731707316,61.2,0.026808977127075195
1365889995.169582,1045.1219512195123,61.2,0.032675743103027344
1365889995.3879209,957.9268292682926,61.2,0.036508798599243164
1365889995.6065354,1068.90243902439,60.7,0.0336766242980957
1365889995.8240187,1081.0975609756097,61.2,0.06733965873718262
1365889996.0434518,1129.878048780488,61.2,0.026409387588500977
1365889996.2621114,1159.1463414634147,61.2,0.06357622146606445
1365889996.479848,1059.1463414634145,60.7,0.02640676498413086
1365889996.701191,1051.8292682926829,61.2,0.030257701873779297
1365889996.9206016,971.3414634146342,61.2,0.06494975090026855
1365889997.1397629,987.1951219512194,60.7,0.0676412582397461
1365889997.3595197,1000.0,61.2,0.03396439552307129
1365889997.5776646,1190.8536585365855,60.7,0.03703474998474121
1365889997.7961102,1023.1707317073171,60.7,0.024639368057250977
1365889998.0156364,1003.0487804878047,60.7,0.023624420166015625
1365889998.2338254,1068.90243902439,60.7,0.026084423065185547
1365889998.453761,1031.0975609756097,61.2,0.02623152732849121
1365889998.6729407,1046.9512195121952,60.7,0.04636859893798828
1365889998.8910606,1290.8536585365853,60.7,0.039978742599487305
1365889999.1105895,1081.0975609756097,61.2,0.03031015396118164
1365889999.3324544,1217.6829268292684,61.2,0.02870917320251465
1365889999.554763,1009.1463414634145,61.2,0.03578805923461914
1365889999.7749014,1167.0731707317073,61.2,0.027240514755249023
1365889999.9945858,1067.0731707317075,61.2,0.025144100189208984
1365890000.2136848,971.3414634146342,61.2,0.04360222816467285
1365890000.4322531,1051.219512195122,61.2,0.05264854431152344
1365890000.651839,1228.658536585366,61.2,0.03174757957458496
1365890000.876387,1242.0731707317075,61.2,0.060210227966308594
1365890001.1068938,1228.0487804878048,61.2,0.07379913330078125
1365890001.336263,1020.7317073170732,61.2,0.061658382415771484
1365890001.5573502,1222.5609756097563,61.8,0.060791969299316406
1365890001.7790794,1070.7317073170732,61.8,0.055855751037597656
1365890001.9980054,1232.9268292682927,60.7,0.03873467445373535
1365890002.2203271,1280.4878048780488,61.2,0.06520652770996094
1365890002.4403424,1204.8780487804877,61.8,0.02902698516845703
1365890002.66001,1333.5365853658536,61.8,0.051310062408447266
1365890002.883524,1289.6341463414633,61.2,0.028964519500732422
1365890003.1048045,1317.6829268292684,61.2,0.04335451126098633
1365890003.3289082,1293.9024390243903,61.8,0.031086444854736328
1365890003.5552256,1337.8048780487807,61.8,0.030726194381713867
1365890003.7811406,998.170731707317,61.8,0.03214001655578613
1365890003.999876,1100.0,61.8,0.042082786560058594
1365890004.2184787,1221.9512195121952,61.2,0.03870439529418945
1365890004.4438107,971.3414634146342,61.2,0.06267762184143066
1365890004.6657965,957.9268292682926,61.8,0.030327796936035156
1365890004.889277,1220.1219512195123,62.3,0.030846834182739258
1365890005.115541,1378.658536585366,61.8,0.03110218048095703
1365890005.341138,1026.2195121951218,61.8,0.03247833251953125
1365890005.5603993,1071.9512195121952,61.2,0.029720067977905273
1365890005.7785566,1078.0487804878048,61.8,0.03993535041809082
1365890005.997614,1007.3170731707318,61.8,0.029712438583374023
1365890006.2160504,1225.6097560975609,61.8,0.0308074951171875
1365890006.4369967,1034.1463414634147,61.8,0.06537175178527832
1365890006.6558042,953.0487804878048,62.3,0.058595895767211914
1365890006.8824935,1015.2439024390243,61.8,0.032158613204956055
1365890007.103308,1029.8780487804877,61.8,0.030693769454956055
1365890007.3232312,996.3414634146342,61.2,0.026224374771118164
1365890007.5439973,1100.0,62.3,0.04013562202453613
1365890007.773071,1101.219512195122,62.3,0.032389163970947266
1365890007.9933407,1017.0731707317074,62.3,0.2521333694458008
1365890008.212582,1059.7560975609756,61.2,0.03963303565979004
1365890008.4350324,1070.121951219512,61.2,0.04686570167541504
1365890008.6536393,1042.0731707317073,61.8,0.06960725784301758
1365890008.871897,1376.8292682926829,61.8,0.038304805755615234
1365890009.1035266,1079.8780487804877,62.3,0.03149890899658203
1365890009.3270643,1418.9024390243903,62.3,0.036690711975097656
1365890009.558185,1032.9268292682927,61.8,0.04393792152404785
1365890009.7813756,1082.9268292682927,61.8,0.026369333267211914
1365890010.001625,1118.9024390243903,61.8,0.031181812286376953
1365890010.226641,1004.2682926829267,61.2,0.03459906578063965
1365890010.4477813,1018.9024390243901,61.2,0.02846980094909668
1365890010.6658223,954.8780487804878,62.3,0.032393455505371094
1365890010.8844259,1150.609756097561,61.8,0.07273244857788086
1365890011.1054144,1325.609756097561,62.3,0.03029036521911621
1365890011.3288648,1314.6341463414635,61.8,0.027338027954101562
1365890011.5509288,1226.8292682926829,61.8,0.024046659469604492
1365890011.7705703,1178.0487804878048,62.3,0.2650632858276367
1365890011.9981322,1026.8292682926829,62.3,0.04762768745422363
1365890012.2195969,1095.1219512195123,61.8,0.024293899536132812
1365890012.438829,989.0243902439024,61.8,0.025095462799072266
1365890012.6585264,1092.0731707317073,62.3,0.026621580123901367
1365890012.8765965,1003.0487804878047,61.8,0.028189659118652344
1365890013.1011338,1384.7560975609756,61.8,0.03793931007385254
1365890013.3315601,1120.7317073170732,62.3,0.02526235580444336
1365890013.551166,1031.7073170731708,61.8,0.029593467712402344
1365890013.772984,978.0487804878048,62.3,0.035797119140625
1365890013.9966965,1112.8048780487804,61.8,0.03502631187438965
1365890014.2161717,987.1951219512194,62.3,0.030855417251586914
1365890014.4342642,1010.9756097560976,62.3,0.032570838928222656
1365890014.6576707,1128.0487804878048,62.3,0.04083704948425293
1365890014.8769698,1162.8048780487804,62.3,0.02906179428100586
1365890015.0988736,1115.8536585365855,61.8,0.03928685188293457
1365890015.332372,1271.9512195121952,62.3,0.04131340980529785
1365890015.5683694,1056.7073170731708,62.3,0.03666353225708008
1365890015.7872567,1178.0487804878048,61.8,0.1679685115814209
1365890016.0086918,1031.0975609756097,62.3,0.07174134254455566
1365890016.227055,1350.0,61.8,0.035709381103515625
1365890016.4535108,1208.5365853658536,62.3,0.038134098052978516
1365890016.6769779,1264.6341463414635,62.3,0.03549480438232422
1365890016.9039552,1006.0975609756098,62.3,0.07738614082336426
1365890017.1327672,1176.8292682926829,61.8,0.04982423782348633
1365890017.355507,1243.9024390243903,61.8,0.02937030792236328
1365890017.579349,965.2439024390244,62.3,0.03145599365234375
1365890017.8049185,1043.9024390243903,62.3,0.024311304092407227
1365890018.0236018,1100.0,62.3,0.04816484451293945
1365890018.2494504,1081.0975609756097,62.3,0.026126861572265625
1365890018.4691212,960.9756097560976,61.2,0.024363279342651367
1365890018.6877348,1143.90243902439,62.8,0.03554582595825195
1365890018.9161716,1045.1219512195123,62.3,0.11462736129760742
1365890019.1349397,1289.6341463414633,62.3,0.16547679901123047
1365890019.3594322,1042.0731707317073,62.3,0.048993587493896484
1365890019.587345,1145.7317073170732,62.3,0.04073762893676758
1365890019.8157957,1006.0975609756098,62.3,0.0405423641204834
1365890020.042124,1135.9756097560976,61.2,0.043657541275024414
1365890020.2697546,1259.7560975609756,62.3,0.05192065238952637
1365890020.491176,1196.9512195121952,62.3,0.03476238250732422
1365890020.7212353,1423.780487804878,62.3,0.03811073303222656
1365890020.9515493,1285.9756097560976,62.3,0.04163384437561035
1365890021.1789625,1007.3170731707318,62.3,0.030251264572143555
1365890021.4001513,1239.0243902439024,62.3,0.02937602996826172
1365890021.6233876,975.0,62.3,0.029877424240112305
1365890021.8417783,1079.2682926829268,62.3,0.03177285194396973
1365890022.0615969,1187.8048780487804,62.3,0.0697634220123291
1365890022.2884178,1193.90243902439,62.3,0.031415700912475586
1365890022.5155637,1286.5853658536585,62.3,0.024877309799194336
1365890022.735576,971.951219512195,62.3,0.03760838508605957
1365890022.9582186,1154.8780487804877,61.8,0.036977291107177734
1365890023.1889448,1090.2439024390244,62.3,0.04017233848571777
1365890023.4168353,1007.9268292682925,62.3,0.029851436614990234
1365890023.6355999,1059.1463414634145,62.3,0.026149749755859375
1365890023.8549378,962.1951219512194,62.3,0.026929140090942383
1365890024.0768154,1087.1951219512196,62.3,0.06269598007202148
1365890024.3061404,1250.6097560975609,62.3,0.04241538047790527
1365890024.5353374,1258.5365853658536,62.3,0.05496931076049805
1365890024.7625916,1222.5609756097563,62.3,0.043830156326293945
1365890024.9948688,1051.219512195122,62.3,0.04139113426208496
1365890025.2155762,1236.5853658536585,62.3,0.04287242889404297
1365890025.4385505,1294.5121951219512,62.3,0.03616642951965332
1365890025.6612208,1007.9268292682925,62.3,0.024466991424560547
1365890025.8791409,996.3414634146342,62.3,0.03885316848754883
1365890026.0979319,1306.7073170731708,62.3,0.03470730781555176
1365890026.3179483,1081.0975609756097,62.3,0.034212589263916016
1365890026.5460582,1187.8048780487804,62.3,0.04016256332397461
1365890026.7787209,1260.9756097560976,62.3,0.02923893928527832
1365890027.0016837,1318.90243902439,62.3,0.033788204193115234
1365890027.2207613,1004.8780487804878,62.3,0.10236334800720215
1365890027.4392865,1112.1951219512196,62.3,0.04187273979187012
1365890027.6584387,1222.5609756097563,62.3,0.031896352767944336
1365890027.8768914,950.0,62.3,0.03421640396118164
1365890028.0981076,1104.878048780488,62.3,0.02782607078552246
1365890028.3168044,1200.609756097561,61.8,0.036242008209228516
1365890028.5471065,1406.7073170731708,61.8,0.03386211395263672
1365890028.7681031,1425.6097560975609,62.3,0.05226922035217285
1365890029.0008192,1231.7073170731708,62.3,0.03728032112121582
1365890029.2265048,1142.0731707317073,62.3,0.03899693489074707
1365890029.4512517,1034.7560975609756,62.3,0.0263364315032959
1365890029.6707523,1185.9756097560976,62.3,0.04537796974182129
1365890029.899123,993.2926829268292,62.3,0.034581661224365234
1365890030.12078,1287.8048780487804,62.3,0.0768589973449707
1365890030.342891,1554.2682926829268,62.3,0.02921319007873535
1365890030.5668762,1239.0243902439024,62.3,0.038001060485839844
1365890030.7990391,1057.9268292682925,62.3,0.03565359115600586
1365890031.0232239,1226.8292682926829,62.3,0.03166937828063965
1365890031.2502959,1237.8048780487804,61.8,0.028731584548950195
1365890031.472101,1065.2439024390244,62.3,0.036214351654052734
1365890031.6938353,960.3658536585366,62.3,0.03408646583557129
1365890031.9156685,1161.5853658536585,62.3,0.08616948127746582
1365890032.1401951,1123.780487804878,62.3,0.06675887107849121
1365890032.3603761,1003.0487804878047,62.3,0.15967488288879395
1365890032.5862935,1189.0243902439024,62.3,0.052281856536865234
1365890032.8131807,1178.658536585366,62.3,0.0390622615814209
1365890033.0451906,1003.0487804878047,62.3,0.026524066925048828
1365890033.2667375,1067.0731707317075,62.3,0.025971651077270508
1365890033.4858315,1017.0731707317074,62.3,0.03273940086364746
1365890033.705551,1067.6829268292684,62.3,0.0429534912109375
1365890033.9242513,962.1951219512194,62.3,0.0407102108001709
1365890034.1424432,1193.90243902439,62.3,0.05161619186401367
1365890034.3644364,1228.0487804878048,62.3,0.03820443153381348
1365890034.5962112,1296.9512195121952,62.3,0.029725074768066406
1365890034.821825,1165.8536585365853,62.3,0.03286123275756836
1365890035.0437632,1007.3170731707318,62.3,0.02558112144470215
1365890035.2638524,1103.0487804878048,62.3,0.025165319442749023
1365890035.4818332,1039.0243902439024,61.8,0.03469109535217285
1365890035.7112901,1151.8292682926829,62.3,0.05376482009887695
1365890035.9384406,1168.9024390243903,62.3,0.03116917610168457
1365890036.1598408,975.0,62.3,0.03063035011291504
1365890036.3790598,1245.7317073170732,62.3,0.11752843856811523
1365890036.6028335,1223.7804878048782,62.3,0.02791905403137207
1365890036.8251326,1222.5609756097563,62.3,0.03408026695251465
1365890037.0515404,1012.8048780487804,61.8,0.025198936462402344
1365890037.271822,964.0243902439024,62.3,0.07187128067016602
1365890037.4916682,1003.0487804878047,62.3,0.04409456253051758
1365890037.710963,1126.8292682926829,62.3,0.05767560005187988
1365890037.9335597,1090.2439024390244,62.3,0.030933856964111328
1365890038.159748,1192.6829268292684,62.3,0.0359342098236084
1365890038.390054,996.9512195121952,61.8,0.03528285026550293
1365890038.6190178,1236.5853658536585,62.3,0.027662038803100586
1365890038.84154,1079.2682926829268,62.3,0.03157758712768555
1365890039.0609307,1221.9512195121952,62.3,0.03286170959472656
1365890039.283767,1159.1463414634147,61.8,0.08152079582214355
1365890039.5023043,957.3170731707316,61.8,0.03568768501281738
1365890039.724147,1193.90243902439,62.3,0.05561089515686035
1365890039.945324,1026.8292682926829,61.8,0.09525060653686523
1365890040.1670315,1236.5853658536585,62.3,0.042754173278808594
1365890040.3970907,1184.1463414634145,62.3,0.03926563262939453
1365890040.6289337,1182.9268292682925,62.3,0.03020954132080078
1365890040.8535004,962.8048780487804,62.3,0.03587484359741211
1365890041.073579,1115.8536585365855,62.3,0.03504323959350586
1365890041.2950718,1250.6097560975609,62.3,0.03783988952636719
1365890041.518647,1236.5853658536585,62.3,0.06129860877990723
1365890041.740841,1098.1707317073171,62.3,0.03528308868408203
1365890041.9662323,1342.6829268292684,62.3,0.0415651798248291
1365890042.1929145,1056.7073170731708,62.3,0.12807703018188477
1365890042.426774,1248.780487804878,62.3,0.07715797424316406
1365890042.6550598,1212.8048780487807,61.8,0.043915748596191406
1365890042.873648,1170.7317073170732,62.3,0.029398441314697266
1365890043.093297,1053.0487804878048,62.3,0.027652978897094727
1365890043.3128572,1228.0487804878048,62.3,0.03661632537841797
1365890043.532209,1078.0487804878048,62.3,0.04062700271606445
1365890043.7551029,1048.170731707317,62.3,0.026460886001586914
1365890043.9766405,1153.6585365853657,62.3,0.0522613525390625
1365890044.2015676,1372.560975609756,62.3,0.027553796768188477
1365890044.42373,1314.0243902439024,62.3,0.032875776290893555
1365890044.6502137,1046.9512195121952,61.8,0.02865767478942871
1365890044.8700862,1150.0,62.3,0.0338594913482666
1365890045.0941076,1150.0,62.3,0.09090709686279297
1365890045.3161154,1079.8780487804877,62.3,0.027185916900634766
1365890045.5379229,1181.7073170731708,62.3,0.046135902404785156
1365890045.761685,1233.5365853658539,62.3,0.05432558059692383
1365890045.9938874,1285.9756097560976,62.3,0.03575634956359863
1365890046.2212324,1303.0487804878048,62.3,0.05130362510681152
1365890046.4450123,1037.1951219512193,62.3,0.0441586971282959
1365890046.669565,1175.6097560975609,62.8,0.027816057205200195
1365890046.8921957,957.9268292682926,62.3,0.06222653388977051
1365890047.1114318,1073.780487804878,62.3,0.03518962860107422
1365890047.3303015,1212.8048780487807,62.3,0.03678584098815918
1365890047.5546038,1001.219512195122,62.3,0.05731368064880371
1365890047.774257,1043.9024390243903,62.3,0.04143881797790527
1365890047.9938366,1323.780487804878,62.3,0.029061555862426758
1365890048.2173092,1250.6097560975609,62.3,0.033632755279541016
1365890048.4411876,996.3414634146342,62.3,0.2781085968017578
1365890048.659828,1029.8780487804877,62.3,0.06301498413085938
1365890048.8803065,1071.9512195121952,62.3,0.039768218994140625
1365890049.1102734,1425.6097560975609,62.3,0.14660978317260742
1365890049.3306537,1035.9756097560976,61.8,0.025241613388061523
1365890049.5512953,1056.09756097561,62.3,0.03995776176452637
1365890049.7707832,996.3414634146342,61.8,0.5297601222991943
1365890049.9895308,1282.9268292682927,62.3,0.31204700469970703
1365890050.2108567,1070.7317073170732,62.3,0.17603373527526855
1365890050.4295368,1159.1463414634147,61.8,0.31199193000793457
1365890050.6539698,1186.5853658536585,62.3,0.09334778785705566
1365890050.8723025,989.0243902439024,62.3,0.16556334495544434
1365890051.1062086,1142.0731707317073,62.3,0.0504915714263916
1365890051.3300982,1170.7317073170732,62.3,0.03470015525817871
1365890051.5543172,1070.121951219512,62.3,0.06670761108398438
1365890051.7733033,1244.5121951219514,62.3,0.03805208206176758
1365890052.001315,989.0243902439024,62.3,0.26071691513061523
1365890052.2312295,962.8048780487804,62.3,0.05688953399658203
1365890052.4612882,1110.9756097560976,62.3,0.027798175811767578
