1365889752.317167,956.0975609756097,40.1,2.5380375385284424
1365889752.5894039,885.9756097560976,40.1,2.527188539505005
1365889752.846389,800.0,40.1,2.5388050079345703
1365889753.099436,730.4878048780488,39.0,2.5454890727996826
1365889753.380449,926.219512195122,39.5,2.528913736343384
1365889753.637845,946.3414634146341,40.1,2.522454023361206
1365889753.89391,915.8536585365854,40.1,2.5385897159576416
1365889754.168339,1385.3658536585365,40.1,2.521832227706909
1365889754.4237351,818.2926829268292,40.1,2.557420492172241
1365889754.67676,856.0975609756098,40.1,2.521538734436035
1365889754.9340858,736.5853658536586,39.5,2.554138422012329
1365889755.223664,837.1951219512194,39.5,2.5360264778137207
1365889755.477185,925.0,40.1,2.521577835083008
1365889755.732228,896.9512195121952,39.0,2.56559157371521
1365889756.024401,867.0731707317074,40.1,2.5241618156433105
1365889756.278166,788.4146341463415,40.1,2.5242602825164795
1365889756.531757,876.219512195122,39.5,2.541860580444336
1365889756.809044,964.0243902439024,40.1,2.521106004714966
1365889757.06334,957.9268292682926,39.5,2.5238499641418457
1365889757.318388,900.0,39.5,2.5311923027038574
1365889757.5810912,676.219512195122,40.1,2.5442614555358887
1365889757.857381,951.2195121951219,39.5,2.519981622695923
1365889758.111275,1139.6341463414635,39.0,2.5305564403533936
1365889758.369621,768.2926829268292,39.0,2.547959089279175
1365889758.64483,940.2439024390243,40.1,2.5286097526550293
1365889758.8980212,942.0731707317073,40.1,2.5210037231445312
1365889759.152305,932.3170731707318,40.1,2.534698247909546
1365889759.4228501,736.5853658536586,39.0,2.545083999633789
1365889759.702533,773.1707317073171,39.5,2.527348756790161
1365889759.958533,864.0243902439024,40.1,2.5389866828918457
1365889760.219609,719.5121951219512,39.0,2.5758960247039795
1365889760.497787,794.5121951219512,39.5,2.5252976417541504
1365889760.7510731,851.219512195122,39.0,2.523268699645996
1365889761.008429,809.1463414634147,40.1,2.5424511432647705
1365889761.2757602,683.5365853658537,39.5,2.5479581356048584
1365889761.554414,787.1951219512196,40.1,2.5316290855407715
1365889761.817537,758.5365853658536,39.0,2.5220682621002197
1365889762.073477,718.2926829268292,39.5,2.5575506687164307
1365889762.351357,892.0731707317074,40.1,4.083775520324707
1365889762.610955,874.390243902439,39.5,3.827373504638672
1365889762.8683038,815.2439024390243,40.1,3.572472333908081
1365889763.1430368,773.1707317073171,39.5,3.3001444339752197
1365889763.400501,805.4878048780488,40.1,3.0485663414001465
1365889763.657749,796.3414634146342,39.5,2.795006275177002
1365889763.930045,925.0,40.1,2.5279130935668945
1365889764.188568,932.3170731707318,40.1,2.5239765644073486
1365889764.444134,896.9512195121952,40.1,2.5345513820648193
1365889764.703291,707.3170731707316,39.0,2.5573949813842773
1365889764.9859111,935.9756097560976,40.1,2.5594756603240967
1365889765.248843,940.8536585365853,40.1,2.5246834754943848
1365889765.5026681,809.1463414634147,39.0,2.636373996734619
1365889765.7714581,726.219512195122,39.0,2.5520167350769043
1365889766.058501,832.3170731707316,40.1,2.5195412635803223
1365889766.312868,760.3658536585366,40.1,2.561884880065918
1365889766.565737,862.1951219512194,40.1,2.5526437759399414
1365889766.850501,801.219512195122,39.5,2.57184100151062
1365889767.1035688,818.2926829268292,39.0,2.530228614807129
1365889767.3599591,1411.5853658536585,39.5,2.536261796951294
1365889767.6315641,726.219512195122,39.0,2.5468668937683105
1365889767.909647,823.170731707317,40.1,2.533175230026245
1365889768.162424,921.3414634146342,39.5,2.544466257095337
1365889768.420608,700.6097560975609,39.0,2.543773889541626
1365889768.6976268,796.3414634146342,40.1,2.522632360458374
1365889768.95048,772.5609756097562,40.1,2.536695718765259
1365889769.208011,823.170731707317,39.0,2.5400235652923584
1365889769.480326,904.2682926829268,40.1,2.5226738452911377
1365889769.735012,784.1463414634146,40.1,2.5281484127044678
1365889769.991273,770.1219512195122,40.1,2.5309829711914062
1365889770.244791,772.5609756097562,39.5,2.5651328563690186
1365889770.521481,770.1219512195122,39.5,2.5237410068511963
1365889770.7745101,766.4634146341464,40.1,2.5272676944732666
1365889771.0366762,870.1219512195122,40.1,2.5455846786499023
1365889771.308096,705.4878048780488,39.0,2.5443637371063232
1365889771.58202,854.8780487804878,39.5,2.522989273071289
1365889771.8401039,816.4634146341463,39.5,2.5260746479034424
1365889772.096521,724.390243902439,39.5,2.66725492477417
1365889772.374544,780.4878048780488,40.1,2.524221658706665
1365889772.632013,840.2439024390244,40.1,2.5927586555480957
1365889772.887867,888.4146341463414,39.5,2.549639940261841
1365889773.159699,925.0,40.1,2.7625203132629395
1365889773.415796,921.9512195121952,40.1,2.53467059135437
1365889773.675033,789.0243902439024,39.5,2.5663466453552246
1365889773.940311,712.1951219512194,39.5,2.558134078979492
1365889774.220384,783.5365853658537,40.1,2.524956226348877
1365889774.475539,841.4634146341463,40.1,2.5232880115509033
1365889774.7306728,893.9024390243902,39.0,2.545957088470459
1365889775.010386,803.048780487805,40.1,2.5233354568481445
1365889775.267725,770.1219512195122,39.5,2.531602144241333
1365889775.5232399,840.2439024390244,40.1,2.5372118949890137
1365889775.790251,736.5853658536586,39.0,2.5590412616729736
1365889776.070734,816.4634146341463,40.1,2.5237720012664795
1365889776.32583,768.2926829268292,40.1,2.5508522987365723
1365889776.5786722,843.2926829268292,40.1,2.5533697605133057
1365889776.8598988,902.439024390244,39.5,2.528290271759033
1365889777.114707,849.390243902439,40.1,2.5309135913848877
1365889777.370222,917.0731707317074,39.5,2.5339863300323486
1365889777.639911,733.5365853658536,39.5,2.5593149662017822
1365889777.913981,837.1951219512194,39.5,2.535982608795166
1365889778.166843,882.3170731707318,40.1,2.55934739112854
1365889778.426788,740.2439024390244,39.5,2.557842969894409
1365889778.706594,949.390243902439,40.1,2.556528329849243
1365889778.960525,882.3170731707318,40.1,2.524203062057495
1365889779.217843,823.170731707317,40.1,2.5596249103546143
1365889779.491699,832.9268292682926,40.1,2.5340700149536133
1365889779.745604,770.1219512195122,39.5,2.5303421020507812
1365889780.000876,965.8536585365854,40.1,2.5348222255706787
1365889780.2677388,731.0975609756098,39.5,2.5489306449890137
1365889780.543998,785.3658536585366,39.5,2.5220248699188232
1365889780.7981389,810.9756097560976,40.1,2.5366218090057373
1365889781.0615969,901.219512195122,40.1,2.5443336963653564
1365889781.3404002,765.2439024390244,40.1,2.52579402923584
1365889781.593206,866.4634146341464,40.1,2.5225040912628174
1365889781.850569,896.9512195121952,40.1,2.5542585849761963
1365889782.122716,826.2195121951219,40.1,2.5212130546569824
1365889782.3758771,802.439024390244,40.1,2.5226447582244873
1365889782.633031,799.3902439024391,40.1,2.541801691055298
1365889782.89096,744.5121951219512,39.5,2.552769899368286
1365889783.16984,789.0243902439024,40.1,2.5243515968322754
1365889783.426184,760.3658536585366,40.1,2.577179193496704
1365889783.679573,832.3170731707316,40.1,2.5296316146850586
1365889783.942005,720.1219512195122,40.1,2.541346549987793
1365889784.223797,842.0731707317073,40.1,2.5272293090820312
1365889784.4790819,818.2926829268292,40.1,2.5206758975982666
1365889784.735317,717.0731707317073,39.5,2.5417823791503906
1365889785.0123048,758.5365853658536,40.1,2.5331108570098877
1365889785.2736619,896.9512195121952,40.1,2.5273609161376953
1365889785.5296352,860.3658536585366,40.1,2.593668222427368
1365889785.8049731,867.0731707317074,40.1,2.5311338901519775
1365889786.0625541,964.0243902439024,40.1,2.5276830196380615
1365889786.3195589,937.1951219512194,40.1,2.5631322860717773
1365889786.588464,718.2926829268292,39.0,2.5449295043945312
1365889786.8681118,856.0975609756098,40.1,2.5413663387298584
1365889787.127009,893.9024390243902,39.5,2.521253824234009
1365889787.382646,752.439024390244,39.0,2.550978183746338
1365889787.662973,778.048780487805,40.1,2.5212345123291016
1365889787.917425,840.2439024390244,40.1,2.5347228050231934
1365889788.171632,857.9268292682926,40.1,2.546771287918091
1365889788.4520168,904.8780487804878,40.1,2.524815797805786
1365889788.704928,821.951219512195,40.1,2.5217068195343018
1365889788.961204,785.3658536585366,40.1,2.547433376312256
1365889789.238226,772.5609756097562,39.5,2.5271430015563965
1365889789.4916701,915.8536585365854,40.1,2.5212483406066895
1365889789.746479,794.5121951219512,40.1,2.5356593132019043
1365889790.005802,733.5365853658536,39.5,2.548665761947632
1365889790.2896159,1082.9268292682927,39.5,2.525325298309326
1365889790.546315,871.9512195121952,40.1,2.5231387615203857
1365889790.799531,877.439024390244,40.1,2.5633959770202637
1365889791.070831,733.5365853658536,39.0,2.5458507537841797
1365889791.348968,790.2439024390244,40.1,2.5215587615966797
1365889791.604203,788.4146341463415,40.1,2.5463101863861084
1365889791.8617332,728.0487804878048,39.0,2.5430939197540283
1365889792.138426,874.390243902439,40.1,2.519514322280884
1365889792.3922,901.219512195122,40.1,2.5312628746032715
1365889792.648522,878.0487804878048,39.0,2.5433316230773926
1365889792.92519,768.2926829268292,40.1,2.5290791988372803
1365889793.179886,937.1951219512194,40.1,2.5191047191619873
1365889793.433862,835.9756097560976,39.5,2.5417370796203613
1365889793.706814,605.4878048780488,39.5,2.543652296066284
1365889793.9858282,879.2682926829268,39.5,2.5278592109680176
1365889794.23872,949.390243902439,40.1,2.529712677001953
1365889794.4979079,871.3414634146342,40.1,2.526609182357788
1365889794.759022,721.3414634146342,39.5,2.538931369781494
1365889795.034303,928.048780487805,40.1,2.526315212249756
1365889795.295837,843.2926829268292,40.1,2.522987127304077
1365889795.551031,802.439024390244,39.5,2.5492899417877197
1365889795.824173,901.219512195122,39.5,2.555894613265991
1365889796.083742,1062.8048780487804,40.1,2.528315782546997
1365889796.3400588,921.9512195121952,40.1,2.5337605476379395
1365889796.605982,683.5365853658537,39.5,2.559873580932617
1365889796.8841522,970.1219512195122,40.1,2.602418899536133
1365889797.138819,873.170731707317,40.1,2.5207338333129883
1365889797.394103,740.2439024390244,39.5,2.5500102043151855
1365889797.675431,885.3658536585366,39.5,2.525843381881714
1365889797.92873,935.3658536585366,40.1,2.5246756076812744
1365889798.1830752,769.5121951219512,40.1,2.555734872817993
1365889798.460392,962.8048780487804,39.5,2.5222744941711426
1365889798.714844,937.1951219512194,39.5,2.7462775707244873
1365889798.96912,1186.5853658536585,39.5,2.5224881172180176
1365889799.2262678,670.1219512195122,40.1,2.5530076026916504
1365889799.507945,940.8536585365853,40.1,2.5273962020874023
1365889799.764056,904.8780487804878,39.5,2.5315170288085938
1365889800.018369,915.8536585365854,40.1,2.6640453338623047
1365889800.2921548,923.1707317073171,39.0,2.520020008087158
1365889800.547696,915.8536585365854,40.1,2.5267207622528076
1365889800.800529,906.0975609756098,40.1,2.53592848777771
1365889801.064424,642.6829268292684,39.5,2.5494155883789062
1365889801.34052,932.9268292682927,40.1,2.5315804481506348
1365889801.5957959,915.8536585365854,40.1,2.518160343170166
1365889801.849399,806.0975609756098,40.1,2.547555446624756
1365889802.131773,1131.0975609756097,39.5,2.523864507675171
1365889802.38753,841.4634146341463,40.1,2.5251822471618652
1365889802.641655,814.0243902439024,40.1,2.5287375450134277
1365889802.9044821,722.560975609756,39.0,2.5424134731292725
1365889803.182683,813.4146341463414,39.0,2.5219740867614746
1365889803.4353988,832.9268292682926,40.6,2.529542922973633
1365889803.693344,857.9268292682926,39.5,2.544452667236328
1365889803.971956,962.1951219512194,40.1,2.563845634460449
1365889804.227469,773.1707317073171,40.1,2.5244150161743164
1365889804.484494,935.9756097560976,40.1,2.5341105461120605
1365889804.743957,728.0487804878048,39.0,2.5513968467712402
1365889805.02134,884.1463414634146,40.1,2.5896127223968506
1365889805.2787158,932.3170731707318,40.1,2.5208346843719482
1365889805.534316,751.219512195122,40.1,2.5474345684051514
1365889805.8106508,854.2682926829268,40.1,2.5198535919189453
1365889806.06496,960.3658536585366,40.1,2.5351309776306152
1365889806.3250759,835.3658536585366,40.1,2.5275917053222656
1365889806.585805,731.0975609756098,39.5,2.538701057434082
1365889806.861144,876.219512195122,40.1,2.529445171356201
1365889807.124161,946.3414634146341,40.1,2.5229949951171875
1365889807.381482,843.2926829268292,40.1,2.54350209236145
1365889807.656306,804.2682926829269,40.1,2.540088653564453
1365889807.914581,850.0,40.1,2.5280046463012695
1365889808.1700091,757.3170731707318,40.1,2.5340089797973633
1365889808.437577,635.3658536585366,39.0,2.5442159175872803
1365889808.7159529,929.2682926829269,40.1,2.5281410217285156
1365889808.973204,946.3414634146341,40.1,2.5305662155151367
1365889809.2290938,734.1463414634146,40.1,2.545722484588623
1365889809.5097668,885.9756097560976,39.5,2.5332725048065186
1365889809.76283,932.9268292682927,40.1,2.5280826091766357
1365889810.018083,1272.560975609756,39.5,2.570756435394287
1365889810.2994509,839.0243902439024,39.5,2.519712448120117
1365889810.553814,907.9268292682927,40.1,2.538252592086792
1365889810.8080819,943.2926829268292,39.5,2.537935495376587
1365889811.077739,953.0487804878048,40.1,2.5245437622070312
1365889811.3348448,909.1463414634146,40.1,2.5223257541656494
1365889811.591198,860.9756097560976,40.1,2.5273423194885254
1365889811.844265,650.609756097561,39.0,2.5467653274536133
1365889812.126922,1754.2682926829268,40.1,2.5213840007781982
1365889812.38198,849.390243902439,40.1,2.5333948135375977
1365889812.6346729,773.1707317073171,39.5,2.5356266498565674
1365889812.8991191,683.5365853658537,39.5,2.561535120010376
1365889813.177296,900.0,40.1,2.5554845333099365
1365889813.431794,928.048780487805,40.1,2.5522844791412354
1365889813.688365,882.3170731707318,40.1,2.5550835132598877
1365889813.963806,887.1951219512196,40.1,2.534393072128296
1365889814.219512,882.9268292682926,40.1,2.522498607635498
1365889814.474856,818.2926829268292,40.1,2.550661325454712
1365889814.750417,620.1219512195122,39.0,2.5510120391845703
1365889815.0290382,798.1707317073171,40.1,2.5227341651916504
1365889815.284131,853.0487804878048,40.1,2.5280113220214844
1365889815.547498,785.3658536585366,39.5,2.5416479110717773
1365889815.824845,924.3902439024391,40.1,2.5213682651519775
1365889816.080113,929.2682926829269,39.5,2.5251197814941406
1365889816.3376,932.9268292682927,40.1,2.529798984527588
1365889816.6006742,730.4878048780488,39.5,2.540933847427368
1365889816.877439,875.0,40.1,2.5282557010650635
1365889817.1342468,744.5121951219512,39.5,2.5310170650482178
1365889817.390552,874.390243902439,39.5,2.5534303188323975
1365889817.665514,837.1951219512194,40.1,2.53338360786438
1365889817.923806,939.0243902439024,39.5,2.527529001235962
1365889818.177234,826.2195121951219,40.1,2.5365681648254395
1365889818.4495842,937.8048780487804,40.1,2.5359697341918945
1365889818.7084,843.9024390243902,39.5,2.5579466819763184
1365889818.9622972,934.1463414634147,40.1,2.522841215133667
1365889819.217621,735.3658536585366,39.5,2.5714759826660156
1365889819.494207,834.1463414634146,40.1,2.5253686904907227
1365889819.75563,857.3170731707316,40.1,2.5246262550354004
1365889820.013459,789.0243902439024,39.5,2.539292097091675
1365889820.283415,735.3658536585366,39.5,2.550758123397827
1365889820.5690482,935.3658536585366,40.1,2.521918296813965
1365889820.824136,942.0731707317073,40.1,2.528057813644409
1365889821.077806,723.170731707317,39.5,2.608009099960327
1365889821.359489,809.1463414634147,40.1,2.528007745742798
1365889821.616394,914.0243902439024,40.1,2.5278830528259277
1365889821.869417,934.1463414634147,40.1,2.5459554195404053
1365889822.147593,918.2926829268293,39.5,2.535011053085327
1365889822.4012868,795.1219512195122,39.5,2.527388334274292
1365889822.655452,788.4146341463415,40.1,2.5956783294677734
1365889822.918903,733.5365853658536,39.5,2.557461738586426
1365889823.195821,940.8536585365853,39.5,2.5250165462493896
1365889823.4510221,913.4146341463415,40.1,2.539093255996704
1365889823.704288,733.5365853658536,39.5,2.557055950164795
1365889823.991589,764.0243902439024,39.5,2.524387836456299
1365889824.248729,865.2439024390244,39.5,2.525236129760742
1365889824.502568,899.390243902439,39.5,2.5817391872406006
1365889824.786955,801.219512195122,40.1,2.541053533554077
1365889825.0424562,904.8780487804878,40.1,2.5760715007781982
1365889825.29663,889.0243902439024,39.5,2.5415523052215576
1365889825.5732129,783.5365853658537,40.1,2.523716688156128
1365889825.8293602,875.0,40.1,2.525926351547241
1365889826.0832589,943.2926829268292,40.6,2.524630308151245
1365889826.343562,729.2682926829268,39.5,2.5666146278381348
1365889826.62219,945.1219512195122,39.0,2.5217087268829346
1365889826.877527,950.0,40.1,2.530857563018799
1365889827.135085,1065.8536585365855,40.1,2.5351638793945312
1365889827.403157,828.0487804878048,39.5,2.545682430267334
1365889827.676929,940.8536585365853,39.5,2.5294268131256104
1365889827.9356139,950.0,40.1,2.529341220855713
1365889828.190634,670.1219512195122,39.5,2.547983407974243
1365889828.470627,810.3658536585366,40.1,2.524571657180786
1365889828.7306612,926.219512195122,40.1,2.524289846420288
1365889828.985276,832.9268292682926,40.1,2.5415139198303223
1365889829.259736,926.219512195122,40.1,2.5307929515838623
1365889829.512918,923.1707317073171,40.1,2.531777858734131
1365889829.7712178,854.2682926829268,40.1,2.533322811126709
1365889830.035042,708.5365853658536,39.0,2.546353816986084
1365889830.310961,799.3902439024391,39.5,2.522246837615967
1365889830.5685718,846.3414634146342,40.1,2.5541226863861084
1365889830.822832,934.1463414634147,39.5,2.5537431240081787
1365889831.0970721,866.4634146341464,40.1,2.524545907974243
1365889831.3557062,830.4878048780488,40.1,2.5280120372772217
1365889831.60908,766.4634146341464,40.1,2.546152353286743
1365889831.875637,620.1219512195122,40.1,2.5606026649475098
1365889832.154346,939.0243902439024,40.1,2.5468218326568604
1365889832.409899,835.9756097560976,39.5,2.525299072265625
1365889832.66651,627.439024390244,39.5,2.547093391418457
1365889832.948958,954.2682926829268,40.1,2.5618550777435303
1365889833.204142,924.3902439024391,40.1,2.708526134490967
1365889833.4584,924.3902439024391,40.1,2.8506200313568115
1365889833.741339,832.3170731707316,40.1,2.578139543533325
1365889833.994823,892.0731707317074,40.1,2.521501064300537
1365889834.252162,793.2926829268293,40.1,2.54241681098938
1365889834.517517,885.9756097560976,40.1,2.5220181941986084
1365889834.774765,823.170731707317,40.1,2.5209360122680664
1365889835.0309,789.0243902439024,40.1,2.520458459854126
1365889835.2858849,722.560975609756,40.1,2.563176155090332
1365889835.568177,940.2439024390243,40.1,2.583282709121704
1365889835.82188,885.3658536585366,40.1,2.5900983810424805
1365889836.077755,942.0731707317073,40.1,2.6135919094085693
1365889836.3540218,818.2926829268292,40.1,2.5712084770202637
1365889836.607312,759.1463414634146,40.1,2.611203908920288
1365889836.862095,943.2926829268292,40.1,2.5265071392059326
1365889837.123352,799.3902439024391,39.5,2.558474063873291
1365889837.4055989,805.4878048780488,40.1,2.536388874053955
1365889837.6617029,915.8536585365854,39.0,2.5269570350646973
1365889837.914739,934.1463414634147,40.1,2.538325786590576
1365889838.186846,731.0975609756098,39.0,2.543156623840332
1365889838.464015,837.1951219512194,40.1,2.525542736053467
1365889838.7187042,926.219512195122,40.1,2.5432779788970947
1365889838.974747,733.5365853658536,40.1,2.552417278289795
1365889839.253196,926.219512195122,40.1,2.5212371349334717
1365889839.508221,896.3414634146342,40.1,2.5364949703216553
1365889839.7660868,864.0243902439024,40.1,2.5310864448547363
1365889840.0307682,825.0,39.0,2.5444495677948
1365889840.305591,904.2682926829268,39.5,2.579460382461548
1365889840.561912,881.0975609756098,40.1,2.525648355484009
1365889840.816087,648.1707317073171,40.1,2.5654585361480713
1365889841.095604,1001.8292682926829,39.5,2.5263359546661377
1365889841.3500302,921.3414634146342,39.5,2.5254173278808594
1365889841.607268,1084.7560975609756,40.1,2.544041395187378
1365889841.880762,888.4146341463414,40.1,2.5372209548950195
1365889842.134662,814.0243902439024,40.1,2.532069444656372
1365889842.3920052,785.9756097560976,40.1,2.541285276412964
1365889842.64768,744.5121951219512,39.5,2.545649528503418
1365889842.925986,949.390243902439,40.1,2.5217058658599854
1365889843.183479,942.0731707317073,39.5,2.5218608379364014
1365889843.436828,935.9756097560976,40.1,2.5313611030578613
1365889843.698446,760.3658536585366,39.5,2.555499792098999
1365889843.9780989,772.5609756097562,40.1,2.5227856636047363
1365889844.233175,856.0975609756098,40.1,2.528184652328491
1365889844.488361,725.0,39.5,2.5463156700134277
1365889844.7675798,907.9268292682927,40.1,2.543731927871704
1365889845.022362,818.2926829268292,40.1,2.536482334136963
1365889845.278711,827.4390243902438,40.1,2.5383920669555664
1365889845.549759,896.9512195121952,40.1,2.543815851211548
1365889845.807384,823.170731707317,40.1,2.560535192489624
1365889846.062548,943.2926829268292,40.1,2.5314321517944336
1365889846.325637,739.0243902439024,39.0,2.5529274940490723
1365889846.609322,866.4634146341464,39.5,2.521042585372925
1365889846.865642,788.4146341463415,40.1,2.523198366165161
1365889847.118628,950.0,40.1,2.547837257385254
1365889847.400704,937.1951219512194,40.1,2.5294291973114014
1365889847.656847,878.0487804878048,40.1,2.525155782699585
1365889847.913388,943.9024390243902,39.5,2.544396162033081
1365889848.1910012,760.9756097560976,40.1,2.5239100456237793
1365889848.445909,1037.8048780487804,40.1,2.5289511680603027
1365889848.702591,787.1951219512196,40.1,2.5304665565490723
1365889848.9670122,645.1219512195122,39.5,2.5635480880737305
1365889849.252706,1115.8536585365855,39.5,2.5235376358032227
1365889849.5085099,954.8780487804878,40.1,2.5435049533843994
1365889849.764999,816.4634146341463,39.5,2.5864341259002686
1365889850.049241,1112.1951219512196,40.1,2.5327048301696777
1365889850.303908,814.0243902439024,40.1,2.705373525619507
1365889850.557539,943.2926829268292,39.5,2.542496919631958
1365889850.824127,711.5853658536585,39.0,2.545372724533081
1365889851.104971,935.3658536585366,40.1,2.536971092224121
1365889851.361054,777.439024390244,40.1,2.5570032596588135
1365889851.6185532,792.0731707317074,40.1,2.540822744369507
1365889851.8920221,832.3170731707316,40.1,2.5293445587158203
1365889852.145671,879.2682926829268,40.1,2.525679111480713
1365889852.404441,920.1219512195122,40.1,2.5440006256103516
1365889852.6658812,695.1219512195122,39.5,2.5488321781158447
1365889852.94505,825.0,40.1,2.525424003601074
1365889853.2022982,772.5609756097562,40.1,2.527405261993408
1365889853.455678,841.4634146341463,39.0,2.5462799072265625
1365889853.737776,810.3658536585366,39.5,2.5413143634796143
1365889853.9996202,1042.0731707317073,40.1,2.5260231494903564
1365889854.2528582,787.1951219512196,40.1,2.5805623531341553
1365889854.526346,849.390243902439,39.5,2.5374345779418945
1365889854.7821498,943.9024390243902,40.1,2.53930401802063
1365889855.0403259,917.0731707317074,39.5,2.586660385131836
1365889855.3041012,821.3414634146341,40.1,2.5540900230407715
1365889855.5829482,1226.8292682926829,39.5,2.533259868621826
1365889855.8424268,1087.8048780487807,40.1,2.520732879638672
1365889856.099257,892.0731707317074,40.1,2.546193838119507
1365889856.37572,971.3414634146342,40.1,2.5255167484283447
1365889856.634295,785.3658536585366,40.1,2.53859281539917
1365889856.892195,990.8536585365854,40.1,2.577735424041748
1365889857.151285,726.219512195122,40.1,2.5479111671447754
1365889857.433697,814.0243902439024,40.1,2.5300793647766113
1365889857.6904068,953.0487804878048,40.1,2.522515058517456
1365889857.94629,760.3658536585366,40.1,2.55474591255188
1365889858.228713,830.4878048780488,40.1,2.5272252559661865
1365889858.484083,756.0975609756098,40.1,2.5302586555480957
1365889858.738299,782.3170731707318,40.1,2.8229734897613525
1365889859.010659,915.8536585365854,39.5,2.6486194133758545
1365889859.263551,1082.9268292682927,40.1,2.546916961669922
1365889859.522434,887.1951219512196,40.1,2.562678337097168
1365889859.781523,741.4634146341464,39.5,2.5661215782165527
1365889860.06833,849.390243902439,40.1,2.5318281650543213
1365889860.323605,841.4634146341463,40.1,2.55786395072937
1365889860.5803578,937.8048780487804,40.1,2.55014705657959
1365889860.860214,825.0,40.1,2.522677421569824
1365889861.118321,859.1463414634146,40.1,2.529674768447876
1365889861.371496,1115.8536585365855,40.6,2.5350277423858643
1365889861.639936,722.560975609756,39.5,2.55102801322937
1365889861.918771,990.2439024390244,40.1,2.5245680809020996
1365889862.174925,893.9024390243902,40.1,2.5282492637634277
1365889862.433989,794.5121951219512,39.5,2.549800157546997
1365889862.7122822,783.5365853658537,40.1,2.5230441093444824
1365889862.9670012,951.2195121951219,40.1,2.5891146659851074
1365889863.223579,902.439024390244,39.5,2.5369787216186523
1365889863.4923992,800.0,40.1,2.5505707263946533
1365889863.767757,1010.9756097560976,40.1,2.6415624618530273
1365889864.026071,902.439024390244,39.5,2.528055191040039
1365889864.2814138,682.3170731707318,39.0,2.566516399383545
1365889864.557981,770.1219512195122,39.5,2.5309958457946777
1365889864.8144698,820.1219512195122,40.1,2.5563650131225586
1365889865.071224,1095.7317073170732,40.1,2.545131206512451
1365889865.352459,907.3170731707318,40.1,2.5303683280944824
1365889865.607574,810.9756097560976,40.1,2.5403637886047363
1365889865.8708649,960.9756097560976,39.5,2.717604637145996
1365889866.148212,978.0487804878048,40.1,2.5189809799194336
1365889866.403469,875.0,40.1,2.5230677127838135
1365889866.662344,773.1707317073171,40.1,2.575901746749878
1365889866.927419,722.560975609756,39.0,2.5524933338165283
1365889867.206062,921.9512195121952,39.5,2.53594708442688
1365889867.463546,946.951219512195,40.1,2.7579293251037598
1365889867.716931,827.4390243902438,39.5,2.747457265853882
1365889867.991507,932.3170731707318,40.1,2.524489641189575
1365889868.249115,946.3414634146341,40.1,2.57202410697937
1365889868.506082,918.9024390243903,40.1,2.6077301502227783
1365889868.778943,951.2195121951219,39.5,2.527523994445801
1365889869.035025,823.170731707317,40.1,2.5427541732788086
1365889869.292279,776.219512195122,40.1,2.562971830368042
1365889869.555109,758.5365853658536,39.5,2.5535600185394287
1365889869.8379352,862.1951219512194,40.1,2.533883810043335
1365889870.091367,959.1463414634146,40.1,2.5981550216674805
1365889870.346287,937.1951219512194,40.1,2.5460002422332764
1365889870.623036,764.0243902439024,39.5,2.5296502113342285
1365889870.8834848,990.8536585365854,40.1,2.525369882583618
1365889871.140177,921.3414634146342,40.1,2.5430233478546143
1365889871.407392,734.1463414634146,39.5,2.5467824935913086
1365889871.688561,853.0487804878048,40.1,2.521129608154297
1365889871.9439082,830.4878048780488,40.1,2.518994092941284
1365889872.199189,744.5121951219512,40.1,2.5481669902801514
1365889872.48267,846.951219512195,40.1,2.8667080402374268
1365889872.737762,928.048780487805,40.1,2.615983486175537
1365889872.9907122,937.8048780487804,40.1,2.5368881225585938
1365889873.263436,939.0243902439024,40.1,2.522826910018921
1365889873.52084,931.0975609756098,40.1,2.5450501441955566
1365889873.776832,778.048780487805,40.1,2.525263547897339
1365889874.043636,1098.1707317073171,40.1,2.548037052154541
1365889874.323818,937.1951219512194,40.1,2.520124912261963
1365889874.578151,879.8780487804878,40.1,2.518920421600342
1365889874.832871,878.0487804878048,39.5,2.550571918487549
1365889875.1177301,926.219512195122,40.1,2.5199241638183594
1365889875.3727272,799.3902439024391,39.0,2.5177526473999023
1365889875.626056,934.1463414634147,40.1,2.5308830738067627
1365889875.8899908,672.5609756097562,40.1,2.548610210418701
1365889876.170888,816.4634146341463,40.1,2.5288383960723877
1365889876.424018,818.2926829268292,40.1,2.5409038066864014
1365889876.68352,957.9268292682926,39.5,2.544539451599121
1365889876.964431,917.0731707317074,40.1,2.5264666080474854
1365889877.220993,929.8780487804878,40.1,2.523149251937866
1365889877.478647,896.9512195121952,40.1,2.539074659347534
1365889877.751411,743.2926829268292,39.5,2.5422401428222656
1365889878.0247989,935.3658536585366,40.1,2.615246534347534
1365889878.2840729,810.3658536585366,40.1,2.522235631942749
1365889878.541159,749.390243902439,40.1,2.548356533050537
1365889878.8173928,978.0487804878048,39.5,2.5241897106170654
1365889879.076767,764.0243902439024,40.1,2.526726484298706
1365889879.330094,853.0487804878048,40.1,2.551654100418091
1365889879.610155,875.0,40.1,2.5248842239379883
1365889879.870163,788.4146341463415,40.1,2.521010398864746
1365889880.124044,937.8048780487804,40.1,2.5354230403900146
1365889880.3905401,713.4146341463414,39.5,2.5453720092773438
1365889880.672435,934.1463414634147,40.1,2.538461923599243
1365889880.9274151,857.9268292682926,39.5,2.5219457149505615
1365889881.184236,791.4634146341464,40.1,2.5765419006347656
1365889881.464711,780.4878048780488,39.5,2.5640294551849365
1365889881.7179022,770.1219512195122,40.1,2.5258443355560303
1365889881.973792,946.951219512195,40.1,2.534297466278076
1365889882.2360058,722.560975609756,39.5,2.5523228645324707
1365889882.52246,942.0731707317073,40.1,2.5253915786743164
1365889882.777778,926.829268292683,39.5,2.535656213760376
1365889883.031484,795.1219512195122,40.1,2.544830560684204
1365889883.309033,912.1951219512196,40.1,2.521761178970337
1365889883.5661561,876.219512195122,39.5,2.5187907218933105
1365889883.820221,813.4146341463414,40.1,2.6219868659973145
1365889884.086177,741.4634146341464,39.0,2.5469818115234375
1365889884.366466,762.1951219512196,40.1,2.5259339809417725
1365889884.621223,945.1219512195122,40.1,2.523696184158325
1365889884.87941,800.0,40.1,2.572577714920044
1365889885.157578,846.3414634146342,40.1,2.5247304439544678
1365889885.4125838,770.1219512195122,40.1,2.533754825592041
1365889885.6691341,800.0,40.1,2.5642952919006348
1365889885.9404218,917.0731707317074,39.5,2.55369234085083
1365889886.218224,935.3658536585366,40.1,2.529770851135254
1365889886.474663,1068.90243902439,39.5,2.5283875465393066
1365889886.729961,719.5121951219512,40.1,2.5491783618927
1365889887.007332,772.5609756097562,40.1,2.525249481201172
1365889887.261784,823.170731707317,40.1,2.531672477722168
1365889887.5241091,871.9512195121952,40.1,2.544328212738037
1365889887.797394,839.0243902439024,40.1,2.532078266143799
1365889888.0626729,926.829268292683,40.1,2.5253093242645264
1365889888.324192,879.8780487804878,40.1,2.5386648178100586
1365889888.593135,730.4878048780488,39.0,2.563267707824707
1365889888.8709602,946.951219512195,40.1,2.526921510696411
1365889889.1322181,1579.2682926829268,40.1,2.52082896232605
1365889889.388293,738.4146341463414,39.5,2.598292827606201
1365889889.6640131,942.0731707317073,40.1,2.5223991870880127
1365889889.920932,765.2439024390244,40.1,2.542950391769409
1365889890.1782029,734.1463414634146,40.1,2.5443811416625977
1365889890.455667,843.9024390243902,40.1,2.525238275527954
1365889890.713732,910.9756097560976,40.1,2.569546699523926
1365889890.966976,806.0975609756098,40.1,2.533094644546509
1365889891.235869,1065.2439024390244,40.1,2.5489470958709717
1365889891.493995,825.0,40.1,2.5277867317199707
1365889891.751343,791.4634146341464,40.1,2.532299280166626
1365889892.0118709,799.3902439024391,39.5,2.562330961227417
1365889892.2946649,784.1463414634146,39.5,2.5270657539367676
1365889892.550555,932.3170731707318,40.1,2.5251433849334717
1365889892.8089972,1195.7317073170732,40.1,2.537583112716675
1365889893.07845,967.0731707317073,40.1,2.561330556869507
1365889893.341571,871.3414634146342,40.1,2.5317137241363525
1365889893.595732,901.219512195122,40.1,2.575843334197998
1365889893.859057,737.1951219512194,39.0,2.555555582046509
1365889894.1430862,1004.8780487804878,39.0,2.521679401397705
1365889894.399203,859.1463414634146,40.1,2.6439623832702637
1365889894.6521778,978.0487804878048,39.5,2.7691726684570312
1365889894.9239712,870.1219512195122,40.1,2.644721746444702
1365889895.17996,1070.121951219512,40.1,2.5753891468048096
1365889895.43607,862.1951219512194,40.1,2.555393695831299
1365889895.699098,751.219512195122,39.5,2.5579841136932373
1365889895.981208,1039.0243902439024,40.1,2.5246241092681885
1365889896.2365582,1106.09756097561,40.1,2.525865077972412
1365889896.491381,801.219512195122,39.5,2.624950647354126
1365889896.779733,920.1219512195122,40.1,2.528237819671631
1365889897.036948,912.1951219512196,40.1,2.5253612995147705
1365889897.292526,913.4146341463415,40.1,2.5512337684631348
1365889897.5757298,871.3414634146342,40.1,2.5286483764648438
1365889897.830413,845.1219512195122,40.6,2.5271458625793457
1365889898.0835268,849.390243902439,40.1,2.5537853240966797
1365889898.353884,1001.8292682926829,39.0,2.556551456451416
1365889898.636323,904.8780487804878,40.1,2.5271313190460205
1365889898.890453,940.8536585365853,40.1,2.6080431938171387
1365889899.1486988,663.4146341463415,40.1,2.574103593826294
1365889899.427157,928.048780487805,39.5,2.5662994384765625
1365889899.681591,832.9268292682926,39.5,2.62719464302063
1365889899.942888,949.390243902439,40.1,2.5841193199157715
1365889900.2177439,995.1219512195122,39.5,2.523656129837036
1365889900.473995,943.9024390243902,40.1,2.5318078994750977
1365889900.7319648,885.3658536585366,40.1,2.53016996383667
1365889900.9971871,736.5853658536586,39.5,2.5408380031585693
1365889901.270498,929.8780487804878,40.1,2.5546529293060303
1365889901.529603,1671.3414634146343,40.1,2.5362796783447266
1365889901.789151,734.1463414634146,40.1,2.6108016967773438
1365889902.065367,785.9756097560976,40.1,2.5417611598968506
1365889902.321876,835.9756097560976,40.1,2.5242674350738525
1365889902.5774431,939.0243902439024,40.1,2.5549206733703613
1365889902.85151,862.1951219512194,40.1,2.5185155868530273
1365889903.106302,881.0975609756098,40.1,2.5342702865600586
1365889903.369004,801.219512195122,40.1,2.5399277210235596
1365889903.6353862,657.3170731707318,39.5,2.5434296131134033
1365889903.9109602,776.219512195122,40.1,2.6725547313690186
1365889904.172652,807.9268292682927,39.5,2.5227737426757812
1365889904.4271731,698.170731707317,39.0,2.543128490447998
1365889904.706124,765.2439024390244,40.1,2.5369436740875244
1365889904.966414,929.2682926829269,40.1,2.588740110397339
1365889905.221791,1148.780487804878,39.0,2.5380964279174805
1365889905.4918568,856.0975609756098,40.1,2.5525991916656494
1365889905.748617,915.8536585365854,40.1,2.5198147296905518
1365889906.0045881,907.3170731707318,39.5,2.528876304626465
1365889906.263436,751.219512195122,40.1,2.5889713764190674
1365889906.546575,857.3170731707316,40.1,2.5212981700897217
1365889906.802835,765.2439024390244,40.1,2.521759033203125
1365889907.058361,835.9756097560976,39.5,2.5517683029174805
1365889907.3370152,926.219512195122,40.1,2.5295236110687256
1365889907.5915189,784.1463414634146,40.1,2.521115779876709
1365889907.848371,971.951219512195,40.1,2.539472818374634
1365889908.114769,746.3414634146342,40.1,2.55173659324646
1365889908.3994749,854.2682926829268,40.1,2.552772283554077
1365889908.6534731,1114.6341463414635,40.1,2.5212583541870117
1365889908.910167,736.5853658536586,39.5,2.558393955230713
1365889909.192126,928.048780487805,40.1,2.533966302871704
1365889909.449492,1087.1951219512196,40.1,2.5286264419555664
1365889909.703388,764.0243902439024,39.5,2.5540037155151367
1365889909.980247,803.048780487805,40.1,2.53633189201355
1365889910.2356548,769.5121951219512,40.1,2.5315284729003906
1365889910.489398,926.219512195122,40.1,2.5357091426849365
1365889910.7578769,733.5365853658536,39.5,2.5466368198394775
1365889911.038196,860.9756097560976,40.1,2.5244038105010986
1365889911.29168,791.4634146341464,40.1,2.528644323348999
1365889911.548071,726.219512195122,40.1,2.5428285598754883
1365889911.8245199,885.9756097560976,40.6,2.529435396194458
1365889912.079584,821.3414634146341,40.1,2.529385566711426
1365889912.334135,871.3414634146342,40.1,2.5483062267303467
1365889912.6138282,873.170731707317,39.5,2.5214967727661133
1365889912.867649,856.0975609756098,40.1,2.5243871212005615
1365889913.122056,756.0975609756098,40.1,2.5355353355407715
1365889913.3889222,722.560975609756,40.1,2.5457003116607666
1365889913.666024,877.439024390244,40.1,2.530419111251831
1365889913.921143,940.2439024390243,40.1,2.5924055576324463
1365889914.1804318,682.3170731707318,39.5,2.5805912017822266
1365889914.4582112,788.4146341463415,40.1,2.5253844261169434
1365889914.7129111,931.0975609756098,40.1,2.5264055728912354
1365889914.9720268,784.1463414634146,40.1,2.535646438598633
1365889915.242099,748.170731707317,40.1,2.5370473861694336
1365889915.510984,760.9756097560976,40.1,2.5289642810821533
1365889915.769175,896.9512195121952,40.1,2.5207576751708984
1365889916.024023,707.3170731707316,40.1,2.5417699813842773
1365889916.3022442,918.9024390243903,40.1,2.5437276363372803
1365889916.5587,945.1219512195122,40.1,2.5438294410705566
1365889916.813049,937.8048780487804,39.5,2.737285852432251
1365889917.091325,935.3658536585366,40.1,2.541145086288452
1365889917.345706,787.1951219512196,40.1,2.529876232147217
1365889917.6088161,814.0243902439024,40.1,2.5361247062683105
1365889917.8764951,720.1219512195122,39.5,2.565310478210449
1365889918.1508648,792.0731707317074,40.1,2.5617129802703857
1365889918.4149692,814.0243902439024,40.1,2.522975444793701
1365889918.672954,753.0487804878048,39.5,2.5745785236358643
1365889918.947684,929.8780487804878,40.1,2.6640615463256836
1365889919.203976,940.8536585365853,40.1,2.531287670135498
1365889919.459658,820.1219512195122,40.1,2.616028308868408
1365889919.729702,934.1463414634147,40.6,2.522782802581787
1365889919.986469,846.3414634146342,40.1,2.5233728885650635
1365889920.2440782,940.2439024390243,40.1,2.5372426509857178
1365889920.507642,729.2682926829268,39.0,2.5465950965881348
1365889920.7891579,890.2439024390244,40.1,2.5192904472351074
1365889921.043494,838.4146341463414,40.1,2.519926071166992
1365889921.297133,1020.7317073170732,40.1,2.592831611633301
1365889921.581573,812.1951219512194,40.1,2.5230541229248047
1365889921.836492,862.1951219512194,40.1,2.5352189540863037
1365889922.091006,920.1219512195122,39.5,2.532866954803467
1365889922.360511,804.2682926829269,40.1,2.5604147911071777
1365889922.623426,964.0243902439024,40.6,2.522484302520752
1365889922.880192,935.9756097560976,40.1,2.533623695373535
1365889923.141734,679.2682926829269,39.5,2.54756236076355
1365889923.422663,821.3414634146341,39.5,2.519479274749756
1365889923.6787,937.8048780487804,40.1,2.5234744548797607
1365889923.9336178,946.3414634146341,39.5,2.551302194595337
1365889924.2169962,772.5609756097562,40.1,2.519256830215454
1365889924.4729102,910.9756097560976,40.1,2.533019781112671
1365889924.727983,926.219512195122,40.1,2.5438623428344727
1365889925.001911,934.1463414634147,39.5,2.5192017555236816
1365889925.256803,882.3170731707318,39.5,2.538606882095337
1365889925.511364,945.1219512195122,40.1,2.537036657333374
1365889925.772464,802.439024390244,39.5,2.5504705905914307
1365889926.057739,965.2439024390244,40.1,2.577529191970825
1365889926.311946,946.3414634146341,39.0,2.5238757133483887
1365889926.5657878,801.219512195122,40.1,2.747875690460205
1365889926.840922,928.048780487805,40.1,2.5679686069488525
1365889927.09694,780.4878048780488,40.1,2.5213496685028076
1365889927.352025,1118.9024390243903,40.1,2.554985761642456
1365889927.620409,728.0487804878048,39.0,2.689540386199951
1365889927.89696,935.3658536585366,39.5,2.5548508167266846
1365889928.149948,1745.121951219512,40.1,2.523125410079956
1365889928.407974,807.9268292682927,40.1,2.676179885864258
1365889928.669245,756.0975609756098,40.1,2.546801805496216
1365889928.948896,842.0731707317073,40.1,2.5221476554870605
1365889929.207233,918.2926829268293,40.1,2.5379128456115723
1365889929.461586,875.0,39.0,2.541687488555908
1365889929.738537,885.9756097560976,40.1,2.530226469039917
1365889929.994551,1051.219512195122,40.1,2.5296261310577393
1365889930.249722,838.4146341463414,40.1,2.5260088443756104
1365889930.510582,654.2682926829268,39.0,2.5777976512908936
1365889930.7900732,899.390243902439,40.1,2.533008575439453
1365889931.04614,957.3170731707316,40.1,2.520935297012329
1365889931.303343,937.8048780487804,40.1,2.5504648685455322
1365889931.5810719,851.219512195122,40.1,2.523955821990967
1365889931.84081,1037.1951219512193,40.1,2.520612955093384
1365889932.0963368,787.1951219512196,40.1,2.56596040725708
1365889932.3678138,879.8780487804878,40.1,2.529064178466797
1365889932.6277719,843.2926829268292,40.1,2.5367860794067383
1365889932.882314,942.0731707317073,40.1,2.5233428478240967
1365889933.142387,727.4390243902438,39.0,2.546436309814453
1365889933.4240131,1742.0731707317075,40.1,2.527203321456909
1365889933.679691,929.8780487804878,40.1,2.529362201690674
1365889933.9355881,798.1707317073171,39.5,2.556521415710449
1365889934.2137501,815.2439024390243,40.1,2.5416808128356934
1365889934.470359,914.0243902439024,40.1,2.5234203338623047
1365889934.7263,759.1463414634146,40.1,2.5362465381622314
1365889934.993267,723.170731707317,39.0,2.704371452331543
1365889935.277704,990.8536585365854,39.5,2.5248475074768066
1365889935.5325801,814.0243902439024,40.1,2.536410331726074
1365889935.788057,648.1707317073171,39.5,2.5554232597351074
1365889936.0777102,875.0,40.1,2.5326781272888184
1365889936.334038,818.2926829268292,40.1,2.5187339782714844
1365889936.58913,738.4146341463414,40.1,2.5553250312805176
1365889936.876935,899.390243902439,40.1,2.5429093837738037
1365889937.131592,771.3414634146342,40.1,2.5246307849884033
1365889937.387722,807.3170731707318,40.1,2.5555760860443115
1365889937.667527,837.1951219512194,40.1,2.5320537090301514
1365889937.924835,775.0,40.1,2.552218437194824
1365889938.181055,1023.7804878048779,40.1,2.546975612640381
1365889938.4564211,1040.2439024390244,39.0,2.54754376411438
1365889938.732764,760.9756097560976,40.1,2.5915846824645996
1365889938.986968,773.1707317073171,40.1,2.5275981426239014
1365889939.2447412,728.0487804878048,39.5,2.5564889907836914
1365889939.5249379,825.0,40.1,2.5187156200408936
1365889939.779847,835.9756097560976,40.6,2.5243654251098633
1365889940.0388658,850.0,40.1,2.606698513031006
1365889940.3121438,839.0243902439024,40.1,2.5261404514312744
1365889940.565866,906.0975609756098,39.0,2.5227041244506836
1365889940.823086,1221.9512195121952,40.1,2.5429229736328125
1365889941.085801,871.9512195121952,40.1,2.5931272506713867
1365889941.3678489,932.3170731707318,40.1,2.8002562522888184
1365889941.624494,798.1707317073171,40.1,2.5519402027130127
1365889941.8774981,734.1463414634146,40.1,2.5439302921295166
1365889942.155051,829.2682926829268,40.1,2.5296099185943604
1365889942.4104419,924.3902439024391,40.1,2.534438371658325
1365889942.672191,837.1951219512194,39.0,2.5418190956115723
1365889942.945951,960.3658536585366,40.1,2.5219671726226807
1365889943.200844,807.9268292682927,40.1,2.524059295654297
1365889943.4584162,762.1951219512196,40.1,2.52956223487854
1365889943.7218719,720.1219512195122,40.1,2.552687644958496
1365889943.9976761,1713.4146341463415,40.1,2.550499200820923
1365889944.2576158,915.8536585365854,40.1,2.546200752258301
1365889944.5153081,812.1951219512194,40.1,2.5333523750305176
1365889944.779443,1075.0,40.1,2.5593738555908203
1365889945.061358,1007.3170731707318,40.1,2.523585319519043
1365889945.3179,889.0243902439024,40.1,2.5199337005615234
1365889945.573268,864.0243902439024,40.1,2.549095392227173
1365889945.852127,926.219512195122,40.1,2.764385223388672
1365889946.106735,904.8780487804878,40.1,2.526177167892456
1365889946.361377,819.5121951219512,40.1,2.5250909328460693
1365889946.619783,723.170731707317,39.5,2.561281442642212
1365889946.909605,956.0975609756097,40.1,2.522664785385132
1365889947.166809,931.0975609756098,39.5,2.5226428508758545
1365889947.422648,804.2682926829269,40.1,2.5510599613189697
1365889947.708846,1758.5365853658536,40.1,2.522813320159912
1365889947.962486,771.3414634146342,40.1,2.5281479358673096
1365889948.216179,1998.170731707317,40.1,2.5516626834869385
1365889948.491082,818.2926829268292,39.0,2.5526230335235596
1365889948.770116,937.1951219512194,40.1,2.534545660018921
1365889949.0230029,967.0731707317073,40.1,2.527362823486328
1365889949.282311,982.3170731707316,40.1,2.560373306274414
1365889949.561745,821.951219512195,40.1,2.5182182788848877
1365889949.816063,871.3414634146342,40.1,2.638176679611206
1365889950.074856,725.0,39.0,2.5501439571380615
1365889950.355468,821.951219512195,40.1,2.5178229808807373
1365889950.609225,949.390243902439,40.1,2.5440685749053955
1365889950.866519,857.9268292682926,40.1,2.540417194366455
1365889951.136162,726.219512195122,39.0,2.542003870010376
1365889951.412926,890.8536585365854,40.1,2.5259742736816406
1365889951.6728902,937.8048780487804,40.1,2.546603202819824
1365889951.929513,723.170731707317,39.5,2.545405864715576
1365889952.203763,856.0975609756098,40.1,2.521707057952881
1365889952.462362,931.0975609756098,40.1,2.540348529815674
1365889952.717298,734.1463414634146,40.1,2.5531468391418457
1365889952.9965792,758.5365853658536,39.5,2.533205986022949
1365889953.254411,943.9024390243902,40.1,2.5633294582366943
1365889953.510988,945.1219512195122,40.1,2.5600669384002686
1365889953.782977,768.2926829268292,40.1,2.5251476764678955
1365889954.041088,945.1219512195122,40.1,2.5253562927246094
1365889954.302541,849.390243902439,40.1,2.544175148010254
1365889954.570118,730.4878048780488,40.1,2.546225070953369
1365889954.845716,1134.1463414634145,39.5,2.5296480655670166
1365889955.107401,779.2682926829268,40.1,2.5244297981262207
1365889955.362067,738.4146341463414,40.1,2.561223030090332
1365889955.640983,851.219512195122,40.1,2.526134729385376
1365889955.898924,887.1951219512196,39.5,2.5200183391571045
1365889956.1551301,733.5365853658536,40.1,2.54132342338562
1365889956.430193,875.0,40.1,2.662480115890503
1365889956.687326,921.3414634146342,40.1,2.633272171020508
1365889956.943939,914.0243902439024,39.5,2.5824453830718994
1365889957.212866,827.4390243902438,40.1,2.5285727977752686
1365889957.470706,929.2682926829269,40.1,2.5721709728240967
1365889957.726597,784.1463414634146,40.1,2.5261266231536865
1365889957.982739,749.390243902439,40.1,2.5530648231506348
1365889958.25744,857.9268292682926,40.1,2.5595171451568604
1365889958.518823,926.829268292683,40.1,2.649606704711914
1365889958.774517,856.0975609756098,40.1,2.7016029357910156
1365889959.042827,888.4146341463414,40.1,2.933420181274414
1365889959.298825,890.8536585365854,40.1,2.6796231269836426
1365889959.551518,769.5121951219512,40.1,2.5393548011779785
1365889959.808856,731.0975609756098,39.0,2.5594851970672607
1365889960.092055,939.0243902439024,40.1,2.5207679271698
1365889960.349105,901.219512195122,40.1,2.552192211151123
1365889960.606216,823.170731707317,40.1,2.5481579303741455
1365889960.886079,942.0731707317073,40.1,2.5200510025024414
1365889961.14164,898.1707317073171,40.1,2.5209438800811768
1365889961.39607,798.1707317073171,40.1,2.532183885574341
1365889961.6588411,734.1463414634146,40.1,2.6067206859588623
1365889961.947927,809.1463414634147,39.5,2.5726988315582275
1365889962.2032619,864.0243902439024,40.1,2.5209290981292725
1365889962.459672,776.219512195122,40.1,2.5769596099853516
1365889962.747846,835.9756097560976,40.1,2.5207629203796387
1365889963.004412,987.8048780487804,40.1,2.5306928157806396
1365889963.2611048,907.9268292682927,40.1,2.5474047660827637
1365889963.536043,789.0243902439024,39.5,2.546549081802368
1365889963.811949,871.9512195121952,40.1,2.5220727920532227
1365889964.065512,806.0975609756098,40.1,2.5427584648132324
1365889964.328036,750.0,40.1,2.5461130142211914
1365889964.607287,813.4146341463414,40.1,2.521024703979492
1365889964.860456,796.3414634146342,40.6,2.5260064601898193
1365889965.117552,1106.09756097561,40.1,2.543544292449951
1365889965.3912709,940.2439024390243,40.1,2.526120901107788
1365889965.644133,864.0243902439024,39.5,2.526965379714966
1365889965.9052758,890.2439024390244,40.1,2.533411979675293
1365889966.1705222,992.0731707317074,40.1,2.5415592193603516
1365889966.448852,774.390243902439,40.1,2.526904344558716
1365889966.706155,885.3658536585366,40.1,2.521474838256836
1365889966.9614232,809.1463414634147,40.1,2.546114921569824
1365889967.2402189,934.1463414634147,40.1,2.525259494781494
1365889967.4978151,926.219512195122,40.1,2.526735544204712
1365889967.751592,843.9024390243902,40.1,2.534728527069092
1365889968.021497,795.1219512195122,40.1,2.5566294193267822
1365889968.297719,772.5609756097562,40.1,2.547396659851074
1365889968.55329,1007.9268292682925,40.1,2.5220425128936768
1365889968.811071,722.560975609756,40.1,2.562120199203491
1365889969.0947862,877.439024390244,40.1,2.519782066345215
1365889969.349668,772.5609756097562,40.1,2.5307869911193848
1365889969.604274,725.0,40.1,2.5506114959716797
1365889969.880824,824.390243902439,40.1,2.5245485305786133
1365889970.142425,775.0,40.1,2.5276432037353516
1365889970.399623,848.170731707317,40.1,2.5401687622070312
1365889970.67341,832.9268292682926,40.1,2.5218400955200195
1365889970.93072,885.9756097560976,40.1,2.5195114612579346
1365889971.1861608,842.0731707317073,40.1,2.536044120788574
1365889971.447968,720.1219512195122,40.1,2.5539495944976807
1365889971.732797,846.951219512195,39.5,2.568586587905884
1365889971.988422,889.0243902439024,40.1,2.5244815349578857
1365889972.242391,789.0243902439024,40.1,2.539618968963623
1365889972.5159948,762.1951219512196,40.1,2.520827293395996
1365889972.772426,771.3414634146342,40.1,2.5197596549987793
1365889973.0276911,769.5121951219512,40.1,2.5337512493133545
1365889973.2915468,793.2926829268293,39.0,2.5573267936706543
1365889973.579238,893.2926829268292,40.1,2.52767014503479
1365889973.832303,912.1951219512196,40.1,2.5273218154907227
1365889974.085428,722.560975609756,39.5,2.5667247772216797
1365889974.367831,926.219512195122,40.1,2.5682947635650635
1365889974.62183,926.829268292683,40.1,2.5273962020874023
1365889974.8770921,812.1951219512194,40.1,2.5514442920684814
1365889975.1520698,731.0975609756098,39.5,2.5595648288726807
1365889975.42735,940.8536585365853,40.1,2.525843858718872
1365889975.682104,915.8536585365854,40.1,2.5254313945770264
1365889975.9392488,722.560975609756,39.5,2.5448083877563477
1365889976.2193,993.2926829268292,40.1,2.533337354660034
1365889976.473453,840.2439024390244,40.1,2.529542922973633
1365889976.72961,921.9512195121952,40.1,2.731487989425659
1365889977.002508,841.4634146341463,40.1,2.5232291221618652
1365889977.259147,785.9756097560976,40.1,2.5188047885894775
1365889977.514011,890.8536585365854,40.1,2.5948996543884277
1365889977.781922,959.1463414634146,39.5,2.544746160507202
1365889978.0611358,878.0487804878048,40.1,2.523369073867798
1365889978.314411,965.8536585365854,40.1,2.556241512298584
1365889978.578279,654.2682926829268,40.1,2.543755054473877
1365889978.857553,929.8780487804878,40.1,2.5283823013305664
1365889979.1109061,898.1707317073171,40.1,2.5238256454467773
1365889979.3701172,857.9268292682926,40.1,2.5724105834960938
1365889979.641524,717.0731707317073,39.5,2.6617422103881836
1365889979.916426,807.9268292682927,40.1,2.535170793533325
1365889980.1788201,1232.9268292682927,40.1,3.10605788230896
1365889980.433512,1368.9024390243903,40.1,2.8543777465820312
1365889980.708168,777.439024390244,40.1,2.5848228931427
1365889980.966659,806.0975609756098,39.5,2.535994052886963
1365889981.222699,971.3414634146342,40.1,2.5468733310699463
1365889981.500115,794.5121951219512,40.1,2.5402603149414062
1365889981.7567801,830.4878048780488,40.6,2.526437759399414
1365889982.011433,984.1463414634146,40.1,2.539116621017456
1365889982.279951,857.9268292682926,40.1,2.5418694019317627
1365889982.536469,798.1707317073171,40.1,2.5352489948272705
1365889982.793233,921.3414634146342,40.6,2.544494152069092
1365889983.048287,730.4878048780488,40.1,2.602146625518799
1365889983.32589,874.390243902439,40.1,2.5348992347717285
1365889983.5901089,856.0975609756098,40.1,2.5278754234313965
1365889983.843992,924.3902439024391,40.1,2.5826215744018555
1365889984.1130838,830.4878048780488,40.1,2.553041458129883
1365889984.3705778,864.0243902439024,40.1,2.6897761821746826
1365889984.625112,939.0243902439024,40.1,2.5498433113098145
1365889984.88257,737.1951219512194,39.0,2.7457849979400635
1365889985.163743,1078.0487804878048,40.1,2.537091016769409
1365889985.420214,935.3658536585366,40.1,2.528099298477173
1365889985.675118,818.2926829268292,40.1,2.5438232421875
1365889985.949891,782.3170731707318,40.1,2.7083828449249268
1365889986.204028,796.3414634146342,40.1,2.57997727394104
1365889986.461235,900.0,40.1,2.650599718093872
1365889986.717077,684.1463414634147,39.5,2.6298065185546875
1365889987.00163,1206.7073170731708,40.1,2.519777536392212
1365889987.257568,879.2682926829268,40.1,2.7338294982910156
1365889987.511295,866.4634146341464,40.1,2.628915548324585
1365889987.784738,730.4878048780488,40.1,2.5514705181121826
1365889988.062127,935.3658536585366,40.1,2.653602123260498
1365889988.31741,857.9268292682926,40.1,2.664738893508911
1365889988.5763571,737.1951219512194,39.5,2.822646379470825
1365889988.858193,784.1463414634146,40.1,2.7048120498657227
1365889989.112323,787.1951219512196,40.1,2.614750862121582
1365889989.3742452,740.2439024390244,40.1,2.8039603233337402
1365889989.650638,987.1951219512194,40.1,3.1481781005859375
1365889989.904477,1073.780487804878,40.1,2.898717164993286
1365889990.163254,967.0731707317073,40.1,2.64266037940979
1365889990.441351,965.2439024390244,40.1,2.528193473815918
1365889990.695093,939.0243902439024,40.1,2.5217010974884033
1365889990.9494772,805.4878048780488,40.1,2.8161139488220215
1365889991.219139,636.5853658536586,40.1,2.687574863433838
1365889991.4982982,1078.0487804878048,39.5,2.5303497314453125
1365889991.752291,796.3414634146342,40.1,2.5770318508148193
1365889992.0190048,910.9756097560976,40.1,2.5409018993377686
1365889992.287552,725.0,40.1,2.543274164199829
1365889992.567196,784.1463414634146,40.1,2.519054412841797
1365889992.8235378,1098.7804878048782,40.1,2.5281288623809814
1365889993.0805671,737.1951219512194,40.1,2.5491034984588623
1365889993.361537,943.9024390243902,39.5,2.535827875137329
1365889993.620488,814.0243902439024,40.1,2.5378196239471436
1365889993.876838,848.170731707317,39.5,2.5543603897094727
1365889994.151098,956.0975609756097,39.5,2.53786039352417
1365889994.413471,959.1463414634146,40.1,2.5278985500335693
1365889994.6693609,888.4146341463414,40.1,2.547518014907837
1365889994.932296,738.4146341463414,40.1,2.554260730743408
1365889995.2142699,1087.1951219512196,40.1,2.5258665084838867
1365889995.4708748,798.1707317073171,40.1,2.52591609954834
1365889995.7241678,713.4146341463414,40.1,2.5462260246276855
1365889996.0081348,896.9512195121952,40.1,2.532670259475708
1365889996.263604,1807.3170731707316,40.1,2.5294671058654785
1365889996.518358,913.4146341463415,40.1,2.5456666946411133
1365889996.7855601,665.2439024390244,40.1,2.542476177215576
1365889997.0628428,943.2926829268292,40.1,2.5207295417785645
1365889997.316594,795.1219512195122,40.1,2.5214145183563232
1365889997.57027,904.2682926829268,39.5,2.5547657012939453
1365889997.860708,768.2926829268292,40.1,2.527204990386963
1365889998.115367,1040.2439024390244,40.1,2.518328905105591
1365889998.369591,940.8536585365853,40.1,2.550556182861328
1365889998.647115,788.4146341463415,40.1,2.5425384044647217
1365889998.923434,998.780487804878,39.5,2.5406672954559326
1365889999.17967,1007.9268292682925,40.6,2.5590434074401855
1365889999.439392,701.2195121951219,39.5,2.547485589981079
1365889999.714251,857.9268292682926,40.1,2.543783664703369
1365889999.969238,885.9756097560976,40.1,2.5368919372558594
1365890000.22803,780.4878048780488,40.1,2.537750720977783
1365890000.501166,937.8048780487804,40.1,2.526121139526367
1365890000.754239,932.9268292682927,40.1,2.5226669311523438
1365890001.0114381,856.0975609756098,40.1,2.548922300338745
1365890001.270217,829.2682926829268,39.5,2.557168483734131
1365890001.5476851,795.1219512195122,40.1,2.524359703063965
1365890001.80675,896.9512195121952,40.1,2.5268821716308594
1365890002.061183,946.3414634146341,40.1,2.5822646617889404
1365890002.34092,783.5365853658537,40.1,2.544660806655884
1365890002.599266,837.1951219512194,40.1,2.5216445922851562
1365890002.85536,926.829268292683,40.1,2.524691104888916
1365890003.114238,617.6829268292682,39.5,2.555723190307617
1365890003.3956008,796.9512195121952,40.1,2.53147554397583
1365890003.652488,1050.0,40.1,2.534883499145508
1365890003.908842,896.3414634146342,40.1,2.5373880863189697
1365890004.177254,642.6829268292684,39.5,2.5560739040374756
1365890004.463989,914.0243902439024,40.1,2.5493006706237793
1365890004.723039,835.3658536585366,40.1,2.5236806869506836
1365890004.976943,937.8048780487804,40.1,2.54575777053833
1365890005.256723,1668.2926829268292,40.1,2.519594669342041
1365890005.512181,964.0243902439024,40.1,2.518770933151245
1365890005.767502,846.3414634146342,40.1,2.570399761199951
1365890006.045546,843.2926829268292,40.1,2.6745474338531494
1365890006.300457,815.2439024390243,40.1,2.5258426666259766
1365890006.555528,903.048780487805,40.1,2.531055212020874
1365890006.820724,820.1219512195122,40.1,2.5526673793792725
1365890007.1001291,1556.7073170731708,40.1,2.520562171936035
1365890007.353326,757.3170731707318,40.1,2.54026198387146
1365890007.6127412,1895.121951219512,40.1,2.544005870819092
1365890007.8924952,1301.8292682926829,40.1,2.518967866897583
1365890008.146089,835.3658536585366,40.1,2.5312275886535645
1365890008.398829,1007.3170731707318,40.1,2.549654483795166
1365890008.667531,723.170731707317,39.0,2.547741174697876
1365890008.942731,796.9512195121952,40.1,2.5271363258361816
1365890009.1958752,813.4146341463414,40.1,2.5327978134155273
1365890009.4606771,743.2926829268292,40.1,2.545130491256714
1365890009.738497,904.2682926829268,40.1,2.520003080368042
1365890009.991745,863.4146341463414,40.1,2.5207667350769043
1365890010.24899,943.2926829268292,40.1,2.540339946746826
1365890010.5203352,888.4146341463414,40.1,2.521833896636963
1365890010.774457,875.0,40.1,2.5213911533355713
1365890011.0330188,852.4390243902438,40.1,2.5278539657592773
1365890011.296642,742.0731707317074,40.1,2.5459299087524414
1365890011.570585,805.4878048780488,39.0,2.5339789390563965
1365890011.827282,914.0243902439024,40.1,2.553187608718872
1365890012.084673,998.780487804878,40.1,2.551363468170166
1365890012.3535638,762.1951219512196,39.5,2.541874647140503
1365890012.62975,795.1219512195122,40.1,2.5482280254364014
1365890012.88485,769.5121951219512,40.1,2.520646095275879
1365890013.139798,835.9756097560976,39.5,2.550509214401245
1365890013.424054,866.4634146341464,40.1,2.546125650405884
1365890013.677304,896.3414634146342,40.1,2.52345609664917
1365890013.93214,788.4146341463415,40.1,2.547816514968872
1365890014.210758,900.0,40.1,2.5259299278259277
1365890014.472398,860.9756097560976,40.1,2.525987386703491
1365890014.725646,1045.7317073170732,40.1,2.5262930393218994
1365890014.9867609,753.0487804878048,40.1,2.5551445484161377
1365890015.270426,962.8048780487804,40.1,2.5255391597747803
1365890015.526657,885.3658536585366,40.1,2.525103807449341
1365890015.779895,1001.8292682926829,40.1,2.5457634925842285
1365890016.060556,810.9756097560976,40.1,2.52095365524292
1365890016.316222,937.1951219512194,40.1,2.6461143493652344
1365890016.5709739,795.1219512195122,40.1,2.7279744148254395
1365890016.844938,1134.1463414634145,40.1,2.5202674865722656
1365890017.100373,978.0487804878048,40.1,2.612699270248413
1365890017.354466,885.3658536585366,40.1,2.522512674331665
1365890017.610183,714.0243902439024,40.1,2.55802059173584
1365890017.8970392,887.1951219512196,40.1,2.5403499603271484
1365890018.150298,843.9024390243902,40.1,2.555138349533081
1365890018.407158,954.2682926829268,39.5,2.5371429920196533
1365890018.6802602,957.3170731707316,40.1,2.5362486839294434
1365890018.953394,784.1463414634146,40.1,2.5200443267822266
1365890019.207082,1023.7804878048779,40.1,2.5227019786834717
1365890019.464552,728.0487804878048,40.1,2.548889636993408
1365890019.7412689,881.0975609756098,40.1,2.5304720401763916
1365890019.996483,842.0731707317073,40.1,2.5209438800811768
1365890020.253494,757.3170731707318,40.1,2.5491816997528076
1365890020.532133,852.4390243902438,40.1,2.524432897567749
1365890020.787158,765.2439024390244,40.1,2.527778148651123
1365890021.047071,890.8536585365854,39.5,2.5467612743377686
1365890021.32049,768.2926829268292,39.5,2.5216355323791504
1365890021.5746691,840.2439024390244,40.1,2.6840977668762207
1365890021.833535,828.0487804878048,40.1,2.5563254356384277
1365890022.09566,729.2682926829268,39.0,2.5453908443450928
1365890022.3735292,878.0487804878048,40.1,2.523162364959717
1365890022.6291158,929.8780487804878,40.1,2.5449137687683105
1365890022.893232,866.4634146341464,39.0,2.548905849456787
1365890023.1714199,841.4634146341463,40.1,2.52534818649292
1365890023.42645,926.219512195122,40.1,2.534787654876709
1365890023.68811,957.3170731707316,40.1,2.542264938354492
1365890023.961004,951.8292682926829,40.1,2.5244369506835938
1365890024.215518,781.0975609756098,40.1,2.5247623920440674
1365890024.476772,917.0731707317074,40.1,2.5256707668304443
1365890024.739698,615.2439024390244,40.1,2.5938844680786133
1365890025.017519,1852.439024390244,40.1,2.5274596214294434
1365890025.276931,773.1707317073171,40.1,2.522315502166748
1365890025.533838,946.3414634146341,40.1,2.5556576251983643
1365890025.809236,774.390243902439,40.1,2.5295298099517822
1365890026.0688908,767.0731707317074,40.1,2.5245773792266846
1365890026.3270679,921.9512195121952,40.6,2.546987295150757
1365890026.5879118,727.4390243902438,40.1,2.5488240718841553
1365890026.870715,772.5609756097562,40.1,2.520242691040039
1365890027.1239018,796.9512195121952,40.1,2.5179123878479004
1365890027.377952,1175.0,40.1,2.544170379638672
1365890027.658419,807.3170731707318,40.1,2.5315139293670654
1365890027.912919,939.0243902439024,40.1,2.532658100128174
1365890028.16819,912.1951219512196,40.1,2.534799575805664
1365890028.430327,942.0731707317073,39.5,2.55230975151062
1365890028.713784,915.8536585365854,40.1,2.523376703262329
1365890028.969337,819.5121951219512,40.1,2.521240472793579
1365890029.224135,993.2926829268292,40.1,2.540649652481079
1365890029.500952,843.2926829268292,40.1,2.523179531097412
1365890029.757934,857.3170731707316,40.1,2.520536422729492
1365890030.013195,856.0975609756098,40.6,2.5393292903900146
1365890030.276992,730.4878048780488,40.1,2.555506944656372
1365890030.557756,744.5121951219512,40.1,2.521918773651123
1365890030.8147619,1056.7073170731708,40.1,2.527575969696045
1365890031.0763361,736.5853658536586,39.5,2.5530943870544434
1365890031.3552341,1380.4878048780486,40.1,2.518073081970215
1365890031.610267,807.3170731707318,40.1,2.6249828338623047
1365890031.8679109,904.2682926829268,40.1,2.544732093811035
1365890032.1465359,935.3658536585366,40.1,2.5257482528686523
1365890032.399898,878.0487804878048,40.1,2.518315076828003
1365890032.653905,935.3658536585366,40.1,2.537897825241089
1365890032.924416,729.2682926829268,39.5,2.543721914291382
1365890033.201934,775.0,40.1,2.519782543182373
1365890033.4577699,954.2682926829268,40.1,2.6041839122772217
1365890033.724447,738.4146341463414,40.1,2.7702832221984863
1365890033.998763,940.2439024390243,40.1,2.5217936038970947
1365890034.251877,1195.7317073170732,39.5,2.5576884746551514
1365890034.5100951,909.1463414634146,40.1,2.5378775596618652
1365890034.782163,918.2926829268293,40.1,2.562567710876465
1365890035.037166,921.9512195121952,40.1,2.526245594024658
1365890035.297181,879.2682926829268,40.1,2.536072015762329
1365890035.561355,734.1463414634146,40.1,2.5468320846557617
1365890035.8356469,912.1951219512196,40.1,2.524738073348999
1365890036.0932312,946.3414634146341,40.1,2.517922878265381
1365890036.348258,835.9756097560976,40.1,2.5443828105926514
1365890036.62127,934.1463414634147,40.1,2.5324153900146484
1365890036.879376,807.3170731707318,40.1,2.6255013942718506
1365890037.1346262,813.4146341463414,40.1,2.536836624145508
1365890037.3960168,728.0487804878048,39.5,2.56169056892395
1365890037.670246,879.8780487804878,40.1,2.528191566467285
1365890037.9349709,832.9268292682926,40.1,2.5209312438964844
1365890038.189891,949.390243902439,40.1,2.541921854019165
1365890038.4586902,793.2926829268293,40.1,2.521893262863159
1365890038.716492,1020.1219512195121,40.1,2.5241587162017822
1365890038.971701,796.3414634146342,40.1,2.5406367778778076
1365890039.2333922,730.4878048780488,40.1,2.590054988861084
1365890039.5151749,932.3170731707318,40.1,2.5405280590057373
1365890039.7690072,790.2439024390244,39.5,2.551248550415039
1365890040.0236301,993.2926829268292,39.0,2.589996576309204
1365890040.304082,931.0975609756098,40.1,2.5215699672698975
1365890040.559243,948.170731707317,40.1,2.518820285797119
1365890040.814341,929.2682926829269,40.1,2.5585391521453857
1365890041.090623,918.2926829268293,40.1,2.520731210708618
1365890041.3477309,884.1463414634146,40.1,2.521104335784912
1365890041.6008918,901.219512195122,40.1,2.5327961444854736
1365890041.860915,735.3658536585366,39.5,2.5496444702148438
1365890042.1478112,845.1219512195122,40.1,2.5213897228240967
1365890042.40271,935.9756097560976,40.1,2.5254781246185303
1365890042.6583219,935.3658536585366,39.0,2.6221206188201904
1365890042.93706,875.0,40.1,2.5230751037597656
1365890043.191208,868.2926829268292,40.6,2.5280301570892334
1365890043.444122,795.1219512195122,40.1,2.5397653579711914
1365890043.70832,677.439024390244,39.5,2.5472922325134277
1365890043.9882739,762.1951219512196,40.1,2.5338025093078613
1365890044.2416708,831.0975609756097,40.1,2.533080816268921
1365890044.501524,645.1219512195122,40.1,2.547147750854492
1365890044.781297,1663.4146341463413,40.1,2.526754140853882
1365890045.038172,921.9512195121952,39.0,2.5253779888153076
1365890045.291925,1015.2439024390243,40.1,2.541738748550415
1365890045.566734,773.1707317073171,40.1,2.5217137336730957
1365890045.819998,801.219512195122,40.1,2.5175528526306152
1365890046.074729,915.8536585365854,40.1,2.5817759037017822
1365890046.341602,679.2682926829269,39.0,2.546496868133545
1365890046.620429,827.4390243902438,40.1,2.548250198364258
1365890046.873591,788.4146341463415,40.1,2.715338945388794
1365890047.13097,837.1951219512194,40.1,2.541278839111328
1365890047.39884,638.4146341463414,40.1,2.8762800693511963
1365890047.6771278,946.951219512195,40.1,2.6002519130706787
1365890047.935157,796.3414634146342,40.6,2.804867744445801
1365890048.19117,864.0243902439024,39.5,2.675793170928955
1365890048.4666371,902.439024390244,40.1,2.669708013534546
1365890048.723283,939.0243902439024,40.1,2.518332004547119
1365890048.977794,812.1951219512194,40.1,2.5552449226379395
1365890049.250355,857.3170731707316,40.1,2.530567169189453
1365890049.507686,926.219512195122,40.1,2.538982629776001
1365890049.762512,971.3414634146342,40.1,2.583306312561035
1365890050.021186,660.3658536585366,40.1,2.5550451278686523
1365890050.305521,1123.780487804878,40.1,2.5213866233825684
1365890050.564258,859.1463414634146,40.1,2.5214309692382812
1365890050.81729,799.3902439024391,39.5,2.546640396118164
1365890051.090983,1154.8780487804877,40.1,2.5404632091522217
1365890051.351011,937.8048780487804,40.1,2.5216808319091797
1365890051.6066089,873.170731707317,39.5,2.5345849990844727
1365890051.866953,640.2439024390244,40.1,2.561483860015869
1365890052.148918,799.3902439024391,39.5,2.519558906555176
