1365889768.1999202,945.1219512195122,43.3,3.037508726119995
1365889768.457796,826.2195121951219,42.2,3.018845558166504
1365889768.71077,775.0,42.2,3.0155043601989746
1365889768.973653,744.5121951219512,42.2,3.08646559715271
1365889769.255275,774.390243902439,42.2,3.0176138877868652
1365889769.513042,841.4634146341463,42.8,3.0163025856018066
1365889769.767215,856.0975609756098,42.2,3.0258097648620605
1365889770.038374,889.0243902439024,42.8,3.0186381340026855
1365889770.2947268,932.9268292682927,42.2,3.016367197036743
1365889770.548162,821.3414634146341,42.2,3.034194231033325
1365889770.806713,723.170731707317,42.2,3.076859712600708
1365889771.086045,832.3170731707316,42.2,3.01094388961792
1365889771.341281,903.048780487805,42.2,3.0173189640045166
1365889771.594836,767.0731707317074,41.2,3.013803243637085
1365889771.855756,714.0243902439024,41.2,3.0525901317596436
1365889772.134568,885.3658536585366,42.2,3.014021396636963
1365889772.390642,924.3902439024391,42.2,3.0116653442382812
1365889772.645462,824.390243902439,42.2,3.0449116230010986
1365889772.914475,648.1707317073171,41.7,3.1688735485076904
1365889773.190697,939.0243902439024,42.2,3.174556016921997
1365889773.451691,915.8536585365854,42.2,3.09123158454895
1365889773.711562,790.2439024390244,42.2,3.1116769313812256
1365889773.981861,736.5853658536586,41.2,3.0595245361328125
1365889765.462345,968.2926829268292,43.9,11.654053211212158
1365889765.72183,788.4146341463415,43.9,11.540241003036499
1365889765.9787,899.390243902439,43.3,11.557601690292358
1365889766.233553,857.3170731707316,43.9,11.571167707443237
1365889766.494037,926.829268292683,43.3,11.639039754867554
1365889766.7553742,779.2682926829268,43.9,11.533464431762695
1365889767.011082,926.829268292683,43.3,11.551255941390991
1365889767.26832,700.6097560975609,42.8,11.548308849334717
1365889767.529637,932.9268292682927,43.3,11.539983987808228
1365889767.7894568,896.9512195121952,43.9,11.537933826446533
1365889768.043799,740.2439024390244,43.3,11.558580875396729
1365889768.323754,890.8536585365854,43.3,11.541226387023926
1365889768.579299,939.0243902439024,43.3,11.538755416870117
1365889768.83461,739.0243902439024,42.8,11.577701807022095
1365889769.111521,904.2682926829268,43.3,11.531989812850952
1365889769.367001,959.1463414634146,43.3,11.533799171447754
1365889769.623872,747.560975609756,43.3,11.566484212875366
1365889769.907108,1106.7073170731708,43.3,11.54981780052185
1365889770.165031,829.2682926829268,43.3,11.534703493118286
1365889770.419008,931.0975609756098,43.3,12.002548456192017
1365889770.692495,832.3170731707316,43.3,11.850346803665161
1365889770.9461,932.9268292682927,43.3,11.742799520492554
1365889771.199285,1142.0731707317073,43.3,11.595819473266602
1365889771.459898,909.1463414634146,43.9,11.554738998413086
1365889771.7196212,957.3170731707316,42.8,11.546592473983765
1365889771.977128,910.9756097560976,43.3,11.637667894363403
1365889772.232975,835.3658536585366,43.3,11.636024236679077
1365889772.487568,1037.1951219512193,43.3,11.553493022918701
1365889772.745888,973.780487804878,43.3,11.547938108444214
1365889773.0007849,684.1463414634147,43.3,11.550739526748657
1365889773.262741,931.0975609756098,43.3,11.541167497634888
1365889773.520614,849.390243902439,43.9,11.541680097579956
1365889773.774848,732.3170731707316,43.3,11.564530849456787
1365889774.0518742,892.0731707317074,42.8,11.536580801010132
1365889774.3080478,932.9268292682927,43.3,11.582250833511353
1365889774.5611992,907.3170731707318,43.3,11.54967451095581
1365889774.816832,739.0243902439024,43.3,11.542107343673706
1365889775.075158,901.219512195122,43.3,11.542709827423096
1365889775.333689,878.0487804878048,43.3,11.573911905288696
1365889775.5878332,773.1707317073171,42.8,11.552716493606567
1365889775.8613079,848.170731707317,43.3,11.546095371246338
1365889776.118381,912.1951219512196,43.3,11.534746170043945
1365889776.375199,727.4390243902438,43.3,11.558802127838135
1365889776.653667,826.2195121951219,43.3,11.54697322845459
1365889776.909954,840.2439024390244,43.3,11.530646085739136
1365889777.164255,729.2682926829268,43.3,11.55996584892273
1365889777.443085,951.2195121951219,43.3,11.537330389022827
1365889777.701706,935.3658536585366,43.3,11.556241273880005
1365889777.960994,793.2926829268293,43.3,11.57142972946167
1365889778.247657,821.951219512195,43.3,11.622228384017944
1365889778.501909,832.9268292682926,43.3,11.567541360855103
1365889778.7549891,881.0975609756098,43.3,11.566439151763916
1365889779.04446,832.9268292682926,43.3,11.541048288345337
1365889779.308667,857.9268292682926,43.3,11.6754150390625
1365889779.576361,1297.560975609756,43.3,11.6046462059021
1365889779.90062,758.5365853658536,43.3,11.56991720199585
1365889780.1960168,843.2926829268292,43.3,11.577022552490234
1365889780.497775,616.4634146341464,42.8,11.621792316436768
1365889780.845789,770.1219512195122,43.3,11.650352716445923
1365889781.153815,940.8536585365853,43.3,11.581964015960693
1365889781.463168,736.5853658536586,43.3,11.618927478790283
1365889781.799055,1293.9024390243903,43.3,11.578374862670898
1365889782.09969,978.0487804878048,43.3,13.540646076202393
1365889782.4042208,746.3414634146342,42.8,13.260432243347168
1365889782.7561128,982.3170731707316,43.3,12.948001861572266
1365889783.058054,1082.9268292682927,42.8,12.674493312835693
1365889783.36677,740.2439024390244,43.3,12.380751848220825
1365889783.7032409,937.8048780487804,43.3,12.056813478469849
1365889784.009928,957.9268292682926,42.8,11.756579637527466
1365889784.314764,752.439024390244,42.8,11.67768144607544
1365889784.659729,996.3414634146342,43.3,11.599367141723633
1365889784.967627,971.951219512195,43.3,11.586713075637817
1365889785.2692502,731.0975609756098,42.8,11.616175651550293
1365889785.6036649,1046.9512195121952,43.3,11.60747742652893
1365889785.911381,998.170731707317,43.9,11.586434364318848
1365889786.2193952,745.1219512195122,43.3,11.629964113235474
1365889786.543666,951.2195121951219,43.3,11.646896600723267
1365889786.850985,990.8536585365854,43.3,11.582784414291382
1365889787.155822,733.5365853658536,43.3,11.606323719024658
1365889787.4762821,925.0,43.3,11.645910263061523
1365889787.782743,1344.5121951219512,43.9,11.586891889572144
1365889788.088783,742.0731707317074,42.2,11.626190662384033
1365889788.4393332,1009.7560975609756,43.3,11.600364923477173
1365889788.752131,1845.1219512195123,43.3,11.587441682815552
1365889789.0560372,777.439024390244,42.8,11.630517482757568
1365889789.392139,1023.1707317073171,43.3,11.587751626968384
1365889789.695144,960.9756097560976,43.3,11.599963188171387
1365889789.998324,747.560975609756,43.3,11.605589389801025
1365889790.323906,1106.7073170731708,43.3,11.602898359298706
1365889790.626318,965.8536585365854,42.8,11.633551359176636
1365889790.931115,741.4634146341464,43.3,11.598772287368774
1365889791.2552059,864.0243902439024,43.3,11.723879098892212
1365889791.560552,1120.7317073170732,43.3,11.607799291610718
1365889791.871818,730.4878048780488,42.8,11.629682540893555
1365889792.2180831,1007.3170731707318,43.3,11.582927465438843
1365889792.5233622,946.3414634146341,42.8,11.590310096740723
1365889792.828959,742.0731707317074,43.3,11.611652851104736
1365889793.1648169,937.1951219512194,43.3,11.622157335281372
1365889793.474847,1050.0,43.9,11.643339157104492
1365889793.7866938,740.2439024390244,42.8,11.598236083984375
1365889794.1079428,1010.9756097560976,43.3,11.590434789657593
1365889794.418572,962.1951219512194,43.3,11.587043762207031
1365889794.726445,1092.0731707317073,43.3,11.629869937896729
1365889795.072893,1242.6829268292684,43.3,11.596499681472778
1365889795.382095,935.9756097560976,43.3,11.585382461547852
1365889795.68667,746.3414634146342,43.3,11.644445657730103
1365889796.017924,975.0,43.3,11.580636262893677
1365889796.3214269,992.0731707317074,43.3,11.640018463134766
1365889796.624248,743.2926829268292,43.3,11.607351064682007
1365889796.954489,998.170731707317,43.3,11.584922552108765
1365889797.258666,967.0731707317073,43.3,11.580810070037842
1365889797.561756,744.5121951219512,43.3,11.643600463867188
1365889797.886306,982.3170731707316,43.3,11.586283206939697
1365889798.190858,951.2195121951219,43.9,11.596447944641113
1365889798.497602,801.219512195122,42.8,11.757678747177124
1365889798.852986,951.2195121951219,43.3,11.574569702148438
1365889799.150435,1003.0487804878047,43.3,11.589964628219604
1365889799.450874,746.3414634146342,42.8,11.620366096496582
1365889799.7841222,935.9756097560976,43.3,11.660648822784424
1365889800.0838451,946.3414634146341,43.3,11.63491678237915
1365889800.38351,769.5121951219512,42.8,11.71503233909607
1365889800.713429,1001.219512195122,42.8,11.620197296142578
1365889801.015115,949.390243902439,43.3,11.588612794876099
1365889801.320626,755.4878048780488,43.3,11.60020112991333
1365889801.644245,939.0243902439024,43.3,11.593046426773071
1365889801.95095,970.1219512195122,43.3,11.58368182182312
1365889802.252554,771.3414634146342,42.8,11.685313940048218
1365889802.60049,1037.8048780487804,43.3,11.594532012939453
1365889802.9008179,984.1463414634146,43.3,11.576530694961548
1365889803.1976352,751.219512195122,42.2,11.620908498764038
1365889803.534894,934.1463414634147,43.3,11.624342918395996
1365889803.838479,943.2926829268292,43.3,11.58198881149292
1365889804.135511,815.2439024390243,43.3,11.61219596862793
1365889804.4680672,1010.9756097560976,42.8,11.58079719543457
1365889804.7711518,1004.2682926829267,43.3,11.582838296890259
1365889805.073337,752.439024390244,43.3,11.603768348693848
1365889805.396945,1006.0975609756098,43.3,11.580079555511475
1365889805.700502,989.0243902439024,43.3,11.587294340133667
1365889806.002422,731.0975609756098,42.8,11.626985311508179
1365889806.350945,945.1219512195122,43.3,11.5888352394104
1365889806.6600819,1339.6341463414633,42.8,11.58738374710083
1365889806.969238,747.560975609756,42.8,12.623712539672852
1365889807.3023202,1006.0975609756098,43.3,12.291943073272705
1365889807.608642,1367.6829268292684,43.3,11.986929178237915
1365889807.911244,745.1219512195122,42.8,11.685652256011963
1365889808.239586,843.9024390243902,43.3,11.5860915184021
1365889808.548977,945.1219512195122,43.3,11.596054315567017
1365889808.857423,752.439024390244,43.3,11.59973692893982
1365889809.180542,971.951219512195,43.3,11.579593896865845
1365889809.483592,957.3170731707316,43.3,11.586790561676025
1365889809.791123,915.2439024390244,43.3,11.70862078666687
1365889810.137303,1006.0975609756098,43.3,11.587489366531372
1365889810.446843,1015.8536585365854,43.3,11.589509010314941
1365889810.7570271,725.0,43.3,11.629626989364624
1365889811.088716,925.0,43.3,11.586468935012817
1365889811.393172,993.2926829268292,43.3,11.63613247871399
1365889811.698544,857.9268292682926,42.8,11.69679570198059
1365889812.018615,1868.2926829268295,43.3,11.614475011825562
1365889812.323336,992.0731707317074,43.3,11.581494331359863
1365889812.626817,749.390243902439,42.2,11.728766679763794
1365889812.978753,1020.7317073170732,43.3,11.598924398422241
1365889813.290007,948.170731707317,43.3,11.580708503723145
1365889813.601408,740.2439024390244,43.3,11.615175485610962
1365889813.937678,943.2926829268292,43.3,11.579922676086426
1365889814.2404742,993.9024390243902,43.3,11.583829879760742
1365889814.546591,743.2926829268292,43.3,11.611842393875122
1365889814.882334,968.9024390243902,43.3,11.597071409225464
1365889815.1827998,959.1463414634146,43.3,11.634276628494263
1365889815.4808161,935.3658536585366,42.8,11.68614935874939
1365889815.806421,979.8780487804878,42.8,11.586858749389648
1365889816.110718,971.3414634146342,43.3,11.584520101547241
1365889816.415188,756.0975609756098,43.3,11.60720443725586
1365889816.746697,968.9024390243902,43.3,11.609576225280762
1365889817.0565178,932.9268292682927,43.3,11.582231044769287
1365889817.36287,742.0731707317074,43.3,11.593541860580444
1365889817.68265,1093.9024390243903,43.3,11.587157726287842
1365889817.993536,1001.219512195122,42.8,11.587887525558472
1365889818.298062,749.390243902439,42.8,11.617381811141968
1365889818.642868,1162.8048780487804,43.3,11.637863159179688
1365889818.955937,1182.9268292682925,43.3,11.57873010635376
1365889819.2597902,771.3414634146342,43.9,11.619763851165771
1365889819.595089,973.170731707317,43.3,11.579158544540405
1365889819.898746,995.1219512195122,43.3,11.61473298072815
1365889820.202915,767.0731707317074,43.3,11.615063905715942
1365889820.5278342,1067.6829268292684,43.3,11.6005117893219
1365889820.836565,939.0243902439024,43.3,11.666086673736572
1365889821.137849,766.4634146341464,42.8,11.609893083572388
1365889821.4584808,1160.9756097560976,43.3,11.580805540084839
1365889821.7636669,970.1219512195122,43.3,11.586375713348389
1365889822.071885,747.560975609756,43.3,11.646012306213379
1365889822.414499,943.2926829268292,42.8,11.589561939239502
1365889822.719626,1171.9512195121952,43.3,11.590132474899292
1365889823.023103,762.1951219512196,43.3,11.606477499008179
1365889823.356656,937.1951219512194,43.3,11.580729246139526
1365889823.6644962,971.951219512195,43.3,11.586430549621582
1365889823.9732401,735.3658536585366,43.3,11.639965057373047
1365889824.293102,975.0,43.3,11.641745805740356
1365889824.5968661,960.9756097560976,43.3,11.585534572601318
1365889824.90385,769.5121951219512,43.3,11.634835720062256
1365889825.251782,960.3658536585366,43.3,11.57917308807373
1365889825.558218,1001.8292682926829,43.9,11.608630180358887
1365889825.873038,924.3902439024391,43.3,11.606302499771118
1365889826.20574,1012.8048780487804,43.3,11.593007326126099
1365889826.515451,998.780487804878,43.3,11.594338655471802
1365889826.8247948,854.2682926829268,42.8,11.605888366699219
1365889827.154429,1056.7073170731708,43.3,11.590446472167969
1365889827.461903,1004.2682926829267,43.3,11.587837219238281
1365889827.765481,921.3414634146342,43.3,11.598718881607056
1365889828.0843441,987.1951219512194,43.3,11.58610725402832
1365889828.392534,1004.8780487804878,43.3,11.594337463378906
1365889828.698935,734.1463414634146,42.8,11.650382995605469
1365889829.0421162,1256.0975609756097,43.3,11.584017992019653
1365889829.348576,962.1951219512194,43.3,11.581263542175293
1365889829.651616,750.0,42.8,11.746260166168213
1365889829.9845629,1075.0,43.3,11.588329792022705
1365889830.28931,973.170731707317,43.9,11.598942279815674
1365889830.596576,746.3414634146342,43.3,11.615316390991211
1365889830.925177,1057.9268292682925,43.3,11.590628862380981
1365889831.228621,1087.8048780487807,43.3,11.594045162200928
1365889831.537227,762.1951219512196,42.8,11.651590347290039
1365889831.890434,942.0731707317073,43.3,11.600817680358887
1365889832.1929972,971.3414634146342,43.3,11.608320236206055
1365889832.4997602,765.2439024390244,43.3,11.696654319763184
1365889832.831522,945.1219512195122,42.8,11.578418254852295
1365889833.1342201,1003.0487804878047,43.3,11.688295602798462
1365889833.435194,749.390243902439,43.3,11.707030773162842
1365889833.7571142,982.9268292682926,43.3,11.827539443969727
1365889834.059699,1015.8536585365854,43.9,11.608396530151367
1365889834.372598,742.0731707317074,42.2,11.640105962753296
1365889834.726329,996.3414634146342,43.3,11.603542566299438
1365889835.029113,984.7560975609756,43.3,11.60437560081482
1365889835.33284,998.170731707317,43.3,11.627706050872803
1365889835.665379,962.1951219512194,43.3,11.605088233947754
1365889835.9689689,1054.878048780488,43.3,11.577485084533691
1365889836.271264,729.2682926829268,43.3,11.60805058479309
1365889836.599445,984.7560975609756,43.3,11.728816032409668
1365889836.9110599,937.8048780487804,43.3,11.582370519638062
1365889837.211721,778.048780487805,43.3,11.622265100479126
1365889837.529648,1014.0243902439023,43.3,11.593056917190552
1365889837.84648,1298.780487804878,43.3,11.607850074768066
1365889838.148015,749.390243902439,43.3,11.59255313873291
1365889838.46485,945.1219512195122,43.3,11.616348028182983
1365889838.768723,1004.8780487804878,43.3,11.581103563308716
1365889839.0693078,743.2926829268292,43.3,11.598344564437866
1365889839.389983,992.0731707317074,43.9,11.743357181549072
1365889839.693683,937.1951219512194,43.3,11.607572317123413
1365889840.0031219,753.0487804878048,43.3,11.66515326499939
1365889840.3427892,837.1951219512194,43.9,11.587721824645996
1365889840.648077,968.2926829268292,43.3,11.594017028808594
1365889840.9589062,879.2682926829268,42.8,11.613401889801025
1365889841.285959,946.951219512195,43.3,11.58098316192627
1365889841.589097,957.9268292682926,43.3,11.59475302696228
1365889841.897744,739.0243902439024,42.8,11.62180233001709
1365889842.2422662,1006.0975609756098,43.3,11.589028358459473
1365889842.547436,949.390243902439,43.9,11.80214548110962
1365889842.855328,728.0487804878048,42.8,11.749863624572754
1365889843.195103,953.0487804878048,42.8,11.596428155899048
1365889843.495774,979.8780487804878,43.3,11.583698511123657
1365889843.8035111,744.5121951219512,42.8,11.611258745193481
1365889844.139534,1009.1463414634145,43.3,11.588122844696045
1365889844.4465191,987.1951219512194,43.3,11.642807483673096
1365889844.7460978,745.1219512195122,43.3,11.82984972000122
1365889845.0748968,959.1463414634146,43.3,11.596647500991821
1365889845.381245,1153.6585365853657,43.3,11.582975625991821
1365889845.684201,758.5365853658536,43.3,11.602991819381714
1365889846.006491,971.3414634146342,43.3,11.58744192123413
1365889846.3090591,995.1219512195122,43.3,11.59413456916809
1365889846.6113322,764.0243902439024,43.3,11.644231796264648
1365889846.961787,965.8536585365854,43.3,11.575522422790527
1365889847.261137,968.9024390243902,43.9,11.586270093917847
1365889847.566026,1391.4634146341461,43.3,11.640286922454834
1365889847.9041548,960.9756097560976,43.3,11.600234746932983
1365889848.207744,951.8292682926829,43.3,11.609585046768188
1365889848.508517,732.3170731707316,43.3,11.607423782348633
1365889848.832719,932.3170731707318,43.9,11.581342935562134
1365889849.139851,949.390243902439,43.3,11.587789297103882
1365889849.446354,774.390243902439,43.3,11.606085062026978
1365889849.773851,1109.1463414634147,43.9,11.582981824874878
1365889850.079336,970.1219512195122,43.3,11.583958864212036
1365889850.385133,745.1219512195122,42.8,11.627665758132935
1365889850.7308202,1050.0,43.3,11.605727672576904
1365889851.035645,975.0,43.3,11.636950016021729
1365889851.3371289,807.9268292682927,42.8,11.632795810699463
1365889851.678925,970.1219512195122,43.3,11.647207736968994
1365889851.9833531,1009.1463414634145,43.3,11.585318088531494
1365889852.29349,731.0975609756098,43.3,11.707581996917725
1365889852.628816,831.0975609756097,43.3,11.883298397064209
1365889852.9451141,975.0,43.3,11.626957654953003
1365889853.243293,778.048780487805,42.8,11.61266827583313
1365889853.571247,1000.0,43.3,11.587365865707397
1365889853.874465,928.048780487805,43.3,11.689947605133057
1365889854.175104,737.1951219512194,43.3,11.69226360321045
1365889854.49692,1003.0487804878047,43.3,11.579670429229736
1365889854.800046,998.170731707317,43.3,11.579337358474731
1365889855.100437,771.3414634146342,43.3,11.666085004806519
1365889855.445565,937.1951219512194,42.8,11.589130878448486
1365889855.749894,1001.219512195122,43.3,11.59428334236145
1365889856.048811,751.219512195122,42.8,11.623944997787476
1365889856.38644,979.2682926829268,43.3,11.581026792526245
1365889856.693541,943.2926829268292,43.3,11.729236364364624
1365889856.995618,781.0975609756098,43.3,11.617955684661865
1365889857.326473,981.0975609756098,43.9,11.593482732772827
1365889857.628309,946.951219512195,43.3,11.593584060668945
1365889857.9337978,732.3170731707316,43.3,11.602684020996094
1365889858.254696,1067.6829268292684,43.9,11.680745363235474
1365889858.562471,976.219512195122,43.3,11.598731756210327
1365889858.869601,743.2926829268292,43.3,11.60224175453186
1365889859.195203,1753.0487804878048,43.9,11.58269715309143
1365889859.5006552,1159.7560975609756,44.4,11.631504535675049
1365889859.8044002,777.439024390244,43.3,11.810158729553223
1365889860.11895,943.2926829268292,43.3,11.614049434661865
1365889860.42124,968.2926829268292,43.3,11.684717893600464
1365889860.721904,732.3170731707316,43.3,11.598973751068115
1365889861.04328,1051.8292682926829,43.3,11.589398860931396
1365889861.3460019,982.3170731707316,43.3,11.681029319763184
1365889861.649518,789.0243902439024,42.8,11.8131844997406
1365889861.994241,968.9024390243902,43.3,11.602861404418945
1365889862.2910879,956.0975609756097,43.9,11.579382181167603
1365889862.5946848,758.5365853658536,42.8,11.61386775970459
1365889862.93337,957.3170731707316,43.3,11.591371297836304
1365889863.2311108,959.1463414634146,43.3,11.583168268203735
1365889863.5362802,744.5121951219512,43.3,11.633265495300293
1365889863.875116,976.219512195122,43.9,11.581308841705322
1365889864.17245,985.9756097560976,43.9,11.585203647613525
1365889864.476635,746.3414634146342,42.8,11.600279569625854
1365889864.801965,935.3658536585366,43.3,11.591252088546753
1365889865.106706,954.2682926829268,42.8,11.577645540237427
1365889865.4064908,736.5853658536586,43.3,11.630029678344727
1365889865.7507358,946.3414634146341,43.3,11.69509482383728
1365889866.0599859,985.9756097560976,43.9,11.597438097000122
1365889866.367779,754.2682926829268,43.3,11.620545148849487
1365889866.699757,995.1219512195122,43.3,11.599257707595825
1365889867.01181,1001.8292682926829,43.9,11.588582277297974
1365889867.313958,754.2682926829268,43.3,11.602122783660889
1365889867.63963,1003.0487804878047,43.3,11.602627992630005
1365889867.955603,1206.7073170731708,43.9,11.590205430984497
1365889868.260483,762.1951219512196,42.8,11.632747411727905
1365889868.610276,960.3658536585366,43.3,11.589712858200073
1365889868.92222,932.9268292682927,43.3,11.577433109283447
1365889869.223464,739.0243902439024,42.8,11.608948230743408
1365889869.5557802,976.8292682926829,43.3,11.584426164627075
1365889869.857484,968.2926829268292,43.3,11.58492374420166
1365889870.162786,736.5853658536586,43.3,11.604573011398315
1365889870.485784,957.3170731707316,43.3,11.585787296295166
1365889870.794294,953.0487804878048,43.3,11.59639310836792
1365889871.106045,758.5365853658536,42.8,11.65486764907837
1365889871.451699,943.2926829268292,43.3,11.58685851097107
1365889871.762913,931.0975609756098,43.3,11.601044416427612
1365889872.065111,748.170731707317,43.3,11.711409091949463
1365889872.402663,948.170731707317,43.3,11.587513208389282
1365889872.707917,954.2682926829268,43.3,11.610906600952148
1365889873.0101602,738.4146341463414,43.3,11.612225532531738
1365889873.336822,978.0487804878048,42.8,11.586182355880737
1365889873.6405811,945.1219512195122,43.9,11.589148044586182
1365889873.953938,817.0731707317073,43.3,11.638462543487549
1365889874.30656,950.0,43.3,11.588309288024902
1365889874.612632,954.2682926829268,43.3,11.58581018447876
1365889874.920278,781.0975609756098,43.3,11.6266508102417
1365889875.256146,942.0731707317073,43.9,11.600821018218994
1365889875.562326,956.0975609756097,43.3,11.767349243164062
1365889875.863212,739.0243902439024,42.8,11.757879495620728
1365889876.203328,990.8536585365854,43.3,11.605857372283936
1365889876.5091789,1200.609756097561,43.9,11.586434841156006
1365889876.813917,747.560975609756,43.3,11.616519689559937
1365889877.143051,998.780487804878,43.9,11.582505464553833
1365889877.4502132,946.951219512195,43.3,11.606647491455078
1365889877.756741,787.1951219512196,43.3,11.613929271697998
1365889878.086838,964.0243902439024,43.3,11.619127750396729
1365889878.3917341,992.0731707317074,43.3,11.57698106765747
1365889878.6965818,866.4634146341464,42.8,11.721160411834717
1365889879.032494,954.2682926829268,43.3,11.826913595199585
1365889879.3370821,1006.0975609756098,43.3,11.595658779144287
1365889879.640316,730.4878048780488,43.3,11.78543496131897
1365889879.965235,1280.4878048780488,43.3,11.615180015563965
1365889880.270452,1043.2926829268292,43.9,11.579863786697388
1365889880.574791,796.9512195121952,43.3,11.6181480884552
1365889880.9001431,956.0975609756097,43.3,11.653033256530762
1365889881.203409,1045.7317073170732,42.8,11.581327438354492
1365889881.512428,788.4146341463415,43.3,11.604597091674805
1365889881.835689,951.8292682926829,43.3,11.606993198394775
1365889882.145877,989.0243902439024,43.3,11.722862720489502
1365889882.453312,820.1219512195122,43.3,11.63722538948059
1365889882.7958558,967.0731707317073,43.3,11.888675928115845
1365889883.103117,946.951219512195,43.3,11.594889640808105
1365889883.40907,760.3658536585366,42.8,11.64985966682434
1365889883.738015,965.8536585365854,42.8,11.599456548690796
1365889884.03934,949.390243902439,43.3,11.645057201385498
1365889884.339766,749.390243902439,43.3,11.646296739578247
1365889884.669743,946.3414634146341,43.3,11.599403858184814
1365889884.972331,1023.7804878048779,43.9,11.584755420684814
1365889885.272639,1156.7073170731708,43.3,11.611426830291748
1365889885.599554,965.8536585365854,43.3,11.580581426620483
1365889885.9041789,970.1219512195122,43.9,11.580625295639038
1365889886.209836,741.4634146341464,42.8,11.62063217163086
1365889886.555221,1015.8536585365854,43.3,11.587807178497314
1365889886.860397,982.9268292682926,44.4,11.582690477371216
1365889887.166158,739.0243902439024,43.3,11.623297214508057
1365889887.506068,1003.0487804878047,42.8,11.594568967819214
1365889887.818088,946.951219512195,43.3,11.578627347946167
1365889888.121925,756.0975609756098,43.3,11.645753860473633
1365889888.447597,998.780487804878,43.3,11.604577779769897
1365889888.751949,1004.2682926829267,43.9,11.585602283477783
1365889889.056695,742.0731707317074,43.3,11.68966031074524
1365889889.379603,982.3170731707316,43.9,11.584113836288452
1365889889.690036,1020.1219512195121,43.9,11.595699787139893
1365889890.003349,744.5121951219512,43.3,11.660547494888306
1365889890.348692,1045.7317073170732,43.3,11.600324153900146
1365889890.659791,951.8292682926829,43.3,11.583917617797852
1365889890.9678028,759.1463414634146,43.3,11.644660234451294
1365889891.30147,1012.1951219512196,43.3,11.601742267608643
1365889891.6063108,951.2195121951219,43.3,11.614471673965454
1365889891.910947,741.4634146341464,43.3,11.616300821304321
1365889892.239197,942.0731707317073,43.3,11.614501953125
1365889892.545092,946.951219512195,43.3,11.811230659484863
1365889892.855048,733.5365853658536,43.3,12.032131910324097
1365889893.178139,1007.9268292682925,43.3,11.710326433181763
1365889893.4775171,956.0975609756097,43.3,11.615673303604126
1365889893.779011,743.2926829268292,43.3,11.629963397979736
1365889894.102657,1151.8292682926829,43.3,11.59197449684143
1365889894.414201,962.1951219512194,43.3,11.583413124084473
1365889894.716363,744.5121951219512,43.3,11.624265193939209
1365889895.0660942,940.2439024390243,43.3,11.575711011886597
1365889895.362945,951.8292682926829,43.3,11.579195261001587
1365889895.656598,742.0731707317074,42.8,11.619391202926636
1365889895.995599,985.9756097560976,43.9,11.593204736709595
1365889896.298559,957.3170731707316,43.9,11.778305768966675
1365889896.5976708,745.1219512195122,43.3,11.681430339813232
1365889896.948236,942.0731707317073,43.3,11.594796895980835
1365889897.2532742,926.219512195122,43.9,11.580193519592285
1365889897.552094,750.0,43.3,11.62122130393982
1365889897.8848798,937.1951219512194,43.3,11.580716848373413
1365889898.193412,978.0487804878048,43.9,11.68616533279419
1365889898.498469,750.0,43.3,11.790871620178223
1365889898.825079,1210.9756097560976,43.3,11.590280055999756
1365889899.1374269,1001.219512195122,43.3,11.661576271057129
1365889899.445903,723.170731707317,43.3,11.612409114837646
1365889899.765868,970.1219512195122,43.3,11.607173681259155
1365889900.0760572,935.9756097560976,43.9,11.582957983016968
1365889900.379827,742.0731707317074,43.3,11.662566661834717
1365889900.719499,913.4146341463415,43.9,11.579363107681274
1365889901.023825,995.1219512195122,44.4,11.581114530563354
1365889901.323315,745.1219512195122,43.3,11.612619876861572
1365889901.6537879,960.3658536585366,43.9,11.627498865127563
1365889901.9516,970.1219512195122,43.3,11.598995923995972
1365889902.2498062,770.1219512195122,43.3,11.615214824676514
1365889902.574579,1053.0487804878048,43.3,11.574909687042236
1365889902.872412,1004.8780487804878,43.9,11.577027320861816
1365889903.17153,716.4634146341463,43.9,11.619361162185669
1365889903.502075,1028.0487804878048,43.3,11.592241048812866
1365889903.7973409,960.3658536585366,43.3,11.579893589019775
1365889904.0945768,745.1219512195122,43.3,11.606191635131836
1365889904.424553,954.2682926829268,43.3,11.659642934799194
1365889904.728533,942.0731707317073,43.3,11.608071088790894
1365889905.0404842,764.0243902439024,43.3,11.605958461761475
1365889905.355514,979.2682926829268,43.3,11.572900772094727
1365889905.652669,971.951219512195,43.3,11.577133655548096
1365889905.956383,762.1951219512196,43.3,11.591500759124756
1365889906.276145,1035.9756097560976,43.3,11.626271724700928
1365889906.588583,1001.219512195122,43.9,11.577532768249512
1365889906.888057,736.5853658536586,42.8,11.626869678497314
1365889907.234884,946.951219512195,43.3,11.581182956695557
1365889907.547219,915.2439024390244,43.3,11.584083080291748
1365889907.856535,748.170731707317,43.3,11.618562698364258
1365889908.1886468,965.2439024390244,43.3,11.58000373840332
1365889908.49295,948.170731707317,43.3,11.622959852218628
1365889908.795837,775.0,43.3,11.631674766540527
1365889909.1459131,951.8292682926829,43.3,11.582587003707886
1365889909.453294,1004.8780487804878,43.3,11.583291292190552
1365889909.764698,727.4390243902438,42.8,11.617417335510254
1365889910.1050172,968.2926829268292,43.3,11.580790996551514
1365889910.4104462,1045.7317073170732,43.3,11.580523014068604
1365889910.715165,745.1219512195122,43.3,11.612391948699951
1365889911.041976,1165.8536585365853,43.3,11.661330938339233
1365889911.3427148,1186.5853658536585,43.9,11.626956939697266
1365889911.646952,879.2682926829268,43.3,11.658999681472778
1365889911.969749,996.9512195121952,43.3,11.765219688415527
1365889912.272694,968.2926829268292,43.3,11.587114810943604
1365889912.5807428,957.3170731707316,43.3,11.616243839263916
1365889912.9216,1007.3170731707318,43.3,11.58226227760315
1365889913.227337,993.2926829268292,43.3,11.5739586353302
1365889913.5264032,757.3170731707318,43.3,11.609906196594238
1365889913.861829,1018.9024390243901,43.9,11.582093954086304
1365889914.166305,965.2439024390244,43.3,11.580229043960571
1365889914.470489,794.5121951219512,43.3,11.613977193832397
1365889914.810843,951.2195121951219,43.3,11.579317569732666
1365889915.1153831,931.0975609756098,43.3,11.581037521362305
1365889915.4173708,738.4146341463414,43.3,11.62662148475647
1365889915.748256,979.8780487804878,43.3,11.606303691864014
1365889916.051105,962.1951219512194,43.3,11.799572706222534
1365889916.350432,737.1951219512194,43.3,11.653028011322021
1365889916.672746,896.3414634146342,43.3,11.635928392410278
1365889916.9854689,1053.0487804878048,43.9,11.58836555480957
1365889917.290535,756.0975609756098,42.8,11.618053913116455
1365889917.628486,975.0,43.3,11.58610200881958
1365889917.931977,956.0975609756097,43.3,11.58185362815857
1365889918.235936,781.0975609756098,43.3,11.610235691070557
1365889918.574838,1009.1463414634145,43.9,11.646295309066772
1365889918.8851142,943.9024390243902,43.3,11.612993478775024
1365889919.189273,726.219512195122,43.3,11.651527404785156
1365889919.514048,953.0487804878048,44.4,11.698528528213501
1365889919.814701,982.9268292682926,43.9,11.677852392196655
1365889920.122466,727.4390243902438,43.3,11.622596502304077
1365889920.4522738,975.0,43.9,11.583869695663452
1365889920.75824,993.9024390243902,43.3,11.60070276260376
1365889921.0757718,743.2926829268292,43.3,11.629857063293457
1365889921.395787,1006.0975609756098,43.3,11.620964288711548
1365889921.699072,970.1219512195122,43.3,11.586740016937256
1365889922.008201,730.4878048780488,43.3,11.614314317703247
1365889922.351168,931.0975609756098,43.3,11.590726137161255
1365889922.6516092,968.2926829268292,43.9,11.701190710067749
1365889922.952896,760.3658536585366,43.3,11.611722946166992
1365889923.2898781,1067.6829268292684,43.3,11.575709104537964
1365889923.593347,982.9268292682926,43.3,11.589074850082397
1365889923.896857,743.2926829268292,43.3,11.657783269882202
1365889924.220107,998.170731707317,43.3,11.601299047470093
1365889924.522079,1012.1951219512196,43.9,11.591435194015503
1365889924.830082,942.0731707317073,43.3,11.678112268447876
1365889925.155604,1009.7560975609756,43.3,11.583620548248291
1365889925.458163,957.3170731707316,43.3,11.580961227416992
1365889925.761493,733.5365853658536,43.3,11.776443004608154
1365889926.1130939,940.2439024390243,43.3,11.617444276809692
1365889926.417938,957.9268292682926,43.3,11.581178665161133
1365889926.719562,773.1707317073171,43.3,11.881774425506592
1365889927.0537379,962.1951219512194,43.3,11.666512966156006
1365889927.360012,978.0487804878048,43.3,11.5795259475708
1365889927.661886,743.2926829268292,43.3,11.602755069732666
1365889927.989579,992.0731707317074,44.4,11.595064878463745
1365889928.308865,925.0,43.3,11.592945098876953
1365889928.5933702,745.1219512195122,43.3,11.581311702728271
1365889928.896757,940.8536585365853,43.3,11.596121549606323
1365889929.1934552,1045.7317073170732,43.3,11.571490049362183
1365889929.486916,732.3170731707316,43.3,11.598224639892578
1365889929.8048,1007.3170731707318,43.9,11.57678508758545
1365889930.1072829,1821.9512195121952,43.9,11.579679489135742
1365889930.4117959,754.2682926829268,43.3,11.607325077056885
1365889930.7288902,953.0487804878048,43.3,11.586784839630127
1365889931.041497,950.0,43.3,11.577929019927979
1365889931.344311,766.4634146341464,43.3,11.6359703540802
1365889931.690617,987.1951219512194,43.3,11.584378719329834
1365889931.996542,976.219512195122,43.3,11.596796035766602
1365889932.29966,906.0975609756098,43.3,11.623155355453491
1365889932.6423979,943.9024390243902,43.3,11.578315258026123
1365889932.9463308,881.0975609756098,44.4,11.582919597625732
1365889933.252799,756.0975609756098,43.3,11.611059665679932
1365889933.5728052,982.3170731707316,43.3,11.598583698272705
1365889933.8785331,929.2682926829269,44.4,11.593518733978271
1365889934.187108,755.4878048780488,42.8,11.737042427062988
1365889934.534284,973.780487804878,43.3,11.599789381027222
1365889934.844032,979.2682926829268,43.3,11.61363697052002
1365889935.152409,747.560975609756,43.3,11.654972791671753
1365889935.488683,1059.7560975609756,43.3,11.585992813110352
1365889935.799677,1012.1951219512196,44.4,11.600064277648926
1365889936.107543,772.5609756097562,43.3,11.666169166564941
1365889936.43262,957.3170731707316,43.3,11.576347351074219
1365889936.737855,1007.3170731707318,43.9,11.609396934509277
1365889937.0460942,742.0731707317074,43.3,11.632863283157349
1365889937.391327,968.2926829268292,43.9,11.580126523971558
1365889937.697611,957.9268292682926,43.3,11.602235794067383
1365889937.9985359,791.4634146341464,43.3,11.617408514022827
1365889938.331056,953.0487804878048,43.9,11.58023190498352
1365889938.631399,925.0,44.4,11.581690549850464
1365889938.929906,806.0975609756098,43.3,11.597997903823853
1365889939.253643,953.0487804878048,43.9,11.5831618309021
1365889939.562457,904.2682926829268,43.9,11.583261013031006
1365889939.866078,784.1463414634146,42.8,11.628718376159668
1365889940.214067,971.951219512195,44.4,11.63257908821106
1365889940.526496,998.170731707317,43.9,11.612213134765625
1365889940.835281,736.5853658536586,43.3,11.647297143936157
1365889941.1606898,937.1951219512194,43.9,11.57529330253601
1365889941.4615831,924.3902439024391,43.3,11.628805875778198
1365889941.762615,741.4634146341464,43.3,11.606022834777832
1365889942.0928152,973.170731707317,43.3,11.585028648376465
1365889942.398883,976.219512195122,43.9,11.620949745178223
1365889942.706507,751.219512195122,43.3,11.632177352905273
1365889943.0531719,968.2926829268292,43.9,11.585545539855957
1365889943.358537,993.2926829268292,43.3,11.582870483398438
1365889943.666801,738.4146341463414,43.3,11.616209745407104
1365889944.0060039,982.9268292682926,43.9,11.582074403762817
1365889944.3142521,1001.8292682926829,43.3,11.60400938987732
1365889944.623449,751.219512195122,43.3,11.606735944747925
1365889944.949986,962.8048780487804,43.3,11.594007968902588
1365889945.264548,921.9512195121952,43.3,11.583106756210327
1365889945.56965,744.5121951219512,43.9,11.5956392288208
1365889945.891847,1003.0487804878047,43.9,11.608208417892456
1365889946.201098,984.1463414634146,44.4,11.588632345199585
1365889946.504117,730.4878048780488,43.3,11.61882472038269
1365889946.852916,1828.0487804878048,43.3,11.58797812461853
1365889947.1649752,1056.7073170731708,43.3,11.581271171569824
1365889947.4712498,747.560975609756,43.3,11.623478889465332
1365889947.802183,954.8780487804878,43.3,11.600272417068481
1365889948.107393,1159.7560975609756,43.3,11.578981637954712
1365889948.412343,768.2926829268292,43.3,11.61012601852417
1365889948.737273,946.951219512195,43.9,11.707562923431396
1365889949.044244,1135.9756097560976,44.4,11.580430746078491
1365889949.3486788,782.3170731707318,43.3,11.600619792938232
1365889949.666369,1048.170731707317,43.3,11.58252477645874
1365889949.97105,1043.2926829268292,43.9,11.588491201400757
1365889950.281825,745.1219512195122,43.3,11.616120100021362
1365889950.627346,1007.9268292682925,43.3,11.590731382369995
1365889950.9346821,998.170731707317,43.3,11.592330694198608
1365889951.247728,742.0731707317074,43.3,11.603168964385986
1365889951.5761762,1015.8536585365854,43.3,11.585652589797974
1365889951.883616,950.0,43.3,11.706692934036255
1365889952.187468,737.1951219512194,43.9,11.747557640075684
1365889952.5037298,982.3170731707316,43.3,11.593501091003418
1365889952.814112,959.1463414634146,43.9,11.712529182434082
1365889953.12309,732.3170731707316,43.3,11.600873947143555
1365889953.4376268,1192.6829268292684,43.3,11.577251434326172
1365889953.740649,979.2682926829268,44.4,11.596477746963501
1365889954.0506701,789.0243902439024,42.8,11.619517087936401
1365889954.396832,915.2439024390244,43.3,11.591216802597046
1365889954.699035,1042.0731707317073,43.3,11.583512783050537
1365889954.997588,742.0731707317074,43.3,11.627859354019165
1365889955.337617,962.1951219512194,43.9,11.750366926193237
1365889955.6392791,943.9024390243902,43.3,11.57725214958191
1365889955.945655,770.1219512195122,43.3,11.742848634719849
1365889956.2735062,970.1219512195122,43.9,11.708094358444214
1365889956.579657,1000.0,44.4,11.593276739120483
1365889956.882763,871.3414634146342,43.3,11.627261400222778
1365889957.209715,953.0487804878048,43.3,11.580459833145142
1365889957.50954,968.2926829268292,43.9,11.58706784248352
1365889957.812083,744.5121951219512,43.3,11.751672983169556
1365889958.165149,968.2926829268292,43.9,11.582885980606079
1365889958.471056,990.8536585365854,43.3,11.655653238296509
1365889958.773677,763.4146341463414,43.3,11.618799448013306
1365889959.108778,996.9512195121952,43.3,12.013854742050171
1365889959.414335,940.8536585365853,43.9,11.715784311294556
1365889959.713218,742.0731707317074,43.3,11.601324796676636
1365889960.043277,1018.2926829268292,43.9,11.588654518127441
1365889960.351312,954.2682926829268,43.3,11.755913734436035
1365889960.653457,742.0731707317074,43.3,11.631580829620361
1365889960.9780679,1139.0243902439024,43.3,11.590980768203735
1365889961.28585,948.170731707317,43.9,11.580678939819336
1365889961.589306,743.2926829268292,43.3,11.595891237258911
1365889961.91251,954.2682926829268,43.9,11.579043626785278
1365889962.21806,1333.5365853658536,43.3,11.58982515335083
1365889962.520755,739.0243902439024,43.3,11.706254720687866
1365889962.8376079,962.1951219512194,43.9,11.650496244430542
1365889963.140088,971.951219512195,43.9,11.592568397521973
1365889963.450778,815.2439024390243,43.3,11.64427399635315
1365889963.799356,935.9756097560976,43.3,11.58517837524414
1365889964.11083,990.8536585365854,43.9,11.59057879447937
1365889964.4183092,711.5853658536585,43.3,11.640313625335693
1365889964.758102,1870.121951219512,43.9,11.705661535263062
1365889965.0638988,987.1951219512194,44.4,11.615465879440308
1365889965.377056,757.3170731707318,43.3,11.599827527999878
1365889965.698703,1171.9512195121952,43.3,11.614351272583008
1365889966.003818,984.1463414634146,43.3,11.595464944839478
1365889966.306135,743.2926829268292,43.3,11.652208089828491
1365889966.650356,965.8536585365854,43.3,11.592635869979858
1365889966.956605,950.0,43.3,11.593728065490723
1365889967.263051,749.390243902439,43.3,11.617919445037842
1365889967.596042,957.3170731707316,44.4,11.590635299682617
1365889967.902098,1018.2926829268292,43.9,11.581499338150024
1365889968.209801,748.170731707317,43.3,11.610071182250977
1365889968.542208,1034.7560975609756,43.3,11.575079917907715
1365889968.843292,1009.1463414634145,43.9,11.595467567443848
1365889969.1552231,758.5365853658536,43.3,11.699905395507812
1365889969.469687,1250.6097560975609,43.3,11.587730407714844
1365889969.773556,1043.2926829268292,43.3,11.59145975112915
1365889970.0778859,775.0,43.3,11.60026216506958
1365889970.3940969,976.219512195122,43.3,11.58156418800354
1365889970.696115,1006.0975609756098,43.9,11.59316873550415
1365889971.0119412,728.0487804878048,43.3,11.660892248153687
1365889971.3257432,1586.5853658536587,43.9,11.64856743812561
1365889971.625142,971.951219512195,43.9,11.612231969833374
1365889971.925525,785.3658536585366,43.3,11.624070167541504
1365889972.275605,953.0487804878048,43.9,11.626469850540161
1365889972.574191,1814.0243902439024,43.3,11.607162714004517
1365889972.880521,756.0975609756098,43.9,11.664424657821655
1365889973.2257018,984.1463414634146,44.4,11.58393406867981
1365889973.525617,985.9756097560976,43.3,11.583498239517212
1365889973.8299258,738.4146341463414,43.3,11.625067472457886
1365889974.165013,1015.8536585365854,43.3,11.587938070297241
1365889974.468687,990.8536585365854,44.4,11.576346635818481
1365889974.7704651,738.4146341463414,43.3,11.591026544570923
1365889975.090394,1018.2926829268292,43.9,11.58339548110962
1365889975.39889,968.2926829268292,43.9,11.61262845993042
1365889975.704633,771.3414634146342,43.3,11.631452083587646
1365889976.052232,1014.0243902439023,43.3,11.583966970443726
1365889976.360411,957.3170731707316,43.9,11.582555055618286
1365889976.663892,743.2926829268292,43.3,11.65356993675232
1365889976.9990249,970.1219512195122,43.3,11.587754487991333
1365889977.30461,1004.2682926829267,43.3,11.592800855636597
1365889977.612225,736.5853658536586,42.8,11.624369382858276
1365889977.9472141,956.0975609756097,44.4,11.58467411994934
1365889978.251812,1000.0,43.9,11.581844091415405
1365889978.553951,777.439024390244,43.3,11.621215343475342
1365889978.878436,942.0731707317073,43.3,11.599930047988892
1365889979.191107,946.951219512195,43.9,11.57661747932434
1365889979.483973,745.1219512195122,43.3,11.622541904449463
1365889979.8103411,968.2926829268292,43.3,11.587154865264893
1365889980.112448,979.2682926829268,43.3,11.581350088119507
1365889980.417848,744.5121951219512,43.3,11.594778776168823
1365889980.739157,987.8048780487804,43.9,11.583414793014526
1365889981.041692,1006.0975609756098,43.9,11.582730054855347
1365889981.35119,764.0243902439024,43.3,11.618392705917358
1365889981.694881,984.1463414634146,43.3,11.57672929763794
1365889981.996615,1009.7560975609756,43.3,11.643114566802979
1365889982.301564,739.0243902439024,43.3,11.606553077697754
1365889982.6337368,954.8780487804878,43.3,11.586000680923462
1365889982.9370282,976.8292682926829,43.9,11.590235948562622
1365889983.2471738,760.9756097560976,43.9,11.710657596588135
1365889983.568042,973.170731707317,43.9,11.589095830917358
1365889983.873672,957.3170731707316,44.4,11.589398384094238
1365889984.182474,753.0487804878048,43.9,11.597012281417847
1365889984.496233,937.1951219512194,43.3,11.579068899154663
1365889984.7961411,950.0,43.9,11.57863163948059
1365889985.09694,769.5121951219512,43.3,11.594101905822754
1365889985.4172502,1009.1463414634145,43.9,11.576549053192139
1365889985.720067,937.1951219512194,43.3,11.585861444473267
1365889986.026348,745.1219512195122,43.3,11.713036298751831
1365889986.373987,951.2195121951219,43.9,11.584837913513184
1365889986.679845,989.0243902439024,44.4,11.600638151168823
1365889986.985216,739.0243902439024,43.3,11.615301847457886
1365889987.319773,989.0243902439024,43.3,11.581745386123657
1365889987.627317,1050.0,43.3,11.623553037643433
1365889987.938365,791.4634146341464,43.3,11.640770435333252
1365889988.2604291,950.0,43.9,11.679415702819824
1365889988.5651898,1009.1463414634145,43.9,11.60060977935791
1365889988.873893,773.1707317073171,42.8,11.621961116790771
1365889989.218092,943.2926829268292,43.3,11.671325445175171
1365889989.5191581,934.1463414634147,44.4,11.57804560661316
1365889989.821533,742.0731707317074,43.3,11.643602848052979
1365889990.1642492,954.2682926829268,43.3,11.581225633621216
1365889990.471394,1001.219512195122,43.9,11.598206758499146
1365889990.775388,741.4634146341464,43.3,11.614564180374146
1365889991.11058,973.780487804878,43.9,11.577451467514038
1365889991.414072,953.0487804878048,43.9,11.578922510147095
1365889991.718975,1584.7560975609756,43.3,11.605150699615479
1365889992.046518,932.3170731707318,43.9,11.593303442001343
1365889992.345529,943.2926829268292,43.9,11.667531251907349
1365889992.650711,742.0731707317074,43.3,11.601282596588135
1365889992.978168,982.3170731707316,44.4,11.588816404342651
1365889993.293299,940.2439024390243,44.4,11.612715482711792
1365889993.599398,741.4634146341464,43.9,11.622713565826416
1365889993.9516952,973.780487804878,43.3,11.582026958465576
1365889994.259767,996.3414634146342,43.3,11.578745365142822
1365889994.5641458,805.4878048780488,43.3,11.616115093231201
1365889994.900063,1010.9756097560976,43.3,11.585983514785767
1365889995.209968,951.2195121951219,43.3,11.602077960968018
1365889995.5079181,740.2439024390244,43.3,11.605411529541016
1365889995.832181,975.0,43.3,11.630498886108398
1365889996.1391191,946.3414634146341,43.9,11.588417768478394
1365889996.445209,783.5365853658537,43.3,11.621914625167847
1365889996.793665,1004.8780487804878,43.3,11.58139443397522
1365889997.097147,979.8780487804878,44.4,11.589328289031982
1365889997.400588,726.219512195122,43.3,11.617618799209595
1365889997.732058,946.3414634146341,43.9,11.595935106277466
1365889998.040349,1048.170731707317,44.4,11.590552806854248
1365889998.347858,772.5609756097562,43.9,11.598446607589722
1365889998.671442,1018.2926829268292,43.9,11.58452844619751
1365889998.983042,971.951219512195,43.3,11.583372592926025
1365889999.2893848,752.439024390244,43.3,11.592920064926147
1365889999.608642,967.0731707317073,44.4,11.58451771736145
1365889999.919211,1863.4146341463415,43.3,11.606358528137207
1365890000.234026,765.2439024390244,43.3,11.611616611480713
1365890000.571736,945.1219512195122,43.3,11.581443309783936
1365890000.875763,946.951219512195,43.3,11.592849254608154
1365890001.1822,754.2682926829268,43.3,11.613765478134155
1365890001.513212,960.3658536585366,43.3,11.583088159561157
1365890001.815843,946.951219512195,43.9,11.584541082382202
1365890002.120873,747.560975609756,43.3,11.59835958480835
1365890002.446218,918.9024390243903,44.4,11.5832200050354
1365890002.7503822,939.0243902439024,43.9,11.59232473373413
1365890003.060153,807.9268292682927,43.9,11.595826864242554
1365890003.38309,987.8048780487804,44.4,11.576784133911133
1365890003.684551,965.8536585365854,43.3,11.575690507888794
1365890003.986281,759.1463414634146,43.3,11.601659536361694
1365890004.3127182,973.170731707317,43.9,11.584173679351807
1365890004.615136,949.390243902439,44.4,11.579494953155518
1365890004.918429,868.9024390243902,43.3,11.629289388656616
1365890005.270051,932.9268292682927,43.9,11.60858702659607
1365890005.568963,971.951219512195,43.3,11.59452486038208
1365890005.86713,746.3414634146342,43.9,11.640388488769531
1365890006.204826,976.8292682926829,43.3,11.571309328079224
1365890006.500611,942.0731707317073,43.3,11.576116561889648
1365890006.800781,807.9268292682927,43.9,11.61969542503357
1365890007.130741,951.8292682926829,43.9,11.583017826080322
1365890007.445285,906.0975609756098,43.9,11.607728481292725
1365890007.7451708,737.1951219512194,43.3,11.597415208816528
1365890008.069101,1006.0975609756098,44.4,11.579540967941284
1365890008.3760278,1007.3170731707318,44.4,11.582809448242188
1365890008.682049,739.0243902439024,43.3,11.613805532455444
1365890009.007945,1250.6097560975609,43.9,11.856524467468262
1365890009.311938,968.2926829268292,43.3,11.864622592926025
1365890009.615484,1617.6829268292684,44.4,11.63883638381958
1365890009.9410272,970.1219512195122,43.3,11.587284326553345
1365890010.251727,973.170731707317,43.3,11.647319793701172
1365890010.546091,712.1951219512194,43.3,11.620065689086914
1365890010.859234,948.170731707317,43.3,11.572788000106812
1365890011.157689,937.8048780487804,43.3,11.59605360031128
1365890011.461549,809.1463414634147,43.3,11.640967607498169
1365890011.807987,971.951219512195,43.3,11.598941802978516
1365890012.109144,998.170731707317,43.9,11.593704462051392
1365890012.4121401,753.0487804878048,42.8,11.625586748123169
1365890012.751942,960.9756097560976,44.4,11.743637323379517
1365890013.052953,1010.9756097560976,43.9,11.645829439163208
1365890013.362537,748.170731707317,43.3,11.602259397506714
1365890013.694717,865.2439024390244,43.3,11.581812620162964
1365890014.00283,998.170731707317,43.9,11.589221239089966
1365890014.313676,749.390243902439,43.3,11.614392280578613
1365890014.631638,1001.219512195122,43.3,11.592009544372559
1365890014.940536,964.0243902439024,43.9,11.595000505447388
1365890015.2472231,743.2926829268292,43.3,11.641855955123901
1365890015.588864,984.1463414634146,43.3,11.591483116149902
1365890015.8926988,982.9268292682926,43.3,11.609669923782349
1365890016.1963031,755.4878048780488,43.3,11.687969446182251
1365890016.5268831,987.1951219512194,43.3,11.584214210510254
1365890016.8336792,968.9024390243902,44.4,11.586527109146118
1365890017.1367989,783.5365853658537,43.3,11.601572513580322
1365890017.464611,982.3170731707316,44.4,11.579245328903198
1365890017.768258,998.780487804878,44.4,11.578352451324463
1365890018.073437,757.3170731707318,43.3,11.645369529724121
1365890018.3993,979.8780487804878,43.3,11.602830171585083
1365890018.7040992,987.8048780487804,43.9,11.623947143554688
1365890019.0115352,738.4146341463414,43.9,11.708308219909668
1365890019.3235168,932.9268292682927,43.9,11.754327774047852
1365890019.618824,957.9268292682926,44.4,11.589343786239624
1365890019.9352262,746.3414634146342,42.8,11.723244667053223
1365890020.280768,940.2439024390243,43.9,11.891204118728638
1365890020.581065,1084.7560975609756,43.9,11.688797950744629
1365890020.877662,753.0487804878048,43.3,11.629448413848877
1365890021.215041,928.048780487805,43.9,11.582156896591187
1365890021.514614,990.2439024390244,43.3,11.582361936569214
1365890021.8198242,741.4634146341464,43.3,11.60804033279419
1365890022.151055,967.0731707317073,43.3,11.627827882766724
1365890022.456151,943.2926829268292,44.4,11.588057518005371
1365890022.762629,742.0731707317074,43.3,11.602203845977783
1365890023.0889301,937.8048780487804,43.9,11.621750354766846
1365890023.399342,956.0975609756097,43.3,11.579135179519653
1365890023.701247,754.2682926829268,43.3,11.621493101119995
1365890024.049946,1253.658536585366,43.9,11.597131729125977
1365890024.358159,965.2439024390244,43.3,11.608988046646118
1365890024.6570182,1220.7317073170732,43.3,11.884896993637085
1365890024.991265,943.9024390243902,43.3,11.751361846923828
1365890025.297369,1125.0,43.9,11.763623714447021
1365890025.605215,795.1219512195122,44.4,11.710129737854004
1365890025.926103,913.4146341463415,44.4,11.585296392440796
1365890026.2406368,1000.0,43.3,11.596901178359985
1365890026.547956,732.3170731707316,43.3,11.599051237106323
1365890026.863826,943.9024390243902,43.3,11.583751916885376
1365890027.168276,960.9756097560976,43.3,11.60365915298462
1365890027.473114,765.2439024390244,43.3,11.616063594818115
1365890027.814682,1007.3170731707318,43.3,11.611681461334229
1365890028.123584,1043.2926829268292,44.4,11.586147785186768
1365890028.42488,769.5121951219512,43.3,11.719565629959106
1365890028.752846,990.2439024390244,43.9,11.584211587905884
1365890029.061125,965.2439024390244,43.3,11.786754131317139
1365890029.3686988,760.3658536585366,43.3,11.629513025283813
1365890029.6932201,932.9268292682927,44.4,11.570607900619507
1365890029.990536,998.780487804878,43.3,11.590312719345093
1365890030.3007019,726.219512195122,43.9,11.584279298782349
1365890030.611317,937.8048780487804,43.9,11.577373743057251
1365890030.9076102,1004.2682926829267,43.3,11.63715934753418
1365890031.2051141,802.439024390244,43.3,11.60133671760559
1365890031.531769,973.780487804878,43.3,11.802581071853638
1365890031.832851,962.1951219512194,43.3,11.8598952293396
1365890032.1350138,755.4878048780488,43.3,11.640175580978394
1365890032.452116,978.0487804878048,43.3,11.60214900970459
1365890032.750583,993.2926829268292,43.9,11.591315269470215
1365890033.053667,1248.780487804878,43.9,11.614713191986084
1365890033.382317,935.3658536585366,43.9,11.577778816223145
1365890033.685798,964.0243902439024,43.9,11.580726385116577
1365890033.989291,810.9756097560976,43.3,11.714256286621094
1365890034.347649,959.1463414634146,43.9,11.576821327209473
1365890034.644584,943.2926829268292,44.4,11.628715515136719
1365890034.9434218,741.4634146341464,43.9,11.764622926712036
1365890035.2817512,1010.9756097560976,43.9,11.583054065704346
1365890035.588352,987.8048780487804,43.3,11.578804731369019
1365890035.891356,747.560975609756,43.9,11.599215745925903
1365890036.217227,1009.7560975609756,43.9,11.581847906112671
1365890036.520906,954.2682926829268,43.9,11.575325012207031
1365890036.823452,728.0487804878048,43.3,11.624372243881226
1365890037.145761,1015.8536585365854,43.3,11.58781385421753
1365890037.453164,960.9756097560976,44.4,11.581948280334473
1365890037.755766,799.3902439024391,43.3,12.062258958816528
1365890038.098176,996.9512195121952,43.3,11.923006772994995
1365890038.401696,964.0243902439024,43.9,11.743821382522583
1365890038.711793,793.2926829268293,42.8,11.620279788970947
1365890039.052872,1198.780487804878,43.3,11.626161336898804
1365890039.357397,965.8536585365854,43.9,11.588776111602783
1365890039.6636941,738.4146341463414,43.3,11.650573968887329
1365890039.9886642,951.2195121951219,43.3,11.751557111740112
1365890040.296169,968.2926829268292,44.4,11.614223003387451
1365890040.6063318,750.0,43.9,11.6174898147583
1365890040.948308,943.9024390243902,43.3,11.61319899559021
1365890041.25224,962.8048780487804,44.4,11.597037315368652
1365890041.5535219,1633.5365853658536,43.9,11.609558582305908
1365890041.889599,950.0,43.9,11.590797662734985
1365890042.194026,973.170731707317,43.9,11.59217882156372
1365890042.496178,813.4146341463414,43.3,11.646787643432617
1365890042.831467,940.8536585365853,43.9,11.579172372817993
1365890043.136582,979.2682926829268,43.9,11.581959247589111
1365890043.443552,1577.439024390244,43.3,11.595993757247925
1365890043.7670348,860.3658536585366,44.4,11.579741954803467
1365890044.077195,1020.7317073170732,43.9,11.600579738616943
1365890044.384029,1046.9512195121952,43.3,11.645427465438843
1365890044.7340858,1217.0731707317073,43.9,11.582467079162598
1365890045.044684,957.3170731707316,44.4,11.579293012619019
1365890045.351501,741.4634146341464,43.3,11.615691661834717
1365890045.6826482,959.1463414634146,43.9,11.785076141357422
1365890045.9888792,1009.7560975609756,44.4,11.582645893096924
1365890046.298629,823.170731707317,43.3,11.729921340942383
1365890046.628004,965.2439024390244,44.4,11.59335970878601
1365890046.934262,985.9756097560976,43.9,11.587150573730469
1365890047.2375941,754.2682926829268,43.3,11.612704277038574
1365890047.559205,982.9268292682926,43.9,11.585917472839355
1365890047.866436,960.3658536585366,43.9,11.590602159500122
1365890048.1751869,932.9268292682927,43.3,11.723453998565674
1365890048.518913,956.0975609756097,43.3,11.622231721878052
1365890048.82745,975.0,43.9,11.578837394714355
1365890049.132562,810.3658536585366,43.3,11.610953569412231
1365890049.4711082,951.2195121951219,43.9,11.583651304244995
1365890049.7731378,960.3658536585366,43.3,11.582452535629272
1365890050.0765288,764.0243902439024,43.3,11.610082387924194
1365890050.409833,1007.3170731707318,44.4,11.597535133361816
1365890050.717004,1017.0731707317074,43.3,11.586371183395386
1365890051.023854,732.3170731707316,43.3,11.614696979522705
1365890051.348335,1009.1463414634145,43.3,11.590451955795288
1365890051.645785,973.780487804878,44.4,11.973742246627808
1365890051.9432352,757.3170731707318,43.3,11.796549081802368
1365890052.259382,1068.90243902439,43.3,11.62686538696289
1365890052.5640929,1007.9268292682925,43.3,11.595464944839478
1365890052.8671548,739.0243902439024,43.9,11.596443176269531
1365890053.186128,1015.2439024390243,43.3,11.591869592666626
1365890053.492081,876.219512195122,44.4,11.582368850708008
1365890053.7985501,748.170731707317,43.3,11.617623329162598
1365890054.1433659,1037.8048780487804,43.3,11.58757209777832
1365890054.4527528,960.3658536585366,43.3,11.619508504867554
1365890054.758225,829.2682926829268,43.3,11.615082263946533
1365890055.095985,1004.8780487804878,43.3,11.581452131271362
1365890055.4045901,1006.0975609756098,44.4,11.579506635665894
1365890055.709982,741.4634146341464,43.3,11.595646381378174
1365890056.032539,949.390243902439,43.9,11.585276365280151
1365890056.342117,1429.878048780488,43.9,11.580870389938354
1365890056.648685,741.4634146341464,43.3,11.614240169525146
1365890056.9922318,957.3170731707316,44.4,11.5899019241333
1365890057.3024461,964.0243902439024,44.4,11.630167961120605
1365890057.610091,741.4634146341464,43.3,11.619508266448975
1365890057.9488142,1014.0243902439023,44.4,11.596685647964478
1365890058.254296,954.8780487804878,43.9,11.574424505233765
1365890058.5562801,745.1219512195122,43.3,11.592404127120972
1365890058.87693,1576.219512195122,43.9,11.59642767906189
1365890059.186805,971.951219512195,44.4,11.581169605255127
1365890059.491704,785.9756097560976,43.3,11.621326684951782
1365890059.839444,1001.219512195122,43.9,11.59663438796997
1365890060.1411068,950.0,44.4,11.944116115570068
1365890060.440212,747.560975609756,43.3,11.75774073600769
1365890060.7689269,1212.8048780487807,43.9,11.596614599227905
1365890061.077953,957.3170731707316,44.4,11.651931762695312
1365890061.3815382,742.0731707317074,43.9,11.609424829483032
1365890061.715832,954.2682926829268,43.9,11.616703510284424
1365890062.0186272,984.1463414634146,43.9,11.620696067810059
1365890062.329691,730.4878048780488,43.3,11.598076105117798
1365890062.650342,929.2682926829269,43.3,11.575456380844116
1365890062.953661,1021.9512195121952,44.4,11.588932514190674
1365890063.258715,741.4634146341464,43.3,11.59598183631897
1365890063.581511,953.0487804878048,43.3,11.684012413024902
1365890063.8867252,957.9268292682926,44.4,11.584633350372314
1365890064.1880121,754.2682926829268,43.3,11.648781538009644
1365890064.533256,979.2682926829268,43.9,11.617061853408813
1365890064.8380082,975.0,44.4,11.634833574295044
1365890065.145291,740.2439024390244,43.3,11.612536430358887
