1365889760.460852,102.400002,2.7187485694885254
1365889760.6581912,103.200005,4.674323320388794
1365889760.8584516,102.400002,4.47636866569519
1365889761.0625446,102.400002,4.273768663406372
1365889761.2596939,100.800003,4.078102350234985
1365889761.4604392,98.400002,4.76478385925293
1365889761.6617043,92.800003,4.565321683883667
1365889761.868439,102.400002,4.360069751739502
1365889762.0613258,102.400002,4.168745756149292
1365889762.260105,98.400002,3.9714391231536865
1365889762.4598622,100.800003,3.7734158039093018
1365889762.6722548,98.400002,3.5628602504730225
1365889762.8609781,102.400002,3.3758561611175537
1365889763.061941,100.800003,3.177241802215576
1365889763.2659853,100.800003,3.152395725250244
1365889763.4607837,102.400002,2.959228277206421
1365889763.6600783,100.800003,2.761484146118164
1365889763.860329,98.400002,2.5685126781463623
1365889764.0609396,104.800003,2.584398031234741
1365889764.260714,102.400002,2.592918634414673
1365889764.4641562,103.200005,2.533165693283081
1365889764.6637633,103.200005,2.599593162536621
1365889764.8622587,100.800003,2.6727123260498047
1365889765.066895,94.400002,2.469637870788574
1365889765.2623177,103.200005,2.488511323928833
1365889765.4633183,102.400002,2.408667802810669
1365889765.6663225,103.200005,2.3592989444732666
1365889765.8634098,100.800003,2.3830063343048096
1365889766.0655017,98.400002,2.369027853012085
1365889766.267245,102.400002,2.372201442718506
1365889766.4629993,211.199997,2.360288143157959
1365889766.6777625,96.000000,2.371925115585327
1365889766.8634489,100.000000,2.344916820526123
1365889767.0703661,103.200005,2.441441774368286
1365889767.2679324,104.800003,2.3448667526245117
1365889767.4644036,98.400002,2.3656105995178223
1365889767.6651726,104.800003,2.3780248165130615
1365889767.8654423,103.200005,2.343202590942383
1365889768.0666978,100.800003,2.3475828170776367
1365889768.2647128,100.000000,2.4127986431121826
1365889768.4651165,98.400002,2.3758561611175537
1365889768.6662312,103.200005,2.3448867797851562
1365889768.8647754,100.800003,2.3948216438293457
1365889769.0702665,100.000000,2.4622392654418945
1365889769.2657392,104.800003,2.3473451137542725
1365889769.46655,103.200005,2.348186731338501
1365889769.686054,102.400002,2.3839807510375977
1365889769.869182,100.800003,2.3479840755462646
1365889770.06853,98.400002,2.3715105056762695
1365889770.2691364,102.400002,2.4247329235076904
1365889770.4727337,98.400002,2.403794288635254
1365889770.67107,100.800003,2.35675311088562
1365889770.86984,100.800003,2.4251322746276855
1365889771.0748427,102.400002,2.3482887744903564
1365889771.2705035,104.800003,2.374596357345581
1365889771.4705427,102.400002,2.415670394897461
1365889771.6835973,100.800003,2.4357807636260986
1365889771.8711774,100.800003,2.374433994293213
1365889772.0714152,100.000000,2.3525376319885254
1365889772.2704017,100.800003,2.3638365268707275
1365889772.4713695,103.200005,2.351449728012085
1365889772.6739993,100.000000,2.3441267013549805
1365889772.8723714,102.400002,2.3589000701904297
1365889773.089383,102.400002,2.429840564727783
1365889773.2722359,100.000000,2.809429407119751
1365889773.4719799,103.200005,2.614698886871338
1365889773.6732833,102.400002,2.414912462234497
1365889773.8724067,103.200005,2.4969325065612793
1365889774.074606,102.400002,2.381232738494873
1365889774.2758317,100.800003,2.566431999206543
1365889774.475403,100.000000,2.3688783645629883
1365889774.674002,103.200005,2.3878836631774902
1365889774.8734968,103.200005,2.3822133541107178
1365889758.15841,98.400002,11.82676649093628
1365889758.344479,98.400002,13.611932277679443
1365889758.5440369,103.200005,13.416342496871948
1365889758.7440112,103.200005,13.225544214248657
1365889758.9433863,103.200005,13.033149719238281
1365889759.142751,102.400002,12.839096784591675
1365889759.343613,102.400002,12.641574382781982
1365889759.5440762,98.400002,12.4464430809021
1365889759.747304,103.200005,12.877641677856445
1365889759.9490867,100.800003,12.677885293960571
1365889760.145735,96.800003,12.483076572418213
1365889760.3448966,98.400002,12.286547899246216
1365889760.5446422,106.400002,12.098287343978882
1365889760.7534833,100.800003,11.895727157592773
1365889760.94776,102.400002,11.711090803146362
1365889761.1477225,100.000000,11.526848793029785
1365889761.3455367,98.400002,11.333582878112793
1365889761.5498033,102.400002,11.136234045028687
1365889761.7449684,102.400002,11.170014142990112
1365889761.9478996,100.800003,10.973009824752808
1365889762.147211,102.400002,10.778884172439575
1365889762.344267,98.400002,10.58691930770874
1365889762.5466807,103.200005,10.768567085266113
1365889762.7455404,103.200005,10.756885766983032
1365889762.945314,102.400002,10.867924451828003
1365889763.1448848,102.400002,10.67171859741211
1365889763.3452823,100.800003,10.577326774597168
1365889763.5454905,100.000000,10.521243333816528
1365889763.7454634,102.400002,10.564548015594482
1365889763.9486344,102.400002,10.690001487731934
1365889764.1462207,100.800003,10.57635498046875
1365889764.348673,92.800003,10.53236174583435
1365889764.5478709,103.200005,10.512748718261719
1365889764.7463844,103.200005,10.549724340438843
1365889764.9512906,102.400002,10.521385192871094
1365889765.1461225,102.400002,10.520808696746826
1365889765.3463702,100.800003,10.52180528640747
1365889765.5468378,96.800003,11.521280288696289
1365889765.7476513,103.200005,11.32884430885315
1365889765.947778,102.400002,11.140544891357422
1365889766.147266,102.400002,10.956177473068237
1365889766.3458574,100.800003,10.764667510986328
1365889766.5504782,258.399994,10.581172704696655
1365889766.747402,100.000000,10.505766153335571
1365889766.9469244,98.400002,10.568847179412842
1365889767.1476076,102.400002,10.520335912704468
1365889767.348422,100.800003,10.537777185440063
1365889767.5476255,103.200005,10.63592529296875
1365889767.7470014,102.400002,10.505653619766235
1365889767.9485164,100.000000,10.586614847183228
1365889768.1469574,100.000000,10.515756130218506
1365889768.3477538,103.200005,10.570667505264282
1365889768.5500917,103.200005,10.518268346786499
1365889768.7527997,103.200005,10.780201435089111
1365889768.9756815,102.400002,10.605947732925415
1365889769.1507955,103.200005,10.514689922332764
1365889769.349564,100.800003,10.517908811569214
1365889769.5502608,100.800003,10.542639017105103
1365889769.7479858,98.400002,10.514079809188843
1365889769.95175,103.200005,10.505329370498657
1365889770.1957514,103.200005,10.652979612350464
1365889770.3496583,102.400002,10.534126043319702
1365889770.5592687,242.400009,10.513143539428711
1365889770.748444,100.800003,10.510723352432251
1365889770.94788,100.800003,10.51362156867981
1365889771.1495817,100.000000,10.634324312210083
1365889771.3479202,103.200005,11.19048547744751
1365889771.551642,103.200005,11.160629987716675
1365889771.748102,103.200005,10.968377828598022
1365889771.9483314,100.800003,10.772452116012573
1365889772.1500351,102.400002,10.577082395553589
1365889772.3501143,98.400002,10.522324800491333
1365889772.5503185,100.000000,10.537429332733154
1365889772.7489738,103.200005,10.526369571685791
1365889772.9489958,98.400002,10.673903465270996
1365889773.1486,102.400002,10.632850646972656
1365889773.3475273,100.000000,10.654508113861084
1365889773.5528018,100.800003,10.599819898605347
1365889773.7483373,102.400002,10.517993927001953
1365889773.9488742,103.200005,10.55685305595398
1365889774.1479719,103.200005,10.52919340133667
1365889774.3483846,100.000000,10.510737657546997
1365889774.548207,100.000000,10.546650409698486
1365889774.7483974,100.800003,10.51622223854065
1365889774.95037,102.400002,10.630819082260132
1365889775.152329,100.800003,10.525068759918213
1365889775.3478274,100.800003,10.619351387023926
1365889775.550025,98.400002,10.552800416946411
1365889775.7723584,102.400002,10.522360563278198
1365889775.952511,103.200005,10.51207160949707
1365889776.153389,103.200005,10.509319305419922
1365889776.3513172,102.400002,10.63511037826538
1365889776.5496073,102.400002,10.570846796035767
1365889776.7489233,100.000000,10.627177000045776
1365889776.9480836,94.400002,10.533345460891724
1365889777.1488085,103.200005,10.51154351234436
1365889777.3482695,96.800003,10.51901125907898
1365889777.5539718,100.000000,10.525292158126831
1365889777.7488759,103.200005,10.577977180480957
1365889777.951037,103.200005,10.51249098777771
1365889778.1488621,102.400002,10.52428388595581
1365889778.3500302,102.400002,10.50869870185852
1365889778.5506976,100.000000,10.50453782081604
1365889778.749808,98.400002,10.539015293121338
1365889778.9490025,100.800003,10.52470588684082
1365889779.1512318,102.400002,10.722330570220947
1365889779.3512821,100.800003,10.547236204147339
1365889779.553212,100.000000,10.517464637756348
1365889779.7521603,102.400002,10.525006771087646
1365889779.9512472,104.800003,10.512075185775757
1365889780.1497602,103.200005,10.56312608718872
1365889780.3508847,100.800003,10.70977258682251
1365889780.5511193,100.000000,10.534445762634277
1365889780.751247,98.400002,10.503902912139893
1365889780.951512,103.200005,10.514060258865356
1365889781.1550705,102.400002,10.525096893310547
1365889781.3513856,100.800003,10.505245685577393
1365889781.553667,100.000000,10.508544921875
1365889781.7528706,94.400002,10.61808156967163
1365889781.9588094,100.800003,10.557815790176392
1365889782.1523778,102.400002,10.552473783493042
1365889782.3555377,98.400002,10.539472341537476
1365889782.5538158,102.400002,10.547720670700073
1365889782.7527363,104.800003,10.523494720458984
1365889782.9529996,103.200005,10.522054195404053
1365889783.1560645,102.400002,12.479497194290161
1365889783.3558164,100.800003,12.299728870391846
1365889783.5549333,98.400002,12.134284496307373
1365889783.7549036,103.200005,11.947631120681763
1365889783.9586966,103.200005,11.757838487625122
1365889784.162768,104.800003,11.571805238723755
1365889784.3574352,102.400002,11.384711503982544
1365889784.5550592,102.400002,11.195576667785645
1365889784.7575338,100.000000,11.001873970031738
1365889784.9727144,103.200005,10.792027235031128
1365889785.1557467,103.200005,10.612550258636475
1365889785.3554335,103.200005,10.73257327079773
1365889785.5562186,100.800003,10.567255973815918
1365889785.7598562,103.200005,10.599921226501465
1365889785.9567149,102.400002,10.593026161193848
1365889786.1568818,98.400002,10.531998872756958
1365889786.3596053,100.800003,10.51340389251709
1365889786.5746186,102.400002,10.527863264083862
1365889786.7580733,100.000000,10.552066564559937
1365889786.9562984,96.800003,10.516468286514282
1365889787.1572194,100.800003,10.506894826889038
1365889787.3572364,102.400002,10.517335891723633
1365889787.5570421,103.200005,10.504286527633667
1365889787.758998,102.400002,10.555851459503174
1365889787.9590528,102.400002,10.530989408493042
1365889788.1585596,102.400002,10.522212982177734
1365889788.3586032,102.400002,10.512764692306519
1365889788.5590389,102.400002,10.56964659690857
1365889788.7595172,102.400002,10.505638837814331
1365889788.959564,100.000000,10.57073712348938
1365889789.1597543,103.200005,10.516244173049927
1365889789.3601887,103.200005,10.515849828720093
1365889789.565328,100.000000,10.508547067642212
1365889789.7611933,98.400002,10.511703968048096
1365889789.9623775,102.400002,10.516690254211426
1365889790.1611898,103.200005,10.528249740600586
1365889790.361659,102.400002,10.695530414581299
1365889790.5667152,100.000000,10.510887145996094
1365889790.7883508,96.800003,10.543277502059937
1365889790.9686706,100.000000,10.53051233291626
1365889791.1621614,100.800003,10.543225288391113
1365889791.3626947,103.200005,10.56306266784668
1365889791.5624998,100.000000,10.622735738754272
1365889791.7715564,98.400002,10.58549189567566
1365889791.9669366,103.200005,10.531005382537842
1365889792.1625504,102.400002,10.52959680557251
1365889792.3653903,100.800003,10.620763063430786
1365889792.5641756,103.200005,10.512634038925171
1365889792.762836,100.000000,10.52641773223877
1365889792.9645054,100.800003,10.519665718078613
1365889793.164768,100.800003,10.516131401062012
1365889793.3650405,102.400002,10.525460004806519
1365889793.5667984,102.400002,10.524046659469604
1365889793.767252,102.400002,10.50801968574524
1365889793.9654837,102.400002,10.507517099380493
1365889794.1666472,98.400002,10.73494029045105
1365889794.367841,102.400002,10.553386449813843
1365889794.5655646,103.200005,10.64990496635437
1365889794.7653759,102.400002,10.526854753494263
1365889794.968135,100.800003,10.53141713142395
1365889795.1651978,96.000000,10.520135879516602
1365889795.3656883,96.800003,10.521467924118042
1365889795.5654154,431.200012,10.515684366226196
1365889795.7676373,100.800003,10.590079307556152
1365889795.9651914,102.400002,10.506320238113403
1365889796.1672668,102.400002,10.514198780059814
1365889796.3652048,98.400002,10.522070169448853
1365889796.5735877,98.400002,10.506539821624756
1365889796.7650506,103.200005,10.58450198173523
1365889796.9668856,102.400002,10.512846946716309
1365889797.165954,100.800003,10.515364646911621
1365889797.366139,98.400002,10.600355386734009
1365889797.5762897,96.800003,10.515369653701782
1365889797.768414,102.400002,10.505427122116089
1365889797.9791825,102.400002,10.518932342529297
1365889798.1994483,100.800003,10.51043701171875
1365889798.3659692,100.800003,10.655340433120728
1365889798.567155,100.000000,10.556029796600342
1365889798.766732,98.400002,10.51431918144226
1365889798.9668047,102.400002,10.51218557357788
1365889799.1682677,102.400002,10.528464078903198
1365889799.3673851,100.800003,10.558121919631958
1365889799.5688782,94.400002,10.67960786819458
1365889799.7741332,104.800003,10.573241233825684
1365889799.9832232,100.000000,10.840104818344116
1365889800.1710224,102.400002,10.670658588409424
1365889800.3708422,103.200005,10.552218198776245
1365889800.5723195,102.400002,10.511274337768555
1365889800.7989683,100.000000,10.514060735702515
1365889800.9709663,96.800003,10.528889417648315
1365889801.1708353,102.400002,10.610132694244385
1365889801.3702967,103.200005,10.520177125930786
1365889801.5711884,102.400002,10.555829286575317
1365889801.7715473,100.800003,10.603997945785522
1365889801.9722705,98.400002,10.558507204055786
1365889802.1720467,104.800003,10.505539655685425
1365889802.3723404,100.800003,10.537855386734009
1365889802.5718396,102.400002,10.510878086090088
1365889802.7716963,100.800003,10.561213970184326
1365889802.970651,100.000000,10.557069063186646
1365889803.1897936,102.400002,10.52522611618042
1365889803.3727567,103.200005,10.617060661315918
1365889803.5715826,102.400002,10.514492273330688
1365889803.7728229,103.200005,10.536603927612305
1365889803.9738724,100.000000,10.571241617202759
1365889804.172133,104.800003,10.519094467163086
1365889804.3724113,103.200005,10.820568323135376
1365889804.5720284,102.400002,10.626782655715942
1365889804.7738957,98.400002,10.59177541732788
1365889804.9745524,103.200005,10.613903760910034
1365889805.1749089,103.200005,10.55236291885376
1365889805.3752148,100.800003,10.557056427001953
1365889805.5734556,100.800003,10.547076940536499
1365889805.7731638,100.000000,10.505675554275513
1365889805.973435,103.200005,10.51521635055542
1365889806.173311,102.400002,10.512610912322998
1365889806.383429,102.400002,10.513095378875732
1365889806.5781138,100.000000,10.737931966781616
1365889806.774384,103.200005,10.64005446434021
1365889806.9756777,100.800003,10.521195650100708
1365889807.1746604,102.400002,10.504860162734985
1365889807.3747158,100.800003,10.506457090377808
1365889807.5778866,98.400002,10.559608221054077
1365889807.7780077,103.200005,10.564958810806274
1365889807.9769971,103.200005,10.528203248977661
1365889808.1783915,98.400002,10.588016986846924
1365889808.377169,96.800003,10.789382219314575
1365889808.5794125,103.200005,10.735836029052734
1365889808.7794864,103.200005,10.582109451293945
1365889808.979105,102.400002,10.515708684921265
1365889809.1763604,102.400002,10.531503200531006
1365889809.4044347,100.800003,10.505337715148926
1365889809.5773087,98.400002,10.742132663726807
1365889809.7805536,102.400002,10.542554378509521
1365889809.9792345,102.400002,10.519704341888428
1365889810.1892066,106.400002,10.529922723770142
1365889810.38751,100.000000,10.505075931549072
1365889810.5809813,98.400002,10.596473455429077
1365889810.7845128,103.200005,10.512686967849731
1365889810.9786637,103.200005,10.733460426330566
1365889811.1827507,102.400002,10.570778608322144
1365889811.379043,103.200005,10.508821487426758
1365889811.5797129,98.400002,10.769596815109253
1365889811.7795467,100.800003,10.576099872589111
1365889811.9881835,100.000000,10.520004510879517
1365889812.1965718,98.400002,10.52113127708435
1365889812.412411,104.800003,10.62739610671997
1365889812.5819802,96.000000,10.59597659111023
1365889812.8047283,92.800003,10.864309549331665
1365889812.993822,102.400002,10.681530714035034
1365889813.1928709,98.400002,10.53628659248352
1365889813.3928514,103.200005,10.544248819351196
1365889813.5860565,102.400002,10.610680103302002
1365889813.78213,96.800003,10.589744806289673
1365889813.9856713,98.400002,10.509437561035156
1365889814.1819189,100.000000,10.596033334732056
1365889814.381809,102.400002,10.503493309020996
1365889814.5819006,96.800003,10.514292478561401
1365889814.7808883,104.800003,10.505200147628784
1365889814.9833295,103.200005,10.512099742889404
1365889815.1807446,103.200005,10.526697874069214
1365889815.3813825,98.400002,10.525725841522217
1365889815.581196,100.000000,10.532449007034302
1365889815.783848,103.200005,10.532493114471436
1365889815.9824543,103.200005,10.510128259658813
1365889816.18203,102.400002,10.659861326217651
1365889816.381286,100.800003,10.584566354751587
1365889816.5825496,100.000000,10.598020792007446
1365889816.7813902,102.400002,10.532211542129517
1365889816.983809,104.800003,10.532931566238403
1365889817.1831985,92.800003,10.514162540435791
1365889817.3826897,100.800003,10.532480955123901
1365889817.5819046,223.199997,10.514573574066162
1365889817.7834957,103.200005,10.509623765945435
1365889817.9820442,98.400002,10.58178162574768
1365889818.1816897,100.800003,10.525568962097168
1365889818.381814,103.200005,10.533432960510254
1365889818.581563,98.400002,10.511834144592285
1365889818.782084,102.400002,10.5062997341156
1365889818.9823294,102.400002,10.557882308959961
1365889819.1823826,96.800003,10.507855415344238
1365889819.3851895,96.800003,10.539142847061157
1365889819.5821798,98.400002,10.511722326278687
1365889819.7824583,103.200005,10.62844967842102
1365889819.984661,103.200005,10.513458490371704
1365889820.182445,102.400002,10.519793272018433
1365889820.3820372,100.800003,10.510593175888062
1365889820.5851653,100.000000,10.50488805770874
1365889820.7825089,100.000000,10.543561697006226
1365889820.9848776,102.400002,10.553740501403809
1365889821.18904,103.200005,10.515470504760742
1365889821.3825908,98.400002,10.515060901641846
1365889821.6062114,100.800003,10.515595436096191
1365889821.7890427,100.800003,10.742997169494629
1365889821.9839911,96.800003,10.551836490631104
1365889822.1824064,102.400002,10.50639009475708
1365889822.3853285,103.200005,10.5531165599823
1365889822.5839777,102.400002,10.509832382202148
1365889822.7920475,100.800003,10.535703182220459
1365889822.9843538,100.000000,10.503869771957397
1365889823.183249,102.400002,10.53579831123352
1365889823.3866715,98.400002,10.528794288635254
1365889823.5855951,102.400002,10.516890525817871
1365889823.7842796,102.400002,10.554598331451416
1365889824.0004163,103.200005,10.51548981666565
1365889824.1844964,100.800003,10.503357887268066
1365889824.3848088,102.400002,10.521409034729004
1365889824.5877728,100.000000,10.556074380874634
1365889824.7885547,102.400002,10.80653190612793
1365889824.9866498,103.200005,10.62458324432373
1365889825.1862087,103.200005,10.59648871421814
1365889825.4001431,103.200005,10.649051427841187
1365889825.5860791,100.800003,10.539481163024902
1365889825.7878776,100.800003,10.54619288444519
1365889825.9891112,100.800003,10.533241510391235
1365889826.1946092,102.400002,10.508591413497925
1365889826.3881624,154.400009,10.571893453598022
1365889826.589842,100.800003,10.509511947631836
1365889826.7886267,100.000000,10.50981092453003
1365889826.990517,98.400002,10.503417253494263
1365889827.1906955,103.200005,10.511253833770752
1365889827.3905232,102.400002,10.574883222579956
1365889827.5907357,100.800003,10.508838415145874
1365889827.8000345,102.400002,10.51682162284851
1365889827.991085,100.000000,10.512083292007446
1365889828.1900933,98.400002,10.50863790512085
1365889828.3920138,102.400002,10.520941019058228
1365889828.5899785,102.400002,10.518069744110107
1365889828.7919245,102.400002,10.51220989227295
1365889828.9917994,102.400002,10.521153688430786
1365889829.1907644,100.000000,10.504177331924438
1365889829.3935833,98.400002,10.508061170578003
1365889829.5907705,103.200005,10.51669692993164
1365889829.7902617,104.800003,10.557698011398315
1365889829.991143,102.400002,10.523843050003052
1365889830.1928148,100.000000,10.548656940460205
1365889830.393292,96.800003,10.544727087020874
1365889830.5973384,103.200005,10.525086402893066
1365889830.8195696,100.800003,10.622615098953247
1365889831.02726,100.800003,10.520045518875122
1365889831.1957417,100.800003,10.630139827728271
1365889831.3917665,100.800003,10.52658987045288
1365889831.591001,103.200005,10.50622844696045
1365889831.7958484,103.200005,10.51106309890747
1365889831.9939868,100.800003,10.536212682723999
1365889832.192506,98.400002,10.538048505783081
1365889832.4080763,103.200005,10.507943153381348
1365889832.5965908,103.200005,10.503738641738892
1365889832.7932518,102.400002,10.5174560546875
1365889832.9943025,98.400002,10.645675659179688
1365889833.1960971,102.400002,10.609537839889526
1365889833.4011955,102.400002,10.550655364990234
1365889833.594716,103.200005,10.682240009307861
1365889833.797949,103.200005,10.599616289138794
1365889833.9954395,102.400002,10.69342851638794
1365889834.208472,102.400002,10.659106254577637
1365889834.402076,103.200005,10.5951406955719
1365889834.5979676,100.800003,10.548710107803345
1365889834.795943,96.000000,10.779381036758423
1365889834.9987743,104.800003,10.66826319694519
1365889835.1988096,427.200012,10.67349100112915
1365889835.4033172,100.800003,10.559412479400635
1365889835.5961835,100.800003,10.509883642196655
1365889835.7969997,98.400002,10.534432649612427
1365889835.9966848,103.200005,10.544751167297363
1365889836.1961002,102.400002,10.877803325653076
1365889836.395942,100.800003,10.683074951171875
1365889836.5984738,100.800003,10.527535200119019
1365889836.7954962,100.000000,10.626826047897339
1365889836.9968836,103.200005,10.51990818977356
1365889837.1960883,102.400002,10.508954048156738
1365889837.3971708,102.400002,10.510084629058838
1365889837.5959928,100.800003,10.508023977279663
1365889837.7973144,100.000000,10.579821109771729
1365889837.9960732,103.200005,10.514101505279541
1365889838.1966686,103.200005,10.531481742858887
1365889838.3985722,102.400002,10.508591890335083
1365889838.5976539,100.000000,10.515887260437012
1365889838.797185,98.400002,10.518302202224731
1365889838.9987445,102.400002,10.566131830215454
1365889839.1993194,96.800003,10.519978523254395
1365889839.3988066,96.800003,10.53077745437622
1365889839.6013227,104.800003,10.587557315826416
1365889839.801786,100.800003,10.6423180103302
1365889839.999512,100.000000,10.50351333618164
1365889840.1989775,98.400002,10.566699266433716
1365889840.4008965,102.400002,10.737032413482666
1365889840.600698,103.200005,10.633798122406006
1365889840.8003752,103.200005,10.539888143539429
1365889840.9999604,100.800003,10.635272026062012
1365889841.200931,100.000000,10.505419731140137
1365889841.401392,103.200005,10.86083173751831
1365889841.62491,103.200005,10.640525102615356
1365889841.8019571,100.800003,10.513135433197021
1365889842.0014982,100.000000,10.51472020149231
1365889842.2103474,103.200005,10.505917072296143
1365889842.4033916,103.200005,10.519043684005737
1365889842.6031713,103.200005,10.51208782196045
1365889842.8071728,102.400002,10.518990993499756
1365889843.0061727,102.400002,10.519639253616333
1365889843.2063985,100.800003,10.51866340637207
1365889843.4038959,100.800003,10.550796508789062
1365889843.617739,96.000000,10.669848203659058
1365889843.8067396,100.000000,10.794569730758667
1365889844.0444024,98.400002,10.735370874404907
1365889844.2039535,103.200005,10.653117179870605
1365889844.4600449,103.200005,10.54381799697876
1365889844.6061802,103.200005,10.524734020233154
1365889844.8046975,98.400002,10.503403186798096
1365889845.0045319,96.800003,10.552273988723755
1365889845.2043846,100.000000,10.522216796875
1365889845.4043174,100.000000,10.51082730293274
1365889845.6044166,98.400002,10.64064884185791
1365889845.8038266,103.200005,10.862455368041992
1365889846.0044641,103.200005,10.663853645324707
1365889846.2039127,102.400002,10.581875085830688
1365889846.408135,96.000000,10.511034488677979
1365889846.6058683,98.400002,10.513530731201172
1365889846.8050985,98.400002,10.542776584625244
1365889847.0049777,96.800003,10.517594575881958
1365889847.2048423,98.400002,10.513554811477661
1365889847.4047217,100.800003,10.584908246994019
1365889847.6057496,102.400002,10.526421070098877
1365889847.8049016,102.400002,10.672184944152832
1365889848.0098975,96.800003,10.560319900512695
1365889848.21188,100.000000,10.512824535369873
1365889848.407597,104.800003,10.512202262878418
1365889848.605867,102.400002,10.516996145248413
1365889848.8071997,102.400002,10.51334834098816
1365889849.0065446,103.200005,10.560141563415527
1365889849.2067943,100.800003,10.538592338562012
1365889849.4085248,102.400002,10.50517988204956
1365889849.6077054,103.200005,10.526152849197388
1365889849.8068414,100.000000,10.536213874816895
1365889850.0079281,103.200005,10.508252382278442
1365889850.21124,103.200005,10.623545169830322
1365889850.4071016,103.200005,10.510902881622314
1365889850.6092885,100.800003,10.503793954849243
1365889850.8074324,100.800003,10.536067008972168
1365889851.0078132,98.400002,10.502135276794434
1365889851.2076037,98.400002,10.576600313186646
1365889851.4072218,102.400002,10.527825117111206
1365889851.606731,102.400002,10.511695623397827
1365889851.8072822,100.800003,10.575627565383911
1365889852.0070846,98.400002,10.769424676895142
1365889852.207892,103.200005,10.7588791847229
1365889852.4124284,100.800003,10.644183874130249
1365889852.6121364,100.000000,10.518399715423584
1365889852.8086808,98.400002,10.550860404968262
1365889853.024928,102.400002,10.538025856018066
1365889853.2721648,102.400002,10.543598651885986
1365889853.4107697,103.200005,10.612222909927368
1365889853.6102674,102.400002,10.907201766967773
1365889853.8108387,103.200005,10.711802005767822
1365889854.009728,102.400002,10.589263200759888
1365889854.2100458,100.800003,10.61776089668274
1365889854.4106483,98.400002,10.512304306030273
1365889854.6113427,103.200005,10.623512029647827
1365889854.8114915,102.400002,10.50923752784729
1365889855.0152125,100.800003,10.567141056060791
1365889855.2169478,100.000000,10.658422470092773
1365889855.4158115,100.000000,10.518759489059448
1365889855.6122463,103.200005,10.51507019996643
1365889855.815027,102.400002,10.639117240905762
1365889856.081881,100.800003,10.698931455612183
1365889856.221072,98.400002,10.607505798339844
1365889856.4297931,100.800003,10.671178579330444
1365889856.6385002,98.400002,10.804383993148804
1365889856.8128593,94.400002,10.634218454360962
1365889857.030918,103.200005,10.528166055679321
1365889857.2209175,102.400002,10.508845806121826
1365889857.4162562,103.200005,10.556812047958374
1365889857.6125662,103.200005,10.519970893859863
1365889857.8126516,100.800003,10.68502163887024
1365889858.012145,98.400002,10.614836931228638
1365889858.2126157,103.200005,10.797225713729858
1365889858.4134939,103.200005,10.601707458496094
1365889858.6170797,100.800003,10.531025409698486
1365889858.8138168,102.400002,10.519893646240234
1365889859.0181994,98.400002,10.918359518051147
1365889859.2134314,100.000000,10.725471258163452
1365889859.413659,103.200005,10.579553604125977
1365889859.6130211,103.200005,10.619942426681519
1365889859.813508,102.400002,10.578386783599854
1365889860.0127199,102.400002,10.51295256614685
1365889860.2134802,100.800003,10.910527229309082
1365889860.4139128,100.000000,10.715610980987549
1365889860.628963,102.400002,10.557035446166992
1365889860.8177226,102.400002,10.912613153457642
1365889861.0154727,103.200005,10.718811750411987
1365889861.2149098,96.000000,10.649861812591553
1365889861.4176435,103.200005,10.782649517059326
1365889861.629937,100.800003,10.573148727416992
1365889861.8152153,100.800003,10.601548671722412
1365889862.0153701,100.800003,10.621920347213745
1365889862.2160544,100.000000,10.562334299087524
1365889862.4155896,98.400002,10.717972993850708
1365889862.6159258,103.200005,11.01749038696289
1365889862.8155622,102.400002,10.819986820220947
1365889863.0335052,102.400002,10.678927183151245
1365889863.2159083,100.000000,10.517870664596558
1365889863.4161735,98.400002,10.547150373458862
1365889863.6219165,103.200005,10.559206008911133
1365889863.8159225,103.200005,10.8263578414917
1365889864.0189466,103.200005,10.650627136230469
1365889864.218048,102.400002,10.592162370681763
1365889864.4193544,100.800003,10.505200147628784
1365889864.6196556,102.400002,10.567437171936035
1365889864.817927,100.800003,10.711520195007324
1365889865.018447,100.800003,10.626781940460205
1365889865.2196846,98.400002,10.53291630744934
1365889865.4176862,102.400002,10.56692123413086
1365889865.620232,102.400002,10.519853353500366
1365889865.8181336,100.800003,10.694637775421143
1365889866.0180047,100.000000,10.584822177886963
1365889866.2336025,103.200005,10.551064014434814
1365889866.4179678,102.400002,10.61732029914856
1365889866.6175785,100.800003,10.712477922439575
1365889866.8189619,100.800003,10.640549421310425
1365889867.0203261,98.400002,10.558343172073364
1365889867.2194185,102.400002,10.519521951675415
1365889867.4187949,100.800003,10.533866167068481
1365889867.61964,100.800003,10.600707530975342
1365889867.82044,100.800003,10.51943564414978
1365889868.018964,100.000000,10.51748538017273
1365889868.21993,96.800003,10.516363859176636
1365889868.4217453,103.200005,10.561893701553345
1365889868.6184676,102.400002,10.507176876068115
1365889868.8323383,102.400002,10.533623456954956
1365889869.0201101,100.000000,10.522953510284424
1365889869.2195156,98.400002,10.56457781791687
1365889869.4267983,104.800003,10.518855810165405
1365889869.6218324,103.200005,10.516252040863037
1365889869.8295028,102.400002,10.526905059814453
1365889870.0309553,100.800003,10.502559661865234
1365889870.2204537,103.200005,10.50711703300476
1365889870.4203815,102.400002,10.523005485534668
1365889870.6219409,96.800003,10.50697660446167
1365889870.8215613,104.800003,10.545360803604126
1365889871.0274932,102.400002,10.523285865783691
1365889871.220875,100.800003,10.773460149765015
1365889871.4222324,100.800003,10.578353643417358
1365889871.620674,100.000000,10.574561834335327
1365889871.829533,103.200005,10.521175861358643
1365889872.0206091,104.800003,10.524063348770142
1365889872.2221692,102.400002,10.540212631225586
1365889872.4239533,100.800003,10.5414719581604
1365889872.6215508,100.800003,10.622040510177612
1365889872.8232703,100.000000,10.706424236297607
1365889873.023137,102.400002,10.547807216644287
1365889873.2231548,102.400002,10.563089370727539
1365889873.423,100.800003,10.509494304656982
1365889873.6230235,100.000000,10.505722761154175
1365889873.824344,103.200005,10.582223415374756
1365889874.024391,103.200005,10.595185995101929
1365889874.2240129,102.400002,10.551202774047852
1365889874.425041,100.800003,10.511543989181519
1365889874.6240463,104.800003,10.52047324180603
1365889874.8241577,102.400002,10.680762767791748
1365889875.044624,100.800003,10.519388914108276
1365889875.2244725,100.800003,10.515161991119385
1365889875.4252226,100.000000,10.555095434188843
1365889875.6239986,96.800003,10.522425174713135
1365889875.8276188,102.400002,10.517008304595947
1365889876.0264087,100.800003,10.537731885910034
1365889876.2247775,100.000000,10.564350843429565
1365889876.4248633,100.800003,10.511088132858276
1365889876.6248782,98.400002,10.70866322517395
1365889876.824428,96.800003,10.976217031478882
1365889877.0248046,103.200005,10.780211210250854
1365889877.2256823,98.400002,10.675446271896362
1365889877.441395,100.000000,10.532190561294556
1365889877.6400468,98.400002,10.533780574798584
1365889877.8252697,98.400002,10.520974397659302
1365889878.025208,102.400002,10.547510862350464
1365889878.225243,102.400002,10.600570678710938
1365889878.424493,102.400002,10.51617693901062
1365889878.625333,96.000000,10.523648023605347
1365889878.8336368,96.000000,10.641078472137451
1365889879.0255237,103.200005,10.515935182571411
1365889879.225867,98.400002,10.609597444534302
1365889879.4301138,100.000000,10.525781393051147
1365889879.6274588,100.000000,10.555128574371338
1365889879.8273852,98.400002,10.663743495941162
1365889880.0256753,98.400002,10.837428331375122
1365889880.2308762,102.400002,10.6354238986969
1365889880.4267418,103.200005,10.547385692596436
1365889880.6262777,102.400002,10.520122766494751
1365889880.835051,102.400002,10.60491156578064
1365889881.0269437,103.200005,10.578328847885132
1365889881.2277331,102.400002,10.508482933044434
1365889881.4280825,100.000000,10.512675046920776
1365889881.630403,102.400002,10.576178789138794
1365889881.829823,100.000000,10.531214952468872
1365889882.0314262,103.200005,10.556960582733154
1365889882.2304223,102.400002,10.514079093933105
1365889882.4286826,102.400002,10.516581773757935
1365889882.632168,100.800003,10.659482955932617
1365889882.828558,100.000000,10.62192440032959
1365889883.0347013,100.800003,10.523011207580566
1365889883.2329063,96.800003,10.636779069900513
1365889883.437378,100.800003,10.699686050415039
1365889883.6303706,429.600006,10.565703630447388
1365889883.8310297,103.200005,10.821785926818848
1365889884.0290525,100.000000,10.729233741760254
1365889884.2315829,102.400002,10.92904806137085
1365889884.4302635,103.200005,10.735015153884888
1365889884.629762,100.800003,10.703988552093506
1365889884.832836,100.800003,10.58644723892212
1365889885.0298977,100.000000,10.652530670166016
1365889885.2315216,100.000000,10.504844188690186
1365889885.4317288,103.200005,10.824944734573364
1365889885.6343012,103.200005,10.626411437988281
1365889885.8307848,103.200005,10.522137880325317
1365889886.031465,103.200005,10.527081727981567
1365889886.2323997,102.400002,10.552217245101929
1365889886.431077,100.000000,10.55191969871521
1365889886.6309032,100.000000,10.512690305709839
1365889886.8381803,103.200005,10.553837299346924
1365889887.0312798,102.400002,10.506869792938232
1365889887.2366087,102.400002,10.520477294921875
1365889887.4322307,98.400002,10.504016160964966
1365889887.6344159,100.000000,10.510195016860962
1365889887.8316238,103.200005,10.51000189781189
1365889888.0425951,102.400002,10.510932207107544
1365889888.238426,103.200005,10.51276683807373
1365889888.4316008,100.800003,10.522751808166504
1365889888.6313963,96.800003,10.502185821533203
1365889888.8327315,100.000000,10.510412454605103
1365889889.0323517,103.200005,10.512310981750488
1365889889.2334437,103.200005,10.562458515167236
1365889889.431849,104.800003,10.52882170677185
1365889889.6318274,103.200005,10.516019105911255
1365889889.8325527,102.400002,10.520081520080566
1365889890.032002,100.800003,10.717333316802979
1365889890.2315915,100.000000,10.60840129852295
1365889890.4326391,103.200005,10.518477201461792
1365889890.6345067,102.400002,10.521010160446167
1365889890.8312454,102.400002,10.505489110946655
1365889891.0307198,102.400002,10.59069538116455
1365889891.2318223,100.800003,10.52445673942566
1365889891.4373374,98.400002,10.515837669372559
1365889891.6528049,103.200005,10.508681297302246
1365889891.8335311,100.800003,10.561298370361328
1365889892.0335124,102.400002,10.512553453445435
1365889892.2358205,100.800003,10.518672466278076
1365889892.4361591,100.000000,10.506489515304565
1365889892.6398718,100.000000,10.578865766525269
1365889892.8342803,98.400002,10.518768787384033
1365889893.0354016,103.200005,10.518176078796387
1365889893.2342083,103.200005,10.577392339706421
1365889893.4347506,100.800003,10.701964139938354
1365889893.636342,100.800003,10.93243956565857
1365889893.836141,98.400002,10.735383033752441
1365889894.037862,100.800003,10.724609375
1365889894.2372224,102.400002,10.529337644577026
1365889894.4365966,102.400002,10.533166408538818
1365889894.6376657,102.400002,10.510942697525024
1365889894.837806,103.200005,10.529313325881958
1365889895.0367494,100.000000,10.587236642837524
1365889895.2378638,100.000000,10.687851428985596
1365889895.437993,103.200005,10.578485250473022
1365889895.638722,102.400002,10.51375961303711
1365889895.8391523,102.400002,10.512174129486084
1365889896.042871,100.000000,10.510805606842041
1365889896.2404065,96.800003,10.572685241699219
1365889896.4416385,102.400002,10.503856897354126
1365889896.643847,103.200005,10.524188041687012
1365889896.8408313,100.800003,10.511995315551758
1365889897.0402908,100.800003,10.50473690032959
1365889897.2416146,100.000000,10.83162808418274
1365889897.4408813,98.400002,10.642249345779419
1365889897.640927,102.400002,10.62863802909851
1365889897.8411803,103.200005,10.52359127998352
1365889898.041888,100.800003,10.518993377685547
1365889898.2406514,102.400002,10.51371169090271
1365889898.4413073,100.800003,10.514655351638794
1365889898.6407628,98.400002,10.588096618652344
1365889898.8416374,103.200005,10.539945363998413
1365889899.0423777,104.800003,10.8324875831604
1365889899.2412612,103.200005,10.645185947418213
1365889899.441745,100.800003,10.519268274307251
1365889899.6422093,98.400002,10.691987752914429
1365889899.8442056,103.200005,10.512125015258789
1365889900.0449178,103.200005,10.504427909851074
1365889900.242509,102.400002,10.560607433319092
1365889900.4450917,100.000000,10.597661972045898
1365889900.6432555,100.000000,10.505170583724976
1365889900.843436,94.400002,10.501885414123535
1365889901.0491352,100.800003,10.508453130722046
1365889901.253079,100.800003,10.50735068321228
1365889901.4445357,98.400002,10.626209259033203
1365889901.6436355,98.400002,10.520326375961304
1365889901.8621435,98.400002,10.504885196685791
1365889902.044065,103.200005,10.505518674850464
1365889902.2432005,100.000000,10.519773006439209
1365889902.4442427,103.200005,10.502995491027832
1365889902.6454196,98.400002,10.548206567764282
1365889902.8454149,102.400002,10.613692283630371
1365889903.04656,103.200005,10.530622959136963
1365889903.246822,100.800003,10.695237159729004
1365889903.4470987,102.400002,10.513415336608887
1365889903.6489568,96.800003,10.521087169647217
1365889903.8738947,103.200005,10.529264211654663
1365889904.0488982,103.200005,10.56801438331604
1365889904.248301,102.400002,10.548781871795654
1365889904.4475605,103.200005,10.521521091461182
1365889904.6681626,100.800003,10.516750574111938
1365889904.847646,100.000000,10.522048473358154
1365889905.0637922,98.400002,10.750191450119019
1365889905.2514246,103.200005,10.616364240646362
1365889905.4487126,100.800003,10.630130529403687
1365889905.6501267,100.000000,10.563061714172363
1365889905.849027,96.800003,10.659884691238403
1365889906.052976,100.000000,10.653817176818848
1365889906.2488148,98.400002,10.525398015975952
1365889906.4497104,98.400002,10.640814542770386
1365889906.6495364,96.800003,10.6068696975708
1365889906.8494036,100.000000,10.519183158874512
1365889907.0514467,100.000000,10.576315641403198
1365889907.251343,98.400002,10.537338495254517
1365889907.4515338,103.200005,10.511723041534424
1365889907.6565511,103.200005,10.561053276062012
1365889907.8513217,100.800003,10.506691217422485
1365889908.057969,98.400002,10.512259244918823
1365889908.252565,100.800003,10.503012418746948
1365889908.453667,100.000000,10.503246068954468
1365889908.6520345,103.200005,10.50675630569458
1365889908.8528538,102.400002,10.585840702056885
1365889909.051496,102.400002,10.563340425491333
1365889909.2520416,102.400002,10.53373384475708
1365889909.4515684,100.800003,10.519911527633667
1365889909.6524642,98.400002,10.572665691375732
1365889909.853533,104.800003,10.515774250030518
1365889910.0524936,104.800003,10.510387420654297
1365889910.2527552,102.400002,10.57051706314087
1365889910.4531813,103.200005,10.521157264709473
1365889910.6531909,102.400002,10.60280728340149
1365889910.8539903,102.400002,10.502906799316406
1365889911.0652313,98.400002,10.518042087554932
1365889911.2539108,100.000000,10.514975547790527
1365889911.4575186,102.400002,10.509504795074463
1365889911.6552238,100.800003,10.524200916290283
1365889911.85521,102.400002,10.517201900482178
1365889912.05477,100.800003,10.653627634048462
1365889912.2551804,98.400002,10.531165361404419
1365889912.4575179,103.200005,10.525908470153809
1365889912.6564047,103.200005,10.643825769424438
1365889912.8570728,100.800003,10.565352201461792
1365889913.056684,102.400002,10.705214023590088
1365889913.257329,98.400002,10.56843900680542
1365889913.455816,103.200005,10.554494142532349
1365889913.6567938,102.400002,10.523090124130249
1365889913.8562508,100.800003,11.079053163528442
1365889914.0569594,100.800003,10.883043050765991
1365889914.258143,94.400002,10.695292472839355
1365889914.4573448,103.200005,10.545300722122192
1365889914.6683822,103.200005,10.520230531692505
1365889914.8582911,100.800003,10.505624294281006
1365889915.0583608,103.200005,10.51895022392273
1365889915.257831,104.800003,10.602147817611694
1365889915.4578483,103.200005,10.537239789962769
1365889915.6615043,102.400002,10.516947507858276
1365889915.857228,100.000000,10.510745286941528
1365889916.0571244,100.800003,10.520775318145752
1365889916.257361,96.800003,10.54535961151123
1365889916.4572892,103.200005,10.686987400054932
1365889916.657258,102.400002,10.568809270858765
1365889916.8584754,100.800003,10.987668991088867
1365889917.0572257,100.000000,10.79561448097229
1365889917.257026,98.400002,10.604504346847534
1365889917.457452,103.200005,10.563220024108887
1365889917.6566339,103.200005,10.525881290435791
1365889917.857612,102.400002,10.508094072341919
1365889918.0635295,100.000000,10.513849020004272
1365889918.256635,98.400002,10.636641502380371
1365889918.4575877,92.800003,10.523846626281738
1365889918.656672,102.400002,10.506902933120728
1365889918.8562179,102.400002,10.505540370941162
1365889919.0599897,98.400002,10.554136753082275
1365889919.2570677,100.000000,10.569245338439941
1365889919.4590771,96.800003,10.530224323272705
1365889919.6568146,104.800003,10.566087007522583
1365889919.8582633,102.400002,10.576135396957397
1365889920.0574892,100.800003,10.5599844455719
1365889920.2599583,98.400002,10.590705156326294
1365889920.4566102,98.400002,10.581851959228516
1365889920.6571593,103.200005,10.623112916946411
1365889920.8569183,103.200005,10.511903762817383
1365889921.0574179,102.400002,10.507059335708618
1365889921.2569568,100.000000,10.703286170959473
1365889921.4571614,100.000000,10.55426812171936
1365889921.6570249,103.200005,10.502927541732788
1365889921.8574262,102.400002,10.772889375686646
1365889922.056643,102.400002,10.758993148803711
1365889922.257126,102.400002,10.593225717544556
1365889922.4565284,98.400002,10.557629346847534
1365889922.6587389,96.800003,10.516390800476074
1365889922.858248,103.200005,10.518079280853271
1365889923.057558,102.400002,10.543746709823608
1365889923.2570763,102.400002,10.627362728118896
1365889923.4568024,102.400002,10.511015892028809
1365889923.656916,100.000000,10.694286823272705
1365889923.867457,100.800003,10.644456148147583
1365889924.0572124,102.400002,10.504217624664307
1365889924.2613363,102.400002,10.508393049240112
1365889924.4575043,103.200005,10.502528190612793
1365889924.6594138,100.000000,10.547633409500122
1365889924.856874,100.000000,10.690545082092285
1365889925.057703,100.800003,10.521303653717041
1365889925.2591121,103.200005,10.521705865859985
1365889925.45782,103.200005,10.528242826461792
1365889925.6613586,104.800003,10.508610486984253
1365889925.858909,102.400002,10.511877298355103
1365889926.0606208,102.400002,10.505303621292114
1365889926.2589505,100.800003,10.509672403335571
1365889926.4582965,100.000000,10.544995784759521
1365889926.6587799,103.200005,10.513583660125732
1365889926.8605833,102.400002,10.673305749893188
1365889927.0594718,96.800003,10.578773975372314
1365889927.2625878,100.800003,10.502856492996216
1365889927.4752412,100.000000,10.571129083633423
1365889927.6607912,104.800003,10.527576446533203
1365889927.861156,103.200005,10.742911577224731
1365889928.0613263,102.400002,10.620585441589355
1365889928.262116,103.200005,10.67550277709961
1365889928.4605072,100.000000,10.52132248878479
1365889928.6623485,98.400002,10.51930046081543
1365889928.8608882,103.200005,10.5048189163208
1365889929.0630913,100.800003,10.510106086730957
1365889929.287248,104.800003,10.578546047210693
1365889929.4614336,100.800003,10.512800931930542
1365889929.6663988,100.000000,10.536436319351196
1365889929.8636777,98.400002,10.623762607574463
1365889930.0611703,104.800003,10.523032665252686
1365889930.2614062,103.200005,10.596136808395386
1365889930.46193,102.400002,10.546873092651367
1365889930.662587,100.000000,10.518396139144897
1365889930.8640115,98.400002,10.530956506729126
1365889931.0643833,103.200005,10.508187770843506
1365889931.2628548,103.200005,10.553832292556763
1365889931.4636576,96.800003,10.54966688156128
1365889931.6656384,96.800003,10.524640798568726
1365889931.8661547,96.800003,10.507824897766113
1365889932.0638444,103.200005,10.562614917755127
1365889932.2693763,103.200005,10.507867097854614
1365889932.4679148,102.400002,10.51447319984436
1365889932.6655319,100.000000,10.518728733062744
1365889932.8660626,100.000000,10.507667779922485
1365889933.066265,103.200005,10.580623865127563
1365889933.2677367,100.800003,10.513701438903809
1365889933.4677224,102.400002,10.513825178146362
1365889933.6680892,98.400002,10.518094301223755
1365889933.8728225,103.200005,10.817367792129517
1365889934.0720909,103.200005,10.622913599014282
1365889934.2695723,102.400002,10.508560419082642
1365889934.4689314,100.800003,10.528281927108765
1365889934.6707501,98.400002,10.509370803833008
1365889934.8733768,103.200005,10.611583232879639
1365889935.0706336,100.800003,10.505844354629517
1365889935.2738342,102.400002,10.64636778831482
1365889935.473011,100.000000,10.563069343566895
1365889935.670162,96.800003,10.511720180511475
1365889935.8713114,102.400002,10.591861724853516
1365889936.07262,98.400002,10.721957206726074
1365889936.2730496,98.400002,10.54538869857788
1365889936.470807,103.200005,10.51996636390686
1365889936.6708386,103.200005,10.527479648590088
1365889936.8745928,102.400002,10.655436277389526
1365889937.0708983,100.000000,10.54787015914917
1365889937.2704844,100.800003,10.506021738052368
1365889937.4708889,98.400002,10.533254623413086
1365889937.6711361,102.400002,10.513672590255737
1365889937.872192,102.400002,10.51513123512268
1365889938.070854,100.000000,10.526346445083618
1365889938.2731278,100.000000,10.52879786491394
1365889938.4715421,98.400002,10.506903648376465
1365889938.6727452,103.200005,10.511451482772827
1365889938.8717663,103.200005,10.518255233764648
1365889939.0721123,102.400002,10.518919229507446
1365889939.272051,100.800003,10.515477180480957
1365889939.4744105,100.800003,10.507700681686401
1365889939.671736,100.000000,10.544311285018921
1365889939.8725758,100.000000,10.529472827911377
1365889940.0769393,103.200005,10.532205820083618
1365889940.2734315,102.400002,10.525993824005127
1365889940.4745376,98.400002,10.506864786148071
1365889940.6777213,103.200005,10.57975172996521
1365889940.8824947,102.400002,10.604204416275024
1365889941.0741353,102.400002,10.64146375656128
1365889941.2743413,98.400002,10.512438774108887
1365889941.474151,96.800003,10.610554456710815
1365889941.674498,100.800003,10.7438223361969
1365889941.878933,100.800003,10.63588571548462
1365889942.0736563,100.000000,10.508366346359253
1365889942.2749014,98.400002,10.517489433288574
1365889942.4732616,102.400002,10.553684711456299
1365889942.6740577,98.400002,10.518655061721802
1365889942.8746088,96.800003,10.510000467300415
1365889943.0734444,98.400002,10.532844066619873
1365889943.2744741,102.400002,10.526336908340454
1365889943.4734726,100.000000,10.573454141616821
1365889943.6734061,98.400002,10.509899377822876
1365889943.8742745,103.200005,10.501737594604492
1365889944.0766878,98.400002,10.525923728942871
1365889944.2746568,98.400002,10.540832281112671
1365889944.475069,100.000000,10.518629550933838
1365889944.673531,96.800003,10.534977436065674
1365889944.8750918,96.000000,10.548095703125
1365889945.079702,100.000000,10.517045736312866
1365889945.2749655,100.800003,10.559819459915161
1365889945.4753168,96.800003,10.530700445175171
1365889945.6807365,103.200005,10.509891986846924
1365889945.8785741,103.200005,10.577187061309814
1365889946.0759535,100.800003,10.515655755996704
1365889946.280223,100.000000,10.517215728759766
1365889946.4882884,98.400002,10.518006563186646
1365889946.6786194,102.400002,10.502734422683716
1365889946.8785043,103.200005,10.51173734664917
1365889947.0784118,102.400002,10.528863191604614
1365889947.2777574,102.400002,10.514614820480347
1365889947.4790947,100.000000,10.517229795455933
1365889947.678446,98.400002,10.517000436782837
1365889947.8784437,103.200005,10.52953553199768
1365889948.0786688,102.400002,10.568316221237183
1365889948.2824354,100.800003,10.77271032333374
1365889948.4785142,100.000000,10.581618785858154
1365889948.67941,103.200005,10.51762866973877
1365889948.8788178,102.400002,10.52500295639038
1365889949.080191,102.400002,10.507696151733398
1365889949.2801213,96.000000,10.519049167633057
1365889949.4796836,103.200005,10.519444942474365
1365889949.6805327,102.400002,10.510361909866333
1365889949.8796542,102.400002,10.593784093856812
1365889950.0806856,100.800003,10.513079404830933
1365889950.2794428,100.000000,10.507155179977417
1365889950.4797523,102.400002,10.518178701400757
1365889950.6796665,103.200005,10.535212993621826
1365889950.8805573,102.400002,10.608107089996338
1365889951.0865977,100.800003,10.5015709400177
1365889951.2812667,100.000000,10.507202386856079
1365889951.479675,102.400002,10.514949798583984
1365889951.6802785,102.400002,10.54050326347351
1365889951.8818057,102.400002,10.531050682067871
1365889952.087898,100.800003,10.569461107254028
1365889952.2800035,100.800003,10.52400517463684
1365889952.480829,98.400002,10.669943809509277
1365889952.6808257,103.200005,10.521346807479858
1365889952.8803134,103.200005,10.519783735275269
1365889953.0797987,100.800003,10.939634561538696
1365889953.281237,100.800003,10.741780519485474
1365889953.480359,96.000000,10.625289916992188
1365889953.7059739,100.800003,10.640117406845093
1365889953.8805544,100.800003,10.64721417427063
1365889954.0794573,156.000000,10.645466804504395
1365889954.2800376,98.400002,10.520198106765747
1365889954.4804149,104.800003,10.517442464828491
1365889954.6812527,102.400002,10.56618046760559
1365889954.883131,102.400002,10.509923934936523
1365889955.0840871,100.800003,10.51110577583313
1365889955.2821553,100.000000,10.50801968574524
1365889955.4821408,98.400002,10.510392189025879
1365889955.682508,103.200005,10.50611424446106
1365889955.882,103.200005,10.523516416549683
1365889956.0859096,100.000000,10.519466876983643
1365889956.2835748,102.400002,10.504682302474976
1365889956.4877355,100.000000,10.621824264526367
1365889956.6837678,100.800003,10.515941619873047
1365889956.8833597,102.400002,10.777206420898438
1365889957.0860982,102.400002,10.651268243789673
1365889957.2847083,100.800003,10.55722427368164
1365889957.4839852,100.000000,10.538311243057251
1365889957.6846864,96.800003,10.511707544326782
1365889957.8851628,103.200005,10.589149951934814
1365889958.086178,103.200005,10.506795406341553
1365889958.2854404,100.000000,10.5076425075531
1365889958.4856606,102.400002,10.504801511764526
1365889958.6858,102.400002,10.557154655456543
1365889958.8861237,103.200005,10.52035117149353
1365889959.0931392,100.800003,10.511687278747559
1365889959.285355,100.800003,10.515181303024292
1365889959.4856033,100.000000,10.502658128738403
1365889959.6851513,100.800003,10.615933418273926
1365889959.8849666,98.400002,10.51035761833191
1365889960.085096,100.000000,10.513042211532593
1365889960.3093908,103.200005,10.8197181224823
1365889960.4852347,103.200005,10.714445114135742
1365889960.6899776,103.200005,10.589492321014404
1365889960.8863926,100.800003,10.51746416091919
1365889961.085697,98.400002,10.510509490966797
1365889961.2853715,100.000000,10.518863677978516
1365889961.4860795,103.200005,10.654852151870728
1365889961.6870716,102.400002,10.512256383895874
1365889961.8853993,102.400002,10.518009662628174
1365889962.0847087,100.000000,10.565856456756592
1365889962.2862656,94.400002,10.50571346282959
1365889962.488,100.800003,10.503253936767578
1365889962.6858025,100.000000,10.52925705909729
1365889962.8862143,103.200005,10.506030321121216
1365889963.085129,102.400002,10.54317831993103
1365889963.2979646,103.200005,10.512433052062988
1365889963.4847877,100.000000,10.739850044250488
1365889963.686055,100.800003,10.560815334320068
1365889963.885743,98.400002,10.737328290939331
1365889964.0852213,103.200005,10.567961931228638
1365889964.284843,102.400002,10.503710508346558
1365889964.4852111,102.400002,10.508433103561401
1365889964.6845028,100.000000,10.519018650054932
1365889964.8874729,102.400002,10.510656356811523
1365889965.0846233,103.200005,10.514333009719849
1365889965.285118,102.400002,10.504474878311157
1365889965.4845698,102.400002,10.555130958557129
1365889965.6850488,100.000000,10.678651094436646
1365889965.884662,98.400002,10.587131977081299
1365889966.0871108,104.800003,10.526920557022095
1365889966.285748,103.200005,10.52221417427063
1365889966.4877365,100.000000,10.552329540252686
1365889966.687444,100.800003,10.5120849609375
1365889966.9186401,100.000000,10.676372051239014
1365889967.0917265,100.800003,10.576930522918701
1365889967.2910554,102.400002,10.569680213928223
1365889967.4870589,102.400002,10.503209829330444
1365889967.6871984,100.000000,10.55880331993103
1365889967.8934903,100.000000,10.513213634490967
1365889968.086881,103.200005,10.519153594970703
1365889968.2923865,100.800003,10.526675462722778
1365889968.4865592,100.800003,10.70287799835205
1365889968.6860871,100.000000,10.590757131576538
1365889968.889757,98.400002,10.50704026222229
1365889969.087595,102.400002,10.522972345352173
1365889969.288672,100.800003,10.508477926254272
1365889969.4934418,100.800003,10.504422664642334
1365889969.6941557,100.000000,10.667419910430908
1365889969.894741,100.800003,10.522756576538086
1365889970.0907524,102.400002,10.76661205291748
1365889970.2895231,102.400002,10.627618789672852
1365889970.4936264,100.000000,10.562379360198975
1365889970.6899366,100.000000,10.520506381988525
1365889970.8903832,98.400002,10.523425817489624
1365889971.0908017,92.800003,10.645951747894287
1365889971.2941172,102.400002,10.511989831924438
1365889971.4953785,396.000000,10.570483446121216
1365889971.6904993,100.000000,10.519100427627563
1365889971.8903213,100.000000,10.918097257614136
1365889972.093372,103.200005,10.717406988143921
1365889972.28976,103.200005,10.712967872619629
1365889972.4905472,103.200005,10.516973495483398
1365889972.6904721,102.400002,10.599259614944458
1365889972.8928173,100.800003,10.507774114608765
1365889973.0900838,98.400002,10.50233793258667
1365889973.29149,100.800003,10.661795139312744
1365889973.4896572,103.200005,10.673865795135498
1365889973.6903179,100.800003,10.533865213394165
1365889973.8899784,102.400002,10.517634868621826
1365889974.0935557,100.000000,10.873147249221802
1365889974.2902973,98.400002,10.684634923934937
1365889974.490717,103.200005,10.520617246627808
1365889974.6910427,103.200005,10.521797180175781
1365889974.8911614,104.800003,10.511350393295288
1365889975.0920875,102.400002,10.523023843765259
1365889975.2900915,102.400002,10.613724708557129
1365889975.4923863,100.800003,10.52741003036499
1365889975.689268,100.000000,10.515846490859985
1365889975.8916984,96.000000,10.540417194366455
1365889976.0907884,100.000000,10.571591854095459
1365889976.289904,96.800003,10.55840516090393
1365889976.4913547,103.200005,10.52165174484253
1365889976.6916938,104.800003,10.558575630187988
1365889976.913679,102.400002,10.51703929901123
1365889977.093568,102.400002,10.509807348251343
1365889977.2916408,102.400002,10.51701307296753
1365889977.4925702,100.800003,10.514836311340332
1365889977.6917133,103.200005,10.627684831619263
1365889977.8922076,103.200005,10.506045579910278
1365889978.0943317,103.200005,10.570598840713501
1365889978.2965417,103.200005,10.513705730438232
1365889978.492264,100.000000,10.519361019134521
1365889978.6923983,100.000000,10.535771131515503
1365889978.8925672,103.200005,10.519663572311401
1365889979.0931954,100.800003,10.545169830322266
1365889979.2932112,102.400002,10.511731147766113
1365889979.4933522,100.000000,10.91188669204712
1365889979.6944983,96.000000,10.713973999023438
1365889979.8927736,102.400002,10.643482208251953
1365889980.093587,102.400002,10.546630859375
1365889980.2933185,100.800003,10.55683422088623
1365889980.4946864,100.800003,10.517902851104736
1365889980.6940808,100.000000,10.523836374282837
1365889980.892917,98.400002,10.672423839569092
1365889981.0933223,102.400002,10.540857553482056
1365889981.2973754,100.800003,10.547748565673828
1365889981.4986205,102.400002,10.528815984725952
1365889981.7103796,102.400002,10.504552841186523
1365889981.894353,102.400002,10.506233930587769
1365889982.0945082,100.000000,10.507022142410278
1365889982.292557,100.000000,10.518604278564453
1365889982.4972005,103.200005,10.541383028030396
1365889982.6937983,102.400002,10.547016620635986
1365889982.8943942,102.400002,10.526777029037476
1365889983.0944927,100.800003,10.573144912719727
1365889983.293735,100.000000,10.507024049758911
1365889983.4950314,96.800003,10.514599084854126
1365889983.6945748,96.800003,10.527904272079468
1365889983.8963842,102.400002,10.523253440856934
1365889984.095288,103.200005,10.537811040878296
1365889984.2951934,100.800003,10.663897037506104
1365889984.4972868,100.800003,10.593096017837524
1365889984.698556,98.400002,10.504101037979126
1365889984.8951962,100.000000,10.507846117019653
1365889985.0968468,98.400002,10.517552375793457
1365889985.296674,103.200005,10.515826225280762
1365889985.4954407,103.200005,10.533389568328857
1365889985.6966903,102.400002,10.510169744491577
1365889985.8996496,226.400009,10.505585670471191
1365889986.102544,100.800003,10.516228675842285
1365889986.3011508,102.400002,10.504313945770264
1365889986.4989877,98.400002,10.505513429641724
1365889986.6971753,98.400002,10.535433292388916
1365889986.8972511,102.400002,10.51514983177185
1365889987.108491,102.400002,10.556816816329956
1365889987.2971537,102.400002,10.499918460845947
1365889987.498484,100.800003,10.50154995918274
1365889987.6985593,98.400002,10.52179479598999
1365889987.9006932,103.200005,10.550365447998047
1365889988.0991123,102.400002,10.527869462966919
1365889988.301853,100.800003,10.51655888557434
1365889988.5000043,96.800003,10.513167142868042
1365889988.708619,92.800003,10.543874263763428
1365889988.9034235,102.400002,10.537624597549438
1365889989.1043932,103.200005,10.538366794586182
1365889989.3057442,100.800003,10.65479063987732
1365889989.501621,100.000000,10.510227918624878
1365889989.7021847,102.400002,10.519781112670898
1365889989.9027274,100.800003,10.670675039291382
1365889990.104497,100.800003,10.77294921875
1365889990.304088,100.000000,10.600509405136108
1365889990.505984,96.800003,10.506993532180786
1365889990.705063,100.800003,10.515717029571533
1365889990.9051175,102.400002,10.505971431732178
1365889991.104449,100.800003,10.548447847366333
1365889991.3053315,98.400002,10.507836818695068
1365889991.5050585,103.200005,10.56334924697876
1365889991.7050712,103.200005,10.507867097854614
1365889991.9051173,100.800003,10.51864743232727
1365889992.1056473,102.400002,10.506656408309937
1365889992.3046615,100.000000,10.522960662841797
1365889992.5050082,98.400002,10.516101598739624
1365889992.7054508,102.400002,10.547185897827148
1365889992.9066625,102.400002,10.546581268310547
1365889993.1060884,102.400002,10.579239845275879
1365889993.306014,103.200005,10.532378911972046
1365889993.508891,102.400002,10.516679763793945
1365889993.7078385,100.800003,10.511081218719482
1365889993.9059033,100.000000,10.598005771636963
1365889994.1062212,96.800003,10.502082586288452
1365889994.310601,103.200005,10.526087045669556
1365889994.5114377,102.400002,10.51478624343872
1365889994.7094054,100.800003,10.508813381195068
1365889994.9178681,98.400002,10.504295349121094
1365889995.1076243,98.400002,10.517328023910522
1365889995.308292,103.200005,10.51405954360962
1365889995.5109382,103.200005,10.516396045684814
1365889995.7094066,100.800003,10.50089979171753
1365889995.9103892,98.400002,10.526898860931396
1365889996.1111116,100.800003,10.514381647109985
1365889996.3122048,100.800003,10.622189044952393
1365889996.514101,102.400002,10.501601934432983
1365889996.711245,100.000000,10.525268316268921
1365889996.9126196,96.800003,10.551142692565918
1365889997.1128862,103.200005,10.56577754020691
1365889997.3127701,100.800003,10.541987180709839
1365889997.5141346,100.000000,10.522709608078003
1365889997.7140877,96.000000,10.504337310791016
1365889997.9137108,102.400002,10.506810426712036
1365889998.1143022,102.400002,10.516049861907959
1365889998.3151135,98.400002,10.725659132003784
1365889998.5162754,100.000000,10.679348230361938
1365889998.7144146,103.200005,10.564951181411743
1365889998.9502838,100.000000,10.552072525024414
1365889999.1146758,102.400002,10.537652730941772
1365889999.3763945,100.000000,10.519055843353271
1365889999.5144305,100.000000,10.50459337234497
1365889999.7140386,98.400002,10.509401798248291
1365889999.9149644,104.800003,10.524677276611328
1365890000.1138542,103.200005,10.521003246307373
1365890000.3143835,102.400002,10.521813154220581
1365890000.5142758,100.000000,10.51797604560852
1365890000.7150574,100.800003,10.505624532699585
1365890000.9146233,102.400002,10.515044212341309
1365890001.1144993,102.400002,10.51295018196106
1365890001.3154347,102.400002,10.515568494796753
1365890001.515371,103.200005,10.52410888671875
1365890001.7229795,102.400002,10.519009590148926
1365890001.9179888,96.800003,10.509095430374146
1365890002.1160562,96.800003,10.503511667251587
1365890002.3171382,100.000000,10.510910272598267
1365890002.5167594,102.400002,10.519428730010986
1365890002.7175844,98.400002,10.5333890914917
1365890002.920068,100.000000,10.522231817245483
1365890003.1181247,98.400002,10.5024094581604
1365890003.3186855,103.200005,10.592077255249023
1365890003.517841,103.200005,10.510436058044434
1365890003.7189138,102.400002,10.503831624984741
1365890003.9180005,100.000000,10.508239984512329
1365890004.1192477,100.800003,10.510541915893555
1365890004.3223588,98.400002,10.509564399719238
1365890004.5187109,103.200005,10.516873836517334
1365890004.7194698,103.200005,10.521072149276733
1365890004.9196463,102.400002,10.596031665802002
1365890005.120754,102.400002,10.503878116607666
1365890005.3262131,100.000000,10.515107154846191
1365890005.520414,103.200005,10.512630939483643
1365890005.7198546,102.400002,10.509182691574097
1365890005.9203734,103.200005,10.529427766799927
1365890006.1208317,98.400002,10.513458728790283
1365890006.3217156,100.000000,10.555292129516602
1365890006.524221,96.800003,10.503541469573975
1365890006.7207394,102.400002,10.518108606338501
1365890006.9200542,103.200005,10.518481016159058
1365890007.122234,102.400002,10.50968074798584
1365890007.3271194,100.800003,10.545275688171387
1365890007.5211372,102.400002,10.517984390258789
1365890007.7214427,102.400002,10.530182838439941
1365890007.920939,100.000000,10.581454038619995
1365890008.1259928,102.400002,10.510504722595215
1365890008.3226235,100.000000,10.551754474639893
1365890008.5226228,100.800003,10.531399726867676
1365890008.7229667,100.800003,10.50145959854126
1365890008.9235275,98.400002,10.586955070495605
1365890009.1251547,102.400002,10.509837627410889
1365890009.3278537,102.400002,10.513540983200073
1365890009.5248227,102.400002,10.548455238342285
1365890009.7260785,100.000000,11.219374179840088
1365890009.9261882,98.400002,11.023349046707153
1365890010.1253724,103.200005,11.067843675613403
1365890010.3253443,102.400002,10.871601343154907
1365890010.5247362,100.800003,10.675514221191406
1365890010.7246344,100.000000,10.545339822769165
1365890010.9260132,92.800003,10.51175832748413
1365890011.1282787,102.400002,10.508787870407104
1365890011.3277996,102.400002,10.57226300239563
1365890011.5256631,100.000000,10.55778455734253
1365890011.7261777,100.000000,10.554577827453613
1365890011.92722,102.400002,10.50282335281372
1365890012.12714,103.200005,10.507290363311768
1365890012.3274083,103.200005,10.510653734207153
1365890012.527606,102.400002,10.612565517425537
1365890012.7318413,98.400002,10.505252122879028
1365890012.9333408,102.400002,10.551288604736328
1365890013.1326017,102.400002,10.503238916397095
1365890013.3292484,103.200005,10.528000593185425
1365890013.5306375,102.400002,10.736605405807495
1365890013.7334068,96.800003,10.71623420715332
1365890013.93227,103.200005,10.585373401641846
1365890014.145542,103.200005,10.623129606246948
1365890014.3316636,102.400002,10.5036940574646
1365890014.5298817,102.400002,10.51578974723816
1365890014.7296412,100.800003,10.517051219940186
1365890014.9302905,100.000000,10.637896537780762
1365890015.1301343,102.400002,10.794752836227417
1365890015.3299654,100.800003,10.75637698173523
1365890015.531597,100.800003,10.556901693344116
1365890015.731416,102.400002,10.505788087844849
1365890015.9325755,100.800003,10.508768320083618
1365890016.1307857,102.400002,10.514339447021484
1365890016.332121,98.400002,10.570366382598877
1365890016.5372803,96.800003,10.504366159439087
1365890016.7339997,103.200005,10.517202377319336
1365890016.9321427,103.200005,10.543010950088501
1365890017.1319335,102.400002,10.7843656539917
1365890017.3315797,102.400002,10.685908555984497
1365890017.5319839,98.400002,10.545358180999756
1365890017.7311327,100.800003,10.501370668411255
1365890017.931672,100.800003,10.507734537124634
1365890018.1325045,96.800003,10.511575698852539
1365890018.3308337,103.200005,10.51736068725586
1365890018.5315871,102.400002,10.50740098953247
1365890018.7308524,102.400002,10.51539158821106
1365890018.9316146,100.000000,10.523016929626465
1365890019.131063,100.800003,10.518444538116455
1365890019.331512,98.400002,10.547831296920776
1365890019.531578,103.200005,10.640459060668945
1365890019.7324202,100.000000,10.844772338867188
1365890019.9354954,100.800003,10.643831968307495
1365890020.1345727,98.400002,10.939298868179321
1365890020.3307936,103.200005,10.80472469329834
1365890020.531529,103.200005,10.606276512145996
1365890020.7324166,103.200005,10.50154423713684
1365890020.9314775,102.400002,10.504674673080444
1365890021.1377237,100.800003,10.559971570968628
1365890021.3403604,100.000000,10.79540228843689
1365890021.5318305,100.000000,10.74100112915039
1365890021.732107,103.200005,10.604341506958008
1365890021.9309647,102.400002,10.577078104019165
1365890022.1325064,100.800003,10.500747203826904
1365890022.3337913,100.000000,10.52327823638916
1365890022.5367882,96.800003,10.504010915756226
1365890022.731278,104.800003,10.507863283157349
1365890022.931995,103.200005,10.509215593338013
1365890023.1321132,102.400002,10.503661870956421
1365890023.3360643,102.400002,10.633037805557251
1365890023.5332236,98.400002,10.522603988647461
1365890023.7348073,103.200005,10.608338832855225
1365890023.9345646,102.400002,10.57995343208313
1365890024.1347525,100.000000,10.533920288085938
1365890024.3341894,98.400002,10.506107807159424
1365890024.5346003,103.200005,10.529356002807617
1365890024.7358253,104.800003,10.5583176612854
1365890024.935747,100.800003,10.524218559265137
1365890025.1340883,100.800003,10.515898942947388
1365890025.3349469,100.000000,10.509516477584839
1365890025.5337608,100.800003,10.86440372467041
1365890025.7350802,102.400002,10.837145566940308
1365890025.933865,102.400002,10.641622066497803
1365890026.1349845,100.800003,10.659140586853027
1365890026.3349948,100.000000,10.514180421829224
1365890026.5351717,102.400002,10.77712345123291
1365890026.7339025,104.800003,10.64380168914795
1365890026.9344113,255.199997,10.502955436706543
1365890027.1448944,103.200005,10.504480123519897
1365890027.3345852,100.000000,10.52167797088623
1365890027.534517,102.400002,10.510952234268188
1365890027.7355874,100.800003,10.502774000167847
1365890027.9363906,98.400002,10.518903255462646
1365890028.1360524,96.800003,10.521892547607422
1365890028.334764,94.400002,10.550764560699463
1365890028.5360417,98.400002,10.530030250549316
1365890028.734985,98.400002,10.509276151657104
1365890028.9377882,392.000000,10.510506868362427
1365890029.1354058,100.800003,10.517000675201416
1365890029.3359964,100.000000,10.525182723999023
1365890029.5366125,103.200005,10.703581094741821
1365890029.737144,102.400002,10.575891256332397
1365890029.9372706,96.800003,10.628685235977173
1365890030.1347415,100.800003,10.71420955657959
1365890030.355264,98.400002,10.7149019241333
1365890030.5358536,103.200005,10.55911660194397
1365890030.735503,103.200005,10.523127555847168
1365890030.9359357,100.800003,10.5048246383667
1365890031.1367068,102.400002,10.571958780288696
1365890031.3375163,100.000000,10.542766094207764
1365890031.5373108,100.000000,10.518300771713257
1365890031.7501838,98.400002,10.511219263076782
1365890031.9382122,103.200005,10.532564640045166
1365890032.1482716,102.400002,10.622452974319458
1365890032.3377976,103.200005,10.560628652572632
1365890032.5380805,100.000000,10.541082859039307
1365890032.7379181,100.000000,10.956295251846313
1365890032.9393203,100.000000,10.859842300415039
1365890033.1383615,103.200005,10.663788318634033
1365890033.3435988,102.400002,10.71172285079956
1365890033.5400631,102.400002,10.584128856658936
1365890033.7389784,100.800003,10.499766111373901
1365890033.9395669,98.400002,10.509955167770386
1365890034.1399386,103.200005,10.9395010471344
1365890034.3407497,100.800003,10.741398334503174
1365890034.5403118,100.000000,10.58248782157898
1365890034.741018,100.800003,10.523864030838013
1365890034.9410083,100.000000,10.562129735946655
1365890035.141745,100.000000,10.68154764175415
1365890035.342866,98.400002,10.580038785934448
1365890035.5414548,96.800003,10.569333791732788
1365890035.7429843,103.200005,10.532614946365356
1365890035.9431458,103.200005,10.854601383209229
1365890036.1416483,103.200005,10.658215284347534
1365890036.342716,295.200012,10.500040054321289
1365890036.5463214,102.400002,10.51910924911499
1365890036.7430475,103.200005,10.536582946777344
1365890036.9434628,102.400002,10.520525693893433
1365890037.158698,103.200005,10.514310836791992
1365890037.343631,100.800003,10.571817398071289
1365890037.5439548,103.200005,10.535943508148193
1365890037.7467768,102.400002,10.515690088272095
1365890037.94561,102.400002,10.54737114906311
1365890038.1435473,102.400002,10.514010667800903
1365890038.3435326,102.400002,10.506231546401978
1365890038.5440986,98.400002,10.511749505996704
1365890038.743263,96.800003,10.511776208877563
1365890038.9449782,103.200005,10.911030769348145
1365890039.1435933,100.000000,10.876569032669067
1365890039.3448553,96.800003,10.678868055343628
1365890039.544028,100.000000,10.588624477386475
1365890039.744327,100.000000,10.531395196914673
1365890039.944096,98.400002,10.499361753463745
1365890040.143391,100.000000,10.536772012710571
1365890040.3505235,100.800003,10.524864912033081
1365890040.5448987,102.400002,10.535499095916748
1365890040.7442324,100.800003,10.54308795928955
1365890040.9453113,102.400002,10.507915019989014
1365890041.1455593,100.000000,10.687620639801025
1365890041.3476825,102.400002,10.563934564590454
1365890041.549828,102.400002,10.535598278045654
1365890041.752359,102.400002,11.09138822555542
1365890041.9465387,103.200005,10.899442672729492
1365890042.158091,104.800003,10.758154153823853
1365890042.3474977,102.400002,10.571157932281494
1365890042.5476902,100.000000,10.517022848129272
1365890042.7478578,100.000000,11.170812845230103
1365890042.9469223,100.000000,10.974279403686523
1365890043.1472464,102.400002,10.802921533584595
1365890043.3472986,102.400002,10.606585264205933
1365890043.5479202,102.400002,10.516602754592896
1365890043.7491074,100.000000,10.519136190414429
1365890043.9501264,100.000000,10.51466417312622
1365890044.149835,103.200005,10.531947135925293
1365890044.3828087,100.800003,10.53338098526001
1365890044.5540447,103.200005,10.539341926574707
1365890044.7517152,102.400002,10.545756578445435
1365890044.9501262,102.400002,10.502871751785278
1365890045.1566172,98.400002,10.602518081665039
1365890045.3522477,103.200005,10.565679550170898
1365890045.5516155,100.800003,10.57526159286499
1365890045.7508588,102.400002,10.51399850845337
1365890045.9533312,100.800003,10.503507614135742
1365890046.1574934,96.000000,10.519734859466553
1365890046.3503141,102.400002,10.517848491668701
1365890046.5508404,102.400002,10.569280862808228
1365890046.7571685,100.000000,10.515714168548584
1365890046.9495928,100.800003,10.52820611000061
1365890047.1548371,102.400002,10.523530960083008
1365890047.3525667,103.200005,10.674697637557983
1365890047.5526192,102.400002,10.583120822906494
1365890047.754592,100.000000,10.506456851959229
1365890047.9521277,100.000000,10.535129308700562
1365890048.1613219,103.200005,10.691422939300537
1365890048.3532379,102.400002,10.530835628509521
1365890048.552325,100.800003,10.562795639038086
1365890048.7535055,100.000000,10.516387701034546
1365890048.954843,102.400002,10.520206928253174
1365890049.1597414,100.800003,10.737115859985352
1365890049.3575308,102.400002,10.662517070770264
1365890049.5615144,98.400002,10.511477708816528
1365890049.756619,102.400002,10.499917268753052
1365890049.956829,103.200005,10.509380578994751
1365890050.1576393,102.400002,10.563626766204834
1365890050.3564255,100.800003,10.517184019088745
1365890050.560251,100.800003,10.519102096557617
1365890050.7582898,96.800003,10.508809328079224
1365890050.9571817,100.000000,10.518732070922852
1365890051.1571786,103.200005,10.551765203475952
1365890051.3577151,98.400002,10.527447700500488
1365890051.5596304,100.000000,10.508874416351318
1365890051.7602167,103.200005,10.512296199798584
1365890051.9584363,102.400002,10.667828559875488
1365890052.161705,103.200005,10.597500085830688
1365890052.3579967,102.400002,10.514573335647583
1365890052.5581756,100.800003,10.591936111450195
1365890052.758293,96.800003,10.866475820541382
1365890052.9593964,103.200005,10.823859453201294
1365890053.1614003,102.400002,10.624808311462402
1365890053.3587236,100.000000,10.567083835601807
1365890053.5586798,100.000000,10.529901266098022
1365890053.758779,98.400002,10.516355991363525
1365890053.9729278,104.800003,10.504551410675049
1365890054.1604025,102.400002,10.524928569793701
1365890054.3603854,102.400002,10.512301921844482
1365890054.5608938,100.800003,10.51461935043335
1365890054.7703485,98.400002,10.517400026321411
1365890054.960388,100.000000,10.508007287979126
1365890055.161726,96.800003,10.50517749786377
1365890055.3616843,102.400002,10.53469705581665
1365890055.570032,100.800003,10.50461745262146
1365890055.764682,96.800003,10.607435703277588
1365890055.9628766,103.200005,10.531600952148438
1365890056.1655335,102.400002,10.5902578830719
1365890056.367682,102.400002,10.553239822387695
1365890056.5619833,102.400002,10.508944988250732
1365890056.7623456,100.000000,10.531099319458008
1365890056.9626243,102.400002,10.503385782241821
1365890057.163462,102.400002,10.518979787826538
1365890057.3678856,103.200005,10.522444486618042
1365890057.5633354,100.800003,10.527909994125366
1365890057.7638197,98.400002,10.518369674682617
1365890057.9645255,102.400002,10.507871389389038
1365890058.1674342,102.400002,10.503703594207764
1365890058.3751159,158.400009,10.511476993560791
1365890058.5650861,103.200005,10.519777774810791
1365890058.765804,100.000000,10.514136791229248
1365890058.9689684,100.800003,10.548889398574829
1365890059.1673393,100.000000,10.565840005874634
1365890059.367756,102.400002,10.520398139953613
1365890059.5667145,98.400002,10.533466577529907
1365890059.7682757,96.800003,10.506109952926636
1365890059.9693882,98.400002,10.50745677947998
1365890060.167537,211.199997,10.51868486404419
1365890060.3675098,100.000000,10.50804853439331
1365890060.5675333,100.000000,10.517366886138916
1365890060.7680414,102.400002,10.56397557258606
1365890060.9672284,102.400002,10.829282760620117
1365890061.167659,94.400002,10.919481039047241
1365890061.3818197,102.400002,10.888745546340942
1365890061.570438,103.200005,10.702639102935791
1365890061.767732,102.400002,10.528159856796265
1365890061.9683256,100.800003,10.506829500198364
1365890062.1699798,100.000000,10.595438718795776
1365890062.3693693,103.200005,10.519714117050171
1365890062.5720592,103.200005,10.516097068786621
1365890062.7701614,100.800003,10.51976990699768
1365890062.968991,100.800003,10.540523529052734
1365890063.2025943,98.400002,10.521753787994385
1365890063.3690617,102.400002,10.508771657943726
1365890063.5691974,103.200005,10.508686542510986
1365890063.7732737,100.800003,10.653230667114258
1365890063.9713018,98.400002,10.505167961120605
1365890064.1710596,94.400002,10.645713567733765
1365890064.3763192,103.200005,10.5020911693573
1365890064.57094,102.400002,10.685616731643677
1365890064.771477,102.400002,10.523191928863525
1365890064.9718308,100.800003,10.515202760696411
1365890065.1719847,100.000000,10.663547277450562
1365890065.371813,100.000000,10.769227981567383
1365890065.5747702,102.400002,10.568475008010864
1365890065.7716565,103.200005,10.548099756240845
1365890065.9717753,102.400002,10.592604637145996
1365890066.1749718,100.800003,10.59798288345337
1365890066.3712037,100.000000,10.51213026046753
1365890066.5716603,98.400002,10.505481243133545
1365890066.7732987,102.400002,10.514267921447754
1365890066.972313,103.200005,10.87785267829895
1365890067.1719327,102.400002,10.680716753005981
1365890067.3728626,100.800003,10.531326055526733
1365890067.57224,100.800003,10.51771092414856
1365890067.773042,102.400002,10.527426719665527
