time_stamp,volt,curr,pf,mul
1574627002325,122.2,0.04705,0.431,2.4780388099999997
1574627002370,122.2,0.04705,0.431,2.4780388099999997
1574627002415,122.2,0.04705,0.431,2.4780388099999997
1574627002460,122.2,0.04705,0.431,2.4780388099999997
1574627002519,122.2,0.05086,0.434,2.697349928
1574627002564,122.2,0.05086,0.434,2.697349928
1574627002609,122.2,0.05086,0.434,2.697349928
1574627002656,122.2,0.05086,0.434,2.697349928
1574627002718,122.1,0.055020000000000006,0.436,2.9290227120000005
1574627002763,122.1,0.055020000000000006,0.436,2.9290227120000005
1574627002807,122.1,0.055020000000000006,0.436,2.9290227120000005
1574627002852,122.1,0.055020000000000006,0.436,2.9290227120000005
1574627002918,122.2,0.05647,0.439,3.0293783260000002
1574627002963,122.2,0.05647,0.439,3.0293783260000002
1574627003008,122.2,0.05647,0.439,3.0293783260000002
1574627003054,122.2,0.05647,0.439,3.0293783260000002
1574627003118,122.2,0.058710000000000005,0.441,3.1638936420000006
1574627003164,122.2,0.058710000000000005,0.441,3.1638936420000006
1574627003210,122.2,0.058710000000000005,0.441,3.1638936420000006
1574627003256,122.2,0.058710000000000005,0.441,3.1638936420000006
1574627003318,122.2,0.07311,0.459,4.1007252780000005
1574627003363,122.2,0.07311,0.459,4.1007252780000005
1574627003409,122.2,0.07311,0.459,4.1007252780000005
1574627003455,122.2,0.07311,0.459,4.1007252780000005
1574627003519,122.1,0.0815,0.473,4.7068939499999995
1574627003564,122.1,0.0815,0.473,4.7068939499999995
1574627003609,122.1,0.0815,0.473,4.7068939499999995
1574627003655,122.1,0.0815,0.473,4.7068939499999995
1574627003718,122.1,0.05752,0.438,3.076158096
1574627003762,122.1,0.05752,0.438,3.076158096
1574627003807,122.1,0.05752,0.438,3.076158096
1574627003852,122.1,0.05752,0.438,3.076158096
1574627003918,122.1,0.057030000000000004,0.439,3.056916357
1574627003963,122.1,0.057030000000000004,0.439,3.056916357
1574627004008,122.1,0.057030000000000004,0.439,3.056916357
1574627004053,122.1,0.057030000000000004,0.439,3.056916357
1574627004119,122.2,0.057159999999999996,0.438,3.059408976
1574627004163,122.2,0.057159999999999996,0.438,3.059408976
1574627004208,122.2,0.057159999999999996,0.438,3.059408976
1574627004253,122.2,0.057159999999999996,0.438,3.059408976
1574627004318,122.1,0.05686,0.439,3.047804034
1574627004362,122.1,0.05686,0.439,3.047804034
1574627004407,122.1,0.05686,0.439,3.047804034
1574627004452,122.1,0.05686,0.439,3.047804034
1574627004518,122.1,0.05676,0.44,3.0493742399999997
1574627004563,122.1,0.05676,0.44,3.0493742399999997
1574627004609,122.1,0.05676,0.44,3.0493742399999997
1574627004655,122.1,0.05676,0.44,3.0493742399999997
1574627004719,122.1,0.05669,0.44,3.0456135599999996
1574627004765,122.1,0.05669,0.44,3.0456135599999996
1574627004811,122.1,0.05669,0.44,3.0456135599999996
1574627004857,122.1,0.05669,0.44,3.0456135599999996
1574627004918,122.1,0.05697,0.439,3.0537002429999998
1574627004964,122.1,0.05697,0.439,3.0537002429999998
1574627005010,122.1,0.05697,0.439,3.0537002429999998
1574627005056,122.1,0.05697,0.439,3.0537002429999998
1574627005118,122.2,0.05783,0.439,3.102336614
1574627005164,122.2,0.05783,0.439,3.102336614
1574627005210,122.2,0.05783,0.439,3.102336614
1574627005257,122.2,0.05783,0.439,3.102336614
1574627005319,122.1,0.05994,0.442,3.234853908
1574627005365,122.1,0.05994,0.442,3.234853908
1574627005411,122.1,0.05994,0.442,3.234853908
1574627005457,122.1,0.05994,0.442,3.234853908
1574627005518,122.1,0.05992,0.442,3.2337745439999996
1574627005564,122.1,0.05992,0.442,3.2337745439999996
1574627005610,122.1,0.05992,0.442,3.2337745439999996
1574627005656,122.1,0.05992,0.442,3.2337745439999996
1574627005718,122.1,0.060090000000000005,0.44,3.22827516
1574627005764,122.1,0.060090000000000005,0.44,3.22827516
1574627005810,122.1,0.060090000000000005,0.44,3.22827516
1574627005855,122.1,0.060090000000000005,0.44,3.22827516
1574627005919,122.1,0.05973,0.443,3.2308136189999996
1574627005964,122.1,0.05973,0.443,3.2308136189999996
1574627006010,122.1,0.05973,0.443,3.2308136189999996
1574627006056,122.1,0.05973,0.443,3.2308136189999996
1574627006118,122.1,0.06001,0.442,3.238631682
1574627006164,122.1,0.06001,0.442,3.238631682
1574627006209,122.1,0.06001,0.442,3.238631682
1574627006255,122.1,0.06001,0.442,3.238631682
1574627006318,122.1,0.0596,0.445,3.2383362
1574627006365,122.1,0.0596,0.445,3.2383362
1574627006411,122.1,0.0596,0.445,3.2383362
1574627006456,122.1,0.0596,0.445,3.2383362
1574627006519,122.1,0.062450000000000006,0.448,3.4160649600000004
1574627006565,122.1,0.062450000000000006,0.448,3.4160649600000004
1574627006611,122.1,0.062450000000000006,0.448,3.4160649600000004
1574627006657,122.1,0.062450000000000006,0.448,3.4160649600000004
1574627006718,122.1,0.06418000000000001,0.449,3.518533722000001
1574627006764,122.1,0.06418000000000001,0.449,3.518533722000001
1574627006810,122.1,0.06418000000000001,0.449,3.518533722000001
1574627006856,122.1,0.06418000000000001,0.449,3.518533722000001
1574627006918,122.2,0.06448999999999999,0.448,3.5305437439999996
1574627006964,122.2,0.06448999999999999,0.448,3.5305437439999996
1574627007010,122.2,0.06448999999999999,0.448,3.5305437439999996
1574627007056,122.2,0.06448999999999999,0.448,3.5305437439999996
1574627007119,122.2,0.06101,0.444,3.3102073680000004
1574627007165,122.2,0.06101,0.444,3.3102073680000004
1574627007211,122.2,0.06101,0.444,3.3102073680000004
1574627007257,122.2,0.06101,0.444,3.3102073680000004
1574627007318,122.2,0.05978,0.443,3.236166388
1574627007364,122.2,0.05978,0.443,3.236166388
1574627007410,122.2,0.05978,0.443,3.236166388
1574627007456,122.2,0.05978,0.443,3.236166388
1574627007518,122.2,0.05982,0.443,3.238331772
1574627007564,122.2,0.05982,0.443,3.238331772
1574627007611,122.2,0.05982,0.443,3.238331772
1574627007656,122.2,0.05982,0.443,3.238331772
1574627007719,122.2,0.05985,0.442,3.2326421400000003
1574627007765,122.2,0.05985,0.442,3.2326421400000003
1574627007811,122.2,0.05985,0.442,3.2326421400000003
1574627007856,122.2,0.05985,0.442,3.2326421400000003
1574627007919,122.2,0.06004,0.441,3.2355676080000007
1574627007965,122.2,0.06004,0.441,3.2355676080000007
1574627008011,122.2,0.06004,0.441,3.2355676080000007
1574627008057,122.2,0.06004,0.441,3.2355676080000007
1574627008119,122.2,0.05979,0.443,3.2367077340000003
1574627008165,122.2,0.05979,0.443,3.2367077340000003
1574627008211,122.2,0.05979,0.443,3.2367077340000003
1574627008257,122.2,0.05979,0.443,3.2367077340000003
1574627008318,122.2,0.05956,0.445,3.2388132400000003
1574627008364,122.2,0.05956,0.445,3.2388132400000003
1574627008410,122.2,0.05956,0.445,3.2388132400000003
1574627008456,122.2,0.05956,0.445,3.2388132400000003
1574627008518,122.1,0.05965,0.444,3.23376966
1574627008564,122.1,0.05965,0.444,3.23376966
1574627008610,122.1,0.05965,0.444,3.23376966
1574627008656,122.1,0.05965,0.444,3.23376966
1574627008718,122.1,0.05989,0.442,3.232155498
1574627008763,122.1,0.05989,0.442,3.232155498
1574627008808,122.1,0.05989,0.442,3.232155498
1574627008853,122.1,0.05989,0.442,3.232155498
1574627008919,122.1,0.060020000000000004,0.441,3.231842922
1574627008964,122.1,0.060020000000000004,0.441,3.231842922
1574627009008,122.1,0.060020000000000004,0.441,3.231842922
1574627009054,122.1,0.060020000000000004,0.441,3.231842922
1574627009118,122.1,0.06003,0.441,3.232381383
1574627009163,122.1,0.06003,0.441,3.232381383
1574627009208,122.1,0.06003,0.441,3.232381383
1574627009252,122.1,0.06003,0.441,3.232381383
1574627009297,122.1,0.06003,0.441,3.232381383
1574627009342,122.1,0.06013,0.441,3.237765993
1574627009387,122.1,0.06013,0.441,3.237765993
1574627009431,122.1,0.06013,0.441,3.237765993
1574627009476,122.1,0.06013,0.441,3.237765993
1574627009522,122.1,0.05981,0.443,3.235140843
1574627009567,122.1,0.05981,0.443,3.235140843
1574627009612,122.1,0.05981,0.443,3.235140843
1574627009656,122.1,0.05981,0.443,3.235140843
1574627009719,122.0,0.06019,0.44,3.2309992000000003
1574627009764,122.0,0.06019,0.44,3.2309992000000003
1574627009808,122.0,0.06019,0.44,3.2309992000000003
1574627009853,122.0,0.06019,0.44,3.2309992000000003
1574627009919,122.0,0.06005,0.441,3.2308101000000002
1574627009964,122.0,0.06005,0.441,3.2308101000000002
1574627010009,122.0,0.06005,0.441,3.2308101000000002
1574627010055,122.0,0.06005,0.441,3.2308101000000002
1574627010118,122.1,0.05971,0.444,3.2370224039999997
1574627010164,122.1,0.05971,0.444,3.2370224039999997
1574627010209,122.1,0.05971,0.444,3.2370224039999997
1574627010255,122.1,0.05971,0.444,3.2370224039999997
1574627010319,122.1,0.060270000000000004,0.445,3.274740315
1574627010365,122.1,0.060270000000000004,0.445,3.274740315
1574627010411,122.1,0.060270000000000004,0.445,3.274740315
1574627010457,122.1,0.060270000000000004,0.445,3.274740315
1574627010519,122.1,0.05988,0.442,3.2316158159999997
1574627010565,122.1,0.05988,0.442,3.2316158159999997
1574627010611,122.1,0.05988,0.442,3.2316158159999997
1574627010657,122.1,0.05988,0.442,3.2316158159999997
1574627010719,122.1,0.0603,0.44,3.2395571999999997
1574627010765,122.1,0.0603,0.44,3.2395571999999997
1574627010810,122.1,0.0603,0.44,3.2395571999999997
1574627010856,122.1,0.0603,0.44,3.2395571999999997
1574627010918,122.1,0.06014,0.441,3.238304454
1574627010964,122.1,0.06014,0.441,3.238304454
1574627011009,122.1,0.06014,0.441,3.238304454
1574627011056,122.1,0.06014,0.441,3.238304454
1574627011119,122.1,0.05985,0.443,3.237304455
1574627011165,122.1,0.05985,0.443,3.237304455
1574627011210,122.1,0.05985,0.443,3.237304455
1574627011256,122.1,0.05985,0.443,3.237304455
1574627011318,122.1,0.05954,0.444,3.2278062960000002
1574627011364,122.1,0.05954,0.444,3.2278062960000002
1574627011410,122.1,0.05954,0.444,3.2278062960000002
1574627011457,122.1,0.05954,0.444,3.2278062960000002
1574627011519,122.1,0.059860000000000003,0.444,3.2451542640000004
1574627011565,122.1,0.059860000000000003,0.444,3.2451542640000004
1574627011610,122.1,0.059860000000000003,0.444,3.2451542640000004
1574627011656,122.1,0.059860000000000003,0.444,3.2451542640000004
1574627011719,122.1,0.05996,0.443,3.243254388
1574627011765,122.1,0.05996,0.443,3.243254388
1574627011810,122.1,0.05996,0.443,3.243254388
1574627011856,122.1,0.05996,0.443,3.243254388
1574627011919,122.2,0.05948,0.445,3.23446292
1574627011965,122.2,0.05948,0.445,3.23446292
1574627012010,122.2,0.05948,0.445,3.23446292
1574627012055,122.2,0.05948,0.445,3.23446292
1574627012119,122.2,0.06349,0.454,3.5223490120000007
1574627012165,122.2,0.06349,0.454,3.5223490120000007
1574627012211,122.2,0.06349,0.454,3.5223490120000007
1574627012257,122.2,0.06349,0.454,3.5223490120000007
1574627012319,122.2,0.06332,0.453,3.505179912
1574627012365,122.2,0.06332,0.453,3.505179912
1574627012410,122.2,0.06332,0.453,3.505179912
1574627012456,122.2,0.06332,0.453,3.505179912
1574627012518,122.2,0.06466,0.451,3.563554852
1574627012564,122.2,0.06466,0.451,3.563554852
1574627012609,122.2,0.06466,0.451,3.563554852
1574627012655,122.2,0.06466,0.451,3.563554852
1574627012719,122.2,0.05963,0.444,3.2353329840000002
1574627012765,122.2,0.05963,0.444,3.2353329840000002
1574627012811,122.2,0.05963,0.444,3.2353329840000002
1574627012857,122.2,0.05963,0.444,3.2353329840000002
1574627012919,122.1,0.05953,0.445,3.234532785
1574627012965,122.1,0.05953,0.445,3.234532785
1574627013011,122.1,0.05953,0.445,3.234532785
1574627013057,122.1,0.05953,0.445,3.234532785
1574627013119,122.2,0.0597,0.443,3.23183562
1574627013165,122.2,0.0597,0.443,3.23183562
1574627013211,122.2,0.0597,0.443,3.23183562
1574627013257,122.2,0.0597,0.443,3.23183562
1574627013320,122.2,0.059750000000000004,0.443,3.2345423500000003
1574627013366,122.2,0.059750000000000004,0.443,3.2345423500000003
1574627013411,122.2,0.059750000000000004,0.443,3.2345423500000003
1574627013457,122.2,0.059750000000000004,0.443,3.2345423500000003
1574627013519,122.1,0.05967,0.444,3.234853908
1574627013564,122.1,0.05967,0.444,3.234853908
1574627013609,122.1,0.05967,0.444,3.234853908
1574627013655,122.1,0.05967,0.444,3.234853908
1574627013719,122.1,0.05976,0.443,3.232436328
1574627013764,122.1,0.05976,0.443,3.232436328
1574627013810,122.1,0.05976,0.443,3.232436328
1574627013856,122.1,0.05976,0.443,3.232436328
1574627013918,122.1,0.05955,0.445,3.235619475
1574627013963,122.1,0.05955,0.445,3.235619475
1574627014008,122.1,0.05955,0.445,3.235619475
1574627014053,122.1,0.05955,0.445,3.235619475
1574627014119,122.1,0.05967,0.444,3.234853908
1574627014164,122.1,0.05967,0.444,3.234853908
1574627014209,122.1,0.05967,0.444,3.234853908
1574627014253,122.1,0.05967,0.444,3.234853908
1574627014319,122.1,0.05974,0.443,3.2313545219999997
1574627014364,122.1,0.05974,0.443,3.2313545219999997
1574627014409,122.1,0.05974,0.443,3.2313545219999997
1574627014454,122.1,0.05974,0.443,3.2313545219999997
1574627014519,122.1,0.06,0.441,3.230766
1574627014563,122.1,0.06,0.441,3.230766
1574627014608,122.1,0.06,0.441,3.230766
1574627014653,122.1,0.06,0.441,3.230766
1574627014697,122.1,0.06,0.441,3.230766
1574627014742,122.1,0.060200000000000004,0.44,3.2341848
1574627014787,122.1,0.060200000000000004,0.44,3.2341848
1574627014833,122.1,0.060200000000000004,0.44,3.2341848
1574627014879,122.1,0.060200000000000004,0.44,3.2341848
1574627014925,122.1,0.06024,0.44,3.23633376
1574627014971,122.1,0.06024,0.44,3.23633376
1574627015017,122.1,0.06024,0.44,3.23633376
1574627015063,122.1,0.06024,0.44,3.23633376
1574627015119,122.1,0.06012,0.441,3.237227532
1574627015165,122.1,0.06012,0.441,3.237227532
1574627015211,122.1,0.06012,0.441,3.237227532
1574627015257,122.1,0.06012,0.441,3.237227532
1574627015320,122.1,0.05989,0.442,3.232155498
1574627015365,122.1,0.05989,0.442,3.232155498
1574627015411,122.1,0.05989,0.442,3.232155498
1574627015457,122.1,0.05989,0.442,3.232155498
1574627015519,122.1,0.05985,0.443,3.237304455
1574627015565,122.1,0.05985,0.443,3.237304455
1574627015611,122.1,0.05985,0.443,3.237304455
1574627015658,122.1,0.05985,0.443,3.237304455
1574627015719,122.1,0.05982,0.443,3.235681746
1574627015765,122.1,0.05982,0.443,3.235681746
1574627015811,122.1,0.05982,0.443,3.235681746
1574627015857,122.1,0.05982,0.443,3.235681746
1574627015919,122.1,0.059770000000000004,0.443,3.232977231
1574627015965,122.1,0.059770000000000004,0.443,3.232977231
1574627016011,122.1,0.059770000000000004,0.443,3.232977231
1574627016057,122.1,0.059770000000000004,0.443,3.232977231
1574627016120,122.1,0.05971,0.443,3.2297318129999995
1574627016166,122.1,0.05971,0.443,3.2297318129999995
1574627016212,122.1,0.05971,0.443,3.2297318129999995
1574627016257,122.1,0.05971,0.443,3.2297318129999995
1574627016319,122.2,0.0601,0.441,3.23880102
1574627016365,122.2,0.0601,0.441,3.23880102
1574627016411,122.2,0.0601,0.441,3.23880102
1574627016457,122.2,0.0601,0.441,3.23880102
1574627016519,122.1,0.06022,0.441,3.242612142
1574627016565,122.1,0.06022,0.441,3.242612142
1574627016611,122.1,0.06022,0.441,3.242612142
1574627016658,122.1,0.06022,0.441,3.242612142
1574627016720,122.1,0.06024,0.441,3.2436890640000002
1574627016766,122.1,0.06024,0.441,3.2436890640000002
1574627016812,122.1,0.06024,0.441,3.2436890640000002
1574627016858,122.1,0.06024,0.441,3.2436890640000002
1574627016919,122.1,0.05991,0.442,3.2332348619999998
1574627016965,122.1,0.05991,0.442,3.2332348619999998
1574627017011,122.1,0.05991,0.442,3.2332348619999998
1574627017057,122.1,0.05991,0.442,3.2332348619999998
1574627017119,122.2,0.059930000000000004,0.442,3.236963132
1574627017165,122.2,0.059930000000000004,0.442,3.236963132
1574627017211,122.2,0.059930000000000004,0.442,3.236963132
1574627017257,122.2,0.059930000000000004,0.442,3.236963132
1574627017319,122.2,0.05999,0.441,3.2328730980000002
1574627017364,122.2,0.05999,0.441,3.2328730980000002
1574627017410,122.2,0.05999,0.441,3.2328730980000002
1574627017456,122.2,0.05999,0.441,3.2328730980000002
1574627017519,122.2,0.06153,0.445,3.3459398700000005
1574627017565,122.2,0.06153,0.445,3.3459398700000005
1574627017611,122.2,0.06153,0.445,3.3459398700000005
1574627017657,122.2,0.06153,0.445,3.3459398700000005
1574627017719,122.1,0.06396,0.45,3.5142822000000002
1574627017765,122.1,0.06396,0.45,3.5142822000000002
1574627017811,122.1,0.06396,0.45,3.5142822000000002
1574627017857,122.1,0.06396,0.45,3.5142822000000002
1574627017919,122.1,0.06396,0.45,3.5142822000000002
1574627017965,122.1,0.06396,0.45,3.5142822000000002
1574627018011,122.1,0.06396,0.45,3.5142822000000002
1574627018057,122.1,0.06396,0.45,3.5142822000000002
1574627018120,122.2,0.06214,0.445,3.37911106
1574627018166,122.2,0.06214,0.445,3.37911106
1574627018212,122.2,0.06214,0.445,3.37911106
1574627018258,122.2,0.06214,0.445,3.37911106
1574627018319,122.2,0.06031,0.439,3.2353781980000003
1574627018365,122.2,0.06031,0.439,3.2353781980000003
1574627018411,122.2,0.06031,0.439,3.2353781980000003
1574627018458,122.2,0.06031,0.439,3.2353781980000003
1574627018520,122.1,0.06013,0.44,3.23042412
1574627018565,122.1,0.06013,0.44,3.23042412
1574627018611,122.1,0.06013,0.44,3.23042412
1574627018657,122.1,0.06013,0.44,3.23042412
1574627018720,122.1,0.05991,0.442,3.2332348619999998
1574627018766,122.1,0.05991,0.442,3.2332348619999998
1574627018812,122.1,0.05991,0.442,3.2332348619999998
1574627018858,122.1,0.05991,0.442,3.2332348619999998
1574627018919,122.1,0.059840000000000004,0.443,3.236763552
1574627018964,122.1,0.059840000000000004,0.443,3.236763552
1574627019009,122.1,0.059840000000000004,0.443,3.236763552
1574627019054,122.1,0.059840000000000004,0.443,3.236763552
1574627019120,122.1,0.0598,0.443,3.23459994
1574627019166,122.1,0.0598,0.443,3.23459994
1574627019210,122.1,0.0598,0.443,3.23459994
1574627019255,122.1,0.0598,0.443,3.23459994
1574627019319,122.1,0.05981,0.443,3.235140843
1574627019365,122.1,0.05981,0.443,3.235140843
1574627019411,122.1,0.05981,0.443,3.235140843
1574627019457,122.1,0.05981,0.443,3.235140843
1574627019519,122.1,0.05983,0.443,3.236222649
1574627019564,122.1,0.05983,0.443,3.236222649
1574627019609,122.1,0.05983,0.443,3.236222649
1574627019654,122.1,0.05983,0.443,3.236222649
1574627019720,122.1,0.0597,0.444,3.23648028
1574627019764,122.1,0.0597,0.444,3.23648028
1574627019809,122.1,0.0597,0.444,3.23648028
1574627019854,122.1,0.0597,0.444,3.23648028
1574627019920,122.1,0.05972,0.444,3.237564528
1574627019965,122.1,0.05972,0.444,3.237564528
1574627020010,122.1,0.05972,0.444,3.237564528
1574627020054,122.1,0.05972,0.444,3.237564528
1574627020119,122.1,0.06006,0.441,3.2339967659999997
1574627020164,122.1,0.06006,0.441,3.2339967659999997
1574627020209,122.1,0.06006,0.441,3.2339967659999997
1574627020253,122.1,0.06006,0.441,3.2339967659999997
1574627020320,122.1,0.06016,0.441,3.239381376
1574627020366,122.1,0.06016,0.441,3.239381376
1574627020412,122.1,0.06016,0.441,3.239381376
1574627020458,122.1,0.06016,0.441,3.239381376
1574627020520,122.1,0.060200000000000004,0.44,3.2341848
1574627020566,122.1,0.060200000000000004,0.44,3.2341848
1574627020611,122.1,0.060200000000000004,0.44,3.2341848
1574627020658,122.1,0.060200000000000004,0.44,3.2341848
1574627020719,122.1,0.06032,0.439,3.2332666079999997
1574627020765,122.1,0.06032,0.439,3.2332666079999997
1574627020811,122.1,0.06032,0.439,3.2332666079999997
1574627020857,122.1,0.06032,0.439,3.2332666079999997
1574627020920,122.1,0.06041,0.439,3.2380907789999998
1574627020966,122.1,0.06041,0.439,3.2380907789999998
1574627021012,122.1,0.06041,0.439,3.2380907789999998
1574627021058,122.1,0.06041,0.439,3.2380907789999998
1574627021120,122.1,0.06028,0.44,3.23848272
1574627021166,122.1,0.06028,0.44,3.23848272
1574627021212,122.1,0.06028,0.44,3.23848272
1574627021258,122.1,0.06028,0.44,3.23848272
1574627021320,122.2,0.06041,0.438,3.2333606759999998
1574627021366,122.2,0.06041,0.438,3.2333606759999998
1574627021412,122.2,0.06041,0.438,3.2333606759999998
1574627021458,122.2,0.06041,0.438,3.2333606759999998
1574627021519,122.2,0.05994,0.442,3.237503256
1574627021565,122.2,0.05994,0.442,3.237503256
1574627021611,122.2,0.05994,0.442,3.237503256
1574627021657,122.2,0.05994,0.442,3.237503256
1574627021719,122.1,0.05965,0.444,3.23376966
1574627021765,122.1,0.05965,0.444,3.23376966
1574627021811,122.1,0.05965,0.444,3.23376966
1574627021857,122.1,0.05965,0.444,3.23376966
1574627021919,122.1,0.05952,0.445,3.23398944
1574627021965,122.1,0.05952,0.445,3.23398944
1574627022011,122.1,0.05952,0.445,3.23398944
1574627022057,122.1,0.05952,0.445,3.23398944
1574627022120,122.1,0.06001,0.441,3.231304461
1574627022166,122.1,0.06001,0.441,3.231304461
1574627022212,122.1,0.06001,0.441,3.231304461
1574627022258,122.1,0.06001,0.441,3.231304461
1574627022320,122.2,0.05969,0.444,3.238588392
1574627022366,122.2,0.05969,0.444,3.238588392
1574627022412,122.2,0.05969,0.444,3.238588392
1574627022458,122.2,0.05969,0.444,3.238588392
1574627022520,122.1,0.05963,0.444,3.232685412
1574627022566,122.1,0.05963,0.444,3.232685412
1574627022612,122.1,0.05963,0.444,3.232685412
1574627022658,122.1,0.05963,0.444,3.232685412
1574627022720,122.1,0.05963,0.445,3.239966235
1574627022766,122.1,0.05963,0.445,3.239966235
1574627022812,122.1,0.05963,0.445,3.239966235
1574627022858,122.1,0.05963,0.445,3.239966235
1574627022919,122.1,0.05972,0.443,3.230272716
1574627022965,122.1,0.05972,0.443,3.230272716
1574627023011,122.1,0.05972,0.443,3.230272716
1574627023057,122.1,0.05972,0.443,3.230272716
1574627023120,122.1,0.06321,0.449,3.465355509
1574627023166,122.1,0.06321,0.449,3.465355509
1574627023211,122.1,0.06321,0.449,3.465355509
1574627023257,122.1,0.06321,0.449,3.465355509
1574627023320,122.1,0.06445999999999999,0.448,3.5260135679999993
1574627023366,122.1,0.06445999999999999,0.448,3.5260135679999993
1574627023412,122.1,0.06445999999999999,0.448,3.5260135679999993
1574627023458,122.1,0.06445999999999999,0.448,3.5260135679999993
1574627023520,122.1,0.06469,0.449,3.5464934009999998
1574627023566,122.1,0.06469,0.449,3.5464934009999998
1574627023612,122.1,0.06469,0.449,3.5464934009999998
1574627023658,122.1,0.06469,0.449,3.5464934009999998
1574627023720,122.1,0.06374,0.45,3.5021943
1574627023766,122.1,0.06374,0.45,3.5021943
1574627023812,122.1,0.06374,0.45,3.5021943
1574627023858,122.1,0.06374,0.45,3.5021943
1574627023920,122.1,0.0598,0.444,3.24190152
1574627023965,122.1,0.0598,0.444,3.24190152
1574627024011,122.1,0.0598,0.444,3.24190152
1574627024057,122.1,0.0598,0.444,3.24190152
1574627024120,122.1,0.05997,0.442,3.236472954
1574627024166,122.1,0.05997,0.442,3.236472954
1574627024211,122.1,0.05997,0.442,3.236472954
1574627024257,122.1,0.05997,0.442,3.236472954
1574627024320,122.1,0.05964,0.445,3.2405095799999994
1574627024367,122.1,0.05964,0.445,3.2405095799999994
1574627024413,122.1,0.05964,0.445,3.2405095799999994
1574627024459,122.1,0.05964,0.445,3.2405095799999994
1574627024520,122.1,0.059570000000000005,0.445,3.236706165
1574627024565,122.1,0.059570000000000005,0.445,3.236706165
1574627024610,122.1,0.059570000000000005,0.445,3.236706165
1574627024655,122.1,0.059570000000000005,0.445,3.236706165
1574627024719,122.1,0.059770000000000004,0.444,3.240275148
1574627024764,122.1,0.059770000000000004,0.444,3.240275148
1574627024809,122.1,0.059770000000000004,0.444,3.240275148
1574627024855,122.1,0.059770000000000004,0.444,3.240275148
1574627024920,122.1,0.05995,0.442,3.23539359
1574627024965,122.1,0.05995,0.442,3.23539359
1574627025009,122.1,0.05995,0.442,3.23539359
1574627025054,122.1,0.05995,0.442,3.23539359
1574627025120,122.1,0.059840000000000004,0.443,3.236763552
1574627025165,122.1,0.059840000000000004,0.443,3.236763552
1574627025210,122.1,0.059840000000000004,0.443,3.236763552
1574627025255,122.1,0.059840000000000004,0.443,3.236763552
1574627025320,122.1,0.05973,0.444,3.238106652
1574627025365,122.1,0.05973,0.444,3.238106652
1574627025410,122.1,0.05973,0.444,3.238106652
1574627025455,122.1,0.05973,0.444,3.238106652
1574627025519,122.1,0.05981,0.443,3.235140843
1574627025564,122.1,0.05981,0.443,3.235140843
1574627025609,122.1,0.05981,0.443,3.235140843
1574627025654,122.1,0.05981,0.443,3.235140843
1574627025699,122.1,0.05981,0.443,3.235140843
1574627025743,122.1,0.05997,0.442,3.236472954
1574627025788,122.1,0.05997,0.442,3.236472954
1574627025833,122.1,0.05997,0.442,3.236472954
1574627025877,122.1,0.05997,0.442,3.236472954
1574627025923,122.1,0.06004,0.441,3.232919844
1574627025970,122.1,0.06004,0.441,3.232919844
1574627026015,122.1,0.06004,0.441,3.232919844
1574627026061,122.1,0.06004,0.441,3.232919844
1574627026121,122.1,0.05973,0.444,3.238106652
1574627026166,122.1,0.05973,0.444,3.238106652
1574627026213,122.1,0.05973,0.444,3.238106652
1574627026259,122.1,0.05973,0.444,3.238106652
1574627026320,122.2,0.0599,0.442,3.2353427600000004
1574627026366,122.2,0.0599,0.442,3.2353427600000004
1574627026411,122.2,0.0599,0.442,3.2353427600000004
1574627026457,122.2,0.0599,0.442,3.2353427600000004
1574627026520,122.2,0.059840000000000004,0.443,3.239414464
1574627026566,122.2,0.059840000000000004,0.443,3.239414464
1574627026612,122.2,0.059840000000000004,0.443,3.239414464
1574627026658,122.2,0.059840000000000004,0.443,3.239414464
1574627026721,122.2,0.05985,0.443,3.23995581
1574627026767,122.2,0.05985,0.443,3.23995581
1574627026812,122.2,0.05985,0.443,3.23995581
1574627026858,122.2,0.05985,0.443,3.23995581
1574627026920,122.2,0.05999,0.442,3.2402038760000003
1574627026965,122.2,0.05999,0.442,3.2402038760000003
1574627027010,122.2,0.05999,0.442,3.2402038760000003
1574627027056,122.2,0.05999,0.442,3.2402038760000003
1574627027121,122.2,0.05998,0.442,3.2396637520000002
1574627027167,122.2,0.05998,0.442,3.2396637520000002
1574627027213,122.2,0.05998,0.442,3.2396637520000002
1574627027259,122.2,0.05998,0.442,3.2396637520000002
1574627027320,122.2,0.059680000000000004,0.444,3.2380458240000003
1574627027366,122.2,0.059680000000000004,0.444,3.2380458240000003
1574627027412,122.2,0.059680000000000004,0.444,3.2380458240000003
1574627027458,122.2,0.059680000000000004,0.444,3.2380458240000003
1574627027520,122.2,0.05961,0.444,3.2342478480000003
1574627027566,122.2,0.05961,0.444,3.2342478480000003
1574627027612,122.2,0.05961,0.444,3.2342478480000003
1574627027657,122.2,0.05961,0.444,3.2342478480000003
1574627027721,122.1,0.05994,0.442,3.234853908
1574627027766,122.1,0.05994,0.442,3.234853908
1574627027812,122.1,0.05994,0.442,3.234853908
1574627027858,122.1,0.05994,0.442,3.234853908
1574627027920,122.1,0.05987,0.443,3.238386261
1574627027966,122.1,0.05987,0.443,3.238386261
1574627028012,122.1,0.05987,0.443,3.238386261
1574627028057,122.1,0.05987,0.443,3.238386261
1574627028120,122.1,0.05965,0.444,3.23376966
1574627028166,122.1,0.05965,0.444,3.23376966
1574627028211,122.1,0.05965,0.444,3.23376966
1574627028257,122.1,0.05965,0.444,3.23376966
1574627028321,122.1,0.05978,0.443,3.2335181339999997
1574627028366,122.1,0.05978,0.443,3.2335181339999997
1574627028411,122.1,0.05978,0.443,3.2335181339999997
1574627028457,122.1,0.05978,0.443,3.2335181339999997
1574627028521,122.1,0.05962,0.444,3.232143288
1574627028567,122.1,0.05962,0.444,3.232143288
1574627028613,122.1,0.05962,0.444,3.232143288
1574627028659,122.1,0.05962,0.444,3.232143288
1574627028721,122.1,0.06484000000000001,0.452,3.5784677280000006
1574627028766,122.1,0.06484000000000001,0.452,3.5784677280000006
1574627028812,122.1,0.06484000000000001,0.452,3.5784677280000006
1574627028858,122.1,0.06484000000000001,0.452,3.5784677280000006
1574627028920,122.1,0.06403,0.451,3.5259464130000002
1574627028966,122.1,0.06403,0.451,3.5259464130000002
1574627029011,122.1,0.06403,0.451,3.5259464130000002
1574627029057,122.1,0.06403,0.451,3.5259464130000002
1574627029121,122.1,0.06309000000000001,0.451,3.4741833390000005
1574627029166,122.1,0.06309000000000001,0.451,3.4741833390000005
1574627029212,122.1,0.06309000000000001,0.451,3.4741833390000005
1574627029258,122.1,0.06309000000000001,0.451,3.4741833390000005
1574627029321,122.1,0.05941,0.447,3.2425205669999997
1574627029367,122.1,0.05941,0.447,3.2425205669999997
1574627029413,122.1,0.05941,0.447,3.2425205669999997
1574627029458,122.1,0.05941,0.447,3.2425205669999997
1574627029520,122.1,0.05965,0.444,3.23376966
1574627029566,122.1,0.05965,0.444,3.23376966
1574627029611,122.1,0.05965,0.444,3.23376966
1574627029657,122.1,0.05965,0.444,3.23376966
1574627029721,122.1,0.05983,0.443,3.236222649
1574627029767,122.1,0.05983,0.443,3.236222649
1574627029813,122.1,0.05983,0.443,3.236222649
1574627029859,122.1,0.05983,0.443,3.236222649
1574627029921,122.1,0.05994,0.442,3.234853908
1574627029967,122.1,0.05994,0.442,3.234853908
1574627030012,122.1,0.05994,0.442,3.234853908
1574627030057,122.1,0.05994,0.442,3.234853908
1574627030120,122.1,0.059840000000000004,0.443,3.236763552
1574627030165,122.1,0.059840000000000004,0.443,3.236763552
1574627030211,122.1,0.059840000000000004,0.443,3.236763552
1574627030256,122.1,0.059840000000000004,0.443,3.236763552
1574627030321,122.1,0.059860000000000003,0.443,3.2378453580000004
1574627030365,122.1,0.059860000000000003,0.443,3.2378453580000004
1574627030411,122.1,0.059860000000000003,0.443,3.2378453580000004
1574627030456,122.1,0.059860000000000003,0.443,3.2378453580000004
1574627030520,122.2,0.05982,0.443,3.238331772
1574627030565,122.2,0.05982,0.443,3.238331772
1574627030609,122.2,0.05982,0.443,3.238331772
1574627030654,122.2,0.05982,0.443,3.238331772
1574627030699,122.2,0.05982,0.443,3.238331772
1574627030744,122.1,0.05988,0.442,3.2316158159999997
1574627030789,122.1,0.05988,0.442,3.2316158159999997
1574627030833,122.1,0.05988,0.442,3.2316158159999997
1574627030878,122.1,0.05988,0.442,3.2316158159999997
1574627030923,122.1,0.06012,0.441,3.237227532
1574627030968,122.1,0.06012,0.441,3.237227532
1574627031012,122.1,0.06012,0.441,3.237227532
1574627031057,122.1,0.06012,0.441,3.237227532
1574627031120,122.1,0.05956,0.445,3.23616282
1574627031165,122.1,0.05956,0.445,3.23616282
1574627031210,122.1,0.05956,0.445,3.23616282
1574627031255,122.1,0.05956,0.445,3.23616282
1574627031321,122.1,0.05967,0.444,3.234853908
1574627031365,122.1,0.05967,0.444,3.234853908
1574627031410,122.1,0.05967,0.444,3.234853908
1574627031455,122.1,0.05967,0.444,3.234853908
1574627031521,122.1,0.06004,0.441,3.232919844
1574627031567,122.1,0.06004,0.441,3.232919844
1574627031613,122.1,0.06004,0.441,3.232919844
1574627031658,122.1,0.06004,0.441,3.232919844
1574627031720,122.1,0.06004,0.441,3.232919844
1574627031766,122.1,0.06004,0.441,3.232919844
1574627031811,122.1,0.06004,0.441,3.232919844
1574627031857,122.1,0.06004,0.441,3.232919844
1574627031921,122.1,0.06017,0.44,3.2325730800000003
1574627031967,122.1,0.06017,0.44,3.2325730800000003
1574627032012,122.1,0.06017,0.44,3.2325730800000003
1574627032058,122.1,0.06017,0.44,3.2325730800000003
1574627032121,122.1,0.06008,0.442,3.242409456
1574627032167,122.1,0.06008,0.442,3.242409456
1574627032212,122.1,0.06008,0.442,3.242409456
1574627032258,122.1,0.06008,0.442,3.242409456
1574627032320,122.1,0.05989,0.442,3.232155498
1574627032366,122.1,0.05989,0.442,3.232155498
1574627032411,122.1,0.05989,0.442,3.232155498
1574627032457,122.1,0.05989,0.442,3.232155498
1574627032521,122.1,0.06005,0.441,3.2334583049999996
1574627032567,122.1,0.06005,0.441,3.2334583049999996
1574627032612,122.1,0.06005,0.441,3.2334583049999996
1574627032658,122.1,0.06005,0.441,3.2334583049999996
1574627032721,122.1,0.05997,0.442,3.236472954
1574627032766,122.1,0.05997,0.442,3.236472954
1574627032812,122.1,0.05997,0.442,3.236472954
1574627032858,122.1,0.05997,0.442,3.236472954
1574627032921,122.1,0.05978,0.443,3.2335181339999997
1574627032966,122.1,0.05978,0.443,3.2335181339999997
1574627033011,122.1,0.05978,0.443,3.2335181339999997
1574627033057,122.1,0.05978,0.443,3.2335181339999997
1574627033121,122.1,0.05973,0.444,3.238106652
1574627033166,122.1,0.05973,0.444,3.238106652
1574627033212,122.1,0.05973,0.444,3.238106652
1574627033258,122.1,0.05973,0.444,3.238106652
1574627033320,122.1,0.05985,0.443,3.237304455
1574627033366,122.1,0.05985,0.443,3.237304455
1574627033412,122.1,0.05985,0.443,3.237304455
1574627033458,122.1,0.05985,0.443,3.237304455
1574627033521,122.1,0.06004,0.442,3.240250728
1574627033567,122.1,0.06004,0.442,3.240250728
1574627033612,122.1,0.06004,0.442,3.240250728
1574627033658,122.1,0.06004,0.442,3.240250728
1574627033721,122.1,0.05991,0.442,3.2332348619999998
1574627033766,122.1,0.05991,0.442,3.2332348619999998
1574627033812,122.1,0.05991,0.442,3.2332348619999998
1574627033857,122.1,0.05991,0.442,3.2332348619999998
1574627033920,122.1,0.05997,0.442,3.236472954
1574627033966,122.1,0.05997,0.442,3.236472954
1574627034012,122.1,0.05997,0.442,3.236472954
1574627034057,122.1,0.05997,0.442,3.236472954
1574627034121,122.1,0.06269,0.446,3.4138842539999996
1574627034167,122.1,0.06269,0.446,3.4138842539999996
1574627034212,122.1,0.06269,0.446,3.4138842539999996
1574627034258,122.1,0.06269,0.446,3.4138842539999996
1574627034320,122.2,0.06429000000000001,0.449,3.527450862000001
1574627034366,122.2,0.06429000000000001,0.449,3.527450862000001
1574627034412,122.2,0.06429000000000001,0.449,3.527450862000001
1574627034458,122.2,0.06429000000000001,0.449,3.527450862000001
1574627034521,122.2,0.06447,0.447,3.521570598
1574627034567,122.2,0.06447,0.447,3.521570598
1574627034613,122.2,0.06447,0.447,3.521570598
1574627034659,122.2,0.06447,0.447,3.521570598
1574627034721,122.2,0.06504000000000001,0.449,3.568601712000001
1574627034767,122.2,0.06504000000000001,0.449,3.568601712000001
1574627034813,122.2,0.06504000000000001,0.449,3.568601712000001
1574627034859,122.2,0.06504000000000001,0.449,3.568601712000001
1574627034920,122.1,0.05962,0.445,3.2394228899999997
1574627034966,122.1,0.05962,0.445,3.2394228899999997
1574627035012,122.1,0.05962,0.445,3.2394228899999997
1574627035058,122.1,0.05962,0.445,3.2394228899999997
1574627035121,122.1,0.0594,0.447,3.24197478
1574627035167,122.1,0.0594,0.447,3.24197478
1574627035213,122.1,0.0594,0.447,3.24197478
1574627035259,122.1,0.0594,0.447,3.24197478
1574627035321,122.2,0.059570000000000005,0.445,3.2393570300000007
1574627035367,122.2,0.059570000000000005,0.445,3.2393570300000007
1574627035413,122.2,0.059570000000000005,0.445,3.2393570300000007
1574627035459,122.2,0.059570000000000005,0.445,3.2393570300000007
1574627035521,122.2,0.05997,0.442,3.239123628
1574627035566,122.2,0.05997,0.442,3.239123628
1574627035611,122.2,0.05997,0.442,3.239123628
1574627035656,122.2,0.05997,0.442,3.239123628
1574627035721,122.1,0.05971,0.444,3.2370224039999997
1574627035766,122.1,0.05971,0.444,3.2370224039999997
1574627035811,122.1,0.05971,0.444,3.2370224039999997
1574627035856,122.1,0.05971,0.444,3.2370224039999997
1574627035921,122.1,0.060090000000000005,0.441,3.235612149
1574627035966,122.1,0.060090000000000005,0.441,3.235612149
1574627036011,122.1,0.060090000000000005,0.441,3.235612149
1574627036056,122.1,0.060090000000000005,0.441,3.235612149
1574627036121,122.1,0.06012,0.441,3.237227532
1574627036166,122.1,0.06012,0.441,3.237227532
1574627036212,122.1,0.06012,0.441,3.237227532
1574627036256,122.1,0.06012,0.441,3.237227532
1574627036321,122.1,0.060270000000000004,0.44,3.23794548
1574627036366,122.1,0.060270000000000004,0.44,3.23794548
1574627036411,122.1,0.060270000000000004,0.44,3.23794548
1574627036455,122.1,0.060270000000000004,0.44,3.23794548
1574627036521,122.1,0.06032,0.44,3.24063168
1574627036566,122.1,0.06032,0.44,3.24063168
1574627036611,122.1,0.06032,0.44,3.24063168
1574627036656,122.1,0.06032,0.44,3.24063168
1574627036720,122.1,0.05985,0.443,3.237304455
1574627036765,122.1,0.05985,0.443,3.237304455
1574627036811,122.1,0.05985,0.443,3.237304455
1574627036856,122.1,0.05985,0.443,3.237304455
1574627036921,122.1,0.059770000000000004,0.443,3.232977231
1574627036967,122.1,0.059770000000000004,0.443,3.232977231
1574627037012,122.1,0.059770000000000004,0.443,3.232977231
1574627037058,122.1,0.059770000000000004,0.443,3.232977231
1574627037121,122.1,0.059930000000000004,0.443,3.241631679
1574627037167,122.1,0.059930000000000004,0.443,3.241631679
1574627037213,122.1,0.059930000000000004,0.443,3.241631679
1574627037259,122.1,0.059930000000000004,0.443,3.241631679
1574627037321,122.1,0.05973,0.444,3.238106652
1574627037366,122.1,0.05973,0.444,3.238106652
1574627037412,122.1,0.05973,0.444,3.238106652
1574627037458,122.1,0.05973,0.444,3.238106652
1574627037522,122.1,0.05997,0.443,3.243795291
1574627037567,122.1,0.05997,0.443,3.243795291
1574627037613,122.1,0.05997,0.443,3.243795291
1574627037659,122.1,0.05997,0.443,3.243795291
1574627037721,122.1,0.05987,0.443,3.238386261
1574627037767,122.1,0.05987,0.443,3.238386261
1574627037812,122.1,0.05987,0.443,3.238386261
1574627037858,122.1,0.05987,0.443,3.238386261
1574627037921,122.1,0.05985,0.443,3.237304455
1574627037967,122.1,0.05985,0.443,3.237304455
1574627038013,122.1,0.05985,0.443,3.237304455
1574627038059,122.1,0.05985,0.443,3.237304455
1574627038121,122.1,0.06013,0.441,3.237765993
1574627038166,122.1,0.06013,0.441,3.237765993
1574627038212,122.1,0.06013,0.441,3.237765993
1574627038257,122.1,0.06013,0.441,3.237765993
1574627038321,122.1,0.06,0.442,3.238092
1574627038367,122.1,0.06,0.442,3.238092
1574627038412,122.1,0.06,0.442,3.238092
1574627038458,122.1,0.06,0.442,3.238092
1574627038521,122.2,0.06013,0.441,3.2404177260000004
1574627038567,122.2,0.06013,0.441,3.2404177260000004
1574627038612,122.2,0.06013,0.441,3.2404177260000004
1574627038658,122.2,0.06013,0.441,3.2404177260000004
1574627038722,122.1,0.059750000000000004,0.444,3.2391909
1574627038767,122.1,0.059750000000000004,0.444,3.2391909
1574627038813,122.1,0.059750000000000004,0.444,3.2391909
1574627038859,122.1,0.059750000000000004,0.444,3.2391909
1574627038921,122.1,0.05981,0.443,3.235140843
1574627038967,122.1,0.05981,0.443,3.235140843
1574627039013,122.1,0.05981,0.443,3.235140843
1574627039059,122.1,0.05981,0.443,3.235140843
1574627039121,122.1,0.05997,0.442,3.236472954
1574627039167,122.1,0.05997,0.442,3.236472954
1574627039212,122.1,0.05997,0.442,3.236472954
1574627039258,122.1,0.05997,0.442,3.236472954
1574627039321,122.1,0.059840000000000004,0.443,3.236763552
1574627039367,122.1,0.059840000000000004,0.443,3.236763552
1574627039412,122.1,0.059840000000000004,0.443,3.236763552
1574627039458,122.1,0.059840000000000004,0.443,3.236763552
1574627039522,122.2,0.060200000000000004,0.44,3.2368336000000006
1574627039567,122.2,0.060200000000000004,0.44,3.2368336000000006
1574627039613,122.2,0.060200000000000004,0.44,3.2368336000000006
1574627039658,122.2,0.060200000000000004,0.44,3.2368336000000006
1574627039721,122.2,0.06415000000000001,0.448,3.5119302400000008
1574627039767,122.2,0.06415000000000001,0.448,3.5119302400000008
1574627039812,122.2,0.06415000000000001,0.448,3.5119302400000008
1574627039858,122.2,0.06415000000000001,0.448,3.5119302400000008
1574627039921,122.1,0.06434999999999999,0.449,3.5278536149999993
1574627039967,122.1,0.06434999999999999,0.449,3.5278536149999993
1574627040012,122.1,0.06434999999999999,0.449,3.5278536149999993
1574627040058,122.1,0.06434999999999999,0.449,3.5278536149999993
1574627040122,122.1,0.06384000000000001,0.452,3.5232785280000005
1574627040167,122.1,0.06384000000000001,0.452,3.5232785280000005
1574627040213,122.1,0.06384000000000001,0.452,3.5232785280000005
1574627040259,122.1,0.06384000000000001,0.452,3.5232785280000005
1574627040321,122.1,0.05956,0.446,3.243435096
1574627040366,122.1,0.05956,0.446,3.243435096
1574627040412,122.1,0.05956,0.446,3.243435096
1574627040458,122.1,0.05956,0.446,3.243435096
1574627040522,122.1,0.05927,0.448,3.242116416
1574627040568,122.1,0.05927,0.448,3.242116416
1574627040614,122.1,0.05927,0.448,3.242116416
1574627040660,122.1,0.05927,0.448,3.242116416
1574627040721,122.1,0.059320000000000005,0.447,3.237608484
1574627040767,122.1,0.059320000000000005,0.447,3.237608484
1574627040813,122.1,0.059320000000000005,0.447,3.237608484
1574627040859,122.1,0.059320000000000005,0.447,3.237608484
1574627040921,122.1,0.05936,0.446,3.232543776
1574627040967,122.1,0.05936,0.446,3.232543776
1574627041013,122.1,0.05936,0.446,3.232543776
1574627041058,122.1,0.05936,0.446,3.232543776
1574627041122,122.1,0.05947,0.446,3.238534002
1574627041167,122.1,0.05947,0.446,3.238534002
1574627041212,122.1,0.05947,0.446,3.238534002
1574627041257,122.1,0.05947,0.446,3.238534002
1574627041321,122.1,0.059570000000000005,0.445,3.236706165
1574627041366,122.1,0.059570000000000005,0.445,3.236706165
1574627041412,122.1,0.059570000000000005,0.445,3.236706165
1574627041457,122.1,0.059570000000000005,0.445,3.236706165
1574627041522,122.1,0.05937,0.447,3.240337419
1574627041567,122.1,0.05937,0.447,3.240337419
1574627041612,122.1,0.05937,0.447,3.240337419
1574627041656,122.1,0.05937,0.447,3.240337419
1574627041721,122.1,0.05967,0.444,3.234853908
1574627041766,122.1,0.05967,0.444,3.234853908
1574627041812,122.1,0.05967,0.444,3.234853908
1574627041857,122.1,0.05967,0.444,3.234853908
1574627041921,122.1,0.05987,0.443,3.238386261
1574627041966,122.1,0.05987,0.443,3.238386261
1574627042012,122.1,0.05987,0.443,3.238386261
1574627042057,122.1,0.05987,0.443,3.238386261
1574627042122,122.1,0.059770000000000004,0.444,3.240275148
1574627042166,122.1,0.059770000000000004,0.444,3.240275148
1574627042211,122.1,0.059770000000000004,0.444,3.240275148
1574627042256,122.1,0.059770000000000004,0.444,3.240275148
1574627042322,122.1,0.05949,0.446,3.239623134
1574627042367,122.1,0.05949,0.446,3.239623134
1574627042412,122.1,0.05949,0.446,3.239623134
1574627042458,122.1,0.05949,0.446,3.239623134
1574627042521,122.1,0.05941,0.446,3.2352666059999997
1574627042566,122.1,0.05941,0.446,3.2352666059999997
1574627042612,122.1,0.05941,0.446,3.2352666059999997
1574627042658,122.1,0.05941,0.446,3.2352666059999997
1574627042722,122.1,0.05947,0.446,3.238534002
1574627042768,122.1,0.05947,0.446,3.238534002
1574627042814,122.1,0.05947,0.446,3.238534002
1574627042860,122.1,0.05947,0.446,3.238534002
1574627042922,122.1,0.059750000000000004,0.444,3.2391909
1574627042968,122.1,0.059750000000000004,0.444,3.2391909
1574627043013,122.1,0.059750000000000004,0.444,3.2391909
1574627043059,122.1,0.059750000000000004,0.444,3.2391909
1574627043121,122.1,0.05999,0.442,3.2375523179999997
1574627043167,122.1,0.05999,0.442,3.2375523179999997
1574627043212,122.1,0.05999,0.442,3.2375523179999997
1574627043258,122.1,0.05999,0.442,3.2375523179999997
1574627043322,122.1,0.0597,0.444,3.23648028
1574627043368,122.1,0.0597,0.444,3.23648028
1574627043414,122.1,0.0597,0.444,3.23648028
1574627043459,122.1,0.0597,0.444,3.23648028
1574627043521,122.1,0.059770000000000004,0.444,3.240275148
1574627043567,122.1,0.059770000000000004,0.444,3.240275148
1574627043613,122.1,0.059770000000000004,0.444,3.240275148
1574627043659,122.1,0.059770000000000004,0.444,3.240275148
1574627043721,122.1,0.05987,0.443,3.238386261
1574627043767,122.1,0.05987,0.443,3.238386261
1574627043812,122.1,0.05987,0.443,3.238386261
1574627043858,122.1,0.05987,0.443,3.238386261
1574627043922,122.1,0.05997,0.442,3.236472954
1574627043968,122.1,0.05997,0.442,3.236472954
1574627044013,122.1,0.05997,0.442,3.236472954
1574627044059,122.1,0.05997,0.442,3.236472954
1574627044121,122.1,0.060110000000000004,0.441,3.2366890710000003
1574627044166,122.1,0.060110000000000004,0.441,3.2366890710000003
1574627044212,122.1,0.060110000000000004,0.441,3.2366890710000003
1574627044257,122.1,0.060110000000000004,0.441,3.2366890710000003
1574627044322,122.1,0.05958,0.445,3.2372495100000003
1574627044368,122.1,0.05958,0.445,3.2372495100000003
1574627044414,122.1,0.05958,0.445,3.2372495100000003
1574627044459,122.1,0.05958,0.445,3.2372495100000003
1574627044522,122.1,0.05948,0.446,3.239078568
1574627044568,122.1,0.05948,0.446,3.239078568
1574627044613,122.1,0.05948,0.446,3.239078568
1574627044659,122.1,0.05948,0.446,3.239078568
1574627044722,122.1,0.0594,0.446,3.2347220400000003
1574627044768,122.1,0.0594,0.446,3.2347220400000003
1574627044814,122.1,0.0594,0.446,3.2347220400000003
1574627044859,122.1,0.0594,0.446,3.2347220400000003
1574627044922,122.1,0.05969,0.444,3.235938156
1574627044967,122.1,0.05969,0.444,3.235938156
1574627045012,122.1,0.05969,0.444,3.235938156
1574627045058,122.1,0.05969,0.444,3.235938156
1574627045121,122.1,0.06076,0.445,3.30136422
1574627045167,122.1,0.06076,0.445,3.30136422
1574627045212,122.1,0.06076,0.445,3.30136422
1574627045258,122.1,0.06076,0.445,3.30136422
1574627045322,122.1,0.06445000000000001,0.451,3.5490745950000004
1574627045368,122.1,0.06445000000000001,0.451,3.5490745950000004
1574627045413,122.1,0.06445000000000001,0.451,3.5490745950000004
1574627045459,122.1,0.06445000000000001,0.451,3.5490745950000004
1574627045521,122.1,0.06422,0.45,3.5285678999999996
1574627045567,122.1,0.06422,0.45,3.5285678999999996
1574627045612,122.1,0.06422,0.45,3.5285678999999996
1574627045658,122.1,0.06422,0.45,3.5285678999999996
1574627045722,122.1,0.06676,0.455,3.7088851800000002
1574627045768,122.1,0.06676,0.455,3.7088851800000002
1574627045814,122.1,0.06676,0.455,3.7088851800000002
1574627045860,122.1,0.06676,0.455,3.7088851800000002
1574627045922,122.1,0.06856999999999999,0.456,3.8178130319999997
1574627045968,122.1,0.06856999999999999,0.456,3.8178130319999997
1574627046014,122.1,0.06856999999999999,0.456,3.8178130319999997
1574627046060,122.1,0.06856999999999999,0.456,3.8178130319999997
1574627046121,122.1,0.06166,0.447,3.3653226419999998
1574627046168,122.1,0.06166,0.447,3.3653226419999998
1574627046214,122.1,0.06166,0.447,3.3653226419999998
1574627046260,122.1,0.06166,0.447,3.3653226419999998
1574627046322,122.1,0.05948,0.446,3.239078568
1574627046368,122.1,0.05948,0.446,3.239078568
1574627046414,122.1,0.05948,0.446,3.239078568
1574627046460,122.1,0.05948,0.446,3.239078568
1574627046521,122.2,0.0593,0.448,3.24641408
1574627046566,122.2,0.0593,0.448,3.24641408
1574627046612,122.2,0.0593,0.448,3.24641408
1574627046657,122.2,0.0593,0.448,3.24641408
1574627046722,122.2,0.0594,0.446,3.23737128
1574627046767,122.2,0.0594,0.446,3.23737128
1574627046813,122.2,0.0594,0.446,3.23737128
1574627046858,122.2,0.0594,0.446,3.23737128
1574627046921,122.1,0.05948,0.446,3.239078568
1574627046967,122.1,0.05948,0.446,3.239078568
1574627047013,122.1,0.05948,0.446,3.239078568
1574627047058,122.1,0.05948,0.446,3.239078568
1574627047122,122.1,0.05976,0.444,3.239733024
1574627047167,122.1,0.05976,0.444,3.239733024
1574627047211,122.1,0.05976,0.444,3.239733024
1574627047256,122.1,0.05976,0.444,3.239733024
1574627047322,122.1,0.05992,0.443,3.2410907759999996
1574627047367,122.1,0.05992,0.443,3.2410907759999996
1574627047411,122.1,0.05992,0.443,3.2410907759999996
1574627047456,122.1,0.05992,0.443,3.2410907759999996
1574627047522,122.2,0.060090000000000005,0.441,3.238262118
1574627047567,122.2,0.060090000000000005,0.441,3.238262118
1574627047612,122.2,0.060090000000000005,0.441,3.238262118
1574627047657,122.2,0.060090000000000005,0.441,3.238262118
1574627047721,122.1,0.0601,0.441,3.23615061
1574627047766,122.1,0.0601,0.441,3.23615061
1574627047812,122.1,0.0601,0.441,3.23615061
1574627047857,122.1,0.0601,0.441,3.23615061
1574627047922,122.1,0.05971,0.444,3.2370224039999997
1574627047967,122.1,0.05971,0.444,3.2370224039999997
1574627048013,122.1,0.05971,0.444,3.2370224039999997
1574627048059,122.1,0.05971,0.444,3.2370224039999997
1574627048122,122.1,0.05953,0.446,3.241801398
1574627048167,122.1,0.05953,0.446,3.241801398
1574627048213,122.1,0.05953,0.446,3.241801398
1574627048258,122.1,0.05953,0.446,3.241801398
1574627048322,122.1,0.059500000000000004,0.447,3.24743265
1574627048368,122.1,0.059500000000000004,0.447,3.24743265
1574627048414,122.1,0.059500000000000004,0.447,3.24743265
1574627048460,122.1,0.059500000000000004,0.447,3.24743265
1574627048522,122.1,0.05948,0.446,3.239078568
1574627048568,122.1,0.05948,0.446,3.239078568
1574627048614,122.1,0.05948,0.446,3.239078568
1574627048660,122.1,0.05948,0.446,3.239078568
1574627048722,122.1,0.05979,0.444,3.241359396
1574627048768,122.1,0.05979,0.444,3.241359396
1574627048813,122.1,0.05979,0.444,3.241359396
1574627048859,122.1,0.05979,0.444,3.241359396
1574627048922,122.1,0.06005,0.442,3.24079041
1574627048968,122.1,0.06005,0.442,3.24079041
1574627049013,122.1,0.06005,0.442,3.24079041
1574627049059,122.1,0.06005,0.442,3.24079041
1574627049122,122.1,0.060110000000000004,0.442,3.244028502
1574627049168,122.1,0.060110000000000004,0.442,3.244028502
1574627049213,122.1,0.060110000000000004,0.442,3.244028502
1574627049258,122.1,0.060110000000000004,0.442,3.244028502
1574627049322,122.1,0.06013,0.441,3.237765993
1574627049368,122.1,0.06013,0.441,3.237765993
1574627049413,122.1,0.06013,0.441,3.237765993
1574627049459,122.1,0.06013,0.441,3.237765993
1574627049522,122.1,0.05995,0.443,3.242713485
1574627049567,122.1,0.05995,0.443,3.242713485
1574627049613,122.1,0.05995,0.443,3.242713485
1574627049659,122.1,0.05995,0.443,3.242713485
1574627049722,122.1,0.05992,0.443,3.2410907759999996
1574627049768,122.1,0.05992,0.443,3.2410907759999996
1574627049813,122.1,0.05992,0.443,3.2410907759999996
1574627049859,122.1,0.05992,0.443,3.2410907759999996
1574627049922,122.1,0.06155,0.446,3.35180373
1574627049967,122.1,0.06155,0.446,3.35180373
1574627050013,122.1,0.06155,0.446,3.35180373
1574627050059,122.1,0.06155,0.446,3.35180373
1574627050122,122.1,0.06357,0.453,3.5161393409999997
1574627050168,122.1,0.06357,0.453,3.5161393409999997
1574627050214,122.1,0.06357,0.453,3.5161393409999997
1574627050260,122.1,0.06357,0.453,3.5161393409999997
1574627050322,122.1,0.06361,0.453,3.518351793
1574627050368,122.1,0.06361,0.453,3.518351793
1574627050414,122.1,0.06361,0.453,3.518351793
1574627050459,122.1,0.06361,0.453,3.518351793
1574627050522,122.1,0.06743,0.454,3.737874162
1574627050568,122.1,0.06743,0.454,3.737874162
1574627050614,122.1,0.06743,0.454,3.737874162
1574627050660,122.1,0.06743,0.454,3.737874162
1574627050723,122.2,0.06859,0.456,3.8220542880000004
1574627050769,122.2,0.06859,0.456,3.8220542880000004
1574627050815,122.2,0.06859,0.456,3.8220542880000004
1574627050861,122.2,0.06859,0.456,3.8220542880000004
1574627050922,122.1,0.06114,0.445,3.3220113299999996
1574627050968,122.1,0.06114,0.445,3.3220113299999996
1574627051014,122.1,0.06114,0.445,3.3220113299999996
1574627051060,122.1,0.06114,0.445,3.3220113299999996
1574627051122,122.1,0.05978,0.445,3.2481164099999997
1574627051168,122.1,0.05978,0.445,3.2481164099999997
1574627051213,122.1,0.05978,0.445,3.2481164099999997
1574627051259,122.1,0.05978,0.445,3.2481164099999997
1574627051322,122.1,0.05964,0.445,3.2405095799999994
1574627051367,122.1,0.05964,0.445,3.2405095799999994
1574627051413,122.1,0.05964,0.445,3.2405095799999994
1574627051459,122.1,0.05964,0.445,3.2405095799999994
1574627051523,122.1,0.05961,0.447,3.2534363070000003
1574627051569,122.1,0.05961,0.447,3.2534363070000003
1574627051615,122.1,0.05961,0.447,3.2534363070000003
1574627051661,122.1,0.05961,0.447,3.2534363070000003
1574627051723,122.1,0.05962,0.445,3.2394228899999997
1574627051769,122.1,0.05962,0.445,3.2394228899999997
1574627051815,122.1,0.05962,0.445,3.2394228899999997
1574627051861,122.1,0.05962,0.445,3.2394228899999997
1574627051922,122.1,0.05939,0.447,3.2414289929999995
1574627051968,122.1,0.05939,0.447,3.2414289929999995
1574627052014,122.1,0.05939,0.447,3.2414289929999995
1574627052060,122.1,0.05939,0.447,3.2414289929999995
1574627052122,122.1,0.05949,0.446,3.239623134
1574627052167,122.1,0.05949,0.446,3.239623134
1574627052213,122.1,0.05949,0.446,3.239623134
1574627052258,122.1,0.05949,0.446,3.239623134
1574627052323,122.1,0.05958,0.445,3.2372495100000003
1574627052368,122.1,0.05958,0.445,3.2372495100000003
1574627052413,122.1,0.05958,0.445,3.2372495100000003
1574627052458,122.1,0.05958,0.445,3.2372495100000003
1574627052522,122.1,0.05978,0.444,3.2408172719999997
1574627052567,122.1,0.05978,0.444,3.2408172719999997
1574627052612,122.1,0.05978,0.444,3.2408172719999997
1574627052657,122.1,0.05978,0.444,3.2408172719999997
1574627052723,122.1,0.05974,0.444,3.238648776
1574627052767,122.1,0.05974,0.444,3.238648776
1574627052812,122.1,0.05974,0.444,3.238648776
1574627052857,122.1,0.05974,0.444,3.238648776
1574627052923,122.1,0.05995,0.443,3.242713485
1574627052968,122.1,0.05995,0.443,3.242713485
1574627053012,122.1,0.05995,0.443,3.242713485
1574627053057,122.1,0.05995,0.443,3.242713485
1574627053122,122.1,0.06007,0.442,3.241869774
1574627053167,122.1,0.06007,0.442,3.241869774
1574627053212,122.1,0.06007,0.442,3.241869774
1574627053256,122.1,0.06007,0.442,3.241869774
1574627053322,122.1,0.06015,0.441,3.238842915
1574627053367,122.1,0.06015,0.441,3.238842915
1574627053412,122.1,0.06015,0.441,3.238842915
1574627053457,122.1,0.06015,0.441,3.238842915
1574627053523,122.1,0.060020000000000004,0.442,3.239171364
1574627053568,122.1,0.060020000000000004,0.442,3.239171364
1574627053614,122.1,0.060020000000000004,0.442,3.239171364
1574627053660,122.1,0.060020000000000004,0.442,3.239171364
1574627053723,122.1,0.05974,0.444,3.238648776
1574627053769,122.1,0.05974,0.444,3.238648776
1574627053814,122.1,0.05974,0.444,3.238648776
1574627053860,122.1,0.05974,0.444,3.238648776
1574627053922,122.1,0.059570000000000005,0.445,3.236706165
1574627053968,122.1,0.059570000000000005,0.445,3.236706165
1574627054014,122.1,0.059570000000000005,0.445,3.236706165
1574627054060,122.1,0.059570000000000005,0.445,3.236706165
1574627054122,122.1,0.05945,0.446,3.23744487
1574627054168,122.1,0.05945,0.446,3.23744487
1574627054213,122.1,0.05945,0.446,3.23744487
1574627054259,122.1,0.05945,0.446,3.23744487
1574627054323,122.1,0.05985,0.443,3.237304455
1574627054369,122.1,0.05985,0.443,3.237304455
1574627054415,122.1,0.05985,0.443,3.237304455
1574627054460,122.1,0.05985,0.443,3.237304455
1574627054523,122.2,0.059930000000000004,0.443,3.244286578
1574627054569,122.2,0.059930000000000004,0.443,3.244286578
1574627054614,122.2,0.059930000000000004,0.443,3.244286578
1574627054660,122.2,0.059930000000000004,0.443,3.244286578
1574627054722,122.2,0.05998,0.442,3.2396637520000002
1574627054768,122.2,0.05998,0.442,3.2396637520000002
1574627054813,122.2,0.05998,0.442,3.2396637520000002
1574627054859,122.2,0.05998,0.442,3.2396637520000002
1574627054923,122.2,0.06013,0.441,3.2404177260000004
1574627054969,122.2,0.06013,0.441,3.2404177260000004
1574627055015,122.2,0.06013,0.441,3.2404177260000004
1574627055061,122.2,0.06013,0.441,3.2404177260000004
1574627055123,122.1,0.05999,0.442,3.2375523179999997
1574627055169,122.1,0.05999,0.442,3.2375523179999997
1574627055215,122.1,0.05999,0.442,3.2375523179999997
1574627055260,122.1,0.05999,0.442,3.2375523179999997
1574627055322,122.1,0.059930000000000004,0.443,3.241631679
1574627055368,122.1,0.059930000000000004,0.443,3.241631679
1574627055414,122.1,0.059930000000000004,0.443,3.241631679
1574627055459,122.1,0.059930000000000004,0.443,3.241631679
1574627055523,122.1,0.06335,0.449,3.473030715
1574627055569,122.1,0.06335,0.449,3.473030715
1574627055615,122.1,0.06335,0.449,3.473030715
1574627055661,122.1,0.06335,0.449,3.473030715
1574627055723,122.1,0.06399,0.451,3.523743729
1574627055768,122.1,0.06399,0.451,3.523743729
1574627055814,122.1,0.06399,0.451,3.523743729
1574627055860,122.1,0.06399,0.451,3.523743729
1574627055923,122.1,0.06395,0.454,3.54496593
1574627055970,122.1,0.06395,0.454,3.54496593
1574627056016,122.1,0.06395,0.454,3.54496593
1574627056061,122.1,0.06395,0.454,3.54496593
1574627056122,122.1,0.05972,0.446,3.252148152
1574627056168,122.1,0.05972,0.446,3.252148152
1574627056213,122.1,0.05972,0.446,3.252148152
1574627056259,122.1,0.05972,0.446,3.252148152
1574627056323,122.1,0.05983,0.444,3.243527892
1574627056369,122.1,0.05983,0.444,3.243527892
1574627056415,122.1,0.05983,0.444,3.243527892
1574627056461,122.1,0.05983,0.444,3.243527892
1574627056523,122.1,0.059840000000000004,0.444,3.2440700160000002
1574627056569,122.1,0.059840000000000004,0.444,3.2440700160000002
1574627056615,122.1,0.059840000000000004,0.444,3.2440700160000002
1574627056660,122.1,0.059840000000000004,0.444,3.2440700160000002
1574627056723,122.1,0.05991,0.443,3.2405498729999995
1574627056768,122.1,0.05991,0.443,3.2405498729999995
1574627056814,122.1,0.05991,0.443,3.2405498729999995
1574627056859,122.1,0.05991,0.443,3.2405498729999995
1574627056923,122.1,0.05989,0.443,3.239468067
1574627056969,122.1,0.05989,0.443,3.239468067
1574627057015,122.1,0.05989,0.443,3.239468067
1574627057061,122.1,0.05989,0.443,3.239468067
1574627057123,122.0,0.05981,0.444,3.2397880800000003
1574627057169,122.0,0.05981,0.444,3.2397880800000003
1574627057215,122.0,0.05981,0.444,3.2397880800000003
1574627057261,122.0,0.05981,0.444,3.2397880800000003
1574627057323,122.1,0.0598,0.444,3.24190152
1574627057369,122.1,0.0598,0.444,3.24190152
1574627057414,122.1,0.0598,0.444,3.24190152
1574627057460,122.1,0.0598,0.444,3.24190152
1574627057523,122.1,0.05978,0.444,3.2408172719999997
1574627057569,122.1,0.05978,0.444,3.2408172719999997
1574627057614,122.1,0.05978,0.444,3.2408172719999997
1574627057659,122.1,0.05978,0.444,3.2408172719999997
1574627057722,122.1,0.05939,0.446,3.2341774739999996
1574627057767,122.1,0.05939,0.446,3.2341774739999996
1574627057812,122.1,0.05939,0.446,3.2341774739999996
1574627057857,122.1,0.05939,0.446,3.2341774739999996
1574627057923,122.1,0.05945,0.446,3.23744487
1574627057968,122.1,0.05945,0.446,3.23744487
1574627058013,122.1,0.05945,0.446,3.23744487
1574627058059,122.1,0.05945,0.446,3.23744487
1574627058122,122.1,0.05958,0.445,3.2372495100000003
1574627058167,122.1,0.05958,0.445,3.2372495100000003
1574627058212,122.1,0.05958,0.445,3.2372495100000003
1574627058257,122.1,0.05958,0.445,3.2372495100000003
1574627058301,122.1,0.05958,0.445,3.2372495100000003
1574627058346,122.1,0.059750000000000004,0.444,3.2391909
1574627058391,122.1,0.059750000000000004,0.444,3.2391909
1574627058436,122.1,0.059750000000000004,0.444,3.2391909
1574627058480,122.1,0.059750000000000004,0.444,3.2391909
1574627058525,122.1,0.05981,0.444,3.2424436439999997
1574627058570,122.1,0.05981,0.444,3.2424436439999997
1574627058616,122.1,0.05981,0.444,3.2424436439999997
1574627058662,122.1,0.05981,0.444,3.2424436439999997
1574627058723,122.1,0.05983,0.443,3.236222649
1574627058768,122.1,0.05983,0.443,3.236222649
1574627058813,122.1,0.05983,0.443,3.236222649
1574627058857,122.1,0.05983,0.443,3.236222649
1574627058923,122.1,0.05987,0.443,3.238386261
1574627058968,122.1,0.05987,0.443,3.238386261
1574627059014,122.1,0.05987,0.443,3.238386261
1574627059060,122.1,0.05987,0.443,3.238386261
1574627059123,122.1,0.05988,0.443,3.238927164
1574627059169,122.1,0.05988,0.443,3.238927164
1574627059215,122.1,0.05988,0.443,3.238927164
1574627059261,122.1,0.05988,0.443,3.238927164
1574627059323,122.1,0.060020000000000004,0.442,3.239171364
1574627059369,122.1,0.060020000000000004,0.442,3.239171364
1574627059415,122.1,0.060020000000000004,0.442,3.239171364
1574627059460,122.1,0.060020000000000004,0.442,3.239171364
1574627059523,122.2,0.059680000000000004,0.445,3.2453387200000003
1574627059568,122.2,0.059680000000000004,0.445,3.2453387200000003
1574627059614,122.2,0.059680000000000004,0.445,3.2453387200000003
1574627059660,122.2,0.059680000000000004,0.445,3.2453387200000003
1574627059723,122.2,0.05952,0.445,3.2366380800000005
1574627059769,122.2,0.05952,0.445,3.2366380800000005
1574627059815,122.2,0.05952,0.445,3.2366380800000005
1574627059860,122.2,0.05952,0.445,3.2366380800000005
1574627059923,122.1,0.05972,0.444,3.237564528
1574627059968,122.1,0.05972,0.444,3.237564528
1574627060014,122.1,0.05972,0.444,3.237564528
1574627060060,122.1,0.05972,0.444,3.237564528
1574627060124,122.1,0.05995,0.442,3.23539359
1574627060170,122.1,0.05995,0.442,3.23539359
1574627060216,122.1,0.05995,0.442,3.23539359
1574627060262,122.1,0.05995,0.442,3.23539359
1574627060324,122.1,0.05995,0.443,3.242713485
1574627060370,122.1,0.05995,0.443,3.242713485
1574627060416,122.1,0.05995,0.443,3.242713485
1574627060462,122.1,0.05995,0.443,3.242713485
1574627060524,122.1,0.059930000000000004,0.443,3.241631679
1574627060570,122.1,0.059930000000000004,0.443,3.241631679
1574627060615,122.1,0.059930000000000004,0.443,3.241631679
1574627060662,122.1,0.059930000000000004,0.443,3.241631679
1574627060723,122.1,0.05967,0.445,3.2421396149999997
1574627060769,122.1,0.05967,0.445,3.2421396149999997
1574627060815,122.1,0.05967,0.445,3.2421396149999997
1574627060860,122.1,0.05967,0.445,3.2421396149999997
1574627060923,122.1,0.05997,0.442,3.236472954
1574627060968,122.1,0.05997,0.442,3.236472954
1574627061014,122.1,0.05997,0.442,3.236472954
1574627061059,122.1,0.05997,0.442,3.236472954
1574627061123,122.1,0.06531999999999999,0.449,3.581031827999999
1574627061169,122.1,0.06531999999999999,0.449,3.581031827999999
1574627061214,122.1,0.06531999999999999,0.449,3.581031827999999
1574627061259,122.1,0.06531999999999999,0.449,3.581031827999999
1574627061323,122.0,0.06405,0.448,3.5007168
1574627061369,122.0,0.06405,0.448,3.5007168
1574627061414,122.0,0.06405,0.448,3.5007168
1574627061460,122.0,0.06405,0.448,3.5007168
1574627061523,122.1,0.06647,0.453,3.6765421110000003
1574627061568,122.1,0.06647,0.453,3.6765421110000003
1574627061614,122.1,0.06647,0.453,3.6765421110000003
1574627061659,122.1,0.06647,0.453,3.6765421110000003
1574627061723,122.1,0.06874,0.456,3.8272782239999996
1574627061769,122.1,0.06874,0.456,3.8272782239999996
1574627061814,122.1,0.06874,0.456,3.8272782239999996
1574627061860,122.1,0.06874,0.456,3.8272782239999996
1574627061923,122.1,0.06379,0.445,3.465997755
1574627061969,122.1,0.06379,0.445,3.465997755
1574627062015,122.1,0.06379,0.445,3.465997755
1574627062061,122.1,0.06379,0.445,3.465997755
1574627062123,122.1,0.059930000000000004,0.443,3.241631679
1574627062169,122.1,0.059930000000000004,0.443,3.241631679
1574627062215,122.1,0.059930000000000004,0.443,3.241631679
1574627062260,122.1,0.059930000000000004,0.443,3.241631679
1574627062324,122.1,0.0601,0.442,3.24348882
1574627062370,122.1,0.0601,0.442,3.24348882
1574627062416,122.1,0.0601,0.442,3.24348882
1574627062462,122.1,0.0601,0.442,3.24348882
1574627062524,122.1,0.05985,0.444,3.2446121399999996
1574627062570,122.1,0.05985,0.444,3.2446121399999996
1574627062616,122.1,0.05985,0.444,3.2446121399999996
1574627062662,122.1,0.05985,0.444,3.2446121399999996
1574627062723,122.1,0.05985,0.444,3.2446121399999996
1574627062769,122.1,0.05985,0.444,3.2446121399999996
1574627062815,122.1,0.05985,0.444,3.2446121399999996
1574627062861,122.1,0.05985,0.444,3.2446121399999996
1574627062923,122.1,0.059750000000000004,0.444,3.2391909
1574627062969,122.1,0.059750000000000004,0.444,3.2391909
1574627063015,122.1,0.059750000000000004,0.444,3.2391909
1574627063061,122.1,0.059750000000000004,0.444,3.2391909
1574627063123,122.1,0.05974,0.444,3.238648776
1574627063168,122.1,0.05974,0.444,3.238648776
1574627063213,122.1,0.05974,0.444,3.238648776
1574627063258,122.1,0.05974,0.444,3.238648776
1574627063323,122.1,0.059570000000000005,0.446,3.243979662
1574627063369,122.1,0.059570000000000005,0.446,3.243979662
1574627063414,122.1,0.059570000000000005,0.446,3.243979662
1574627063460,122.1,0.059570000000000005,0.446,3.243979662
1574627063524,122.1,0.05939,0.447,3.2414289929999995
1574627063569,122.1,0.05939,0.447,3.2414289929999995
1574627063614,122.1,0.05939,0.447,3.2414289929999995
1574627063659,122.1,0.05939,0.447,3.2414289929999995
1574627063724,122.1,0.059430000000000004,0.447,3.243612141
1574627063769,122.1,0.059430000000000004,0.447,3.243612141
1574627063814,122.1,0.059430000000000004,0.447,3.243612141
1574627063860,122.1,0.059430000000000004,0.447,3.243612141
1574627063923,122.1,0.06001,0.442,3.238631682
1574627063969,122.1,0.06001,0.442,3.238631682
1574627064015,122.1,0.06001,0.442,3.238631682
1574627064061,122.1,0.06001,0.442,3.238631682
1574627064124,122.1,0.060020000000000004,0.442,3.239171364
1574627064170,122.1,0.060020000000000004,0.442,3.239171364
1574627064216,122.1,0.060020000000000004,0.442,3.239171364
1574627064262,122.1,0.060020000000000004,0.442,3.239171364
1574627064324,122.1,0.06004,0.442,3.240250728
1574627064370,122.1,0.06004,0.442,3.240250728
1574627064415,122.1,0.06004,0.442,3.240250728
1574627064461,122.1,0.06004,0.442,3.240250728
1574627064523,122.1,0.06016,0.441,3.239381376
1574627064570,122.1,0.06016,0.441,3.239381376
1574627064616,122.1,0.06016,0.441,3.239381376
1574627064662,122.1,0.06016,0.441,3.239381376
1574627064724,122.1,0.059930000000000004,0.443,3.241631679
1574627064770,122.1,0.059930000000000004,0.443,3.241631679
1574627064816,122.1,0.059930000000000004,0.443,3.241631679
1574627064862,122.1,0.059930000000000004,0.443,3.241631679
1574627064923,122.1,0.060110000000000004,0.442,3.244028502
1574627064969,122.1,0.060110000000000004,0.442,3.244028502
1574627065015,122.1,0.060110000000000004,0.442,3.244028502
1574627065061,122.1,0.060110000000000004,0.442,3.244028502
1574627065123,122.1,0.0597,0.444,3.23648028
1574627065169,122.1,0.0597,0.444,3.23648028
1574627065215,122.1,0.0597,0.444,3.23648028
1574627065260,122.1,0.0597,0.444,3.23648028
1574627065324,122.1,0.05967,0.445,3.2421396149999997
1574627065370,122.1,0.05967,0.445,3.2421396149999997
1574627065416,122.1,0.05967,0.445,3.2421396149999997
1574627065462,122.1,0.05967,0.445,3.2421396149999997
1574627065524,122.1,0.05966,0.445,3.2415962699999996
1574627065570,122.1,0.05966,0.445,3.2415962699999996
1574627065616,122.1,0.05966,0.445,3.2415962699999996
1574627065662,122.1,0.05966,0.445,3.2415962699999996
1574627065724,122.1,0.06001,0.442,3.238631682
1574627065770,122.1,0.06001,0.442,3.238631682
1574627065815,122.1,0.06001,0.442,3.238631682
1574627065861,122.1,0.06001,0.442,3.238631682
1574627065924,122.1,0.0596,0.445,3.2383362
1574627065970,122.1,0.0596,0.445,3.2383362
1574627066016,122.1,0.0596,0.445,3.2383362
1574627066061,122.1,0.0596,0.445,3.2383362
1574627066124,122.1,0.059840000000000004,0.444,3.2440700160000002
1574627066170,122.1,0.059840000000000004,0.444,3.2440700160000002
1574627066216,122.1,0.059840000000000004,0.444,3.2440700160000002
1574627066262,122.1,0.059840000000000004,0.444,3.2440700160000002
1574627066324,122.1,0.05976,0.444,3.239733024
1574627066370,122.1,0.05976,0.444,3.239733024
1574627066416,122.1,0.05976,0.444,3.239733024
1574627066462,122.1,0.05976,0.444,3.239733024
1574627066523,122.1,0.062329999999999997,0.447,3.4018903709999995
1574627066569,122.1,0.062329999999999997,0.447,3.4018903709999995
1574627066615,122.1,0.062329999999999997,0.447,3.4018903709999995
1574627066661,122.1,0.062329999999999997,0.447,3.4018903709999995
1574627066724,122.1,0.06429000000000001,0.451,3.540263859000001
1574627066770,122.1,0.06429000000000001,0.451,3.540263859000001
1574627066816,122.1,0.06429000000000001,0.451,3.540263859000001
1574627066862,122.1,0.06429000000000001,0.451,3.540263859000001
1574627066923,122.1,0.06393,0.452,3.528245556
1574627066969,122.1,0.06393,0.452,3.528245556
1574627067015,122.1,0.06393,0.452,3.528245556
1574627067061,122.1,0.06393,0.452,3.528245556
1574627067123,122.1,0.06103,0.449,3.345841587
1574627067170,122.1,0.06103,0.449,3.345841587
1574627067216,122.1,0.06103,0.449,3.345841587
1574627067262,122.1,0.06103,0.449,3.345841587
1574627067324,122.1,0.0594,0.447,3.24197478
1574627067370,122.1,0.0594,0.447,3.24197478
1574627067416,122.1,0.0594,0.447,3.24197478
1574627067462,122.1,0.0594,0.447,3.24197478
1574627067524,122.1,0.05936,0.447,3.2397916319999998
1574627067570,122.1,0.05936,0.447,3.2397916319999998
1574627067616,122.1,0.05936,0.447,3.2397916319999998
1574627067662,122.1,0.05936,0.447,3.2397916319999998
1574627067723,122.1,0.05962,0.445,3.2394228899999997
1574627067769,122.1,0.05962,0.445,3.2394228899999997
1574627067815,122.1,0.05962,0.445,3.2394228899999997
1574627067861,122.1,0.05962,0.445,3.2394228899999997
1574627067924,122.1,0.05954,0.446,3.242345964
1574627067970,122.1,0.05954,0.446,3.242345964
1574627068016,122.1,0.05954,0.446,3.242345964
1574627068062,122.1,0.05954,0.446,3.242345964
1574627068124,122.1,0.05958,0.445,3.2372495100000003
1574627068170,122.1,0.05958,0.445,3.2372495100000003
1574627068216,122.1,0.05958,0.445,3.2372495100000003
1574627068262,122.1,0.05958,0.445,3.2372495100000003
1574627068324,122.1,0.059570000000000005,0.445,3.236706165
1574627068370,122.1,0.059570000000000005,0.445,3.236706165
1574627068417,122.1,0.059570000000000005,0.445,3.236706165
1574627068462,122.1,0.059570000000000005,0.445,3.236706165
1574627068524,122.1,0.05994,0.443,3.242172582
1574627068570,122.1,0.05994,0.443,3.242172582
1574627068616,122.1,0.05994,0.443,3.242172582
1574627068662,122.1,0.05994,0.443,3.242172582
1574627068724,122.1,0.06012,0.442,3.244568184
1574627068769,122.1,0.06012,0.442,3.244568184
1574627068814,122.1,0.06012,0.442,3.244568184
1574627068859,122.1,0.06012,0.442,3.244568184
1574627068924,122.1,0.059680000000000004,0.445,3.2426829600000002
1574627068970,122.1,0.059680000000000004,0.445,3.2426829600000002
1574627069015,122.1,0.059680000000000004,0.445,3.2426829600000002
1574627069059,122.1,0.059680000000000004,0.445,3.2426829600000002
1574627069124,122.1,0.05927,0.448,3.242116416
1574627069169,122.1,0.05927,0.448,3.242116416
1574627069214,122.1,0.05927,0.448,3.242116416
1574627069259,122.1,0.05927,0.448,3.242116416
1574627069323,122.1,0.05919,0.449,3.244967451
1574627069368,122.1,0.05919,0.449,3.244967451
1574627069413,122.1,0.05919,0.449,3.244967451
1574627069458,122.1,0.05919,0.449,3.244967451
1574627069502,122.1,0.05919,0.449,3.244967451
1574627069547,122.1,0.05976,0.444,3.239733024
1574627069592,122.1,0.05976,0.444,3.239733024
1574627069637,122.1,0.05976,0.444,3.239733024
1574627069681,122.1,0.05976,0.444,3.239733024
1574627069726,122.1,0.05988,0.443,3.238927164
1574627069771,122.1,0.05988,0.443,3.238927164
1574627069816,122.1,0.05988,0.443,3.238927164
1574627069861,122.1,0.05988,0.443,3.238927164
1574627069924,122.1,0.06003,0.442,3.239711046
1574627069969,122.1,0.06003,0.442,3.239711046
1574627070014,122.1,0.06003,0.442,3.239711046
1574627070059,122.1,0.06003,0.442,3.239711046
1574627070124,122.1,0.060020000000000004,0.442,3.239171364
1574627070170,122.1,0.060020000000000004,0.442,3.239171364
1574627070216,122.1,0.060020000000000004,0.442,3.239171364
1574627070261,122.1,0.060020000000000004,0.442,3.239171364
1574627070324,122.1,0.06053,0.443,3.274085859
1574627070370,122.1,0.06053,0.443,3.274085859
1574627070415,122.1,0.06053,0.443,3.274085859
1574627070461,122.1,0.06053,0.443,3.274085859
1574627070524,122.1,0.05994,0.443,3.242172582
1574627070569,122.1,0.05994,0.443,3.242172582
1574627070615,122.1,0.05994,0.443,3.242172582
1574627070661,122.1,0.05994,0.443,3.242172582
1574627070724,122.1,0.05985,0.444,3.2446121399999996
1574627070770,122.1,0.05985,0.444,3.2446121399999996
1574627070815,122.1,0.05985,0.444,3.2446121399999996
1574627070861,122.1,0.05985,0.444,3.2446121399999996
1574627070924,122.1,0.05966,0.445,3.2415962699999996
1574627070969,122.1,0.05966,0.445,3.2415962699999996
1574627071015,122.1,0.05966,0.445,3.2415962699999996
1574627071061,122.1,0.05966,0.445,3.2415962699999996
1574627071124,122.1,0.05955,0.446,3.24289053
1574627071170,122.1,0.05955,0.446,3.24289053
1574627071216,122.1,0.05955,0.446,3.24289053
1574627071261,122.1,0.05955,0.446,3.24289053
1574627071324,122.1,0.0593,0.447,3.2365169099999997
1574627071370,122.1,0.0593,0.447,3.2365169099999997
1574627071416,122.1,0.0593,0.447,3.2365169099999997
1574627071462,122.1,0.0593,0.447,3.2365169099999997
1574627071524,122.1,0.05983,0.444,3.243527892
1574627071569,122.1,0.05983,0.444,3.243527892
1574627071615,122.1,0.05983,0.444,3.243527892
1574627071661,122.1,0.05983,0.444,3.243527892
1574627071724,122.1,0.05969,0.445,3.243226305
1574627071770,122.1,0.05969,0.445,3.243226305
1574627071816,122.1,0.05969,0.445,3.243226305
1574627071861,122.1,0.05969,0.445,3.243226305
1574627071925,122.1,0.05971,0.445,3.2443129949999996
1574627071971,122.1,0.05971,0.445,3.2443129949999996
1574627072016,122.1,0.05971,0.445,3.2443129949999996
1574627072062,122.1,0.05971,0.445,3.2443129949999996
1574627072124,122.1,0.06374,0.452,3.517759608
1574627072170,122.1,0.06374,0.452,3.517759608
1574627072215,122.1,0.06374,0.452,3.517759608
1574627072261,122.1,0.06374,0.452,3.517759608
1574627072324,122.1,0.06386,0.452,3.524382312
1574627072370,122.1,0.06386,0.452,3.524382312
1574627072416,122.1,0.06386,0.452,3.524382312
1574627072461,122.1,0.06386,0.452,3.524382312
1574627072525,122.1,0.06503,0.456,3.620714328
1574627072571,122.1,0.06503,0.456,3.620714328
1574627072617,122.1,0.06503,0.456,3.620714328
1574627072663,122.1,0.06503,0.456,3.620714328
1574627072724,122.1,0.06826,0.459,3.825556614
1574627072770,122.1,0.06826,0.459,3.825556614
1574627072816,122.1,0.06826,0.459,3.825556614
1574627072862,122.1,0.06826,0.459,3.825556614
1574627072924,122.1,0.06459000000000001,0.455,3.5883297450000007
1574627072970,122.1,0.06459000000000001,0.455,3.5883297450000007
1574627073015,122.1,0.06459000000000001,0.455,3.5883297450000007
1574627073061,122.1,0.06459000000000001,0.455,3.5883297450000007
1574627073124,122.1,0.05913,0.45,3.24889785
1574627073170,122.1,0.05913,0.45,3.24889785
1574627073215,122.1,0.05913,0.45,3.24889785
1574627073262,122.1,0.05913,0.45,3.24889785
1574627073324,122.1,0.05954,0.446,3.242345964
1574627073371,122.1,0.05954,0.446,3.242345964
1574627073417,122.1,0.05954,0.446,3.242345964
1574627073462,122.1,0.05954,0.446,3.242345964
1574627073524,122.1,0.05978,0.444,3.2408172719999997
1574627073569,122.1,0.05978,0.444,3.2408172719999997
1574627073614,122.1,0.05978,0.444,3.2408172719999997
1574627073660,122.1,0.05978,0.444,3.2408172719999997
1574627073724,122.2,0.05964,0.445,3.2431635599999997
1574627073771,122.2,0.05964,0.445,3.2431635599999997
1574627073816,122.2,0.05964,0.445,3.2431635599999997
1574627073862,122.2,0.05964,0.445,3.2431635599999997
1574627073925,122.2,0.05949,0.446,3.2422763880000005
1574627073970,122.2,0.05949,0.446,3.2422763880000005
1574627074015,122.2,0.05949,0.446,3.2422763880000005
1574627074059,122.2,0.05949,0.446,3.2422763880000005
1574627074124,122.2,0.05936,0.447,3.2424450240000002
1574627074169,122.2,0.05936,0.447,3.2424450240000002
1574627074214,122.2,0.05936,0.447,3.2424450240000002
1574627074259,122.2,0.05936,0.447,3.2424450240000002
1574627074325,122.2,0.05966,0.445,3.2442511400000003
1574627074370,122.2,0.05966,0.445,3.2442511400000003
1574627074414,122.2,0.05966,0.445,3.2442511400000003
1574627074459,122.2,0.05966,0.445,3.2442511400000003
1574627074524,122.2,0.05958,0.446,3.2471814960000005
1574627074569,122.2,0.05958,0.446,3.2471814960000005
1574627074614,122.2,0.05958,0.446,3.2471814960000005
1574627074660,122.2,0.05958,0.446,3.2471814960000005
1574627074725,122.2,0.05927,0.448,3.2447717120000004
1574627074770,122.2,0.05927,0.448,3.2447717120000004
1574627074814,122.2,0.05927,0.448,3.2447717120000004
1574627074859,122.2,0.05927,0.448,3.2447717120000004
1574627074924,122.2,0.059140000000000005,0.449,3.2448816920000003
1574627074970,122.2,0.059140000000000005,0.449,3.2448816920000003
1574627075015,122.2,0.059140000000000005,0.449,3.2448816920000003
1574627075061,122.2,0.059140000000000005,0.449,3.2448816920000003
1574627075125,122.1,0.0594,0.447,3.24197478
1574627075171,122.1,0.0594,0.447,3.24197478
1574627075217,122.1,0.0594,0.447,3.24197478
1574627075263,122.1,0.0594,0.447,3.24197478
1574627075325,122.1,0.05961,0.445,3.238879545
1574627075371,122.1,0.05961,0.445,3.238879545
1574627075417,122.1,0.05961,0.445,3.238879545
1574627075463,122.1,0.05961,0.445,3.238879545
1574627075524,122.1,0.0599,0.443,3.24000897
1574627075570,122.1,0.0599,0.443,3.24000897
1574627075616,122.1,0.0599,0.443,3.24000897
1574627075662,122.1,0.0599,0.443,3.24000897
1574627075725,122.1,0.0599,0.443,3.24000897
1574627075771,122.1,0.0599,0.443,3.24000897
1574627075817,122.1,0.0599,0.443,3.24000897
1574627075863,122.1,0.0599,0.443,3.24000897
1574627075925,122.1,0.05991,0.443,3.2405498729999995
1574627075971,122.1,0.05991,0.443,3.2405498729999995
1574627076017,122.1,0.05991,0.443,3.2405498729999995
1574627076063,122.1,0.05991,0.443,3.2405498729999995
1574627076125,122.1,0.05974,0.445,3.24594303
1574627076171,122.1,0.05974,0.445,3.24594303
1574627076217,122.1,0.05974,0.445,3.24594303
1574627076263,122.1,0.05974,0.445,3.24594303
1574627076325,122.0,0.05994,0.443,3.23951724
1574627076371,122.0,0.05994,0.443,3.23951724
1574627076417,122.0,0.05994,0.443,3.23951724
1574627076463,122.0,0.05994,0.443,3.23951724
1574627076524,122.0,0.05982,0.444,3.24032976
1574627076570,122.0,0.05982,0.444,3.24032976
1574627076616,122.0,0.05982,0.444,3.24032976
1574627076662,122.0,0.05982,0.444,3.24032976
1574627076724,122.1,0.0594,0.448,3.2492275200000003
1574627076770,122.1,0.0594,0.448,3.2492275200000003
1574627076816,122.1,0.0594,0.448,3.2492275200000003
1574627076862,122.1,0.0594,0.448,3.2492275200000003
1574627076925,122.1,0.05955,0.446,3.24289053
1574627076971,122.1,0.05955,0.446,3.24289053
1574627077017,122.1,0.05955,0.446,3.24289053
1574627077063,122.1,0.05955,0.446,3.24289053
1574627077125,122.1,0.05953,0.446,3.241801398
1574627077171,122.1,0.05953,0.446,3.241801398
1574627077217,122.1,0.05953,0.446,3.241801398
1574627077263,122.1,0.05953,0.446,3.241801398
1574627077324,122.1,0.05948,0.447,3.2463410759999998
1574627077370,122.1,0.05948,0.447,3.2463410759999998
1574627077415,122.1,0.05948,0.447,3.2463410759999998
1574627077461,122.1,0.05948,0.447,3.2463410759999998
1574627077525,122.1,0.06071,0.446,3.306060186
1574627077571,122.1,0.06071,0.446,3.306060186
1574627077617,122.1,0.06071,0.446,3.306060186
1574627077663,122.1,0.06071,0.446,3.306060186
1574627077725,122.1,0.06429000000000001,0.453,3.5559634770000006
1574627077771,122.1,0.06429000000000001,0.453,3.5559634770000006
1574627077817,122.1,0.06429000000000001,0.453,3.5559634770000006
1574627077863,122.1,0.06429000000000001,0.453,3.5559634770000006
1574627077924,122.2,0.06414,0.451,3.5348965080000005
1574627077970,122.2,0.06414,0.451,3.5348965080000005
1574627078016,122.2,0.06414,0.451,3.5348965080000005
1574627078062,122.2,0.06414,0.451,3.5348965080000005
1574627078125,122.2,0.06221,0.45,3.4209279
1574627078171,122.2,0.06221,0.45,3.4209279
1574627078216,122.2,0.06221,0.45,3.4209279
1574627078262,122.2,0.06221,0.45,3.4209279
1574627078325,122.2,0.05956,0.446,3.2460914720000003
1574627078372,122.2,0.05956,0.446,3.2460914720000003
1574627078418,122.2,0.05956,0.446,3.2460914720000003
1574627078464,122.2,0.05956,0.446,3.2460914720000003
1574627078525,122.2,0.0594,0.447,3.24462996
1574627078571,122.2,0.0594,0.447,3.24462996
1574627078617,122.2,0.0594,0.447,3.24462996
1574627078663,122.2,0.0594,0.447,3.24462996
1574627078724,122.2,0.05923,0.448,3.242581888
1574627078770,122.2,0.05923,0.448,3.242581888
1574627078815,122.2,0.05923,0.448,3.242581888
1574627078861,122.2,0.05923,0.448,3.242581888
1574627078925,122.2,0.05916,0.448,3.2387496959999997
1574627078970,122.2,0.05916,0.448,3.2387496959999997
1574627079015,122.2,0.05916,0.448,3.2387496959999997
1574627079061,122.2,0.05916,0.448,3.2387496959999997
1574627079125,122.2,0.0592,0.448,3.2409395200000004
1574627079170,122.2,0.0592,0.448,3.2409395200000004
1574627079215,122.2,0.0592,0.448,3.2409395200000004
1574627079261,122.2,0.0592,0.448,3.2409395200000004
1574627079325,122.2,0.05937,0.447,3.242991258
1574627079370,122.2,0.05937,0.447,3.242991258
1574627079415,122.2,0.05937,0.447,3.242991258
1574627079460,122.2,0.05937,0.447,3.242991258
1574627079525,122.1,0.0593,0.448,3.24375744
1574627079570,122.1,0.0593,0.448,3.24375744
1574627079615,122.1,0.0593,0.448,3.24375744
1574627079659,122.1,0.0593,0.448,3.24375744
1574627079725,122.1,0.05938,0.447,3.240883206
1574627079770,122.1,0.05938,0.447,3.240883206
1574627079815,122.1,0.05938,0.447,3.240883206
1574627079860,122.1,0.05938,0.447,3.240883206
1574627079925,122.1,0.05951,0.446,3.240712266
1574627079970,122.1,0.05951,0.446,3.240712266
1574627080014,122.1,0.05951,0.446,3.240712266
1574627080059,122.1,0.05951,0.446,3.240712266
1574627080125,122.1,0.05941,0.447,3.2425205669999997
1574627080170,122.1,0.05941,0.447,3.2425205669999997
1574627080215,122.1,0.05941,0.447,3.2425205669999997
1574627080260,122.1,0.05941,0.447,3.2425205669999997
1574627080324,122.1,0.05912,0.449,3.241129848
1574627080371,122.1,0.05912,0.449,3.241129848
1574627080417,122.1,0.05912,0.449,3.241129848
1574627080463,122.1,0.05912,0.449,3.241129848
1574627080525,122.1,0.05933,0.448,3.245398464
1574627080571,122.1,0.05933,0.448,3.245398464
1574627080617,122.1,0.05933,0.448,3.245398464
1574627080663,122.1,0.05933,0.448,3.245398464
1574627080725,122.1,0.05942,0.448,3.250321536
1574627080770,122.1,0.05942,0.448,3.250321536
1574627080816,122.1,0.05942,0.448,3.250321536
1574627080862,122.1,0.05942,0.448,3.250321536
1574627080925,122.1,0.05962,0.446,3.246702492
1574627080971,122.1,0.05962,0.446,3.246702492
1574627081017,122.1,0.05962,0.446,3.246702492
1574627081063,122.1,0.05962,0.446,3.246702492
1574627081125,122.1,0.05961,0.445,3.238879545
1574627081171,122.1,0.05961,0.445,3.238879545
1574627081217,122.1,0.05961,0.445,3.238879545
1574627081263,122.1,0.05961,0.445,3.238879545
1574627081325,122.1,0.05961,0.446,3.2461579260000004
1574627081371,122.1,0.05961,0.446,3.2461579260000004
1574627081417,122.1,0.05961,0.446,3.2461579260000004
