time_stamp,volt,curr,pf,mul
1574650377709,122.3,0.04533,0.442,2.450385678
1574650377754,122.3,0.04533,0.442,2.450385678
1574650377814,122.3,0.047020000000000006,0.447,2.5704940620000003
1574650377859,122.3,0.047020000000000006,0.447,2.5704940620000003
1574650377904,122.3,0.047020000000000006,0.447,2.5704940620000003
1574650377949,122.3,0.047020000000000006,0.447,2.5704940620000003
1574650378013,122.3,0.04783,0.453,2.6498728769999995
1574650378058,122.3,0.04783,0.453,2.6498728769999995
1574650378103,122.3,0.04783,0.453,2.6498728769999995
1574650378148,122.3,0.04783,0.453,2.6498728769999995
1574650378214,122.3,0.04804,0.452,2.6556319840000002
1574650378258,122.3,0.04804,0.452,2.6556319840000002
1574650378303,122.3,0.04804,0.452,2.6556319840000002
1574650378348,122.3,0.04804,0.452,2.6556319840000002
1574650378414,122.3,0.048310000000000006,0.448,2.646924224
1574650378459,122.3,0.048310000000000006,0.448,2.646924224
1574650378505,122.3,0.048310000000000006,0.448,2.646924224
1574650378551,122.3,0.048310000000000006,0.448,2.646924224
1574650378615,122.4,0.04814,0.45,2.6515512
1574650378660,122.4,0.04814,0.45,2.6515512
1574650378705,122.4,0.04814,0.45,2.6515512
1574650378751,122.4,0.04814,0.45,2.6515512
1574650378814,122.4,0.048049999999999995,0.451,2.6524753199999997
1574650378860,122.4,0.048049999999999995,0.451,2.6524753199999997
1574650378906,122.4,0.048049999999999995,0.451,2.6524753199999997
1574650378951,122.4,0.048049999999999995,0.451,2.6524753199999997
1574650379014,122.3,0.04811,0.45,2.6477338500000003
1574650379060,122.3,0.04811,0.45,2.6477338500000003
1574650379106,122.3,0.04811,0.45,2.6477338500000003
1574650379152,122.3,0.04811,0.45,2.6477338500000003
1574650379214,122.4,0.04825,0.45,2.65761
1574650379259,122.4,0.04825,0.45,2.65761
1574650379305,122.4,0.04825,0.45,2.65761
1574650379351,122.4,0.04825,0.45,2.65761
1574650379414,122.4,0.04825,0.449,2.6517042
1574650379460,122.4,0.04825,0.449,2.6517042
1574650379505,122.4,0.04825,0.449,2.6517042
1574650379551,122.4,0.04825,0.449,2.6517042
1574650379614,122.4,0.05231,0.457,2.9260540080000004
1574650379660,122.4,0.05231,0.457,2.9260540080000004
1574650379707,122.4,0.05231,0.457,2.9260540080000004
1574650379752,122.4,0.05231,0.457,2.9260540080000004
1574650379815,122.4,0.052090000000000004,0.459,2.926499544000001
1574650379860,122.4,0.052090000000000004,0.459,2.926499544000001
1574650379906,122.4,0.052090000000000004,0.459,2.926499544000001
1574650379952,122.4,0.052090000000000004,0.459,2.926499544000001
1574650380014,122.3,0.05383,0.462,3.041534958
1574650380060,122.3,0.05383,0.462,3.041534958
1574650380106,122.3,0.05383,0.462,3.041534958
1574650380152,122.3,0.05383,0.462,3.041534958
1574650380214,122.4,0.056979999999999996,0.465,3.24307368
1574650380259,122.4,0.056979999999999996,0.465,3.24307368
1574650380305,122.4,0.056979999999999996,0.465,3.24307368
1574650380351,122.4,0.056979999999999996,0.465,3.24307368
1574650380414,122.4,0.05051,0.448,2.769725952
1574650380459,122.4,0.05051,0.448,2.769725952
1574650380505,122.4,0.05051,0.448,2.769725952
1574650380550,122.4,0.05051,0.448,2.769725952
1574650380614,122.4,0.048729999999999996,0.445,2.65422564
1574650380660,122.4,0.048729999999999996,0.445,2.65422564
1574650380705,122.4,0.048729999999999996,0.445,2.65422564
1574650380751,122.4,0.048729999999999996,0.445,2.65422564
1574650380814,122.4,0.04872,0.445,2.6536809600000004
1574650380860,122.4,0.04872,0.445,2.6536809600000004
1574650380907,122.4,0.04872,0.445,2.6536809600000004
1574650380953,122.4,0.04872,0.445,2.6536809600000004
1574650381015,122.3,0.048600000000000004,0.446,2.65092588
1574650381061,122.3,0.048600000000000004,0.446,2.65092588
1574650381107,122.3,0.048600000000000004,0.446,2.65092588
1574650381153,122.3,0.048600000000000004,0.446,2.65092588
1574650381215,122.3,0.04871,0.446,2.656925918
1574650381261,122.3,0.04871,0.446,2.656925918
1574650381307,122.3,0.04871,0.446,2.656925918
1574650381353,122.3,0.04871,0.446,2.656925918
1574650381414,122.3,0.04863000000000001,0.446,2.6525622540000002
1574650381460,122.3,0.04863000000000001,0.446,2.6525622540000002
1574650381505,122.3,0.04863000000000001,0.446,2.6525622540000002
1574650381551,122.3,0.04863000000000001,0.446,2.6525622540000002
1574650381614,122.3,0.048600000000000004,0.446,2.65092588
1574650381659,122.3,0.048600000000000004,0.446,2.65092588
1574650381704,122.3,0.048600000000000004,0.446,2.65092588
1574650381749,122.3,0.048600000000000004,0.446,2.65092588
1574650381815,122.3,0.04846,0.447,2.6492161260000002
1574650381859,122.3,0.04846,0.447,2.6492161260000002
1574650381904,122.3,0.04846,0.447,2.6492161260000002
1574650381949,122.3,0.04846,0.447,2.6492161260000002
1574650382014,122.3,0.04846,0.447,2.6492161260000002
1574650382059,122.3,0.04846,0.447,2.6492161260000002
1574650382103,122.3,0.04846,0.447,2.6492161260000002
1574650382148,122.3,0.04846,0.447,2.6492161260000002
1574650382193,122.3,0.04846,0.447,2.6492161260000002
1574650382238,122.3,0.048670000000000005,0.446,2.6547440860000004
1574650382282,122.3,0.048670000000000005,0.446,2.6547440860000004
1574650382327,122.3,0.048670000000000005,0.446,2.6547440860000004
1574650382372,122.3,0.048670000000000005,0.446,2.6547440860000004
1574650382417,122.3,0.04862,0.446,2.652016796
1574650382461,122.3,0.04862,0.446,2.652016796
1574650382508,122.3,0.04862,0.446,2.652016796
1574650382552,122.3,0.04862,0.446,2.652016796
1574650382615,122.3,0.04865,0.445,2.647703275
1574650382660,122.3,0.04865,0.445,2.647703275
1574650382704,122.3,0.04865,0.445,2.647703275
1574650382749,122.3,0.04865,0.445,2.647703275
1574650382814,122.4,0.04870000000000001,0.445,2.6525916000000005
1574650382860,122.4,0.04870000000000001,0.445,2.6525916000000005
1574650382906,122.4,0.04870000000000001,0.445,2.6525916000000005
1574650382951,122.4,0.04870000000000001,0.445,2.6525916000000005
1574650383014,122.3,0.048420000000000005,0.447,2.6470294020000003
1574650383060,122.3,0.048420000000000005,0.447,2.6470294020000003
1574650383106,122.3,0.048420000000000005,0.447,2.6470294020000003
1574650383152,122.3,0.048420000000000005,0.447,2.6470294020000003
1574650383215,122.3,0.04854,0.447,2.6535895739999997
1574650383261,122.3,0.04854,0.447,2.6535895739999997
1574650383306,122.3,0.04854,0.447,2.6535895739999997
1574650383352,122.3,0.04854,0.447,2.6535895739999997
1574650383415,122.3,0.048420000000000005,0.447,2.6470294020000003
1574650383461,122.3,0.048420000000000005,0.447,2.6470294020000003
1574650383507,122.3,0.048420000000000005,0.447,2.6470294020000003
1574650383553,122.3,0.048420000000000005,0.447,2.6470294020000003
1574650383614,122.4,0.048310000000000006,0.448,2.6490885120000005
1574650383660,122.4,0.048310000000000006,0.448,2.6490885120000005
1574650383706,122.4,0.048310000000000006,0.448,2.6490885120000005
1574650383752,122.4,0.048310000000000006,0.448,2.6490885120000005
1574650383815,122.4,0.04832,0.449,2.655551232
1574650383861,122.4,0.04832,0.449,2.655551232
1574650383907,122.4,0.04832,0.449,2.655551232
1574650383953,122.4,0.04832,0.449,2.655551232
1574650384015,122.3,0.047979999999999995,0.451,2.646447254
1574650384061,122.3,0.047979999999999995,0.451,2.646447254
1574650384107,122.3,0.047979999999999995,0.451,2.646447254
1574650384153,122.3,0.047979999999999995,0.451,2.646447254
1574650384214,122.3,0.04818,0.45,2.6515863
1574650384260,122.3,0.04818,0.45,2.6515863
1574650384306,122.3,0.04818,0.45,2.6515863
1574650384352,122.3,0.04818,0.45,2.6515863
1574650384414,122.3,0.04821,0.449,2.647341267
1574650384460,122.3,0.04821,0.449,2.647341267
1574650384506,122.3,0.04821,0.449,2.647341267
1574650384552,122.3,0.04821,0.449,2.647341267
1574650384615,122.4,0.04832,0.448,2.649636864
1574650384661,122.4,0.04832,0.448,2.649636864
1574650384706,122.4,0.04832,0.448,2.649636864
1574650384751,122.4,0.04832,0.448,2.649636864
1574650384815,122.4,0.04834,0.449,2.656650384
1574650384861,122.4,0.04834,0.449,2.656650384
1574650384907,122.4,0.04834,0.449,2.656650384
1574650384953,122.4,0.04834,0.449,2.656650384
1574650385014,122.3,0.04958,0.45,2.7286352999999997
1574650385060,122.3,0.04958,0.45,2.7286352999999997
1574650385106,122.3,0.04958,0.45,2.7286352999999997
1574650385152,122.3,0.04958,0.45,2.7286352999999997
1574650385214,122.3,0.05303,0.457,2.963905033
1574650385261,122.3,0.05303,0.457,2.963905033
1574650385307,122.3,0.05303,0.457,2.963905033
1574650385353,122.3,0.05303,0.457,2.963905033
1574650385415,122.3,0.053,0.458,2.9687102
1574650385460,122.3,0.053,0.458,2.9687102
1574650385506,122.3,0.053,0.458,2.9687102
1574650385552,122.3,0.053,0.458,2.9687102
1574650385614,122.3,0.05087,0.454,2.8245160539999996
1574650385660,122.3,0.05087,0.454,2.8245160539999996
1574650385706,122.3,0.05087,0.454,2.8245160539999996
1574650385752,122.3,0.05087,0.454,2.8245160539999996
1574650385815,122.3,0.04854,0.447,2.6535895739999997
1574650385860,122.3,0.04854,0.447,2.6535895739999997
1574650385906,122.3,0.04854,0.447,2.6535895739999997
1574650385952,122.3,0.04854,0.447,2.6535895739999997
1574650386014,122.3,0.04861,0.446,2.651471338
1574650386060,122.3,0.04861,0.446,2.651471338
1574650386106,122.3,0.04861,0.446,2.651471338
1574650386152,122.3,0.04861,0.446,2.651471338
1574650386215,122.3,0.04887,0.444,2.6536996439999996
1574650386260,122.3,0.04887,0.444,2.6536996439999996
1574650386305,122.3,0.04887,0.444,2.6536996439999996
1574650386351,122.3,0.04887,0.444,2.6536996439999996
1574650386414,122.3,0.048740000000000006,0.445,2.6526013900000005
1574650386460,122.3,0.048740000000000006,0.445,2.6526013900000005
1574650386507,122.3,0.048740000000000006,0.445,2.6526013900000005
1574650386553,122.3,0.048740000000000006,0.445,2.6526013900000005
1574650386615,122.3,0.048729999999999996,0.444,2.646097476
1574650386661,122.3,0.048729999999999996,0.444,2.646097476
1574650386707,122.3,0.048729999999999996,0.444,2.646097476
1574650386753,122.3,0.048729999999999996,0.444,2.646097476
1574650386814,122.3,0.04863000000000001,0.446,2.6525622540000002
1574650386860,122.3,0.04863000000000001,0.446,2.6525622540000002
1574650386905,122.3,0.04863000000000001,0.446,2.6525622540000002
1574650386950,122.3,0.04863000000000001,0.446,2.6525622540000002
1574650387014,122.3,0.048490000000000005,0.447,2.6508561690000003
1574650387060,122.3,0.048490000000000005,0.447,2.6508561690000003
1574650387105,122.3,0.048490000000000005,0.447,2.6508561690000003
1574650387150,122.3,0.048490000000000005,0.447,2.6508561690000003
1574650387214,122.3,0.04886,0.444,2.653156632
1574650387259,122.3,0.04886,0.444,2.653156632
1574650387304,122.3,0.04886,0.444,2.653156632
1574650387349,122.3,0.04886,0.444,2.653156632
1574650387415,122.3,0.048600000000000004,0.445,2.6449821
1574650387460,122.3,0.048600000000000004,0.445,2.6449821
1574650387504,122.3,0.048600000000000004,0.445,2.6449821
1574650387549,122.3,0.048600000000000004,0.445,2.6449821
1574650387615,122.3,0.04861,0.446,2.651471338
1574650387660,122.3,0.04861,0.446,2.651471338
1574650387706,122.3,0.04861,0.446,2.651471338
1574650387751,122.3,0.04861,0.446,2.651471338
1574650387815,122.3,0.048799999999999996,0.444,2.64989856
1574650387860,122.3,0.048799999999999996,0.444,2.64989856
1574650387906,122.3,0.048799999999999996,0.444,2.64989856
1574650387951,122.3,0.048799999999999996,0.444,2.64989856
1574650388015,122.3,0.048979999999999996,0.445,2.6656630299999997
1574650388060,122.3,0.048979999999999996,0.445,2.6656630299999997
1574650388106,122.3,0.048979999999999996,0.445,2.6656630299999997
1574650388151,122.3,0.048979999999999996,0.445,2.6656630299999997
1574650388214,122.3,0.049049999999999996,0.443,2.657475045
1574650388260,122.3,0.049049999999999996,0.443,2.657475045
1574650388305,122.3,0.049049999999999996,0.443,2.657475045
1574650388350,122.3,0.049049999999999996,0.443,2.657475045
1574650388415,122.3,0.048560000000000006,0.446,2.648744048
1574650388460,122.3,0.048560000000000006,0.446,2.648744048
1574650388506,122.3,0.048560000000000006,0.446,2.648744048
1574650388552,122.3,0.048560000000000006,0.446,2.648744048
1574650388615,122.3,0.04857,0.446,2.649289506
1574650388660,122.3,0.04857,0.446,2.649289506
1574650388706,122.3,0.04857,0.446,2.649289506
1574650388752,122.3,0.04857,0.446,2.649289506
1574650388815,122.3,0.048490000000000005,0.447,2.6508561690000003
1574650388860,122.3,0.048490000000000005,0.447,2.6508561690000003
1574650388905,122.3,0.048490000000000005,0.447,2.6508561690000003
1574650388951,122.3,0.048490000000000005,0.447,2.6508561690000003
1574650389015,122.3,0.048420000000000005,0.447,2.6470294020000003
1574650389061,122.3,0.048420000000000005,0.447,2.6470294020000003
1574650389106,122.3,0.048420000000000005,0.447,2.6470294020000003
1574650389152,122.3,0.048420000000000005,0.447,2.6470294020000003
1574650389215,122.3,0.04844,0.448,2.654046976
1574650389261,122.3,0.04844,0.448,2.654046976
1574650389307,122.3,0.04844,0.448,2.654046976
1574650389352,122.3,0.04844,0.448,2.654046976
1574650389415,122.3,0.04827000000000001,0.449,2.650636029
1574650389461,122.3,0.04827000000000001,0.449,2.650636029
1574650389506,122.3,0.04827000000000001,0.449,2.650636029
1574650389552,122.3,0.04827000000000001,0.449,2.650636029
1574650389616,122.3,0.048350000000000004,0.448,2.6491158400000003
1574650389661,122.3,0.048350000000000004,0.448,2.6491158400000003
1574650389707,122.3,0.048350000000000004,0.448,2.6491158400000003
1574650389753,122.3,0.048350000000000004,0.448,2.6491158400000003
1574650389815,122.3,0.0485,0.447,2.6514028499999998
1574650389861,122.3,0.0485,0.447,2.6514028499999998
1574650389906,122.3,0.0485,0.447,2.6514028499999998
1574650389952,122.3,0.0485,0.447,2.6514028499999998
1574650390015,122.3,0.048479999999999995,0.447,2.650309488
1574650390060,122.3,0.048479999999999995,0.447,2.650309488
1574650390106,122.3,0.048479999999999995,0.447,2.650309488
1574650390152,122.3,0.048479999999999995,0.447,2.650309488
1574650390216,122.3,0.04846,0.448,2.655142784
1574650390261,122.3,0.04846,0.448,2.655142784
1574650390306,122.3,0.04846,0.448,2.655142784
1574650390352,122.3,0.04846,0.448,2.655142784
1574650390415,122.3,0.048549999999999996,0.446,2.64819859
1574650390461,122.3,0.048549999999999996,0.446,2.64819859
1574650390506,122.3,0.048549999999999996,0.446,2.64819859
1574650390551,122.3,0.048549999999999996,0.446,2.64819859
1574650390615,122.3,0.0519,0.453,2.87535861
1574650390661,122.3,0.0519,0.453,2.87535861
1574650390706,122.3,0.0519,0.453,2.87535861
1574650390752,122.3,0.0519,0.453,2.87535861
1574650390815,122.3,0.05273,0.456,2.940688824
1574650390862,122.3,0.05273,0.456,2.940688824
1574650390906,122.3,0.05273,0.456,2.940688824
1574650390952,122.3,0.05273,0.456,2.940688824
1574650391015,122.3,0.052770000000000004,0.459,2.9622808890000005
1574650391061,122.3,0.052770000000000004,0.459,2.9622808890000005
1574650391106,122.3,0.052770000000000004,0.459,2.9622808890000005
1574650391151,122.3,0.052770000000000004,0.459,2.9622808890000005
1574650391215,122.3,0.05714,0.464,3.2425350080000004
1574650391261,122.3,0.05714,0.464,3.2425350080000004
1574650391307,122.3,0.05714,0.464,3.2425350080000004
1574650391352,122.3,0.05714,0.464,3.2425350080000004
1574650391415,122.3,0.05251,0.455,2.9219977150000003
1574650391460,122.3,0.05251,0.455,2.9219977150000003
1574650391505,122.3,0.05251,0.455,2.9219977150000003
1574650391550,122.3,0.05251,0.455,2.9219977150000003
1574650391615,122.3,0.04870000000000001,0.447,2.6623364700000005
1574650391661,122.3,0.04870000000000001,0.447,2.6623364700000005
1574650391706,122.3,0.04870000000000001,0.447,2.6623364700000005
1574650391752,122.3,0.04870000000000001,0.447,2.6623364700000005
1574650391815,122.3,0.048810000000000006,0.444,2.650441572
1574650391861,122.3,0.048810000000000006,0.444,2.650441572
1574650391907,122.3,0.048810000000000006,0.444,2.650441572
1574650391953,122.3,0.048810000000000006,0.444,2.650441572
1574650392015,122.3,0.04869,0.445,2.649880215
1574650392062,122.3,0.04869,0.445,2.649880215
1574650392108,122.3,0.04869,0.445,2.649880215
1574650392154,122.3,0.04869,0.445,2.649880215
1574650392215,122.3,0.04882,0.445,2.65695527
1574650392261,122.3,0.04882,0.445,2.65695527
1574650392307,122.3,0.04882,0.445,2.65695527
1574650392353,122.3,0.04882,0.445,2.65695527
1574650392415,122.3,0.048729999999999996,0.445,2.6520571549999996
1574650392461,122.3,0.048729999999999996,0.445,2.6520571549999996
1574650392506,122.3,0.048729999999999996,0.445,2.6520571549999996
1574650392552,122.3,0.048729999999999996,0.445,2.6520571549999996
1574650392616,122.3,0.04875,0.446,2.65910775
1574650392661,122.3,0.04875,0.446,2.65910775
1574650392707,122.3,0.04875,0.446,2.65910775
1574650392752,122.3,0.04875,0.446,2.65910775
1574650392816,122.3,0.04897,0.442,2.647151702
1574650392861,122.3,0.04897,0.442,2.647151702
1574650392905,122.3,0.04897,0.442,2.647151702
1574650392950,122.3,0.04897,0.442,2.647151702
1574650393015,122.3,0.04887,0.444,2.6536996439999996
1574650393060,122.3,0.04887,0.444,2.6536996439999996
1574650393104,122.3,0.04887,0.444,2.6536996439999996
1574650393149,122.3,0.04887,0.444,2.6536996439999996
1574650393215,122.3,0.048850000000000005,0.444,2.65261362
1574650393260,122.3,0.048850000000000005,0.444,2.65261362
1574650393305,122.3,0.048850000000000005,0.444,2.65261362
1574650393350,122.3,0.048850000000000005,0.444,2.65261362
1574650393416,122.3,0.048810000000000006,0.444,2.650441572
1574650393461,122.3,0.048810000000000006,0.444,2.650441572
1574650393505,122.3,0.048810000000000006,0.444,2.650441572
1574650393550,122.3,0.048810000000000006,0.444,2.650441572
1574650393615,122.3,0.04879,0.445,2.655322565
1574650393660,122.3,0.04879,0.445,2.655322565
1574650393704,122.3,0.04879,0.445,2.655322565
1574650393749,122.3,0.04879,0.445,2.655322565
1574650393794,122.3,0.04879,0.445,2.655322565
1574650393840,122.4,0.04868,0.445,2.65150224
1574650393886,122.4,0.04868,0.445,2.65150224
1574650393932,122.4,0.04868,0.445,2.65150224
1574650393978,122.4,0.04868,0.445,2.65150224
1574650394024,122.3,0.048420000000000005,0.447,2.6470294020000003
1574650394070,122.3,0.048420000000000005,0.447,2.6470294020000003
1574650394116,122.3,0.048420000000000005,0.447,2.6470294020000003
1574650394162,122.3,0.048420000000000005,0.447,2.6470294020000003
1574650394215,122.3,0.04844,0.448,2.654046976
1574650394261,122.3,0.04844,0.448,2.654046976
1574650394306,122.3,0.04844,0.448,2.654046976
1574650394352,122.3,0.04844,0.448,2.654046976
1574650394416,122.3,0.048479999999999995,0.447,2.650309488
1574650394462,122.3,0.048479999999999995,0.447,2.650309488
1574650394508,122.3,0.048479999999999995,0.447,2.650309488
1574650394554,122.3,0.048479999999999995,0.447,2.650309488
1574650394616,122.3,0.04864,0.446,2.653107712
1574650394662,122.3,0.04864,0.446,2.653107712
1574650394708,122.3,0.04864,0.446,2.653107712
1574650394754,122.3,0.04864,0.446,2.653107712
1574650394815,122.3,0.04863000000000001,0.446,2.6525622540000002
1574650394861,122.3,0.04863000000000001,0.446,2.6525622540000002
1574650394906,122.3,0.04863000000000001,0.446,2.6525622540000002
1574650394952,122.3,0.04863000000000001,0.446,2.6525622540000002
1574650395015,122.3,0.04844,0.447,2.648122764
1574650395061,122.3,0.04844,0.447,2.648122764
1574650395107,122.3,0.04844,0.447,2.648122764
1574650395153,122.3,0.04844,0.447,2.648122764
1574650395215,122.3,0.04834,0.449,2.6544799180000003
1574650395261,122.3,0.04834,0.449,2.6544799180000003
1574650395307,122.3,0.04834,0.449,2.6544799180000003
1574650395353,122.3,0.04834,0.449,2.6544799180000003
1574650395416,122.3,0.052180000000000004,0.456,2.9100159840000006
1574650395462,122.3,0.052180000000000004,0.456,2.9100159840000006
1574650395508,122.3,0.052180000000000004,0.456,2.9100159840000006
1574650395554,122.3,0.052180000000000004,0.456,2.9100159840000006
1574650395616,122.3,0.05271,0.459,2.958912747
1574650395661,122.3,0.05271,0.459,2.958912747
1574650395707,122.3,0.05271,0.459,2.958912747
1574650395753,122.3,0.05271,0.459,2.958912747
1574650395816,122.3,0.05367,0.458,3.006239178
1574650395862,122.3,0.05367,0.458,3.006239178
1574650395908,122.3,0.05367,0.458,3.006239178
1574650395955,122.3,0.05367,0.458,3.006239178
1574650396016,122.3,0.05670000000000001,0.465,3.2245006500000004
1574650396062,122.3,0.05670000000000001,0.465,3.2245006500000004
1574650396108,122.3,0.05670000000000001,0.465,3.2245006500000004
1574650396154,122.3,0.05670000000000001,0.465,3.2245006500000004
1574650396216,122.3,0.0509,0.453,2.81995671
1574650396262,122.3,0.0509,0.453,2.81995671
1574650396308,122.3,0.0509,0.453,2.81995671
1574650396354,122.3,0.0509,0.453,2.81995671
1574650396416,122.3,0.04843,0.448,2.6534990720000002
1574650396462,122.3,0.04843,0.448,2.6534990720000002
1574650396508,122.3,0.04843,0.448,2.6534990720000002
1574650396554,122.3,0.04843,0.448,2.6534990720000002
1574650396615,122.3,0.04852000000000001,0.448,2.6584302080000004
1574650396661,122.3,0.04852000000000001,0.448,2.6584302080000004
1574650396707,122.3,0.04852000000000001,0.448,2.6584302080000004
1574650396754,122.3,0.04852000000000001,0.448,2.6584302080000004
1574650396816,122.4,0.04869,0.445,2.65204692
1574650396862,122.4,0.04869,0.445,2.65204692
1574650396908,122.4,0.04869,0.445,2.65204692
1574650396953,122.4,0.04869,0.445,2.65204692
1574650397016,122.3,0.04859,0.446,2.650380422
1574650397062,122.3,0.04859,0.446,2.650380422
1574650397108,122.3,0.04859,0.446,2.650380422
1574650397154,122.3,0.04859,0.446,2.650380422
1574650397215,122.3,0.04876,0.445,2.65368986
1574650397261,122.3,0.04876,0.445,2.65368986
1574650397307,122.3,0.04876,0.445,2.65368986
1574650397353,122.3,0.04876,0.445,2.65368986
1574650397416,122.3,0.04889,0.444,2.654785668
1574650397462,122.3,0.04889,0.444,2.654785668
1574650397508,122.3,0.04889,0.444,2.654785668
1574650397554,122.3,0.04889,0.444,2.654785668
1574650397616,122.3,0.048920000000000005,0.444,2.6564147040000003
1574650397662,122.3,0.048920000000000005,0.444,2.6564147040000003
1574650397708,122.3,0.048920000000000005,0.444,2.6564147040000003
1574650397755,122.3,0.048920000000000005,0.444,2.6564147040000003
1574650397816,122.4,0.04893,0.443,2.6531411760000005
1574650397862,122.4,0.04893,0.443,2.6531411760000005
1574650397908,122.4,0.04893,0.443,2.6531411760000005
1574650397953,122.4,0.04893,0.443,2.6531411760000005
1574650398016,122.3,0.049,0.445,2.6667515
1574650398061,122.3,0.049,0.445,2.6667515
1574650398106,122.3,0.049,0.445,2.6667515
1574650398152,122.3,0.049,0.445,2.6667515
1574650398215,122.3,0.048990000000000006,0.444,2.6602157880000004
1574650398260,122.3,0.048990000000000006,0.444,2.6602157880000004
1574650398306,122.3,0.048990000000000006,0.444,2.6602157880000004
1574650398351,122.3,0.048990000000000006,0.444,2.6602157880000004
1574650398416,122.3,0.048810000000000006,0.444,2.650441572
1574650398461,122.3,0.048810000000000006,0.444,2.650441572
1574650398505,122.3,0.048810000000000006,0.444,2.650441572
1574650398550,122.3,0.048810000000000006,0.444,2.650441572
1574650398616,122.3,0.049100000000000005,0.442,2.65417906
1574650398661,122.3,0.049100000000000005,0.442,2.65417906
1574650398706,122.3,0.049100000000000005,0.442,2.65417906
1574650398750,122.3,0.049100000000000005,0.442,2.65417906
1574650398815,122.4,0.04887,0.443,2.649887784
1574650398860,122.4,0.04887,0.443,2.649887784
1574650398905,122.4,0.04887,0.443,2.649887784
1574650398950,122.4,0.04887,0.443,2.649887784
1574650398994,122.4,0.04887,0.443,2.649887784
1574650399039,122.3,0.048729999999999996,0.444,2.646097476
1574650399084,122.3,0.048729999999999996,0.444,2.646097476
1574650399129,122.3,0.048729999999999996,0.444,2.646097476
1574650399173,122.3,0.048729999999999996,0.444,2.646097476
1574650399218,122.3,0.04861,0.446,2.651471338
1574650399263,122.3,0.04861,0.446,2.651471338
1574650399309,122.3,0.04861,0.446,2.651471338
1574650399355,122.3,0.04861,0.446,2.651471338
1574650399416,122.3,0.04851,0.447,2.6519495309999996
1574650399462,122.3,0.04851,0.447,2.6519495309999996
1574650399507,122.3,0.04851,0.447,2.6519495309999996
1574650399553,122.3,0.04851,0.447,2.6519495309999996
1574650399616,122.3,0.048409999999999995,0.448,2.6524032639999997
1574650399662,122.3,0.048409999999999995,0.448,2.6524032639999997
1574650399708,122.3,0.048409999999999995,0.448,2.6524032639999997
1574650399754,122.3,0.048409999999999995,0.448,2.6524032639999997
1574650399815,122.4,0.04809000000000001,0.45,2.6487972000000006
1574650399860,122.4,0.04809000000000001,0.45,2.6487972000000006
1574650399906,122.4,0.04809000000000001,0.45,2.6487972000000006
1574650399952,122.4,0.04809000000000001,0.45,2.6487972000000006
1574650400016,122.3,0.048240000000000005,0.45,2.6548884000000004
1574650400062,122.3,0.048240000000000005,0.45,2.6548884000000004
1574650400108,122.3,0.048240000000000005,0.45,2.6548884000000004
1574650400154,122.3,0.048240000000000005,0.45,2.6548884000000004
1574650400216,122.3,0.04832,0.449,2.6533816640000003
1574650400262,122.3,0.04832,0.449,2.6533816640000003
1574650400308,122.3,0.04832,0.449,2.6533816640000003
1574650400354,122.3,0.04832,0.449,2.6533816640000003
1574650400416,122.3,0.04844,0.447,2.648122764
1574650400461,122.3,0.04844,0.447,2.648122764
1574650400507,122.3,0.04844,0.447,2.648122764
1574650400553,122.3,0.04844,0.447,2.648122764
1574650400616,122.3,0.048420000000000005,0.448,2.6529511680000004
1574650400661,122.3,0.048420000000000005,0.448,2.6529511680000004
1574650400708,122.3,0.048420000000000005,0.448,2.6529511680000004
1574650400753,122.3,0.048420000000000005,0.448,2.6529511680000004
1574650400816,122.3,0.04865,0.449,2.671502855
1574650400862,122.3,0.04865,0.449,2.671502855
1574650400908,122.3,0.04865,0.449,2.671502855
1574650400954,122.3,0.04865,0.449,2.671502855
1574650401016,122.3,0.05342,0.46,3.0053023600000004
1574650401062,122.3,0.05342,0.46,3.0053023600000004
1574650401108,122.3,0.05342,0.46,3.0053023600000004
1574650401154,122.3,0.05342,0.46,3.0053023600000004
1574650401217,122.3,0.05299,0.456,2.955188712
1574650401262,122.3,0.05299,0.456,2.955188712
1574650401307,122.3,0.05299,0.456,2.955188712
1574650401354,122.3,0.05299,0.456,2.955188712
1574650401416,122.3,0.05178,0.452,2.862377688
1574650401462,122.3,0.05178,0.452,2.862377688
1574650401507,122.3,0.05178,0.452,2.862377688
1574650401553,122.3,0.05178,0.452,2.862377688
1574650401616,122.3,0.04872,0.446,2.657471376
1574650401662,122.3,0.04872,0.446,2.657471376
1574650401708,122.3,0.04872,0.446,2.657471376
1574650401754,122.3,0.04872,0.446,2.657471376
1574650401816,122.4,0.048659999999999995,0.445,2.65041288
1574650401861,122.4,0.048659999999999995,0.445,2.65041288
1574650401907,122.4,0.048659999999999995,0.445,2.65041288
1574650401953,122.4,0.048659999999999995,0.445,2.65041288
1574650402016,122.4,0.04836,0.448,2.651830272
1574650402062,122.4,0.04836,0.448,2.651830272
1574650402108,122.4,0.04836,0.448,2.651830272
1574650402154,122.4,0.04836,0.448,2.651830272
1574650402216,122.3,0.04847,0.448,2.655690688
1574650402262,122.3,0.04847,0.448,2.655690688
1574650402308,122.3,0.04847,0.448,2.655690688
1574650402354,122.3,0.04847,0.448,2.655690688
1574650402416,122.3,0.04861,0.446,2.651471338
1574650402462,122.3,0.04861,0.446,2.651471338
1574650402508,122.3,0.04861,0.446,2.651471338
1574650402554,122.3,0.04861,0.446,2.651471338
1574650402617,122.4,0.048729999999999996,0.445,2.65422564
1574650402663,122.4,0.048729999999999996,0.445,2.65422564
1574650402709,122.4,0.048729999999999996,0.445,2.65422564
1574650402754,122.4,0.048729999999999996,0.445,2.65422564
1574650402816,122.4,0.048560000000000006,0.446,2.650909824
1574650402862,122.4,0.048560000000000006,0.446,2.650909824
1574650402908,122.4,0.048560000000000006,0.446,2.650909824
1574650402954,122.4,0.048560000000000006,0.446,2.650909824
1574650403017,122.3,0.04862,0.445,2.6460705699999996
1574650403063,122.3,0.04862,0.445,2.6460705699999996
1574650403109,122.3,0.04862,0.445,2.6460705699999996
1574650403155,122.3,0.04862,0.445,2.6460705699999996
1574650403216,122.3,0.04882,0.444,2.6509845839999997
1574650403262,122.3,0.04882,0.444,2.6509845839999997
1574650403308,122.3,0.04882,0.444,2.6509845839999997
1574650403354,122.3,0.04882,0.444,2.6509845839999997
1574650403416,122.3,0.04875,0.444,2.6471835
1574650403461,122.3,0.04875,0.444,2.6471835
1574650403506,122.3,0.04875,0.444,2.6471835
1574650403552,122.3,0.04875,0.444,2.6471835
1574650403616,122.3,0.048659999999999995,0.446,2.6541986279999996
1574650403661,122.3,0.048659999999999995,0.446,2.6541986279999996
1574650403707,122.3,0.048659999999999995,0.446,2.6541986279999996
1574650403753,122.3,0.048659999999999995,0.446,2.6541986279999996
1574650403816,122.3,0.04865,0.445,2.647703275
1574650403862,122.3,0.04865,0.445,2.647703275
1574650403907,122.3,0.04865,0.445,2.647703275
1574650403951,122.3,0.04865,0.445,2.647703275
1574650404016,122.3,0.04868,0.445,2.64933598
1574650404061,122.3,0.04868,0.445,2.64933598
1574650404106,122.3,0.04868,0.445,2.64933598
1574650404151,122.3,0.04868,0.445,2.64933598
1574650404216,122.3,0.04861,0.446,2.651471338
1574650404261,122.3,0.04861,0.446,2.651471338
1574650404306,122.3,0.04861,0.446,2.651471338
1574650404351,122.3,0.04861,0.446,2.651471338
1574650404417,122.3,0.048670000000000005,0.445,2.6487917450000005
1574650404461,122.3,0.048670000000000005,0.445,2.6487917450000005
1574650404507,122.3,0.048670000000000005,0.445,2.6487917450000005
1574650404552,122.3,0.048670000000000005,0.445,2.6487917450000005
1574650404617,122.3,0.04854,0.447,2.6535895739999997
1574650404662,122.3,0.04854,0.447,2.6535895739999997
1574650404706,122.3,0.04854,0.447,2.6535895739999997
1574650404751,122.3,0.04854,0.447,2.6535895739999997
1574650404816,122.4,0.04836,0.447,2.645911008
1574650404862,122.4,0.04836,0.447,2.645911008
1574650404908,122.4,0.04836,0.447,2.645911008
1574650404954,122.4,0.04836,0.447,2.645911008
1574650405016,122.4,0.04819,0.449,2.648406744
1574650405061,122.4,0.04819,0.449,2.648406744
1574650405107,122.4,0.04819,0.449,2.648406744
1574650405153,122.4,0.04819,0.449,2.648406744
1574650405217,122.3,0.048409999999999995,0.448,2.6524032639999997
1574650405263,122.3,0.048409999999999995,0.448,2.6524032639999997
1574650405309,122.3,0.048409999999999995,0.448,2.6524032639999997
1574650405355,122.3,0.048409999999999995,0.448,2.6524032639999997
1574650405417,122.3,0.04839,0.448,2.651307456
1574650405463,122.3,0.04839,0.448,2.651307456
1574650405509,122.3,0.04839,0.448,2.651307456
1574650405555,122.3,0.04839,0.448,2.651307456
1574650405616,122.3,0.048380000000000006,0.449,2.6566764260000006
1574650405662,122.3,0.048380000000000006,0.449,2.6566764260000006
1574650405708,122.3,0.048380000000000006,0.449,2.6566764260000006
1574650405754,122.3,0.048380000000000006,0.449,2.6566764260000006
1574650405817,122.3,0.048299999999999996,0.449,2.65228341
1574650405862,122.3,0.048299999999999996,0.449,2.65228341
1574650405908,122.3,0.048299999999999996,0.449,2.65228341
1574650405953,122.3,0.048299999999999996,0.449,2.65228341
1574650406017,122.3,0.04858,0.446,2.6498349639999996
1574650406063,122.3,0.04858,0.446,2.6498349639999996
1574650406109,122.3,0.04858,0.446,2.6498349639999996
1574650406155,122.3,0.04858,0.446,2.6498349639999996
1574650406216,122.3,0.048369999999999996,0.448,2.650211648
1574650406262,122.3,0.048369999999999996,0.448,2.650211648
1574650406308,122.3,0.048369999999999996,0.448,2.650211648
1574650406354,122.3,0.048369999999999996,0.448,2.650211648
1574650406416,122.3,0.05122,0.455,2.85021373
1574650406462,122.3,0.05122,0.455,2.85021373
1574650406508,122.3,0.05122,0.455,2.85021373
1574650406553,122.3,0.05122,0.455,2.85021373
1574650406617,122.3,0.05267,0.458,2.950225778
1574650406663,122.3,0.05267,0.458,2.950225778
1574650406708,122.3,0.05267,0.458,2.950225778
1574650406754,122.3,0.05267,0.458,2.950225778
1574650406817,122.3,0.05285,0.457,2.9538446350000003
1574650406863,122.3,0.05285,0.457,2.9538446350000003
1574650406909,122.3,0.05285,0.457,2.9538446350000003
1574650406955,122.3,0.05285,0.457,2.9538446350000003
1574650407016,122.3,0.05665,0.464,3.21472888
1574650407062,122.3,0.05665,0.464,3.21472888
1574650407108,122.3,0.05665,0.464,3.21472888
1574650407154,122.3,0.05665,0.464,3.21472888
1574650407216,122.3,0.05241,0.456,2.922842808
1574650407262,122.3,0.05241,0.456,2.922842808
1574650407308,122.3,0.05241,0.456,2.922842808
1574650407354,122.3,0.05241,0.456,2.922842808
1574650407417,122.3,0.04839,0.449,2.6572255530000004
1574650407463,122.3,0.04839,0.449,2.6572255530000004
1574650407509,122.3,0.04839,0.449,2.6572255530000004
1574650407554,122.3,0.04839,0.449,2.6572255530000004
1574650407617,122.3,0.04844,0.449,2.659971188
1574650407663,122.3,0.04844,0.449,2.659971188
1574650407708,122.3,0.04844,0.449,2.659971188
1574650407754,122.3,0.04844,0.449,2.659971188
1574650407817,122.3,0.04871,0.445,2.650968685
1574650407863,122.3,0.04871,0.445,2.650968685
1574650407909,122.3,0.04871,0.445,2.650968685
1574650407955,122.3,0.04871,0.445,2.650968685
1574650408016,122.4,0.04858,0.447,2.657947824
1574650408062,122.4,0.04858,0.447,2.657947824
1574650408107,122.4,0.04858,0.447,2.657947824
1574650408153,122.4,0.04858,0.447,2.657947824
1574650408217,122.3,0.048920000000000005,0.443,2.650431788
1574650408263,122.3,0.048920000000000005,0.443,2.650431788
1574650408309,122.3,0.048920000000000005,0.443,2.650431788
1574650408355,122.3,0.048920000000000005,0.443,2.650431788
1574650408416,122.3,0.048659999999999995,0.446,2.6541986279999996
1574650408462,122.3,0.048659999999999995,0.446,2.6541986279999996
1574650408508,122.3,0.048659999999999995,0.446,2.6541986279999996
1574650408554,122.3,0.048659999999999995,0.446,2.6541986279999996
1574650408617,122.3,0.04872,0.446,2.657471376
1574650408663,122.3,0.04872,0.446,2.657471376
1574650408709,122.3,0.04872,0.446,2.657471376
1574650408755,122.3,0.04872,0.446,2.657471376
1574650408817,122.4,0.04865,0.445,2.6498682000000002
1574650408863,122.4,0.04865,0.445,2.6498682000000002
1574650408910,122.4,0.04865,0.445,2.6498682000000002
1574650408955,122.4,0.04865,0.445,2.6498682000000002
1574650409016,122.4,0.048960000000000004,0.444,2.6607605760000004
1574650409061,122.4,0.048960000000000004,0.444,2.6607605760000004
1574650409106,122.4,0.048960000000000004,0.444,2.6607605760000004
1574650409152,122.4,0.048960000000000004,0.444,2.6607605760000004
1574650409217,122.3,0.04872,0.444,2.645554464
1574650409262,122.3,0.04872,0.444,2.645554464
1574650409307,122.3,0.04872,0.444,2.645554464
1574650409352,122.3,0.04872,0.444,2.645554464
1574650409416,122.3,0.04882,0.444,2.6509845839999997
1574650409462,122.3,0.04882,0.444,2.6509845839999997
1574650409506,122.3,0.04882,0.444,2.6509845839999997
1574650409551,122.3,0.04882,0.444,2.6509845839999997
1574650409617,122.3,0.04894,0.444,2.6575007279999996
1574650409662,122.3,0.04894,0.444,2.6575007279999996
1574650409707,122.3,0.04894,0.444,2.6575007279999996
1574650409752,122.3,0.04894,0.444,2.6575007279999996
1574650409816,122.4,0.04876,0.444,2.649891456
1574650409861,122.4,0.04876,0.444,2.649891456
1574650409906,122.4,0.04876,0.444,2.649891456
1574650409951,122.4,0.04876,0.444,2.649891456
1574650410017,122.4,0.048740000000000006,0.445,2.6547703200000003
1574650410061,122.4,0.048740000000000006,0.445,2.6547703200000003
1574650410106,122.4,0.048740000000000006,0.445,2.6547703200000003
1574650410151,122.4,0.048740000000000006,0.445,2.6547703200000003
1574650410217,122.3,0.04851,0.447,2.6519495309999996
1574650410262,122.3,0.04851,0.447,2.6519495309999996
1574650410307,122.3,0.04851,0.447,2.6519495309999996
1574650410352,122.3,0.04851,0.447,2.6519495309999996
1574650410417,122.3,0.048420000000000005,0.447,2.6470294020000003
1574650410463,122.3,0.048420000000000005,0.447,2.6470294020000003
1574650410509,122.3,0.048420000000000005,0.447,2.6470294020000003
1574650410555,122.3,0.048420000000000005,0.447,2.6470294020000003
1574650410617,122.3,0.048350000000000004,0.449,2.6550290450000005
1574650410662,122.3,0.048350000000000004,0.449,2.6550290450000005
1574650410708,122.3,0.048350000000000004,0.449,2.6550290450000005
1574650410754,122.3,0.048350000000000004,0.449,2.6550290450000005
1574650410817,122.3,0.04829,0.449,2.651734283
1574650410863,122.3,0.04829,0.449,2.651734283
1574650410909,122.3,0.04829,0.449,2.651734283
1574650410955,122.3,0.04829,0.449,2.651734283
1574650411017,122.3,0.04869,0.446,2.655835002
1574650411063,122.3,0.04869,0.446,2.655835002
1574650411109,122.3,0.04869,0.446,2.655835002
1574650411155,122.3,0.04869,0.446,2.655835002
1574650411217,122.3,0.048380000000000006,0.448,2.6507595520000002
1574650411263,122.3,0.048380000000000006,0.448,2.6507595520000002
1574650411309,122.3,0.048380000000000006,0.448,2.6507595520000002
1574650411355,122.3,0.048380000000000006,0.448,2.6507595520000002
1574650411417,122.3,0.04854,0.447,2.6535895739999997
1574650411463,122.3,0.04854,0.447,2.6535895739999997
1574650411509,122.3,0.04854,0.447,2.6535895739999997
1574650411554,122.3,0.04854,0.447,2.6535895739999997
1574650411617,122.3,0.04854,0.447,2.6535895739999997
1574650411662,122.3,0.04854,0.447,2.6535895739999997
1574650411708,122.3,0.04854,0.447,2.6535895739999997
1574650411754,122.3,0.04854,0.447,2.6535895739999997
1574650411817,122.3,0.04839,0.448,2.651307456
1574650411863,122.3,0.04839,0.448,2.651307456
1574650411909,122.3,0.04839,0.448,2.651307456
1574650411955,122.3,0.04839,0.448,2.651307456
1574650412018,122.3,0.05375,0.457,3.004146625
1574650412064,122.3,0.05375,0.457,3.004146625
1574650412110,122.3,0.05375,0.457,3.004146625
1574650412155,122.3,0.05375,0.457,3.004146625
1574650412217,122.3,0.05244,0.457,2.9309292840000003
1574650412263,122.3,0.05244,0.457,2.9309292840000003
1574650412308,122.3,0.05244,0.457,2.9309292840000003
1574650412354,122.3,0.05244,0.457,2.9309292840000003
1574650412417,122.3,0.05228,0.457,2.921986708
1574650412463,122.3,0.05228,0.457,2.921986708
1574650412509,122.3,0.05228,0.457,2.921986708
1574650412555,122.3,0.05228,0.457,2.921986708
1574650412617,122.3,0.04857,0.448,2.661169728
1574650412663,122.3,0.04857,0.448,2.661169728
1574650412708,122.3,0.04857,0.448,2.661169728
1574650412754,122.3,0.04857,0.448,2.661169728
1574650412817,122.4,0.048310000000000006,0.448,2.6490885120000005
1574650412863,122.4,0.048310000000000006,0.448,2.6490885120000005
1574650412909,122.4,0.048310000000000006,0.448,2.6490885120000005
1574650412955,122.4,0.048310000000000006,0.448,2.6490885120000005
1574650413018,122.4,0.0484,0.448,2.6540236800000003
1574650413063,122.4,0.0484,0.448,2.6540236800000003
1574650413109,122.4,0.0484,0.448,2.6540236800000003
1574650413155,122.4,0.0484,0.448,2.6540236800000003
1574650413217,122.3,0.04839,0.448,2.651307456
1574650413263,122.3,0.04839,0.448,2.651307456
1574650413309,122.3,0.04839,0.448,2.651307456
1574650413355,122.3,0.04839,0.448,2.651307456
1574650413418,122.3,0.04852000000000001,0.446,2.6465622160000004
1574650413464,122.3,0.04852000000000001,0.446,2.6465622160000004
1574650413510,122.3,0.04852000000000001,0.446,2.6465622160000004
1574650413555,122.3,0.04852000000000001,0.446,2.6465622160000004
1574650413617,122.3,0.048979999999999996,0.443,2.6536825219999995
1574650413663,122.3,0.048979999999999996,0.443,2.6536825219999995
1574650413708,122.3,0.048979999999999996,0.443,2.6536825219999995
1574650413753,122.3,0.048979999999999996,0.443,2.6536825219999995
1574650413818,122.3,0.048850000000000005,0.444,2.65261362
1574650413863,122.3,0.048850000000000005,0.444,2.65261362
1574650413908,122.3,0.048850000000000005,0.444,2.65261362
1574650413953,122.3,0.048850000000000005,0.444,2.65261362
1574650414017,122.3,0.04858,0.447,2.6557762979999997
1574650414062,122.3,0.04858,0.447,2.6557762979999997
1574650414106,122.3,0.04858,0.447,2.6557762979999997
1574650414151,122.3,0.04858,0.447,2.6557762979999997
1574650414217,122.3,0.04857,0.446,2.649289506
1574650414262,122.3,0.04857,0.446,2.649289506
1574650414307,122.3,0.04857,0.446,2.649289506
1574650414352,122.3,0.04857,0.446,2.649289506
1574650414418,122.3,0.048490000000000005,0.447,2.6508561690000003
1574650414462,122.3,0.048490000000000005,0.447,2.6508561690000003
1574650414507,122.3,0.048490000000000005,0.447,2.6508561690000003
1574650414552,122.3,0.048490000000000005,0.447,2.6508561690000003
1574650414617,122.3,0.04875,0.446,2.65910775
1574650414661,122.3,0.04875,0.446,2.65910775
1574650414706,122.3,0.04875,0.446,2.65910775
1574650414751,122.3,0.04875,0.446,2.65910775
1574650414796,122.3,0.04875,0.446,2.65910775
1574650414841,122.3,0.04868,0.445,2.64933598
1574650414885,122.3,0.04868,0.445,2.64933598
1574650414930,122.3,0.04868,0.445,2.64933598
1574650414975,122.3,0.04868,0.445,2.64933598
1574650415020,122.4,0.04893,0.443,2.6531411760000005
1574650415065,122.4,0.04893,0.443,2.6531411760000005
1574650415110,122.4,0.04893,0.443,2.6531411760000005
1574650415156,122.4,0.04893,0.443,2.6531411760000005
1574650415218,122.3,0.048560000000000006,0.446,2.648744048
1574650415264,122.3,0.048560000000000006,0.446,2.648744048
1574650415310,122.3,0.048560000000000006,0.446,2.648744048
1574650415356,122.3,0.048560000000000006,0.446,2.648744048
1574650415417,122.3,0.048659999999999995,0.445,2.6482475099999996
1574650415463,122.3,0.048659999999999995,0.445,2.6482475099999996
1574650415509,122.3,0.048659999999999995,0.445,2.6482475099999996
1574650415555,122.3,0.048659999999999995,0.445,2.6482475099999996
1574650415617,122.3,0.04893,0.444,2.656957716
1574650415662,122.3,0.04893,0.444,2.656957716
1574650415708,122.3,0.04893,0.444,2.656957716
1574650415754,122.3,0.04893,0.444,2.656957716
1574650415818,122.3,0.04886,0.444,2.653156632
1574650415864,122.3,0.04886,0.444,2.653156632
1574650415910,122.3,0.04886,0.444,2.653156632
1574650415956,122.3,0.04886,0.444,2.653156632
1574650416017,122.4,0.048420000000000005,0.448,2.6551203840000004
1574650416063,122.4,0.048420000000000005,0.448,2.6551203840000004
1574650416109,122.4,0.048420000000000005,0.448,2.6551203840000004
1574650416155,122.4,0.048420000000000005,0.448,2.6551203840000004
1574650416217,122.4,0.04828,0.449,2.6533529280000003
1574650416263,122.4,0.04828,0.449,2.6533529280000003
1574650416309,122.4,0.04828,0.449,2.6533529280000003
1574650416355,122.4,0.04828,0.449,2.6533529280000003
1574650416418,122.3,0.048409999999999995,0.447,2.646482721
1574650416464,122.3,0.048409999999999995,0.447,2.646482721
1574650416510,122.3,0.048409999999999995,0.447,2.646482721
1574650416556,122.3,0.048409999999999995,0.447,2.646482721
1574650416618,122.3,0.048810000000000006,0.445,2.656411035
1574650416664,122.3,0.048810000000000006,0.445,2.656411035
1574650416710,122.3,0.048810000000000006,0.445,2.656411035
1574650416756,122.3,0.048810000000000006,0.445,2.656411035
1574650416817,122.3,0.04887,0.443,2.6477228429999995
1574650416863,122.3,0.04887,0.443,2.6477228429999995
1574650416909,122.3,0.04887,0.443,2.6477228429999995
1574650416955,122.3,0.04887,0.443,2.6477228429999995
1574650417017,122.3,0.048799999999999996,0.445,2.6558668
1574650417063,122.3,0.048799999999999996,0.445,2.6558668
1574650417109,122.3,0.048799999999999996,0.445,2.6558668
1574650417155,122.3,0.048799999999999996,0.445,2.6558668
1574650417217,122.3,0.048549999999999996,0.446,2.64819859
1574650417263,122.3,0.048549999999999996,0.446,2.64819859
1574650417310,122.3,0.048549999999999996,0.446,2.64819859
1574650417356,122.3,0.048549999999999996,0.446,2.64819859
1574650417418,122.3,0.0504,0.45,2.773764
1574650417464,122.3,0.0504,0.45,2.773764
1574650417509,122.3,0.0504,0.45,2.773764
1574650417555,122.3,0.0504,0.45,2.773764
1574650417617,122.3,0.05307,0.456,2.959650216
1574650417663,122.3,0.05307,0.456,2.959650216
1574650417708,122.3,0.05307,0.456,2.959650216
1574650417754,122.3,0.05307,0.456,2.959650216
1574650417818,122.3,0.05306,0.455,2.9526032900000003
1574650417864,122.3,0.05306,0.455,2.9526032900000003
1574650417910,122.3,0.05306,0.455,2.9526032900000003
1574650417956,122.3,0.05306,0.455,2.9526032900000003
1574650418018,122.3,0.05147,0.454,2.8578305740000003
1574650418064,122.3,0.05147,0.454,2.8578305740000003
1574650418110,122.3,0.05147,0.454,2.8578305740000003
1574650418155,122.3,0.05147,0.454,2.8578305740000003
1574650418217,122.3,0.04832,0.449,2.6533816640000003
1574650418263,122.3,0.04832,0.449,2.6533816640000003
1574650418309,122.3,0.04832,0.449,2.6533816640000003
1574650418355,122.3,0.04832,0.449,2.6533816640000003
1574650418418,122.3,0.04858,0.446,2.6498349639999996
1574650418464,122.3,0.04858,0.446,2.6498349639999996
1574650418510,122.3,0.04858,0.446,2.6498349639999996
1574650418556,122.3,0.04858,0.446,2.6498349639999996
1574650418618,122.3,0.0485,0.448,2.6573344
1574650418663,122.3,0.0485,0.448,2.6573344
1574650418709,122.3,0.0485,0.448,2.6573344
1574650418755,122.3,0.0485,0.448,2.6573344
1574650418817,122.3,0.048490000000000005,0.447,2.6508561690000003
1574650418863,122.3,0.048490000000000005,0.447,2.6508561690000003
1574650418909,122.3,0.048490000000000005,0.447,2.6508561690000003
1574650418955,122.3,0.048490000000000005,0.447,2.6508561690000003
1574650419017,122.3,0.04870000000000001,0.446,2.6563804600000003
1574650419063,122.3,0.04870000000000001,0.446,2.6563804600000003
1574650419113,122.3,0.04870000000000001,0.446,2.6563804600000003
1574650419158,122.3,0.04870000000000001,0.446,2.6563804600000003
1574650419218,122.3,0.04877,0.444,2.6482695240000003
1574650419263,122.3,0.04877,0.444,2.6482695240000003
1574650419308,122.3,0.04877,0.444,2.6482695240000003
1574650419353,122.3,0.04877,0.444,2.6482695240000003
1574650419418,122.3,0.04872,0.445,2.65151292
1574650419464,122.3,0.04872,0.445,2.65151292
1574650419509,122.3,0.04872,0.445,2.65151292
1574650419554,122.3,0.04872,0.445,2.65151292
1574650419617,122.3,0.04908,0.442,2.6530979279999998
1574650419662,122.3,0.04908,0.442,2.6530979279999998
1574650419707,122.3,0.04908,0.442,2.6530979279999998
1574650419752,122.3,0.04908,0.442,2.6530979279999998
1574650419817,122.3,0.04861,0.446,2.651471338
1574650419862,122.3,0.04861,0.446,2.651471338
1574650419907,122.3,0.04861,0.446,2.651471338
1574650419952,122.3,0.04861,0.446,2.651471338
1574650420018,122.3,0.04869,0.446,2.655835002
1574650420062,122.3,0.04869,0.446,2.655835002
1574650420107,122.3,0.04869,0.446,2.655835002
1574650420152,122.3,0.04869,0.446,2.655835002
1574650420218,122.3,0.048369999999999996,0.448,2.650211648
1574650420264,122.3,0.048369999999999996,0.448,2.650211648
1574650420309,122.3,0.048369999999999996,0.448,2.650211648
1574650420354,122.3,0.048369999999999996,0.448,2.650211648
1574650420418,122.3,0.049,0.443,2.6547661000000002
1574650420464,122.3,0.049,0.443,2.6547661000000002
1574650420509,122.3,0.049,0.443,2.6547661000000002
1574650420554,122.3,0.049,0.443,2.6547661000000002
1574650420619,122.3,0.049060000000000006,0.442,2.6520167960000003
1574650420665,122.3,0.049060000000000006,0.442,2.6520167960000003
1574650420710,122.3,0.049060000000000006,0.442,2.6520167960000003
1574650420756,122.3,0.049060000000000006,0.442,2.6520167960000003
1574650420818,122.3,0.049049999999999996,0.442,2.6514762299999997
1574650420864,122.3,0.049049999999999996,0.442,2.6514762299999997
1574650420910,122.3,0.049049999999999996,0.442,2.6514762299999997
1574650420955,122.3,0.049049999999999996,0.442,2.6514762299999997
1574650421018,122.3,0.04926,0.441,2.6568036179999996
1574650421064,122.3,0.04926,0.441,2.6568036179999996
1574650421109,122.3,0.04926,0.441,2.6568036179999996
1574650421155,122.3,0.04926,0.441,2.6568036179999996
1574650421219,122.3,0.04893,0.443,2.650973577
1574650421265,122.3,0.04893,0.443,2.650973577
1574650421310,122.3,0.04893,0.443,2.650973577
1574650421356,122.3,0.04893,0.443,2.650973577
1574650421419,122.3,0.04859,0.446,2.650380422
1574650421465,122.3,0.04859,0.446,2.650380422
1574650421510,122.3,0.04859,0.446,2.650380422
1574650421556,122.3,0.04859,0.446,2.650380422
1574650421619,122.3,0.04887,0.444,2.6536996439999996
1574650421665,122.3,0.04887,0.444,2.6536996439999996
1574650421710,122.3,0.04887,0.444,2.6536996439999996
1574650421755,122.3,0.04887,0.444,2.6536996439999996
1574650421818,122.3,0.048560000000000006,0.446,2.648744048
1574650421864,122.3,0.048560000000000006,0.446,2.648744048
1574650421909,122.3,0.048560000000000006,0.446,2.648744048
1574650421955,122.3,0.048560000000000006,0.446,2.648744048
1574650422018,122.3,0.04845000000000001,0.448,2.6545948800000008
1574650422063,122.3,0.04845000000000001,0.448,2.6545948800000008
1574650422108,122.3,0.04845000000000001,0.448,2.6545948800000008
1574650422154,122.3,0.04845000000000001,0.448,2.6545948800000008
1574650422218,122.3,0.04846,0.447,2.6492161260000002
1574650422263,122.3,0.04846,0.447,2.6492161260000002
1574650422308,122.3,0.04846,0.447,2.6492161260000002
1574650422354,122.3,0.04846,0.447,2.6492161260000002
1574650422418,122.3,0.04868,0.445,2.64933598
1574650422464,122.3,0.04868,0.445,2.64933598
1574650422510,122.3,0.04868,0.445,2.64933598
1574650422556,122.3,0.04868,0.445,2.64933598
1574650422619,122.3,0.048659999999999995,0.446,2.6541986279999996
1574650422664,122.3,0.048659999999999995,0.446,2.6541986279999996
1574650422710,122.3,0.048659999999999995,0.446,2.6541986279999996
1574650422755,122.3,0.048659999999999995,0.446,2.6541986279999996
1574650422818,122.3,0.04843,0.448,2.6534990720000002
1574650422862,122.3,0.04843,0.448,2.6534990720000002
1574650422907,122.3,0.04843,0.448,2.6534990720000002
1574650422953,122.3,0.04843,0.448,2.6534990720000002
1574650423018,122.3,0.0519,0.451,2.86266387
1574650423064,122.3,0.0519,0.451,2.86266387
1574650423109,122.3,0.0519,0.451,2.86266387
1574650423155,122.3,0.0519,0.451,2.86266387
1574650423219,122.3,0.05303,0.455,2.950933895
1574650423265,122.3,0.05303,0.455,2.950933895
1574650423310,122.3,0.05303,0.455,2.950933895
1574650423356,122.3,0.05303,0.455,2.950933895
1574650423418,122.3,0.05348,0.456,2.9825154240000002
1574650423463,122.3,0.05348,0.456,2.9825154240000002
1574650423509,122.3,0.05348,0.456,2.9825154240000002
1574650423554,122.3,0.05348,0.456,2.9825154240000002
1574650423619,122.3,0.04901,0.448,2.685277504
1574650423663,122.3,0.04901,0.448,2.685277504
1574650423709,122.3,0.04901,0.448,2.685277504
1574650423754,122.3,0.04901,0.448,2.685277504
1574650423818,122.3,0.04854,0.447,2.6535895739999997
1574650423864,122.3,0.04854,0.447,2.6535895739999997
1574650423910,122.3,0.04854,0.447,2.6535895739999997
1574650423956,122.3,0.04854,0.447,2.6535895739999997
1574650424018,122.4,0.04863000000000001,0.446,2.6547311520000005
1574650424063,122.4,0.04863000000000001,0.446,2.6547311520000005
1574650424109,122.4,0.04863000000000001,0.446,2.6547311520000005
1574650424155,122.4,0.04863000000000001,0.446,2.6547311520000005
1574650424218,122.4,0.04843,0.447,2.649740904
1574650424264,122.4,0.04843,0.447,2.649740904
1574650424310,122.4,0.04843,0.447,2.649740904
1574650424356,122.4,0.04843,0.447,2.649740904
1574650424418,122.3,0.04876,0.444,2.647726512
1574650424464,122.3,0.04876,0.444,2.647726512
1574650424510,122.3,0.04876,0.444,2.647726512
1574650424557,122.3,0.04876,0.444,2.647726512
1574650424619,122.3,0.04907,0.442,2.652557362
1574650424665,122.3,0.04907,0.442,2.652557362
1574650424711,122.3,0.04907,0.442,2.652557362
1574650424757,122.3,0.04907,0.442,2.652557362
1574650424818,122.3,0.04889,0.443,2.648806421
1574650424863,122.3,0.04889,0.443,2.648806421
1574650424908,122.3,0.04889,0.443,2.648806421
1574650424953,122.3,0.04889,0.443,2.648806421
1574650425019,122.4,0.048780000000000004,0.445,2.65694904
1574650425063,122.4,0.048780000000000004,0.445,2.65694904
1574650425109,122.4,0.048780000000000004,0.445,2.65694904
1574650425154,122.4,0.048780000000000004,0.445,2.65694904
1574650425218,122.3,0.04864,0.445,2.64715904
1574650425263,122.3,0.04864,0.445,2.64715904
1574650425307,122.3,0.04864,0.445,2.64715904
1574650425352,122.3,0.04864,0.445,2.64715904
1574650425397,122.3,0.04864,0.445,2.64715904
1574650425442,122.3,0.04883,0.445,2.6574995049999997
1574650425487,122.3,0.04883,0.445,2.6574995049999997
1574650425532,122.3,0.04883,0.445,2.6574995049999997
1574650425578,122.3,0.04883,0.445,2.6574995049999997
1574650425624,122.3,0.04871,0.444,2.6450114520000003
1574650425669,122.3,0.04871,0.444,2.6450114520000003
1574650425715,122.3,0.04871,0.444,2.6450114520000003
1574650425761,122.3,0.04871,0.444,2.6450114520000003
1574650425819,122.3,0.04859,0.446,2.650380422
1574650425865,122.3,0.04859,0.446,2.650380422
1574650425911,122.3,0.04859,0.446,2.650380422
1574650425957,122.3,0.04859,0.446,2.650380422
1574650426018,122.4,0.048850000000000005,0.444,2.6547825600000006
1574650426064,122.4,0.048850000000000005,0.444,2.6547825600000006
1574650426110,122.4,0.048850000000000005,0.444,2.6547825600000006
1574650426156,122.4,0.048850000000000005,0.444,2.6547825600000006
1574650426218,122.4,0.04876,0.444,2.649891456
1574650426264,122.4,0.04876,0.444,2.649891456
1574650426310,122.4,0.04876,0.444,2.649891456
1574650426355,122.4,0.04876,0.444,2.649891456
1574650426418,122.3,0.048810000000000006,0.444,2.650441572
1574650426465,122.3,0.048810000000000006,0.444,2.650441572
1574650426511,122.3,0.048810000000000006,0.444,2.650441572
1574650426556,122.3,0.048810000000000006,0.444,2.650441572
1574650426619,122.3,0.048909999999999995,0.443,2.6498899989999996
1574650426665,122.3,0.048909999999999995,0.443,2.6498899989999996
1574650426711,122.3,0.048909999999999995,0.443,2.6498899989999996
1574650426757,122.3,0.048909999999999995,0.443,2.6498899989999996
1574650426818,122.3,0.04877,0.444,2.6482695240000003
1574650426864,122.3,0.04877,0.444,2.6482695240000003
1574650426910,122.3,0.04877,0.444,2.6482695240000003
1574650426956,122.3,0.04877,0.444,2.6482695240000003
1574650427018,122.3,0.04847,0.448,2.655690688
1574650427064,122.3,0.04847,0.448,2.655690688
1574650427110,122.3,0.04847,0.448,2.655690688
1574650427156,122.3,0.04847,0.448,2.655690688
1574650427219,122.3,0.04819,0.449,2.646243013
1574650427264,122.3,0.04819,0.449,2.646243013
1574650427310,122.3,0.04819,0.449,2.646243013
