time_stamp,volt,curr,pf,mul
1574631316911,122.2,0.05304,0.432,2.8000028159999997
1574631316956,122.2,0.05304,0.432,2.8000028159999997
1574631317000,122.2,0.05304,0.432,2.8000028159999997
1574631317045,122.2,0.05304,0.432,2.8000028159999997
1574631317105,122.2,0.052770000000000004,0.429,2.7664039260000006
1574631317150,122.2,0.052770000000000004,0.429,2.7664039260000006
1574631317195,122.2,0.052770000000000004,0.429,2.7664039260000006
1574631317239,122.2,0.052770000000000004,0.429,2.7664039260000006
1574631317304,122.1,0.057460000000000004,0.434,3.044885844
1574631317350,122.1,0.057460000000000004,0.434,3.044885844
1574631317396,122.1,0.057460000000000004,0.434,3.044885844
1574631317442,122.1,0.057460000000000004,0.434,3.044885844
1574631317505,122.1,0.06087,0.436,3.240450972
1574631317564,122.1,0.06087,0.436,3.240450972
1574631317610,122.1,0.06087,0.436,3.240450972
1574631317656,122.1,0.06087,0.436,3.240450972
1574631317704,122.1,0.06076,0.436,3.234595056
1574631317750,122.1,0.06076,0.436,3.234595056
1574631317795,122.1,0.06076,0.436,3.234595056
1574631317840,122.1,0.06076,0.436,3.234595056
1574631317904,122.1,0.08529,0.476,4.957020684
1574631317951,122.1,0.08529,0.476,4.957020684
1574631317995,122.1,0.08529,0.476,4.957020684
1574631318040,122.1,0.08529,0.476,4.957020684
1574631318105,122.1,0.07141,0.452,3.941060772
1574631318151,122.1,0.07141,0.452,3.941060772
1574631318196,122.1,0.07141,0.452,3.941060772
1574631318241,122.1,0.07141,0.452,3.941060772
1574631318305,122.1,0.05866,0.436,3.122800296
1574631318351,122.1,0.05866,0.436,3.122800296
1574631318396,122.1,0.05866,0.436,3.122800296
1574631318442,122.1,0.05866,0.436,3.122800296
1574631318505,122.1,0.05856,0.436,3.117476736
1574631318551,122.1,0.05856,0.436,3.117476736
1574631318597,122.1,0.05856,0.436,3.117476736
1574631318641,122.1,0.05856,0.436,3.117476736
1574631318705,122.1,0.05858,0.435,3.1113888299999997
1574631318751,122.1,0.05858,0.435,3.1113888299999997
1574631318797,122.1,0.05858,0.435,3.1113888299999997
1574631318842,122.1,0.05858,0.435,3.1113888299999997
1574631318905,122.1,0.05878,0.434,3.114834492
1574631318950,122.1,0.05878,0.434,3.114834492
1574631318996,122.1,0.05878,0.434,3.114834492
1574631319042,122.1,0.05878,0.434,3.114834492
1574631319105,122.1,0.0587,0.434,3.1105951800000002
1574631319151,122.1,0.0587,0.434,3.1105951800000002
1574631319196,122.1,0.0587,0.434,3.1105951800000002
1574631319242,122.1,0.0587,0.434,3.1105951800000002
1574631319305,122.1,0.058750000000000004,0.434,3.11324475
1574631319351,122.1,0.058750000000000004,0.434,3.11324475
1574631319397,122.1,0.058750000000000004,0.434,3.11324475
1574631319442,122.1,0.058750000000000004,0.434,3.11324475
1574631319505,122.1,0.05886,0.433,3.1118869979999997
1574631319551,122.1,0.05886,0.433,3.1118869979999997
1574631319596,122.1,0.05886,0.433,3.1118869979999997
1574631319642,122.1,0.05886,0.433,3.1118869979999997
1574631319706,122.1,0.05891,0.433,3.114530463
1574631319751,122.1,0.05891,0.433,3.114530463
1574631319797,122.1,0.05891,0.433,3.114530463
1574631319843,122.1,0.05891,0.433,3.114530463
1574631319905,122.2,0.0586,0.434,3.10783928
1574631319951,122.2,0.0586,0.434,3.10783928
1574631319996,122.2,0.0586,0.434,3.10783928
1574631320042,122.2,0.0586,0.434,3.10783928
1574631320105,122.2,0.05869,0.434,3.112612412
1574631320152,122.2,0.05869,0.434,3.112612412
1574631320196,122.2,0.05869,0.434,3.112612412
1574631320241,122.2,0.05869,0.434,3.112612412
1574631320305,122.2,0.058320000000000004,0.437,3.1143696480000003
1574631320351,122.2,0.058320000000000004,0.437,3.1143696480000003
1574631320397,122.2,0.058320000000000004,0.437,3.1143696480000003
1574631320442,122.2,0.058320000000000004,0.437,3.1143696480000003
1574631320505,122.1,0.05812,0.438,3.1082459759999996
1574631320551,122.1,0.05812,0.438,3.1082459759999996
1574631320596,122.1,0.05812,0.438,3.1082459759999996
1574631320642,122.1,0.05812,0.438,3.1082459759999996
1574631320706,122.1,0.05809,0.438,3.106641582
1574631320751,122.1,0.05809,0.438,3.106641582
1574631320797,122.1,0.05809,0.438,3.106641582
1574631320842,122.1,0.05809,0.438,3.106641582
1574631320905,122.2,0.0587,0.434,3.11314276
1574631320951,122.2,0.0587,0.434,3.11314276
1574631320997,122.2,0.0587,0.434,3.11314276
1574631321043,122.2,0.0587,0.434,3.11314276
1574631321106,122.2,0.05859,0.434,3.107308932
1574631321152,122.2,0.05859,0.434,3.107308932
1574631321198,122.2,0.05859,0.434,3.107308932
1574631321243,122.2,0.05859,0.434,3.107308932
1574631321305,122.2,0.058350000000000006,0.436,3.1088413200000002
1574631321351,122.2,0.058350000000000006,0.436,3.1088413200000002
1574631321396,122.2,0.058350000000000006,0.436,3.1088413200000002
1574631321442,122.2,0.058350000000000006,0.436,3.1088413200000002
1574631321505,122.1,0.05858,0.434,3.1042362119999996
1574631321552,122.1,0.05858,0.434,3.1042362119999996
1574631321598,122.1,0.05858,0.434,3.1042362119999996
1574631321643,122.1,0.05858,0.434,3.1042362119999996
1574631321706,122.1,0.05836,0.436,3.106829616
1574631321751,122.1,0.05836,0.436,3.106829616
1574631321797,122.1,0.05836,0.436,3.106829616
1574631321842,122.1,0.05836,0.436,3.106829616
1574631321905,122.2,0.05842,0.436,3.1125708640000003
1574631321951,122.2,0.05842,0.436,3.1125708640000003
1574631321997,122.2,0.05842,0.436,3.1125708640000003
1574631322042,122.2,0.05842,0.436,3.1125708640000003
1574631322106,122.2,0.06342,0.444,3.4409662560000003
1574631322152,122.2,0.06342,0.444,3.4409662560000003
1574631322197,122.2,0.06342,0.444,3.4409662560000003
1574631322243,122.2,0.06342,0.444,3.4409662560000003
1574631322306,122.1,0.06275,0.443,3.394166325
1574631322352,122.1,0.06275,0.443,3.394166325
1574631322398,122.1,0.06275,0.443,3.394166325
1574631322444,122.1,0.06275,0.443,3.394166325
1574631322505,122.1,0.06254,0.443,3.382807362
1574631322551,122.1,0.06254,0.443,3.382807362
1574631322597,122.1,0.06254,0.443,3.382807362
1574631322643,122.1,0.06254,0.443,3.382807362
1574631322705,122.1,0.05859,0.436,3.1190738039999997
1574631322751,122.1,0.05859,0.436,3.1190738039999997
1574631322797,122.1,0.05859,0.436,3.1190738039999997
1574631322842,122.1,0.05859,0.436,3.1190738039999997
1574631322906,122.1,0.05854,0.435,3.10926429
1574631322952,122.1,0.05854,0.435,3.10926429
1574631322998,122.1,0.05854,0.435,3.10926429
1574631323044,122.1,0.05854,0.435,3.10926429
1574631323106,122.1,0.05831,0.436,3.1041678360000002
1574631323153,122.1,0.05831,0.436,3.1041678360000002
1574631323199,122.1,0.05831,0.436,3.1041678360000002
1574631323245,122.1,0.05831,0.436,3.1041678360000002
1574631323306,122.1,0.05844,0.436,3.111088464
1574631323352,122.1,0.05844,0.436,3.111088464
1574631323397,122.1,0.05844,0.436,3.111088464
1574631323443,122.1,0.05844,0.436,3.111088464
1574631323505,122.1,0.058530000000000006,0.435,3.1087331550000004
1574631323551,122.1,0.058530000000000006,0.435,3.1087331550000004
1574631323597,122.1,0.058530000000000006,0.435,3.1087331550000004
1574631323642,122.1,0.058530000000000006,0.435,3.1087331550000004
1574631323706,122.1,0.05861,0.434,3.1058259539999997
1574631323752,122.1,0.05861,0.434,3.1058259539999997
1574631323797,122.1,0.05861,0.434,3.1058259539999997
1574631323842,122.1,0.05861,0.434,3.1058259539999997
1574631323907,122.1,0.05854,0.435,3.10926429
1574631323952,122.1,0.05854,0.435,3.10926429
1574631323997,122.1,0.05854,0.435,3.10926429
1574631324042,122.1,0.05854,0.435,3.10926429
1574631324106,122.1,0.05822,0.438,3.113593956
1574631324152,122.1,0.05822,0.438,3.113593956
1574631324197,122.1,0.05822,0.438,3.113593956
1574631324243,122.1,0.05822,0.438,3.113593956
1574631324307,122.1,0.05861,0.434,3.1058259539999997
1574631324352,122.1,0.05861,0.434,3.1058259539999997
1574631324397,122.1,0.05861,0.434,3.1058259539999997
1574631324443,122.1,0.05861,0.434,3.1058259539999997
1574631324506,122.1,0.05876,0.434,3.1137746639999997
1574631324552,122.1,0.05876,0.434,3.1137746639999997
1574631324597,122.1,0.05876,0.434,3.1137746639999997
1574631324643,122.1,0.05876,0.434,3.1137746639999997
1574631324706,122.1,0.05878,0.433,3.107657454
1574631324752,122.1,0.05878,0.433,3.107657454
1574631324798,122.1,0.05878,0.433,3.107657454
1574631324844,122.1,0.05878,0.433,3.107657454
1574631324905,122.1,0.05861,0.434,3.1058259539999997
1574631324952,122.1,0.05861,0.434,3.1058259539999997
1574631324999,122.1,0.05861,0.434,3.1058259539999997
1574631325044,122.1,0.05861,0.434,3.1058259539999997
1574631325106,122.1,0.058710000000000005,0.434,3.111125094
1574631325152,122.1,0.058710000000000005,0.434,3.111125094
1574631325198,122.1,0.058710000000000005,0.434,3.111125094
1574631325243,122.1,0.058710000000000005,0.434,3.111125094
1574631325305,122.1,0.05874,0.434,3.112714836
1574631325351,122.1,0.05874,0.434,3.112714836
1574631325396,122.1,0.05874,0.434,3.112714836
1574631325442,122.1,0.05874,0.434,3.112714836
1574631325505,122.1,0.058750000000000004,0.434,3.11324475
1574631325551,122.1,0.058750000000000004,0.434,3.11324475
1574631325597,122.1,0.058750000000000004,0.434,3.11324475
1574631325643,122.1,0.058750000000000004,0.434,3.11324475
1574631325705,122.1,0.058570000000000004,0.434,3.103706298
1574631325751,122.1,0.058570000000000004,0.434,3.103706298
1574631325796,122.1,0.058570000000000004,0.434,3.103706298
1574631325842,122.1,0.058570000000000004,0.434,3.103706298
1574631325905,122.1,0.0584,0.436,3.10895904
1574631325950,122.1,0.0584,0.436,3.10895904
1574631325996,122.1,0.0584,0.436,3.10895904
1574631326041,122.1,0.0584,0.436,3.10895904
1574631326105,122.2,0.05804,0.439,3.1136022320000003
1574631326151,122.2,0.05804,0.439,3.1136022320000003
1574631326196,122.2,0.05804,0.439,3.1136022320000003
1574631326242,122.2,0.05804,0.439,3.1136022320000003
1574631326305,122.1,0.05794,0.439,3.1056940859999997
1574631326350,122.1,0.05794,0.439,3.1056940859999997
1574631326396,122.1,0.05794,0.439,3.1056940859999997
1574631326442,122.1,0.05794,0.439,3.1056940859999997
1574631326506,122.1,0.05827,0.437,3.1091531789999998
1574631326551,122.1,0.05827,0.437,3.1091531789999998
1574631326596,122.1,0.05827,0.437,3.1091531789999998
1574631326642,122.1,0.05827,0.437,3.1091531789999998
1574631326706,122.1,0.058640000000000005,0.434,3.107415696
1574631326752,122.1,0.058640000000000005,0.434,3.107415696
1574631326798,122.1,0.058640000000000005,0.434,3.107415696
1574631326843,122.1,0.058640000000000005,0.434,3.107415696
1574631326905,122.1,0.058159999999999996,0.438,3.1103851679999996
1574631326951,122.1,0.058159999999999996,0.438,3.1103851679999996
1574631326996,122.1,0.058159999999999996,0.438,3.1103851679999996
1574631327042,122.1,0.058159999999999996,0.438,3.1103851679999996
1574631327105,122.1,0.05818,0.438,3.111454764
1574631327150,122.1,0.05818,0.438,3.111454764
1574631327196,122.1,0.05818,0.438,3.111454764
1574631327242,122.1,0.05818,0.438,3.111454764
1574631327306,122.1,0.05823,0.437,3.1070188709999997
1574631327352,122.1,0.05823,0.437,3.1070188709999997
1574631327398,122.1,0.05823,0.437,3.1070188709999997
1574631327443,122.1,0.05823,0.437,3.1070188709999997
1574631327506,122.1,0.06055,0.439,3.2455950449999995
1574631327551,122.1,0.06055,0.439,3.2455950449999995
1574631327597,122.1,0.06055,0.439,3.2455950449999995
1574631327643,122.1,0.06055,0.439,3.2455950449999995
1574631327705,122.1,0.06352000000000001,0.443,3.435815856
1574631327751,122.1,0.06352000000000001,0.443,3.435815856
1574631327797,122.1,0.06352000000000001,0.443,3.435815856
1574631327842,122.1,0.06352000000000001,0.443,3.435815856
1574631327905,122.1,0.06563,0.449,3.598026927
1574631327951,122.1,0.06563,0.449,3.598026927
1574631327996,122.1,0.06563,0.449,3.598026927
1574631328042,122.1,0.06563,0.449,3.598026927
1574631328106,122.1,0.06358,0.446,3.462350628
1574631328152,122.1,0.06358,0.446,3.462350628
1574631328198,122.1,0.06358,0.446,3.462350628
1574631328244,122.1,0.06358,0.446,3.462350628
1574631328305,122.1,0.06107,0.443,3.3032946209999996
1574631328351,122.1,0.06107,0.443,3.3032946209999996
1574631328397,122.1,0.06107,0.443,3.3032946209999996
1574631328443,122.1,0.06107,0.443,3.3032946209999996
1574631328505,122.0,0.06141,0.441,3.30398082
1574631328551,122.0,0.06141,0.441,3.30398082
1574631328597,122.0,0.06141,0.441,3.30398082
1574631328643,122.0,0.06141,0.441,3.30398082
1574631328706,122.1,0.06146,0.441,3.3093813059999997
1574631328752,122.1,0.06146,0.441,3.3093813059999997
1574631328798,122.1,0.06146,0.441,3.3093813059999997
1574631328843,122.1,0.06146,0.441,3.3093813059999997
1574631328905,122.1,0.06125,0.442,3.30555225
1574631328951,122.1,0.06125,0.442,3.30555225
1574631328996,122.1,0.06125,0.442,3.30555225
1574631329042,122.1,0.06125,0.442,3.30555225
1574631329105,122.1,0.06149,0.441,3.310996689
1574631329150,122.1,0.06149,0.441,3.310996689
1574631329195,122.1,0.06149,0.441,3.310996689
1574631329240,122.1,0.06149,0.441,3.310996689
1574631329306,122.1,0.06133,0.441,3.302381313
1574631329350,122.1,0.06133,0.441,3.302381313
1574631329395,122.1,0.06133,0.441,3.302381313
1574631329440,122.1,0.06133,0.441,3.302381313
1574631329506,122.1,0.06141,0.44,3.29919084
1574631329552,122.1,0.06141,0.44,3.29919084
1574631329598,122.1,0.06141,0.44,3.29919084
1574631329644,122.1,0.06141,0.44,3.29919084
1574631329705,122.1,0.061630000000000004,0.439,3.303485097
1574631329751,122.1,0.061630000000000004,0.439,3.303485097
1574631329796,122.1,0.061630000000000004,0.439,3.303485097
1574631329842,122.1,0.061630000000000004,0.439,3.303485097
1574631329906,122.1,0.06149,0.44,3.30348876
1574631329952,122.1,0.06149,0.44,3.30348876
1574631329998,122.1,0.06149,0.44,3.30348876
1574631330044,122.1,0.06149,0.44,3.30348876
1574631330106,122.2,0.061520000000000005,0.44,3.3078073600000004
1574631330152,122.2,0.061520000000000005,0.44,3.3078073600000004
1574631330198,122.2,0.061520000000000005,0.44,3.3078073600000004
1574631330244,122.2,0.061520000000000005,0.44,3.3078073600000004
1574631330305,122.2,0.06182,0.437,3.301274548
1574631330351,122.2,0.06182,0.437,3.301274548
1574631330397,122.2,0.06182,0.437,3.301274548
1574631330443,122.2,0.06182,0.437,3.301274548
1574631330506,122.1,0.06196,0.437,3.306043092
1574631330552,122.1,0.06196,0.437,3.306043092
1574631330598,122.1,0.06196,0.437,3.306043092
1574631330644,122.1,0.06196,0.437,3.306043092
1574631330706,122.1,0.06185,0.437,3.300173745
1574631330752,122.1,0.06185,0.437,3.300173745
1574631330798,122.1,0.06185,0.437,3.300173745
1574631330844,122.1,0.06185,0.437,3.300173745
1574631330906,122.1,0.061840000000000006,0.437,3.2996401680000003
1574631330952,122.1,0.061840000000000006,0.437,3.2996401680000003
1574631330998,122.1,0.061840000000000006,0.437,3.2996401680000003
1574631331044,122.1,0.061840000000000006,0.437,3.2996401680000003
1574631331105,122.1,0.06171,0.439,3.307773249
1574631331151,122.1,0.06171,0.439,3.307773249
1574631331197,122.1,0.06171,0.439,3.307773249
1574631331242,122.1,0.06171,0.439,3.307773249
1574631331306,122.1,0.062259999999999996,0.439,3.3372542939999996
1574631331352,122.1,0.062259999999999996,0.439,3.3372542939999996
1574631331398,122.1,0.062259999999999996,0.439,3.3372542939999996
1574631331444,122.1,0.062259999999999996,0.439,3.3372542939999996
1574631331506,122.1,0.06179,0.438,3.304516842
1574631331552,122.1,0.06179,0.438,3.304516842
1574631331598,122.1,0.06179,0.438,3.304516842
1574631331644,122.1,0.06179,0.438,3.304516842
1574631331706,122.0,0.06139,0.441,3.30290478
1574631331752,122.0,0.06139,0.441,3.30290478
1574631331797,122.0,0.06139,0.441,3.30290478
1574631331843,122.0,0.06139,0.441,3.30290478
1574631331906,122.1,0.061380000000000004,0.441,3.305073618
1574631331952,122.1,0.061380000000000004,0.441,3.305073618
1574631331998,122.1,0.061380000000000004,0.441,3.305073618
1574631332044,122.1,0.061380000000000004,0.441,3.305073618
1574631332105,122.1,0.06149,0.44,3.30348876
1574631332152,122.1,0.06149,0.44,3.30348876
1574631332198,122.1,0.06149,0.44,3.30348876
1574631332243,122.1,0.06149,0.44,3.30348876
1574631332306,122.1,0.06157,0.439,3.3002689829999996
1574631332352,122.1,0.06157,0.439,3.3002689829999996
1574631332398,122.1,0.06157,0.439,3.3002689829999996
1574631332444,122.1,0.06157,0.439,3.3002689829999996
1574631332506,122.0,0.061700000000000005,0.439,3.3045286000000003
1574631332552,122.0,0.061700000000000005,0.439,3.3045286000000003
1574631332598,122.0,0.061700000000000005,0.439,3.3045286000000003
1574631332644,122.0,0.061700000000000005,0.439,3.3045286000000003
1574631332706,122.0,0.06139,0.44,3.2954152
1574631332751,122.0,0.06139,0.44,3.2954152
1574631332797,122.0,0.06139,0.44,3.2954152