time_stamp,volt,curr,pf,mul
1574660049888,122.2,0.03743,0.461,2.108589106
1574660049934,122.2,0.03743,0.461,2.108589106
1574660049979,122.2,0.03743,0.461,2.108589106
1574660050024,122.2,0.03743,0.461,2.108589106
1574660050083,122.2,0.0366,0.461,2.0618317200000003
1574660050128,122.2,0.0366,0.461,2.0618317200000003
1574660050172,122.2,0.0366,0.461,2.0618317200000003
1574660050217,122.2,0.0366,0.461,2.0618317200000003
1574660050282,122.2,0.03672,0.46,2.06410464
1574660050328,122.2,0.03672,0.46,2.06410464
1574660050373,122.2,0.03672,0.46,2.06410464
1574660050418,122.2,0.03672,0.46,2.06410464
1574660050482,122.2,0.03683,0.46,2.0702879600000004
1574660050527,122.2,0.03683,0.46,2.0702879600000004
1574660050572,122.2,0.03683,0.46,2.0702879600000004
1574660050617,122.2,0.03683,0.46,2.0702879600000004
1574660050683,122.2,0.03671,0.46,2.06354252
1574660050728,122.2,0.03671,0.46,2.06354252
1574660050774,122.2,0.03671,0.46,2.06354252
1574660050819,122.2,0.03671,0.46,2.06354252
1574660050882,122.2,0.03689,0.46,2.07366068
1574660050927,122.2,0.03689,0.46,2.07366068
1574660050973,122.2,0.03689,0.46,2.07366068
1574660051019,122.2,0.03689,0.46,2.07366068
1574660051083,122.2,0.03667,0.46,2.0612940400000004
1574660051128,122.2,0.03667,0.46,2.0612940400000004
1574660051174,122.2,0.03667,0.46,2.0612940400000004
1574660051219,122.2,0.03667,0.46,2.0612940400000004
1574660051283,122.2,0.03653,0.464,2.071280224
1574660051329,122.2,0.03653,0.464,2.071280224
1574660051375,122.2,0.03653,0.464,2.071280224
1574660051421,122.2,0.03653,0.464,2.071280224
1574660051483,122.2,0.03637,0.464,2.062208096
1574660051529,122.2,0.03637,0.464,2.062208096
1574660051574,122.2,0.03637,0.464,2.062208096
1574660051620,122.2,0.03637,0.464,2.062208096
1574660051682,122.2,0.03671,0.461,2.068028482
1574660051727,122.2,0.03671,0.461,2.068028482
1574660051773,122.2,0.03671,0.461,2.068028482
1574660051818,122.2,0.03671,0.461,2.068028482
1574660051883,122.2,0.03667,0.46,2.0612940400000004
1574660051929,122.2,0.03667,0.46,2.0612940400000004
1574660051975,122.2,0.03667,0.46,2.0612940400000004
1574660052021,122.2,0.03667,0.46,2.0612940400000004
1574660052083,122.2,0.0367,0.461,2.0674651400000004
1574660052128,122.2,0.0367,0.461,2.0674651400000004
1574660052174,122.2,0.0367,0.461,2.0674651400000004
1574660052220,122.2,0.0367,0.461,2.0674651400000004
1574660052282,122.2,0.04079,0.466,2.322794708
1574660052328,122.2,0.04079,0.466,2.322794708
1574660052374,122.2,0.04079,0.466,2.322794708
1574660052420,122.2,0.04079,0.466,2.322794708
1574660052482,122.2,0.04094,0.468,2.341342224
1574660052528,122.2,0.04094,0.468,2.341342224
1574660052573,122.2,0.04094,0.468,2.341342224
1574660052618,122.2,0.04094,0.468,2.341342224
1574660052683,122.2,0.040409999999999995,0.468,2.311031736
1574660052728,122.2,0.040409999999999995,0.468,2.311031736
1574660052773,122.2,0.040409999999999995,0.468,2.311031736
1574660052819,122.2,0.040409999999999995,0.468,2.311031736
1574660052882,122.2,0.03662,0.461,2.062958404
1574660052928,122.2,0.03662,0.461,2.062958404
1574660052973,122.2,0.03662,0.461,2.062958404
1574660053019,122.2,0.03662,0.461,2.062958404
1574660053083,122.2,0.03655,0.463,2.06794783
1574660053127,122.2,0.03655,0.463,2.06794783
1574660053172,122.2,0.03655,0.463,2.06794783
1574660053217,122.2,0.03655,0.463,2.06794783
1574660053283,122.2,0.03646,0.463,2.0628557560000003
1574660053328,122.2,0.03646,0.463,2.0628557560000003
1574660053373,122.2,0.03646,0.463,2.0628557560000003
1574660053417,122.2,0.03646,0.463,2.0628557560000003
1574660053482,122.1,0.036610000000000004,0.463,2.069647503
1574660053527,122.1,0.036610000000000004,0.463,2.069647503
1574660053572,122.1,0.036610000000000004,0.463,2.069647503
1574660053617,122.1,0.036610000000000004,0.463,2.069647503
1574660053683,122.1,0.03676,0.46,2.06466216
1574660053728,122.1,0.03676,0.46,2.06466216
1574660053772,122.1,0.03676,0.46,2.06466216
1574660053817,122.1,0.03676,0.46,2.06466216
1574660053883,122.2,0.036770000000000004,0.461,2.071408534
1574660053928,122.2,0.036770000000000004,0.461,2.071408534
1574660053973,122.2,0.036770000000000004,0.461,2.071408534
1574660054019,122.2,0.036770000000000004,0.461,2.071408534
1574660054082,122.2,0.03671,0.46,2.06354252
1574660054128,122.2,0.03671,0.46,2.06354252
1574660054174,122.2,0.03671,0.46,2.06354252
1574660054220,122.2,0.03671,0.46,2.06354252
1574660054282,122.2,0.037,0.458,2.0708012
1574660054328,122.2,0.037,0.458,2.0708012
1574660054374,122.2,0.037,0.458,2.0708012
1574660054419,122.2,0.037,0.458,2.0708012
1574660054483,122.2,0.03687,0.458,2.063525412
1574660054529,122.2,0.03687,0.458,2.063525412
1574660054575,122.2,0.03687,0.458,2.063525412
1574660054621,122.2,0.03687,0.458,2.063525412
1574660054683,122.2,0.03703,0.458,2.072480228
1574660054728,122.2,0.03703,0.458,2.072480228
1574660054774,122.2,0.03703,0.458,2.072480228
1574660054820,122.2,0.03703,0.458,2.072480228
1574660054882,122.2,0.03686,0.458,2.0629657359999998
1574660054927,122.2,0.03686,0.458,2.0629657359999998
1574660054973,122.2,0.03686,0.458,2.0629657359999998
1574660055019,122.2,0.03686,0.458,2.0629657359999998
1574660055083,122.2,0.03673,0.459,2.060178354
1574660055128,122.2,0.03673,0.459,2.060178354
1574660055174,122.2,0.03673,0.459,2.060178354
1574660055219,122.2,0.03673,0.459,2.060178354
1574660055282,122.2,0.03683,0.46,2.0702879600000004
1574660055328,122.2,0.03683,0.46,2.0702879600000004
1574660055374,122.2,0.03683,0.46,2.0702879600000004
1574660055420,122.2,0.03683,0.46,2.0702879600000004
1574660055483,122.2,0.03679,0.459,2.0635437420000002
1574660055529,122.2,0.03679,0.459,2.0635437420000002
1574660055574,122.2,0.03679,0.459,2.0635437420000002
1574660055620,122.2,0.03679,0.459,2.0635437420000002
1574660055683,122.2,0.03698,0.458,2.069681848
1574660055729,122.2,0.03698,0.458,2.069681848
1574660055776,122.2,0.03698,0.458,2.069681848
1574660055822,122.2,0.03698,0.458,2.069681848
1574660055883,122.2,0.03683,0.458,2.0612867080000004
1574660055928,122.2,0.03683,0.458,2.0612867080000004
1574660055974,122.2,0.03683,0.458,2.0612867080000004
1574660056020,122.2,0.03683,0.458,2.0612867080000004
1574660056083,122.2,0.03712,0.457,2.0729812480000005
1574660056128,122.2,0.03712,0.457,2.0729812480000005
1574660056174,122.2,0.03712,0.457,2.0729812480000005
1574660056219,122.2,0.03712,0.457,2.0729812480000005
1574660056282,122.2,0.03686,0.457,2.0584614439999998
1574660056328,122.2,0.03686,0.457,2.0584614439999998
1574660056374,122.2,0.03686,0.457,2.0584614439999998
1574660056420,122.2,0.03686,0.457,2.0584614439999998
1574660056483,122.2,0.037090000000000005,0.457,2.071305886
1574660056529,122.2,0.037090000000000005,0.457,2.071305886
1574660056575,122.2,0.037090000000000005,0.457,2.071305886
1574660056621,122.2,0.037090000000000005,0.457,2.071305886
1574660056683,122.1,0.03696,0.457,2.0623569120000003
1574660056729,122.1,0.03696,0.457,2.0623569120000003
1574660056775,122.1,0.03696,0.457,2.0623569120000003
1574660056821,122.1,0.03696,0.457,2.0623569120000003
1574660056883,122.2,0.03669,0.462,2.071385316
1574660056929,122.2,0.03669,0.462,2.071385316
1574660056975,122.2,0.03669,0.462,2.071385316
1574660057021,122.2,0.03669,0.462,2.071385316
1574660057083,122.2,0.03665,0.461,2.0646484300000005
1574660057129,122.2,0.03665,0.461,2.0646484300000005
1574660057175,122.2,0.03665,0.461,2.0646484300000005
1574660057221,122.2,0.03665,0.461,2.0646484300000005
1574660057283,122.1,0.03672,0.461,2.0668990320000002
1574660057330,122.1,0.03672,0.461,2.0668990320000002
1574660057375,122.1,0.03672,0.461,2.0668990320000002
1574660057421,122.1,0.03672,0.461,2.0668990320000002
1574660057483,122.1,0.036950000000000004,0.457,2.061798915
1574660057529,122.1,0.036950000000000004,0.457,2.061798915
1574660057575,122.1,0.036950000000000004,0.457,2.061798915
1574660057621,122.1,0.036950000000000004,0.457,2.061798915
1574660057683,122.1,0.03762,0.459,2.1083715180000002
1574660057729,122.1,0.03762,0.459,2.1083715180000002
1574660057775,122.1,0.03762,0.459,2.1083715180000002
1574660057820,122.1,0.03762,0.459,2.1083715180000002
1574660057883,122.2,0.041659999999999996,0.466,2.372337032
1574660057930,122.2,0.041659999999999996,0.466,2.372337032
1574660057976,122.2,0.041659999999999996,0.466,2.372337032
1574660058022,122.2,0.041659999999999996,0.466,2.372337032
1574660058083,122.2,0.041240000000000006,0.466,2.3484200480000004
1574660058129,122.2,0.041240000000000006,0.466,2.3484200480000004
1574660058174,122.2,0.041240000000000006,0.466,2.3484200480000004
1574660058220,122.2,0.041240000000000006,0.466,2.3484200480000004
1574660058283,122.2,0.03911,0.461,2.203230562
1574660058328,122.2,0.03911,0.461,2.203230562
1574660058374,122.2,0.03911,0.461,2.203230562
1574660058419,122.2,0.03911,0.461,2.203230562
1574660058483,122.2,0.0368,0.459,2.06410464
1574660058528,122.2,0.0368,0.459,2.06410464
1574660058573,122.2,0.0368,0.459,2.06410464
1574660058618,122.2,0.0368,0.459,2.06410464
1574660058683,122.2,0.03688,0.459,2.0685918240000003
1574660058728,122.2,0.03688,0.459,2.0685918240000003
1574660058774,122.2,0.03688,0.459,2.0685918240000003
1574660058819,122.2,0.03688,0.459,2.0685918240000003
1574660058883,122.2,0.036590000000000004,0.462,2.0657396760000006
1574660058928,122.2,0.036590000000000004,0.462,2.0657396760000006
1574660058974,122.2,0.036590000000000004,0.462,2.0657396760000006
1574660059019,122.2,0.036590000000000004,0.462,2.0657396760000006
1574660059083,122.2,0.0367,0.462,2.0719498800000005
1574660059128,122.2,0.0367,0.462,2.0719498800000005
1574660059173,122.2,0.0367,0.462,2.0719498800000005
1574660059218,122.2,0.0367,0.462,2.0719498800000005
1574660059283,122.2,0.03669,0.46,2.06241828
1574660059327,122.2,0.03669,0.46,2.06241828
1574660059373,122.2,0.03669,0.46,2.06241828
1574660059418,122.2,0.03669,0.46,2.06241828
1574660059483,122.2,0.03675,0.46,2.065791
1574660059529,122.2,0.03675,0.46,2.065791
1574660059574,122.2,0.03675,0.46,2.065791
1574660059620,122.2,0.03675,0.46,2.065791
1574660059683,122.2,0.03707,0.457,2.070188978
1574660059729,122.2,0.03707,0.457,2.070188978
1574660059775,122.2,0.03707,0.457,2.070188978
1574660059821,122.2,0.03707,0.457,2.070188978
1574660059883,122.2,0.03703,0.456,2.063430096
1574660059929,122.2,0.03703,0.456,2.063430096
1574660059975,122.2,0.03703,0.456,2.063430096
1574660060021,122.2,0.03703,0.456,2.063430096
1574660060083,122.2,0.03724,0.455,2.07058124
1574660060129,122.2,0.03724,0.455,2.07058124
1574660060174,122.2,0.03724,0.455,2.07058124
1574660060220,122.2,0.03724,0.455,2.07058124
1574660060283,122.2,0.03689,0.457,2.060136806
1574660060329,122.2,0.03689,0.457,2.060136806
1574660060375,122.2,0.03689,0.457,2.060136806
1574660060421,122.2,0.03689,0.457,2.060136806
1574660060483,122.1,0.03704,0.458,2.0713434719999997
1574660060529,122.1,0.03704,0.458,2.0713434719999997
1574660060575,122.1,0.03704,0.458,2.0713434719999997
1574660060620,122.1,0.03704,0.458,2.0713434719999997
1574660060683,122.1,0.03686,0.458,2.0612775479999996
1574660060729,122.1,0.03686,0.458,2.0612775479999996
1574660060775,122.1,0.03686,0.458,2.0612775479999996
1574660060821,122.1,0.03686,0.458,2.0612775479999996
1574660060884,122.1,0.03687,0.46,2.0708404199999997
1574660060930,122.1,0.03687,0.46,2.0708404199999997
1574660060976,122.1,0.03687,0.46,2.0708404199999997
1574660061022,122.1,0.03687,0.46,2.0708404199999997
1574660061083,122.2,0.03683,0.458,2.0612867080000004
1574660061129,122.2,0.03683,0.458,2.0612867080000004
1574660061174,122.2,0.03683,0.458,2.0612867080000004
1574660061220,122.2,0.03683,0.458,2.0612867080000004
1574660061283,122.2,0.03713,0.457,2.0735397020000006
1574660061329,122.2,0.03713,0.457,2.0735397020000006
1574660061375,122.2,0.03713,0.457,2.0735397020000006
1574660061421,122.2,0.03713,0.457,2.0735397020000006
1574660061484,122.1,0.03694,0.457,2.0612409179999998
1574660061530,122.1,0.03694,0.457,2.0612409179999998
1574660061576,122.1,0.03694,0.457,2.0612409179999998
1574660061622,122.1,0.03694,0.457,2.0612409179999998
1574660061683,122.1,0.03714,0.457,2.072400858
1574660061728,122.1,0.03714,0.457,2.072400858
1574660061774,122.1,0.03714,0.457,2.072400858
1574660061819,122.1,0.03714,0.457,2.072400858
1574660061884,122.2,0.03691,0.458,2.065764116
1574660061930,122.2,0.03691,0.458,2.065764116
1574660061976,122.2,0.03691,0.458,2.065764116
1574660062022,122.2,0.03691,0.458,2.065764116
1574660062084,122.2,0.03693,0.457,2.062370622
1574660062129,122.2,0.03693,0.457,2.062370622
1574660062175,122.2,0.03693,0.457,2.062370622
1574660062221,122.2,0.03693,0.457,2.062370622
1574660062283,122.1,0.03675,0.46,2.0641005
1574660062329,122.1,0.03675,0.46,2.0641005
1574660062375,122.1,0.03675,0.46,2.0641005
1574660062421,122.1,0.03675,0.46,2.0641005
1574660062483,122.1,0.03655,0.462,2.06179281
1574660062529,122.1,0.03655,0.462,2.06179281
1574660062575,122.1,0.03655,0.462,2.06179281
1574660062620,122.1,0.03655,0.462,2.06179281
1574660062684,122.1,0.03666,0.463,2.0724741179999997
1574660062730,122.1,0.03666,0.463,2.0724741179999997
1574660062775,122.1,0.03666,0.463,2.0724741179999997
1574660062821,122.1,0.03666,0.463,2.0724741179999997
1574660062884,122.1,0.03651,0.462,2.059536402
1574660062930,122.1,0.03651,0.462,2.059536402
1574660062975,122.1,0.03651,0.462,2.059536402
1574660063021,122.1,0.03651,0.462,2.059536402
1574660063083,122.1,0.03679,0.461,2.0708391990000004
1574660063129,122.1,0.03679,0.461,2.0708391990000004
1574660063175,122.1,0.03679,0.461,2.0708391990000004
1574660063221,122.1,0.03679,0.461,2.0708391990000004
1574660063284,122.1,0.03916,0.465,2.22336774
1574660063330,122.1,0.03916,0.465,2.22336774
1574660063376,122.1,0.03916,0.465,2.22336774
1574660063422,122.1,0.03916,0.465,2.22336774
1574660063483,122.1,0.040920000000000005,0.47,2.34827604
1574660063529,122.1,0.040920000000000005,0.47,2.34827604
1574660063574,122.1,0.040920000000000005,0.47,2.34827604
1574660063619,122.1,0.040920000000000005,0.47,2.34827604
1574660063684,122.1,0.041170000000000005,0.468,2.3525690760000004
1574660063729,122.1,0.041170000000000005,0.468,2.3525690760000004
1574660063775,122.1,0.041170000000000005,0.468,2.3525690760000004
1574660063821,122.1,0.041170000000000005,0.468,2.3525690760000004
1574660063883,122.1,0.03726,0.462,2.101844052
1574660063928,122.1,0.03726,0.462,2.101844052
1574660063974,122.1,0.03726,0.462,2.101844052
1574660064019,122.1,0.03726,0.462,2.101844052
1574660064083,122.2,0.0367,0.46,2.0629804000000003
1574660064128,122.2,0.0367,0.46,2.0629804000000003
1574660064173,122.2,0.0367,0.46,2.0629804000000003
1574660064218,122.2,0.0367,0.46,2.0629804000000003
1574660064284,122.2,0.03688,0.457,2.059578352
1574660064329,122.2,0.03688,0.457,2.059578352
1574660064373,122.2,0.03688,0.457,2.059578352
1574660064418,122.2,0.03688,0.457,2.059578352
1574660064484,122.1,0.03658,0.463,2.067951534
1574660064529,122.1,0.03658,0.463,2.067951534
1574660064574,122.1,0.03658,0.463,2.067951534
1574660064618,122.1,0.03658,0.463,2.067951534
1574660064683,122.1,0.03663,0.461,2.061833103
1574660064728,122.1,0.03663,0.461,2.061833103
1574660064773,122.1,0.03663,0.461,2.061833103
1574660064817,122.1,0.03663,0.461,2.061833103
1574660064862,122.1,0.03663,0.461,2.061833103
1574660064907,122.2,0.03667,0.462,2.070256188
1574660064952,122.2,0.03667,0.462,2.070256188
1574660064998,122.2,0.03667,0.462,2.070256188
1574660065043,122.2,0.03667,0.462,2.070256188
1574660065089,122.2,0.03667,0.461,2.0657751140000005
1574660065135,122.2,0.03667,0.461,2.0657751140000005
1574660065181,122.2,0.03667,0.461,2.0657751140000005
1574660065227,122.2,0.03667,0.461,2.0657751140000005
1574660065283,122.2,0.0369,0.459,2.0697136200000004
1574660065329,122.2,0.0369,0.459,2.0697136200000004
1574660065375,122.2,0.0369,0.459,2.0697136200000004
1574660065421,122.2,0.0369,0.459,2.0697136200000004
1574660065483,122.1,0.03689,0.458,2.062955202
1574660065530,122.1,0.03689,0.458,2.062955202
1574660065576,122.1,0.03689,0.458,2.062955202
1574660065622,122.1,0.03689,0.458,2.062955202
1574660065684,122.1,0.036950000000000004,0.459,2.070822105
1574660065730,122.1,0.036950000000000004,0.459,2.070822105
1574660065776,122.1,0.036950000000000004,0.459,2.070822105
1574660065822,122.1,0.036950000000000004,0.459,2.070822105
1574660065884,122.1,0.03681,0.459,2.0629759590000005
1574660065930,122.1,0.03681,0.459,2.0629759590000005
1574660065976,122.1,0.03681,0.459,2.0629759590000005
1574660066022,122.1,0.03681,0.459,2.0629759590000005
1574660066084,122.1,0.03698,0.459,2.0725034219999996
1574660066130,122.1,0.03698,0.459,2.0725034219999996
1574660066175,122.1,0.03698,0.459,2.0725034219999996
1574660066221,122.1,0.03698,0.459,2.0725034219999996
1574660066284,122.1,0.03713,0.455,2.0627757150000003
1574660066330,122.1,0.03713,0.455,2.0627757150000003
1574660066376,122.1,0.03713,0.455,2.0627757150000003
1574660066422,122.1,0.03713,0.455,2.0627757150000003
1574660066484,122.1,0.03708,0.457,2.069052876
1574660066530,122.1,0.03708,0.457,2.069052876
1574660066576,122.1,0.03708,0.457,2.069052876
1574660066621,122.1,0.03708,0.457,2.069052876
1574660066684,122.1,0.036840000000000005,0.459,2.064657276
1574660066730,122.1,0.036840000000000005,0.459,2.064657276
1574660066776,122.1,0.036840000000000005,0.459,2.064657276
1574660066822,122.1,0.036840000000000005,0.459,2.064657276
1574660066883,122.1,0.037,0.456,2.0600712
1574660066929,122.1,0.037,0.456,2.0600712
1574660066975,122.1,0.037,0.456,2.0600712
1574660067021,122.1,0.037,0.456,2.0600712
1574660067083,122.1,0.03711,0.457,2.070726867
1574660067129,122.1,0.03711,0.457,2.070726867
1574660067175,122.1,0.03711,0.457,2.070726867
1574660067221,122.1,0.03711,0.457,2.070726867
1574660067284,122.2,0.03716,0.455,2.06613316
1574660067330,122.2,0.03716,0.455,2.06613316
1574660067376,122.2,0.03716,0.455,2.06613316
1574660067422,122.2,0.03716,0.455,2.06613316
1574660067484,122.1,0.03723,0.455,2.0683312650000003
1574660067530,122.1,0.03723,0.455,2.0683312650000003
1574660067576,122.1,0.03723,0.455,2.0683312650000003
1574660067621,122.1,0.03723,0.455,2.0683312650000003
1574660067684,122.1,0.03729,0.453,2.0625583769999998
1574660067730,122.1,0.03729,0.453,2.0625583769999998
1574660067776,122.1,0.03729,0.453,2.0625583769999998
1574660067822,122.1,0.03729,0.453,2.0625583769999998
1574660067884,122.1,0.03708,0.458,2.073580344
1574660067930,122.1,0.03708,0.458,2.073580344
1574660067975,122.1,0.03708,0.458,2.073580344
1574660068021,122.1,0.03708,0.458,2.073580344
1574660068084,122.1,0.03694,0.458,2.065751292
1574660068130,122.1,0.03694,0.458,2.065751292
1574660068177,122.1,0.03694,0.458,2.065751292
1574660068223,122.1,0.03694,0.458,2.065751292
1574660068284,122.1,0.03703,0.458,2.070784254
1574660068330,122.1,0.03703,0.458,2.070784254
1574660068376,122.1,0.03703,0.458,2.070784254
1574660068422,122.1,0.03703,0.458,2.070784254
1574660068484,122.1,0.03685,0.459,2.065217715
1574660068530,122.1,0.03685,0.459,2.065217715
1574660068576,122.1,0.03685,0.459,2.065217715
1574660068622,122.1,0.03685,0.459,2.065217715
1574660068684,122.1,0.03683,0.46,2.06859378
1574660068729,122.1,0.03683,0.46,2.06859378
1574660068775,122.1,0.03683,0.46,2.06859378
1574660068821,122.1,0.03683,0.46,2.06859378
1574660068884,122.1,0.041,0.464,2.3228304
1574660068930,122.1,0.041,0.464,2.3228304
1574660068976,122.1,0.041,0.464,2.3228304
1574660069022,122.1,0.041,0.464,2.3228304
1574660069084,122.1,0.04101,0.468,2.343426228
1574660069129,122.1,0.04101,0.468,2.343426228
1574660069174,122.1,0.04101,0.468,2.343426228
1574660069219,122.1,0.04101,0.468,2.343426228
1574660069283,122.1,0.040350000000000004,0.467,2.300785245
1574660069328,122.1,0.040350000000000004,0.467,2.300785245
1574660069373,122.1,0.040350000000000004,0.467,2.300785245
1574660069419,122.1,0.040350000000000004,0.467,2.300785245
1574660069484,122.1,0.03656,0.462,2.062356912
1574660069529,122.1,0.03656,0.462,2.062356912
1574660069575,122.1,0.03656,0.462,2.062356912
1574660069620,122.1,0.03656,0.462,2.062356912
1574660069684,122.1,0.03675,0.462,2.07307485
1574660069729,122.1,0.03675,0.462,2.07307485
1574660069774,122.1,0.03675,0.462,2.07307485
1574660069819,122.1,0.03675,0.462,2.07307485
1574660069884,122.1,0.03687,0.458,2.061836766
1574660069929,122.1,0.03687,0.458,2.061836766
1574660069974,122.1,0.03687,0.458,2.061836766
1574660070019,122.1,0.03687,0.458,2.061836766
1574660070084,122.1,0.03704,0.457,2.0668208879999996
1574660070128,122.1,0.03704,0.457,2.0668208879999996
1574660070173,122.1,0.03704,0.457,2.0668208879999996
1574660070218,122.1,0.03704,0.457,2.0668208879999996
1574660070284,122.1,0.03649,0.463,2.062863627
1574660070329,122.1,0.03649,0.463,2.062863627
1574660070374,122.1,0.03649,0.463,2.062863627
1574660070418,122.1,0.03649,0.463,2.062863627
1574660070484,122.1,0.03665,0.462,2.06743383
1574660070530,122.1,0.03665,0.462,2.06743383
1574660070576,122.1,0.03665,0.462,2.06743383
1574660070622,122.1,0.03665,0.462,2.06743383
1574660070685,122.1,0.036840000000000005,0.458,2.060159112
1574660070730,122.1,0.036840000000000005,0.458,2.060159112
1574660070777,122.1,0.036840000000000005,0.458,2.060159112
1574660070822,122.1,0.036840000000000005,0.458,2.060159112
1574660070884,122.1,0.03713,0.456,2.067309288
1574660070930,122.1,0.03713,0.456,2.067309288
1574660070976,122.1,0.03713,0.456,2.067309288
1574660071022,122.1,0.03713,0.456,2.067309288
1574660071084,122.2,0.03699,0.457,2.065721346
1574660071130,122.2,0.03699,0.457,2.065721346
1574660071176,122.2,0.03699,0.457,2.065721346
1574660071222,122.2,0.03699,0.457,2.065721346
1574660071285,122.2,0.03693,0.459,2.071396314
1574660071331,122.2,0.03693,0.459,2.071396314
1574660071376,122.2,0.03693,0.459,2.071396314
1574660071422,122.2,0.03693,0.459,2.071396314
1574660071484,122.2,0.03678,0.459,2.062982844
1574660071530,122.2,0.03678,0.459,2.062982844
1574660071576,122.2,0.03678,0.459,2.062982844
1574660071622,122.2,0.03678,0.459,2.062982844
1574660071684,122.1,0.03687,0.459,2.066338593
1574660071730,122.1,0.03687,0.459,2.066338593
1574660071776,122.1,0.03687,0.459,2.066338593
1574660071822,122.1,0.03687,0.459,2.066338593
1574660071885,122.1,0.03692,0.459,2.0691407880000003
1574660071931,122.1,0.03692,0.459,2.0691407880000003
1574660071976,122.1,0.03692,0.459,2.0691407880000003
1574660072022,122.1,0.03692,0.459,2.0691407880000003
1574660072084,122.1,0.03653,0.462,2.060664606
1574660072130,122.1,0.03653,0.462,2.060664606
1574660072176,122.1,0.03653,0.462,2.060664606
1574660072222,122.1,0.03653,0.462,2.060664606
1574660072284,122.1,0.03669,0.462,2.069690238
1574660072330,122.1,0.03669,0.462,2.069690238
1574660072376,122.1,0.03669,0.462,2.069690238
1574660072422,122.1,0.03669,0.462,2.069690238
1574660072485,122.1,0.03654,0.462,2.0612287080000002
1574660072531,122.1,0.03654,0.462,2.0612287080000002
1574660072577,122.1,0.03654,0.462,2.0612287080000002
1574660072623,122.1,0.03654,0.462,2.0612287080000002
1574660072685,122.1,0.03683,0.46,2.06859378
1574660072731,122.1,0.03683,0.46,2.06859378
1574660072777,122.1,0.03683,0.46,2.06859378
1574660072823,122.1,0.03683,0.46,2.06859378
1574660072884,122.1,0.03685,0.459,2.065217715
1574660072930,122.1,0.03685,0.459,2.065217715
1574660072975,122.1,0.03685,0.459,2.065217715
1574660073021,122.1,0.03685,0.459,2.065217715
1574660073085,122.1,0.03683,0.46,2.06859378
1574660073131,122.1,0.03683,0.46,2.06859378
1574660073177,122.1,0.03683,0.46,2.06859378
1574660073223,122.1,0.03683,0.46,2.06859378
1574660073285,122.1,0.03666,0.461,2.0635217459999997
1574660073331,122.1,0.03666,0.461,2.0635217459999997
1574660073377,122.1,0.03666,0.461,2.0635217459999997
1574660073423,122.1,0.03666,0.461,2.0635217459999997
1574660073484,122.1,0.03654,0.463,2.065690242
1574660073530,122.1,0.03654,0.463,2.065690242
1574660073576,122.1,0.03654,0.463,2.065690242
1574660073622,122.1,0.03654,0.463,2.065690242
1574660073685,122.1,0.03667,0.461,2.064084627
1574660073730,122.1,0.03667,0.461,2.064084627
1574660073776,122.1,0.03667,0.461,2.064084627
1574660073822,122.1,0.03667,0.461,2.064084627
1574660073885,122.1,0.03664,0.463,2.071343472
1574660073930,122.1,0.03664,0.463,2.071343472
1574660073975,122.1,0.03664,0.463,2.071343472
1574660074020,122.1,0.03664,0.463,2.071343472
1574660074084,122.1,0.03667,0.461,2.064084627
1574660074130,122.1,0.03667,0.461,2.064084627
1574660074175,122.1,0.03667,0.461,2.064084627
1574660074220,122.1,0.03667,0.461,2.064084627
1574660074284,122.1,0.03756,0.461,2.114181036
1574660074329,122.1,0.03756,0.461,2.114181036
1574660074374,122.1,0.03756,0.461,2.114181036
1574660074419,122.1,0.03756,0.461,2.114181036
1574660074485,122.1,0.04147,0.467,2.364648429
1574660074530,122.1,0.04147,0.467,2.364648429
1574660074574,122.1,0.04147,0.467,2.364648429
1574660074619,122.1,0.04147,0.467,2.364648429
1574660074684,122.1,0.04144,0.465,2.35281816
1574660074729,122.1,0.04144,0.465,2.35281816
1574660074774,122.1,0.04144,0.465,2.35281816
1574660074820,122.1,0.04144,0.465,2.35281816
1574660074885,122.1,0.038880000000000005,0.465,2.2074703200000005
1574660074929,122.1,0.038880000000000005,0.465,2.2074703200000005
1574660074974,122.1,0.038880000000000005,0.465,2.2074703200000005
1574660075019,122.1,0.038880000000000005,0.465,2.2074703200000005
1574660075085,122.2,0.0366,0.462,2.06630424
1574660075130,122.2,0.0366,0.462,2.06630424
1574660075174,122.2,0.0366,0.462,2.06630424
1574660075219,122.2,0.0366,0.462,2.06630424
1574660075284,122.2,0.03705,0.458,2.07359958
1574660075330,122.2,0.03705,0.458,2.07359958
1574660075376,122.2,0.03705,0.458,2.07359958
1574660075422,122.2,0.03705,0.458,2.07359958
1574660075485,122.1,0.03679,0.459,2.061855081
1574660075531,122.1,0.03679,0.459,2.061855081
1574660075577,122.1,0.03679,0.459,2.061855081
1574660075623,122.1,0.03679,0.459,2.061855081
1574660075685,122.1,0.03664,0.463,2.071343472
1574660075731,122.1,0.03664,0.463,2.071343472
1574660075777,122.1,0.03664,0.463,2.071343472
1574660075823,122.1,0.03664,0.463,2.071343472
1574660075884,122.1,0.03663,0.461,2.061833103
1574660075930,122.1,0.03663,0.461,2.061833103
1574660075976,122.1,0.03663,0.461,2.061833103
1574660076021,122.1,0.03663,0.461,2.061833103
1574660076085,122.1,0.03672,0.46,2.06241552
1574660076131,122.1,0.03672,0.46,2.06241552
1574660076177,122.1,0.03672,0.46,2.06241552
1574660076222,122.1,0.03672,0.46,2.06241552
1574660076285,122.2,0.03699,0.458,2.0702415240000005
1574660076331,122.2,0.03699,0.458,2.0702415240000005
1574660076377,122.2,0.03699,0.458,2.0702415240000005
1574660076423,122.2,0.03699,0.458,2.0702415240000005
1574660076484,122.1,0.03703,0.456,2.061741528
1574660076530,122.1,0.03703,0.456,2.061741528
1574660076576,122.1,0.03703,0.456,2.061741528
1574660076622,122.1,0.03703,0.456,2.061741528
1574660076685,122.1,0.03722,0.455,2.0677757100000003
1574660076731,122.1,0.03722,0.455,2.0677757100000003
1574660076777,122.1,0.03722,0.455,2.0677757100000003
1574660076823,122.1,0.03722,0.455,2.0677757100000003
1574660076885,122.1,0.03688,0.458,2.0623959840000006
1574660076931,122.1,0.03688,0.458,2.0623959840000006
1574660076977,122.1,0.03688,0.458,2.0623959840000006
1574660077023,122.1,0.03688,0.458,2.0623959840000006
1574660077084,122.1,0.03686,0.46,2.07027876
1574660077130,122.1,0.03686,0.46,2.07027876
1574660077176,122.1,0.03686,0.46,2.07027876
1574660077222,122.1,0.03686,0.46,2.07027876
1574660077284,122.1,0.03701,0.457,2.065146897
1574660077331,122.1,0.03701,0.457,2.065146897
1574660077377,122.1,0.03701,0.457,2.065146897
1574660077423,122.1,0.03701,0.457,2.065146897
1574660077485,122.1,0.03671,0.462,2.070818442
1574660077530,122.1,0.03671,0.462,2.070818442
1574660077576,122.1,0.03671,0.462,2.070818442
1574660077622,122.1,0.03671,0.462,2.070818442
1574660077684,122.1,0.03682,0.46,2.06803212
1574660077730,122.1,0.03682,0.46,2.06803212
1574660077776,122.1,0.03682,0.46,2.06803212
1574660077823,122.1,0.03682,0.46,2.06803212
1574660077885,122.1,0.03705,0.458,2.07190269
1574660077931,122.1,0.03705,0.458,2.07190269
1574660077977,122.1,0.03705,0.458,2.07190269
1574660078023,122.1,0.03705,0.458,2.07190269
1574660078085,122.1,0.03694,0.457,2.0612409179999998
1574660078131,122.1,0.03694,0.457,2.0612409179999998
1574660078177,122.1,0.03694,0.457,2.0612409179999998
1574660078223,122.1,0.03694,0.457,2.0612409179999998
1574660078286,122.1,0.03723,0.455,2.0683312650000003
1574660078332,122.1,0.03723,0.455,2.0683312650000003
1574660078378,122.1,0.03723,0.455,2.0683312650000003
1574660078424,122.1,0.03723,0.455,2.0683312650000003
1574660078486,122.1,0.03712,0.455,2.06222016
1574660078532,122.1,0.03712,0.455,2.06222016
1574660078578,122.1,0.03712,0.455,2.06222016
1574660078624,122.1,0.03712,0.455,2.06222016
1574660078685,122.1,0.03732,0.454,2.068774488
1574660078731,122.1,0.03732,0.454,2.068774488
1574660078777,122.1,0.03732,0.454,2.068774488
1574660078823,122.1,0.03732,0.454,2.068774488
1574660078886,122.1,0.03697,0.457,2.0629149090000003
1574660078932,122.1,0.03697,0.457,2.0629149090000003
1574660078978,122.1,0.03697,0.457,2.0629149090000003
1574660079024,122.1,0.03697,0.457,2.0629149090000003
1574660079085,122.1,0.03672,0.46,2.06241552
1574660079131,122.1,0.03672,0.46,2.06241552
1574660079177,122.1,0.03672,0.46,2.06241552
1574660079223,122.1,0.03672,0.46,2.06241552
1574660079285,122.2,0.037020000000000004,0.458,2.0719205520000004
1574660079331,122.2,0.037020000000000004,0.458,2.0719205520000004
1574660079377,122.2,0.037020000000000004,0.458,2.0719205520000004
1574660079422,122.2,0.037020000000000004,0.458,2.0719205520000004
1574660079486,122.2,0.03665,0.46,2.0601698000000006
1574660079532,122.2,0.03665,0.46,2.0601698000000006
1574660079577,122.2,0.03665,0.46,2.0601698000000006
1574660079622,122.2,0.03665,0.46,2.0601698000000006
1574660079685,122.1,0.03676,0.461,2.069150556
1574660079731,122.1,0.03676,0.461,2.069150556
1574660079776,122.1,0.03676,0.461,2.069150556
1574660079821,122.1,0.03676,0.461,2.069150556
1574660079885,122.1,0.039520000000000007,0.466,2.2486326720000003
1574660079930,122.1,0.039520000000000007,0.466,2.2486326720000003
1574660079975,122.1,0.039520000000000007,0.466,2.2486326720000003
1574660080020,122.1,0.039520000000000007,0.466,2.2486326720000003
1574660080085,122.1,0.04104,0.469,2.3501514959999996
1574660080131,122.1,0.04104,0.469,2.3501514959999996
1574660080176,122.1,0.04104,0.469,2.3501514959999996
1574660080220,122.1,0.04104,0.469,2.3501514959999996
1574660080285,122.2,0.041530000000000004,0.462,2.3446342920000003
1574660080330,122.2,0.041530000000000004,0.462,2.3446342920000003
1574660080375,122.2,0.041530000000000004,0.462,2.3446342920000003
1574660080420,122.2,0.041530000000000004,0.462,2.3446342920000003
1574660080485,122.2,0.037200000000000004,0.459,2.0865405600000004
1574660080531,122.2,0.037200000000000004,0.459,2.0865405600000004
1574660080575,122.2,0.037200000000000004,0.459,2.0865405600000004
1574660080620,122.2,0.037200000000000004,0.459,2.0865405600000004
1574660080685,122.1,0.03671,0.46,2.0618538600000003
1574660080731,122.1,0.03671,0.46,2.0618538600000003
1574660080776,122.1,0.03671,0.46,2.0618538600000003
1574660080822,122.1,0.03671,0.46,2.0618538600000003
1574660080885,122.1,0.03703,0.458,2.070784254
1574660080931,122.1,0.03703,0.458,2.070784254
1574660080977,122.1,0.03703,0.458,2.070784254
1574660081023,122.1,0.03703,0.458,2.070784254
1574660081086,122.1,0.03693,0.458,2.065192074
1574660081132,122.1,0.03693,0.458,2.065192074
1574660081177,122.1,0.03693,0.458,2.065192074
1574660081223,122.1,0.03693,0.458,2.065192074
1574660081285,122.1,0.03693,0.457,2.0606829209999997
1574660081331,122.1,0.03693,0.457,2.0606829209999997
1574660081377,122.1,0.03693,0.457,2.0606829209999997
1574660081423,122.1,0.03693,0.457,2.0606829209999997
1574660081485,122.1,0.03678,0.46,2.06578548
1574660081531,122.1,0.03678,0.46,2.06578548
1574660081577,122.1,0.03678,0.46,2.06578548
1574660081623,122.1,0.03678,0.46,2.06578548
1574660081685,122.1,0.03681,0.459,2.0629759590000005
1574660081731,122.1,0.03681,0.459,2.0629759590000005
1574660081777,122.1,0.03681,0.459,2.0629759590000005
1574660081823,122.1,0.03681,0.459,2.0629759590000005
1574660081886,122.1,0.037,0.46,2.0781419999999997
1574660081931,122.1,0.037,0.46,2.0781419999999997
1574660081977,122.1,0.037,0.46,2.0781419999999997
1574660082023,122.1,0.037,0.46,2.0781419999999997
1574660082085,122.1,0.03671,0.46,2.0618538600000003
1574660082131,122.1,0.03671,0.46,2.0618538600000003
1574660082177,122.1,0.03671,0.46,2.0618538600000003
1574660082223,122.1,0.03671,0.46,2.0618538600000003
1574660082285,122.1,0.0371,0.457,2.0701688700000003
1574660082331,122.1,0.0371,0.457,2.0701688700000003
1574660082377,122.1,0.0371,0.457,2.0701688700000003
1574660082423,122.1,0.0371,0.457,2.0701688700000003
1574660082486,122.1,0.03687,0.458,2.061836766
1574660082532,122.1,0.03687,0.458,2.061836766
1574660082577,122.1,0.03687,0.458,2.061836766
1574660082624,122.1,0.03687,0.458,2.061836766
1574660082686,122.1,0.036950000000000004,0.459,2.070822105
1574660082732,122.1,0.036950000000000004,0.459,2.070822105
1574660082778,122.1,0.036950000000000004,0.459,2.070822105
1574660082824,122.1,0.036950000000000004,0.459,2.070822105
1574660082885,122.1,0.03691,0.458,2.0640736379999995
1574660082931,122.1,0.03691,0.458,2.0640736379999995
1574660082977,122.1,0.03691,0.458,2.0640736379999995
1574660083023,122.1,0.03691,0.458,2.0640736379999995
1574660083085,122.1,0.036840000000000005,0.46,2.0691554400000003
1574660083131,122.1,0.036840000000000005,0.46,2.0691554400000003
1574660083177,122.1,0.036840000000000005,0.46,2.0691554400000003
1574660083223,122.1,0.036840000000000005,0.46,2.0691554400000003
1574660083286,122.2,0.03696,0.457,2.064045984
1574660083332,122.2,0.03696,0.457,2.064045984
1574660083378,122.2,0.03696,0.457,2.064045984
1574660083424,122.2,0.03696,0.457,2.064045984
1574660083485,122.2,0.03676,0.461,2.070845192
1574660083531,122.2,0.03676,0.461,2.070845192
1574660083577,122.2,0.03676,0.461,2.070845192
1574660083623,122.2,0.03676,0.461,2.070845192
1574660083685,122.1,0.036610000000000004,0.461,2.060707341
1574660083731,122.1,0.036610000000000004,0.461,2.060707341
1574660083776,122.1,0.036610000000000004,0.461,2.060707341
1574660083822,122.1,0.036610000000000004,0.461,2.060707341
1574660083886,122.1,0.03657,0.462,2.062921014
1574660083932,122.1,0.03657,0.462,2.062921014
1574660083978,122.1,0.03657,0.462,2.062921014
1574660084024,122.1,0.03657,0.462,2.062921014
1574660084086,122.2,0.03692,0.459,2.0708354160000004
1574660084132,122.2,0.03692,0.459,2.0708354160000004
1574660084178,122.2,0.03692,0.459,2.0708354160000004
1574660084224,122.2,0.03692,0.459,2.0708354160000004
1574660084286,122.2,0.0368,0.459,2.06410464
1574660084332,122.2,0.0368,0.459,2.06410464
1574660084378,122.2,0.0368,0.459,2.06410464
1574660084424,122.2,0.0368,0.459,2.06410464
1574660084485,122.2,0.03688,0.459,2.0685918240000003
1574660084531,122.2,0.03688,0.459,2.0685918240000003
1574660084577,122.2,0.03688,0.459,2.0685918240000003
1574660084623,122.2,0.03688,0.459,2.0685918240000003
1574660084685,122.1,0.036520000000000004,0.462,2.060100504
1574660084731,122.1,0.036520000000000004,0.462,2.060100504
1574660084777,122.1,0.036520000000000004,0.462,2.060100504
1574660084822,122.1,0.036520000000000004,0.462,2.060100504
1574660084886,122.1,0.03686,0.46,2.07027876
1574660084932,122.1,0.03686,0.46,2.07027876
1574660084978,122.1,0.03686,0.46,2.07027876
1574660085023,122.1,0.03686,0.46,2.07027876
1574660085085,122.1,0.036590000000000004,0.462,2.064049218
1574660085130,122.1,0.036590000000000004,0.462,2.064049218
1574660085175,122.1,0.036590000000000004,0.462,2.064049218
1574660085220,122.1,0.036590000000000004,0.462,2.064049218
1574660085286,122.1,0.0367,0.462,2.07025434
1574660085331,122.1,0.0367,0.462,2.07025434
1574660085376,122.1,0.0367,0.462,2.07025434
1574660085421,122.1,0.0367,0.462,2.07025434
1574660085485,122.1,0.04102,0.471,2.359023282
1574660085530,122.1,0.04102,0.471,2.359023282
1574660085575,122.1,0.04102,0.471,2.359023282
1574660085620,122.1,0.04102,0.471,2.359023282
1574660085685,122.1,0.04054,0.474,2.346268716
1574660085730,122.1,0.04054,0.474,2.346268716
1574660085775,122.1,0.04054,0.474,2.346268716
1574660085820,122.1,0.04054,0.474,2.346268716
1574660085886,122.1,0.039799999999999995,0.467,2.26942386
1574660085931,122.1,0.039799999999999995,0.467,2.26942386
1574660085975,122.1,0.039799999999999995,0.467,2.26942386
1574660086020,122.1,0.039799999999999995,0.467,2.26942386
1574660086085,122.1,0.03664,0.461,2.062395984
1574660086130,122.1,0.03664,0.461,2.062395984
1574660086174,122.1,0.03664,0.461,2.062395984
1574660086219,122.1,0.03664,0.461,2.062395984
1574660086264,122.1,0.03664,0.461,2.062395984
1574660086309,122.1,0.03679,0.461,2.0708391990000004
1574660086354,122.1,0.03679,0.461,2.0708391990000004
1574660086400,122.1,0.03679,0.461,2.0708391990000004
1574660086446,122.1,0.03679,0.461,2.0708391990000004
1574660086492,122.1,0.03656,0.462,2.062356912
1574660086537,122.1,0.03656,0.462,2.062356912
1574660086582,122.1,0.03656,0.462,2.062356912
1574660086628,122.1,0.03656,0.462,2.062356912
1574660086685,122.1,0.03672,0.462,2.071382544
1574660086731,122.1,0.03672,0.462,2.071382544
1574660086777,122.1,0.03672,0.462,2.071382544
1574660086822,122.1,0.03672,0.462,2.071382544
1574660086885,122.1,0.03662,0.461,2.061270222
1574660086931,122.1,0.03662,0.461,2.061270222
1574660086978,122.1,0.03662,0.461,2.061270222
1574660087024,122.1,0.03662,0.461,2.061270222
1574660087086,122.1,0.03653,0.464,2.069585232
1574660087132,122.1,0.03653,0.464,2.069585232
1574660087178,122.1,0.03653,0.464,2.069585232
1574660087224,122.1,0.03653,0.464,2.069585232
1574660087286,122.1,0.03664,0.461,2.062395984
1574660087332,122.1,0.03664,0.461,2.062395984
1574660087377,122.1,0.03664,0.461,2.062395984
1574660087423,122.1,0.03664,0.461,2.062395984
1574660087486,122.1,0.03666,0.463,2.0724741179999997
1574660087532,122.1,0.03666,0.463,2.0724741179999997
1574660087577,122.1,0.03666,0.463,2.0724741179999997
1574660087622,122.1,0.03666,0.463,2.0724741179999997
1574660087686,122.1,0.03671,0.46,2.0618538600000003
1574660087732,122.1,0.03671,0.46,2.0618538600000003
1574660087778,122.1,0.03671,0.46,2.0618538600000003
1574660087824,122.1,0.03671,0.46,2.0618538600000003
1574660087885,122.1,0.03717,0.457,2.074074849
1574660087931,122.1,0.03717,0.457,2.074074849
1574660087977,122.1,0.03717,0.457,2.074074849
1574660088022,122.1,0.03717,0.457,2.074074849
1574660088086,122.1,0.03674,0.46,2.06353884
1574660088131,122.1,0.03674,0.46,2.06353884
1574660088176,122.1,0.03674,0.46,2.06353884
1574660088222,122.1,0.03674,0.46,2.06353884
1574660088286,122.1,0.03697,0.458,2.067428946
1574660088331,122.1,0.03697,0.458,2.067428946
1574660088376,122.1,0.03697,0.458,2.067428946
1574660088422,122.1,0.03697,0.458,2.067428946
1574660088485,122.1,0.03694,0.458,2.065751292
1574660088531,122.1,0.03694,0.458,2.065751292
1574660088576,122.1,0.03694,0.458,2.065751292
1574660088622,122.1,0.03694,0.458,2.065751292
1574660088686,122.1,0.03675,0.459,2.059613325
1574660088732,122.1,0.03675,0.459,2.059613325
1574660088777,122.1,0.03675,0.459,2.059613325
1574660088823,122.1,0.03675,0.459,2.059613325
1574660088885,122.1,0.03704,0.458,2.0713434719999997
1574660088931,122.1,0.03704,0.458,2.0713434719999997
1574660088977,122.1,0.03704,0.458,2.0713434719999997
1574660089022,122.1,0.03704,0.458,2.0713434719999997
1574660089086,122.1,0.03674,0.46,2.06353884
1574660089132,122.1,0.03674,0.46,2.06353884
1574660089177,122.1,0.03674,0.46,2.06353884
1574660089223,122.1,0.03674,0.46,2.06353884
1574660089285,122.1,0.0368,0.461,2.07140208
1574660089331,122.1,0.0368,0.461,2.07140208
1574660089376,122.1,0.0368,0.461,2.07140208
1574660089422,122.1,0.0368,0.461,2.07140208
1574660089486,122.1,0.03674,0.46,2.06353884
1574660089532,122.1,0.03674,0.46,2.06353884
1574660089577,122.1,0.03674,0.46,2.06353884
1574660089623,122.1,0.03674,0.46,2.06353884
1574660089685,122.1,0.03692,0.459,2.0691407880000003
1574660089731,122.1,0.03692,0.459,2.0691407880000003
1574660089777,122.1,0.03692,0.459,2.0691407880000003
1574660089823,122.1,0.03692,0.459,2.0691407880000003
1574660089885,122.1,0.036610000000000004,0.461,2.060707341
1574660089931,122.1,0.036610000000000004,0.461,2.060707341
1574660089976,122.1,0.036610000000000004,0.461,2.060707341
1574660090022,122.1,0.036610000000000004,0.461,2.060707341
1574660090086,122.1,0.03683,0.46,2.06859378
1574660090131,122.1,0.03683,0.46,2.06859378
1574660090177,122.1,0.03683,0.46,2.06859378
1574660090223,122.1,0.03683,0.46,2.06859378
1574660090286,122.1,0.03683,0.459,2.064096837
1574660090331,122.1,0.03683,0.459,2.064096837
1574660090377,122.1,0.03683,0.459,2.064096837
1574660090422,122.1,0.03683,0.459,2.064096837
1574660090486,122.1,0.0367,0.462,2.07025434
1574660090532,122.1,0.0367,0.462,2.07025434
1574660090577,122.1,0.0367,0.462,2.07025434
1574660090622,122.1,0.0367,0.462,2.07025434
1574660090686,122.1,0.0367,0.46,2.0612922
1574660090731,122.1,0.0367,0.46,2.0612922
1574660090776,122.1,0.0367,0.46,2.0612922
1574660090821,122.1,0.0367,0.46,2.0612922
1574660090886,122.1,0.038380000000000004,0.461,2.160337278
1574660090932,122.1,0.038380000000000004,0.461,2.160337278
1574660090977,122.1,0.038380000000000004,0.461,2.160337278
1574660091021,122.1,0.038380000000000004,0.461,2.160337278
1574660091086,122.1,0.04097,0.47,2.3511453899999997
1574660091131,122.1,0.04097,0.47,2.3511453899999997
1574660091176,122.1,0.04097,0.47,2.3511453899999997
1574660091222,122.1,0.04097,0.47,2.3511453899999997
1574660091285,122.1,0.04072,0.47,2.3367986399999996
1574660091330,122.1,0.04072,0.47,2.3367986399999996
1574660091375,122.1,0.04072,0.47,2.3367986399999996
1574660091420,122.1,0.04072,0.47,2.3367986399999996
1574660091486,122.1,0.03875,0.463,2.190626625
1574660091531,122.1,0.03875,0.463,2.190626625
1574660091576,122.1,0.03875,0.463,2.190626625
1574660091621,122.1,0.03875,0.463,2.190626625
1574660091686,122.1,0.03686,0.458,2.0612775479999996
1574660091730,122.1,0.03686,0.458,2.0612775479999996
1574660091775,122.1,0.03686,0.458,2.0612775479999996
1574660091820,122.1,0.03686,0.458,2.0612775479999996
1574660091886,122.1,0.0369,0.459,2.0680199100000003
1574660091932,122.1,0.0369,0.459,2.0680199100000003
1574660091978,122.1,0.0369,0.459,2.0680199100000003
1574660092024,122.1,0.0369,0.459,2.0680199100000003
1574660092086,122.1,0.03664,0.461,2.062395984
1574660092132,122.1,0.03664,0.461,2.062395984
1574660092178,122.1,0.03664,0.461,2.062395984
1574660092224,122.1,0.03664,0.461,2.062395984
1574660092286,122.1,0.03701,0.458,2.069665818
1574660092332,122.1,0.03701,0.458,2.069665818
1574660092378,122.1,0.03701,0.458,2.069665818
1574660092424,122.1,0.03701,0.458,2.069665818
1574660092487,122.1,0.03696,0.457,2.0623569120000003
1574660092532,122.1,0.03696,0.457,2.0623569120000003
1574660092578,122.1,0.03696,0.457,2.0623569120000003
1574660092623,122.1,0.03696,0.457,2.0623569120000003
1574660092686,122.1,0.03691,0.459,2.068580349
1574660092732,122.1,0.03691,0.459,2.068580349
1574660092778,122.1,0.03691,0.459,2.068580349
1574660092824,122.1,0.03691,0.459,2.068580349
1574660092886,122.1,0.03691,0.458,2.0640736379999995
1574660092932,122.1,0.03691,0.458,2.0640736379999995
1574660092978,122.1,0.03691,0.458,2.0640736379999995
1574660093024,122.1,0.03691,0.458,2.0640736379999995
1574660093087,122.1,0.0368,0.459,2.06241552
1574660093133,122.1,0.0368,0.459,2.06241552
1574660093179,122.1,0.0368,0.459,2.06241552
1574660093225,122.1,0.0368,0.459,2.06241552
1574660093286,122.1,0.03688,0.46,2.0714020800000004
1574660093332,122.1,0.03688,0.46,2.0714020800000004
1574660093378,122.1,0.03688,0.46,2.0714020800000004
1574660093424,122.1,0.03688,0.46,2.0714020800000004
