time_stamp,volt,curr,pf,mul
1574660103333,122.1,0.03716,0.464,2.105277504
1574660103379,122.1,0.03716,0.464,2.105277504
1574660103424,122.1,0.03716,0.464,2.105277504
1574660103488,122.1,0.03675,0.463,2.0775620249999998
1574660103532,122.1,0.03675,0.463,2.0775620249999998
1574660103577,122.1,0.03675,0.463,2.0775620249999998
1574660103622,122.1,0.03675,0.463,2.0775620249999998
1574660103687,122.1,0.0365,0.463,2.06342895
1574660103731,122.1,0.0365,0.463,2.06342895
1574660103776,122.1,0.0365,0.463,2.06342895
1574660103821,122.1,0.0365,0.463,2.06342895
1574660103866,122.1,0.0365,0.463,2.06342895
1574660103910,122.1,0.03679,0.461,2.0708391990000004
1574660103955,122.1,0.03679,0.461,2.0708391990000004
1574660104000,122.1,0.03679,0.461,2.0708391990000004
1574660104045,122.1,0.03679,0.461,2.0708391990000004
1574660104090,122.1,0.03669,0.46,2.0607305399999998
1574660104136,122.1,0.03669,0.46,2.0607305399999998
1574660104182,122.1,0.03669,0.46,2.0607305399999998
1574660104227,122.1,0.03669,0.46,2.0607305399999998
1574660104287,122.1,0.03682,0.459,2.063536398
1574660104333,122.1,0.03682,0.459,2.063536398
1574660104379,122.1,0.03682,0.459,2.063536398
1574660104426,122.1,0.03682,0.459,2.063536398
1574660104488,122.1,0.036840000000000005,0.46,2.0691554400000003
1574660104534,122.1,0.036840000000000005,0.46,2.0691554400000003
1574660104580,122.1,0.036840000000000005,0.46,2.0691554400000003
1574660104626,122.1,0.036840000000000005,0.46,2.0691554400000003
1574660104687,122.1,0.036590000000000004,0.461,2.059581579
1574660104733,122.1,0.036590000000000004,0.461,2.059581579
1574660104779,122.1,0.036590000000000004,0.461,2.059581579
1574660104825,122.1,0.036590000000000004,0.461,2.059581579
1574660104887,122.1,0.03696,0.458,2.066869728
1574660104932,122.1,0.03696,0.458,2.066869728
1574660104978,122.1,0.03696,0.458,2.066869728
1574660105024,122.1,0.03696,0.458,2.066869728
1574660105087,122.1,0.03696,0.457,2.0623569120000003
1574660105133,122.1,0.03696,0.457,2.0623569120000003
1574660105179,122.1,0.03696,0.457,2.0623569120000003
1574660105226,122.1,0.03696,0.457,2.0623569120000003
1574660105288,122.1,0.03671,0.46,2.0618538600000003
1574660105334,122.1,0.03671,0.46,2.0618538600000003
1574660105380,122.1,0.03671,0.46,2.0618538600000003
1574660105426,122.1,0.03671,0.46,2.0618538600000003
1574660105487,122.1,0.037200000000000004,0.456,2.07120672
1574660105533,122.1,0.037200000000000004,0.456,2.07120672
1574660105579,122.1,0.037200000000000004,0.456,2.07120672
1574660105625,122.1,0.037200000000000004,0.456,2.07120672
1574660105687,122.1,0.03708,0.455,2.05999794
1574660105733,122.1,0.03708,0.455,2.05999794
1574660105779,122.1,0.03708,0.455,2.05999794
1574660105824,122.1,0.03708,0.455,2.05999794
1574660105888,122.1,0.03696,0.457,2.0623569120000003
1574660105934,122.1,0.03696,0.457,2.0623569120000003
1574660105980,122.1,0.03696,0.457,2.0623569120000003
1574660106026,122.1,0.03696,0.457,2.0623569120000003
1574660106087,122.1,0.03721,0.456,2.071763496
1574660106133,122.1,0.03721,0.456,2.071763496
1574660106179,122.1,0.03721,0.456,2.071763496
1574660106224,122.1,0.03721,0.456,2.071763496
1574660106287,122.1,0.03673,0.46,2.06297718
1574660106333,122.1,0.03673,0.46,2.06297718
1574660106380,122.1,0.03673,0.46,2.06297718
1574660106426,122.1,0.03673,0.46,2.06297718
1574660106487,122.1,0.03657,0.464,2.071851408
1574660106533,122.1,0.03657,0.464,2.071851408
1574660106579,122.1,0.03657,0.464,2.071851408
1574660106625,122.1,0.03657,0.464,2.071851408
1574660106688,122.1,0.03654,0.462,2.0612287080000002
1574660106734,122.1,0.03654,0.462,2.0612287080000002
1574660106780,122.1,0.03654,0.462,2.0612287080000002
1574660106825,122.1,0.03654,0.462,2.0612287080000002
1574660106887,122.1,0.03662,0.461,2.061270222
1574660106933,122.1,0.03662,0.461,2.061270222
1574660106979,122.1,0.03662,0.461,2.061270222
1574660107025,122.1,0.03662,0.461,2.061270222
1574660107088,122.1,0.03658,0.464,2.072417952
1574660107132,122.1,0.03658,0.464,2.072417952
1574660107177,122.1,0.03658,0.464,2.072417952
1574660107222,122.1,0.03658,0.464,2.072417952
1574660107287,122.1,0.03636,0.464,2.0599539840000003
1574660107332,122.1,0.03636,0.464,2.0599539840000003
1574660107377,122.1,0.03636,0.464,2.0599539840000003
1574660107422,122.1,0.03636,0.464,2.0599539840000003
1574660107488,122.1,0.03814,0.462,2.1514850279999997
1574660107533,122.1,0.03814,0.462,2.1514850279999997
1574660107578,122.1,0.03814,0.462,2.1514850279999997
1574660107623,122.1,0.03814,0.462,2.1514850279999997
1574660107688,122.1,0.04137,0.468,2.363997636
1574660107733,122.1,0.04137,0.468,2.363997636
1574660107777,122.1,0.04137,0.468,2.363997636
1574660107822,122.1,0.04137,0.468,2.363997636
1574660107887,122.1,0.041100000000000005,0.468,2.3485690800000003
1574660107932,122.1,0.041100000000000005,0.468,2.3485690800000003
1574660107976,122.1,0.041100000000000005,0.468,2.3485690800000003
1574660108021,122.1,0.041100000000000005,0.468,2.3485690800000003
1574660108066,122.1,0.041100000000000005,0.468,2.3485690800000003
1574660108111,122.1,0.03891,0.462,2.194920882
1574660108156,122.1,0.03891,0.462,2.194920882
1574660108200,122.1,0.03891,0.462,2.194920882
1574660108245,122.1,0.03891,0.462,2.194920882
1574660108290,122.1,0.03648,0.463,2.062298304
1574660108335,122.1,0.03648,0.463,2.062298304
1574660108379,122.1,0.03648,0.463,2.062298304
1574660108424,122.1,0.03648,0.463,2.062298304
1574660108488,122.1,0.03653,0.462,2.060664606
1574660108534,122.1,0.03653,0.462,2.060664606
1574660108580,122.1,0.03653,0.462,2.060664606
1574660108626,122.1,0.03653,0.462,2.060664606
1574660108688,122.1,0.03686,0.46,2.07027876
1574660108733,122.1,0.03686,0.46,2.07027876
1574660108779,122.1,0.03686,0.46,2.07027876
1574660108824,122.1,0.03686,0.46,2.07027876
1574660108887,122.1,0.03673,0.46,2.06297718
1574660108933,122.1,0.03673,0.46,2.06297718
1574660108979,122.1,0.03673,0.46,2.06297718
1574660109025,122.1,0.03673,0.46,2.06297718
1574660109088,122.1,0.03685,0.46,2.0697171
1574660109134,122.1,0.03685,0.46,2.0697171
1574660109180,122.1,0.03685,0.46,2.0697171
1574660109225,122.1,0.03685,0.46,2.0697171
1574660109288,122.1,0.03679,0.459,2.061855081
1574660109333,122.1,0.03679,0.459,2.061855081
1574660109378,122.1,0.03679,0.459,2.061855081
1574660109424,122.1,0.03679,0.459,2.061855081
1574660109487,122.1,0.037020000000000004,0.456,2.061184752
1574660109533,122.1,0.037020000000000004,0.456,2.061184752
1574660109578,122.1,0.037020000000000004,0.456,2.061184752
1574660109624,122.1,0.037020000000000004,0.456,2.061184752
1574660109687,122.1,0.03712,0.456,2.066752512
1574660109733,122.1,0.03712,0.456,2.066752512
1574660109778,122.1,0.03712,0.456,2.066752512
1574660109824,122.1,0.03712,0.456,2.066752512
1574660109888,122.1,0.03692,0.457,2.060124924
1574660109934,122.1,0.03692,0.457,2.060124924
1574660109979,122.1,0.03692,0.457,2.060124924
1574660110024,122.1,0.03692,0.457,2.060124924
1574660110087,122.1,0.03693,0.459,2.069701227
1574660110133,122.1,0.03693,0.459,2.069701227
1574660110178,122.1,0.03693,0.459,2.069701227
1574660110224,122.1,0.03693,0.459,2.069701227
1574660110288,122.1,0.03672,0.46,2.06241552
1574660110334,122.1,0.03672,0.46,2.06241552
1574660110380,122.1,0.03672,0.46,2.06241552
1574660110425,122.1,0.03672,0.46,2.06241552
1574660110488,122.1,0.03679,0.459,2.061855081
1574660110533,122.1,0.03679,0.459,2.061855081
1574660110579,122.1,0.03679,0.459,2.061855081
1574660110625,122.1,0.03679,0.459,2.061855081
1574660110688,122.1,0.03708,0.457,2.069052876
1574660110734,122.1,0.03708,0.457,2.069052876
1574660110779,122.1,0.03708,0.457,2.069052876
1574660110825,122.1,0.03708,0.457,2.069052876
1574660110887,122.1,0.03701,0.456,2.060627976
1574660110933,122.1,0.03701,0.456,2.060627976
1574660110979,122.1,0.03701,0.456,2.060627976
1574660111025,122.1,0.03701,0.456,2.060627976
1574660111087,122.1,0.03698,0.457,2.063472906
1574660111132,122.1,0.03698,0.457,2.063472906
1574660111177,122.1,0.03698,0.457,2.063472906
1574660111223,122.1,0.03698,0.457,2.063472906
1574660111288,122.1,0.03689,0.459,2.067459471
1574660111334,122.1,0.03689,0.459,2.067459471
1574660111379,122.1,0.03689,0.459,2.067459471
1574660111425,122.1,0.03689,0.459,2.067459471
1574660111487,122.2,0.0367,0.46,2.0629804000000003
1574660111533,122.2,0.0367,0.46,2.0629804000000003
1574660111582,122.2,0.0367,0.46,2.0629804000000003
1574660111628,122.2,0.0367,0.46,2.0629804000000003
1574660111687,122.2,0.03696,0.459,2.073079008
1574660111733,122.2,0.03696,0.459,2.073079008
1574660111779,122.2,0.03696,0.459,2.073079008
1574660111824,122.2,0.03696,0.459,2.073079008
1574660111888,122.1,0.0368,0.459,2.06241552
1574660111933,122.1,0.0368,0.459,2.06241552
1574660111979,122.1,0.0368,0.459,2.06241552
1574660112025,122.1,0.0368,0.459,2.06241552
1574660112088,122.1,0.036520000000000004,0.462,2.060100504
1574660112135,122.1,0.036520000000000004,0.462,2.060100504
1574660112181,122.1,0.036520000000000004,0.462,2.060100504
1574660112227,122.1,0.036520000000000004,0.462,2.060100504
1574660112287,122.1,0.03674,0.461,2.0680247940000003
1574660112333,122.1,0.03674,0.461,2.0680247940000003
1574660112379,122.1,0.03674,0.461,2.0680247940000003
1574660112425,122.1,0.03674,0.461,2.0680247940000003
1574660112488,122.1,0.03669,0.46,2.0607305399999998
1574660112534,122.1,0.03669,0.46,2.0607305399999998
1574660112579,122.1,0.03669,0.46,2.0607305399999998
1574660112624,122.1,0.03669,0.46,2.0607305399999998
1574660112687,122.1,0.037,0.458,2.0691066
1574660112732,122.1,0.037,0.458,2.0691066
1574660112777,122.1,0.037,0.458,2.0691066
1574660112822,122.1,0.037,0.458,2.0691066
1574660112888,122.1,0.03681,0.459,2.0629759590000005
1574660112934,122.1,0.03681,0.459,2.0629759590000005
1574660112979,122.1,0.03681,0.459,2.0629759590000005
1574660113024,122.1,0.03681,0.459,2.0629759590000005
1574660113087,122.1,0.03966,0.463,2.2420710180000003
1574660113132,122.1,0.03966,0.463,2.2420710180000003
1574660113177,122.1,0.03966,0.463,2.2420710180000003
1574660113222,122.1,0.03966,0.463,2.2420710180000003
1574660113266,122.1,0.03966,0.463,2.2420710180000003
1574660113311,122.1,0.0412,0.469,2.3593138799999998
1574660113356,122.1,0.0412,0.469,2.3593138799999998
1574660113402,122.1,0.0412,0.469,2.3593138799999998
1574660113447,122.1,0.0412,0.469,2.3593138799999998
1574660113492,122.1,0.04088000000000001,0.469,2.3409891120000004
1574660113536,122.1,0.04088000000000001,0.469,2.3409891120000004
1574660113581,122.1,0.04088000000000001,0.469,2.3409891120000004
1574660113626,122.1,0.04088000000000001,0.469,2.3409891120000004
1574660113688,122.1,0.03692,0.463,2.0871725160000003
1574660113733,122.1,0.03692,0.463,2.0871725160000003
1574660113778,122.1,0.03692,0.463,2.0871725160000003
1574660113822,122.1,0.03692,0.463,2.0871725160000003
1574660113888,122.1,0.03658,0.463,2.067951534
1574660113933,122.1,0.03658,0.463,2.067951534
1574660113978,122.1,0.03658,0.463,2.067951534
1574660114023,122.1,0.03658,0.463,2.067951534
1574660114088,122.1,0.03641,0.464,2.0627867039999996
1574660114134,122.1,0.03641,0.464,2.0627867039999996
1574660114180,122.1,0.03641,0.464,2.0627867039999996
1574660114225,122.1,0.03641,0.464,2.0627867039999996
1574660114288,122.1,0.036590000000000004,0.463,2.068516857
1574660114334,122.1,0.036590000000000004,0.463,2.068516857
1574660114379,122.1,0.036590000000000004,0.463,2.068516857
1574660114425,122.1,0.036590000000000004,0.463,2.068516857
1574660114488,122.1,0.03654,0.462,2.0612287080000002
1574660114533,122.1,0.03654,0.462,2.0612287080000002
1574660114579,122.1,0.03654,0.462,2.0612287080000002
1574660114625,122.1,0.03654,0.462,2.0612287080000002
1574660114689,122.1,0.03655,0.461,2.057330055
1574660114735,122.1,0.03655,0.461,2.057330055
1574660114780,122.1,0.03655,0.461,2.057330055
1574660114824,122.1,0.03655,0.461,2.057330055
1574660114888,122.1,0.03683,0.46,2.06859378
1574660114933,122.1,0.03683,0.46,2.06859378
1574660114979,122.1,0.03683,0.46,2.06859378
1574660115024,122.1,0.03683,0.46,2.06859378
1574660115090,122.1,0.03666,0.461,2.0635217459999997
1574660115135,122.1,0.03666,0.461,2.0635217459999997
1574660115181,122.1,0.03666,0.461,2.0635217459999997
1574660115225,122.1,0.03666,0.461,2.0635217459999997
1574660115289,122.1,0.036950000000000004,0.459,2.070822105
1574660115335,122.1,0.036950000000000004,0.459,2.070822105
1574660115380,122.1,0.036950000000000004,0.459,2.070822105
1574660115426,122.1,0.036950000000000004,0.459,2.070822105
1574660115490,122.1,0.03669,0.461,2.0652103889999998
1574660115535,122.1,0.03669,0.461,2.0652103889999998
1574660115581,122.1,0.03669,0.461,2.0652103889999998
1574660115626,122.1,0.03669,0.461,2.0652103889999998
1574660115689,122.1,0.03668,0.46,2.06016888
1574660115735,122.1,0.03668,0.46,2.06016888
1574660115780,122.1,0.03668,0.46,2.06016888
1574660115825,122.1,0.03668,0.46,2.06016888
1574660115889,122.1,0.03681,0.461,2.0719649610000004
1574660115934,122.1,0.03681,0.461,2.0719649610000004
1574660115980,122.1,0.03681,0.461,2.0719649610000004
1574660116025,122.1,0.03681,0.461,2.0719649610000004
1574660116089,122.1,0.03646,0.463,2.061167658
1574660116135,122.1,0.03646,0.463,2.061167658
1574660116181,122.1,0.03646,0.463,2.061167658
1574660116226,122.1,0.03646,0.463,2.061167658
1574660116289,122.1,0.03669,0.462,2.069690238
1574660116335,122.1,0.03669,0.462,2.069690238
1574660116380,122.1,0.03669,0.462,2.069690238
1574660116426,122.1,0.03669,0.462,2.069690238
1574660116489,122.2,0.03663,0.461,2.063521746
1574660116534,122.2,0.03663,0.461,2.063521746
1574660116580,122.2,0.03663,0.461,2.063521746
1574660116626,122.2,0.03663,0.461,2.063521746
1574660116688,122.2,0.03674,0.459,2.0607392520000003
1574660116734,122.2,0.03674,0.459,2.0607392520000003
1574660116780,122.2,0.03674,0.459,2.0607392520000003
1574660116826,122.2,0.03674,0.459,2.0607392520000003
1574660116888,122.1,0.03689,0.459,2.067459471
1574660116934,122.1,0.03689,0.459,2.067459471
1574660116980,122.1,0.03689,0.459,2.067459471
1574660117026,122.1,0.03689,0.459,2.067459471
1574660117089,122.1,0.03668,0.46,2.06016888
1574660117135,122.1,0.03668,0.46,2.06016888
1574660117181,122.1,0.03668,0.46,2.06016888
1574660117226,122.1,0.03668,0.46,2.06016888
1574660117288,122.1,0.03673,0.46,2.06297718
1574660117334,122.1,0.03673,0.46,2.06297718
1574660117380,122.1,0.03673,0.46,2.06297718
1574660117426,122.1,0.03673,0.46,2.06297718
1574660117488,122.1,0.03679,0.46,2.0663471400000004
1574660117534,122.1,0.03679,0.46,2.0663471400000004
1574660117580,122.1,0.03679,0.46,2.0663471400000004
1574660117625,122.1,0.03679,0.46,2.0663471400000004
1574660117689,122.1,0.03642,0.463,2.058906366
1574660117735,122.1,0.03642,0.463,2.058906366
1574660117780,122.1,0.03642,0.463,2.058906366
1574660117826,122.1,0.03642,0.463,2.058906366
1574660117888,122.1,0.03655,0.464,2.07071832
1574660117934,122.1,0.03655,0.464,2.07071832
1574660117980,122.1,0.03655,0.464,2.07071832
1574660118025,122.1,0.03655,0.464,2.07071832
1574660118089,122.1,0.03641,0.463,2.058341043
1574660118135,122.1,0.03641,0.463,2.058341043
1574660118180,122.1,0.03641,0.463,2.058341043
1574660118225,122.1,0.03641,0.463,2.058341043
1574660118289,122.1,0.03655,0.462,2.06179281
1574660118334,122.1,0.03655,0.462,2.06179281
1574660118379,122.1,0.03655,0.462,2.06179281
1574660118424,122.1,0.03655,0.462,2.06179281
1574660118488,122.1,0.03669,0.462,2.069690238
1574660118534,122.1,0.03669,0.462,2.069690238
1574660118579,122.1,0.03669,0.462,2.069690238
1574660118624,122.1,0.03669,0.462,2.069690238
1574660118689,122.1,0.04144,0.467,2.362937808
1574660118733,122.1,0.04144,0.467,2.362937808
1574660118778,122.1,0.04144,0.467,2.362937808
1574660118823,122.1,0.04144,0.467,2.362937808
1574660118889,122.1,0.041280000000000004,0.467,2.3538144960000005
1574660118934,122.1,0.041280000000000004,0.467,2.3538144960000005
1574660118980,122.1,0.041280000000000004,0.467,2.3538144960000005
1574660119024,122.1,0.041280000000000004,0.467,2.3538144960000005
1574660119089,122.1,0.039700000000000006,0.465,2.2540270500000004
1574660119134,122.1,0.039700000000000006,0.465,2.2540270500000004
1574660119178,122.1,0.039700000000000006,0.465,2.2540270500000004
1574660119223,122.1,0.039700000000000006,0.465,2.2540270500000004
1574660119288,122.1,0.036610000000000004,0.462,2.065177422
1574660119334,122.1,0.036610000000000004,0.462,2.065177422
1574660119379,122.1,0.036610000000000004,0.462,2.065177422
1574660119424,122.1,0.036610000000000004,0.462,2.065177422
1574660119489,122.1,0.03676,0.462,2.073638952
1574660119534,122.1,0.03676,0.462,2.073638952
1574660119580,122.1,0.03676,0.462,2.073638952
1574660119628,122.1,0.03676,0.462,2.073638952
1574660119688,122.1,0.0368,0.459,2.06241552
1574660119734,122.1,0.0368,0.459,2.06241552
1574660119780,122.1,0.0368,0.459,2.06241552
1574660119825,122.1,0.0368,0.459,2.06241552
1574660119889,122.1,0.03675,0.459,2.059613325
1574660119934,122.1,0.03675,0.459,2.059613325
1574660119980,122.1,0.03675,0.459,2.059613325
1574660120026,122.1,0.03675,0.459,2.059613325
1574660120088,122.1,0.03694,0.459,2.070261666
1574660120134,122.1,0.03694,0.459,2.070261666
1574660120180,122.1,0.03694,0.459,2.070261666
1574660120226,122.1,0.03694,0.459,2.070261666
1574660120288,122.1,0.03672,0.46,2.06241552
1574660120334,122.1,0.03672,0.46,2.06241552
1574660120380,122.1,0.03672,0.46,2.06241552
1574660120425,122.1,0.03672,0.46,2.06241552
1574660120488,122.1,0.037020000000000004,0.458,2.070225036
1574660120535,122.1,0.037020000000000004,0.458,2.070225036
1574660120580,122.1,0.037020000000000004,0.458,2.070225036
1574660120626,122.1,0.037020000000000004,0.458,2.070225036
1574660120689,122.1,0.03721,0.454,2.062676814
1574660120735,122.1,0.03721,0.454,2.062676814
1574660120780,122.1,0.03721,0.454,2.062676814
1574660120826,122.1,0.03721,0.454,2.062676814
1574660120888,122.1,0.03701,0.456,2.060627976
1574660120934,122.1,0.03701,0.456,2.060627976
1574660120980,122.1,0.03701,0.456,2.060627976
1574660121025,122.1,0.03701,0.456,2.060627976
1574660121088,122.1,0.03713,0.456,2.067309288
1574660121133,122.1,0.03713,0.456,2.067309288
1574660121179,122.1,0.03713,0.456,2.067309288
1574660121224,122.1,0.03713,0.456,2.067309288
1574660121289,122.1,0.03715,0.455,2.063886825
1574660121334,122.1,0.03715,0.455,2.063886825
1574660121380,122.1,0.03715,0.455,2.063886825
1574660121426,122.1,0.03715,0.455,2.063886825
1574660121488,122.1,0.03705,0.457,2.0673788849999997
1574660121534,122.1,0.03705,0.457,2.0673788849999997
1574660121580,122.1,0.03705,0.457,2.0673788849999997
1574660121626,122.1,0.03705,0.457,2.0673788849999997
1574660121689,122.2,0.03715,0.454,2.0610374200000003
1574660121735,122.2,0.03715,0.454,2.0610374200000003
1574660121780,122.2,0.03715,0.454,2.0610374200000003
1574660121825,122.2,0.03715,0.454,2.0610374200000003
1574660121889,122.1,0.037,0.456,2.0600712
1574660121934,122.1,0.037,0.456,2.0600712
1574660121980,122.1,0.037,0.456,2.0600712
1574660122025,122.1,0.037,0.456,2.0600712
1574660122088,122.1,0.03735,0.454,2.07043749
1574660122134,122.1,0.03735,0.454,2.07043749
1574660122180,122.1,0.03735,0.454,2.07043749
1574660122225,122.1,0.03735,0.454,2.07043749
1574660122289,122.1,0.03718,0.454,2.0610138119999997
1574660122334,122.1,0.03718,0.454,2.0610138119999997
1574660122379,122.1,0.03718,0.454,2.0610138119999997
1574660122425,122.1,0.03718,0.454,2.0610138119999997
1574660122489,122.2,0.03694,0.457,2.062929076
1574660122535,122.2,0.03694,0.457,2.062929076
1574660122580,122.2,0.03694,0.457,2.062929076
1574660122626,122.2,0.03694,0.457,2.062929076
1574660122689,122.2,0.03724,0.455,2.07058124
1574660122734,122.2,0.03724,0.455,2.07058124
1574660122780,122.2,0.03724,0.455,2.07058124
1574660122826,122.2,0.03724,0.455,2.07058124
1574660122888,122.1,0.03707,0.455,2.059442385
1574660122934,122.1,0.03707,0.455,2.059442385
1574660122979,122.1,0.03707,0.455,2.059442385
1574660123025,122.1,0.03707,0.455,2.059442385
1574660123089,122.1,0.036840000000000005,0.46,2.0691554400000003
1574660123135,122.1,0.036840000000000005,0.46,2.0691554400000003
1574660123181,122.1,0.036840000000000005,0.46,2.0691554400000003
1574660123227,122.1,0.036840000000000005,0.46,2.0691554400000003
1574660123289,122.1,0.03672,0.46,2.06241552
1574660123335,122.1,0.03672,0.46,2.06241552
1574660123381,122.1,0.03672,0.46,2.06241552
1574660123427,122.1,0.03672,0.46,2.06241552
1574660123489,122.1,0.03628,0.465,2.0598514199999998
1574660123535,122.1,0.03628,0.465,2.0598514199999998
1574660123580,122.1,0.03628,0.465,2.0598514199999998
1574660123625,122.1,0.03628,0.465,2.0598514199999998
1574660123689,122.1,0.03666,0.463,2.0724741179999997
1574660123734,122.1,0.03666,0.463,2.0724741179999997
1574660123779,122.1,0.03666,0.463,2.0724741179999997
1574660123824,122.1,0.03666,0.463,2.0724741179999997
1574660123889,122.1,0.036840000000000005,0.458,2.060159112
1574660123934,122.1,0.036840000000000005,0.458,2.060159112
1574660123979,122.1,0.036840000000000005,0.458,2.060159112
1574660124024,122.1,0.036840000000000005,0.458,2.060159112
1574660124088,122.1,0.03886,0.462,2.192100372
1574660124133,122.1,0.03886,0.462,2.192100372
1574660124178,122.1,0.03886,0.462,2.192100372
1574660124223,122.1,0.03886,0.462,2.192100372
1574660124289,122.1,0.041170000000000005,0.467,2.3475422190000006
1574660124334,122.1,0.041170000000000005,0.467,2.3475422190000006
1574660124379,122.1,0.041170000000000005,0.467,2.3475422190000006
1574660124423,122.1,0.041170000000000005,0.467,2.3475422190000006
1574660124489,122.1,0.040909999999999995,0.469,2.3427070589999994
1574660124534,122.1,0.040909999999999995,0.469,2.3427070589999994
1574660124579,122.1,0.040909999999999995,0.469,2.3427070589999994
1574660124624,122.1,0.040909999999999995,0.469,2.3427070589999994
1574660124689,122.1,0.03836,0.463,2.168579028
1574660124734,122.1,0.03836,0.463,2.168579028
1574660124779,122.1,0.03836,0.463,2.168579028
1574660124824,122.1,0.03836,0.463,2.168579028
1574660124890,122.1,0.03668,0.461,2.0646475079999997
1574660124934,122.1,0.03668,0.461,2.0646475079999997
1574660124979,122.1,0.03668,0.461,2.0646475079999997
1574660125025,122.1,0.03668,0.461,2.0646475079999997
1574660125089,122.1,0.03656,0.462,2.062356912
1574660125134,122.1,0.03656,0.462,2.062356912
1574660125180,122.1,0.03656,0.462,2.062356912
1574660125226,122.1,0.03656,0.462,2.062356912
1574660125289,122.1,0.03649,0.465,2.0717744849999997
1574660125334,122.1,0.03649,0.465,2.0717744849999997
1574660125380,122.1,0.03649,0.465,2.0717744849999997
1574660125426,122.1,0.03649,0.465,2.0717744849999997
1574660125489,122.1,0.03644,0.463,2.060037012
1574660125535,122.1,0.03644,0.463,2.060037012
1574660125581,122.1,0.03644,0.463,2.060037012
1574660125627,122.1,0.03644,0.463,2.060037012
1574660125689,122.1,0.03651,0.464,2.068452144
1574660125735,122.1,0.03651,0.464,2.068452144
1574660125780,122.1,0.03651,0.464,2.068452144
1574660125826,122.1,0.03651,0.464,2.068452144
1574660125889,122.1,0.0369,0.458,2.06351442
1574660125934,122.1,0.0369,0.458,2.06351442
1574660125980,122.1,0.0369,0.458,2.06351442
1574660126026,122.1,0.0369,0.458,2.06351442
1574660126090,122.1,0.03705,0.456,2.06285508
1574660126135,122.1,0.03705,0.456,2.06285508
1574660126181,122.1,0.03705,0.456,2.06285508
1574660126227,122.1,0.03705,0.456,2.06285508
1574660126289,122.1,0.03726,0.455,2.06999793
1574660126335,122.1,0.03726,0.455,2.06999793
1574660126381,122.1,0.03726,0.455,2.06999793
1574660126426,122.1,0.03726,0.455,2.06999793
1574660126489,122.1,0.0369,0.458,2.06351442
1574660126535,122.1,0.0369,0.458,2.06351442
1574660126581,122.1,0.0369,0.458,2.06351442
1574660126626,122.1,0.0369,0.458,2.06351442
1574660126689,122.2,0.03692,0.459,2.0708354160000004
1574660126734,122.2,0.03692,0.459,2.0708354160000004
1574660126779,122.2,0.03692,0.459,2.0708354160000004
1574660126825,122.2,0.03692,0.459,2.0708354160000004
1574660126890,122.2,0.037090000000000005,0.455,2.0622410900000006
1574660126935,122.2,0.037090000000000005,0.455,2.0622410900000006
1574660126979,122.2,0.037090000000000005,0.455,2.0622410900000006
1574660127024,122.2,0.037090000000000005,0.455,2.0622410900000006
1574660127089,122.2,0.0369,0.457,2.0606952600000006
1574660127134,122.2,0.0369,0.457,2.0606952600000006
1574660127180,122.2,0.0369,0.457,2.0606952600000006
1574660127225,122.2,0.0369,0.457,2.0606952600000006
1574660127290,122.1,0.03693,0.459,2.069701227
1574660127335,122.1,0.03693,0.459,2.069701227
1574660127381,122.1,0.03693,0.459,2.069701227
1574660127427,122.1,0.03693,0.459,2.069701227
1574660127489,122.2,0.03682,0.459,2.065226436
1574660127534,122.2,0.03682,0.459,2.065226436
1574660127580,122.2,0.03682,0.459,2.065226436
1574660127626,122.2,0.03682,0.459,2.065226436
1574660127689,122.2,0.03694,0.458,2.0674431440000003
1574660127735,122.2,0.03694,0.458,2.0674431440000003
1574660127781,122.2,0.03694,0.458,2.0674431440000003
1574660127827,122.2,0.03694,0.458,2.0674431440000003
1574660127890,122.2,0.0371,0.456,2.06733072
1574660127936,122.2,0.0371,0.456,2.06733072
1574660127981,122.2,0.0371,0.456,2.06733072
1574660128026,122.2,0.0371,0.456,2.06733072
1574660128089,122.1,0.03707,0.455,2.059442385
1574660128134,122.1,0.03707,0.455,2.059442385
1574660128180,122.1,0.03707,0.455,2.059442385
1574660128226,122.1,0.03707,0.455,2.059442385
1574660128290,122.1,0.037020000000000004,0.458,2.070225036
1574660128336,122.1,0.037020000000000004,0.458,2.070225036
1574660128381,122.1,0.037020000000000004,0.458,2.070225036
1574660128427,122.1,0.037020000000000004,0.458,2.070225036
1574660128489,122.1,0.03685,0.459,2.065217715
1574660128535,122.1,0.03685,0.459,2.065217715
1574660128581,122.1,0.03685,0.459,2.065217715
1574660128627,122.1,0.03685,0.459,2.065217715
1574660128690,122.1,0.03681,0.459,2.0629759590000005
1574660128735,122.1,0.03681,0.459,2.0629759590000005
1574660128781,122.1,0.03681,0.459,2.0629759590000005
1574660128827,122.1,0.03681,0.459,2.0629759590000005
1574660128890,122.1,0.03685,0.46,2.0697171
1574660128936,122.1,0.03685,0.46,2.0697171
1574660128987,122.1,0.03685,0.46,2.0697171
1574660129033,122.1,0.03685,0.46,2.0697171
1574660129090,122.1,0.03668,0.46,2.06016888
1574660129135,122.1,0.03668,0.46,2.06016888
1574660129179,122.1,0.03668,0.46,2.06016888
1574660129224,122.1,0.03668,0.46,2.06016888
1574660129289,122.1,0.03676,0.462,2.073638952
1574660129334,122.1,0.03676,0.462,2.073638952
1574660129380,122.1,0.03676,0.462,2.073638952
1574660129425,122.1,0.03676,0.462,2.073638952
1574660129489,122.1,0.036590000000000004,0.462,2.064049218
1574660129534,122.1,0.036590000000000004,0.462,2.064049218
1574660129579,122.1,0.036590000000000004,0.462,2.064049218
1574660129625,122.1,0.036590000000000004,0.462,2.064049218
1574660129690,122.1,0.040170000000000004,0.464,2.275807248
1574660129735,122.1,0.040170000000000004,0.464,2.275807248
1574660129781,122.1,0.040170000000000004,0.464,2.275807248
1574660129825,122.1,0.040170000000000004,0.464,2.275807248
1574660129889,122.1,0.04151,0.467,2.3669292570000002
1574660129934,122.1,0.04151,0.467,2.3669292570000002
1574660129978,122.1,0.04151,0.467,2.3669292570000002
1574660130023,122.1,0.04151,0.467,2.3669292570000002
1574660130068,122.1,0.04151,0.467,2.3669292570000002
1574660130114,122.1,0.04108,0.466,2.3373944879999997
1574660130159,122.1,0.04108,0.466,2.3373944879999997
1574660130203,122.1,0.04108,0.466,2.3373944879999997
1574660130248,122.1,0.04108,0.466,2.3373944879999997
1574660130293,122.1,0.036950000000000004,0.459,2.070822105
1574660130338,122.1,0.036950000000000004,0.459,2.070822105
1574660130382,122.1,0.036950000000000004,0.459,2.070822105
1574660130427,122.1,0.036950000000000004,0.459,2.070822105
1574660130489,122.1,0.0369,0.46,2.0725254
1574660130534,122.1,0.0369,0.46,2.0725254
1574660130580,122.1,0.0369,0.46,2.0725254
1574660130626,122.1,0.0369,0.46,2.0725254
1574660130690,122.2,0.03664,0.461,2.064085088
1574660130735,122.2,0.03664,0.461,2.064085088
1574660130781,122.2,0.03664,0.461,2.064085088
1574660130825,122.2,0.03664,0.461,2.064085088
1574660130889,122.2,0.03654,0.463,2.0673820440000004
1574660130935,122.2,0.03654,0.463,2.0673820440000004
1574660130981,122.2,0.03654,0.463,2.0673820440000004
1574660131027,122.2,0.03654,0.463,2.0673820440000004
1574660131089,122.2,0.03636,0.464,2.0616410880000005
1574660131134,122.2,0.03636,0.464,2.0616410880000005
1574660131180,122.2,0.03636,0.464,2.0616410880000005
1574660131225,122.2,0.03636,0.464,2.0616410880000005
1574660131290,122.1,0.03643,0.463,2.059471689
1574660131335,122.1,0.03643,0.463,2.059471689
1574660131381,122.1,0.03643,0.463,2.059471689
1574660131426,122.1,0.03643,0.463,2.059471689
1574660131490,122.1,0.03687,0.46,2.0708404199999997
1574660131536,122.1,0.03687,0.46,2.0708404199999997
1574660131581,122.1,0.03687,0.46,2.0708404199999997
1574660131627,122.1,0.03687,0.46,2.0708404199999997
1574660131690,122.2,0.03682,0.459,2.065226436
1574660131736,122.2,0.03682,0.459,2.065226436
1574660131782,122.2,0.03682,0.459,2.065226436
1574660131828,122.2,0.03682,0.459,2.065226436
1574660131889,122.2,0.03693,0.459,2.071396314
1574660131935,122.2,0.03693,0.459,2.071396314
1574660131981,122.2,0.03693,0.459,2.071396314
1574660132026,122.2,0.03693,0.459,2.071396314
1574660132089,122.2,0.03669,0.46,2.06241828
1574660132135,122.2,0.03669,0.46,2.06241828
1574660132180,122.2,0.03669,0.46,2.06241828
1574660132226,122.2,0.03669,0.46,2.06241828
1574660132290,122.1,0.03675,0.46,2.0641005
1574660132335,122.1,0.03675,0.46,2.0641005
1574660132381,122.1,0.03675,0.46,2.0641005
1574660132426,122.1,0.03675,0.46,2.0641005
1574660132489,122.1,0.03694,0.459,2.070261666
1574660132535,122.1,0.03694,0.459,2.070261666
1574660132580,122.1,0.03694,0.459,2.070261666
1574660132626,122.1,0.03694,0.459,2.070261666
1574660132690,122.1,0.0368,0.459,2.06241552
1574660132735,122.1,0.0368,0.459,2.06241552
1574660132780,122.1,0.0368,0.459,2.06241552
1574660132825,122.1,0.0368,0.459,2.06241552
1574660132890,122.2,0.03682,0.46,2.0697258400000003
1574660132936,122.2,0.03682,0.46,2.0697258400000003
1574660132981,122.2,0.03682,0.46,2.0697258400000003
1574660133027,122.2,0.03682,0.46,2.0697258400000003
1574660133089,122.1,0.03657,0.462,2.062921014
1574660133134,122.1,0.03657,0.462,2.062921014
1574660133181,122.1,0.03657,0.462,2.062921014
1574660133227,122.1,0.03657,0.462,2.062921014
1574660133290,122.1,0.03655,0.462,2.06179281
1574660133336,122.1,0.03655,0.462,2.06179281
1574660133382,122.1,0.03655,0.462,2.06179281
1574660133428,122.1,0.03655,0.462,2.06179281
1574660133490,122.1,0.03688,0.46,2.0714020800000004
1574660133535,122.1,0.03688,0.46,2.0714020800000004
1574660133581,122.1,0.03688,0.46,2.0714020800000004
1574660133627,122.1,0.03688,0.46,2.0714020800000004
1574660133690,122.2,0.03676,0.46,2.06635312
1574660133736,122.2,0.03676,0.46,2.06635312
1574660133782,122.2,0.03676,0.46,2.06635312
1574660133828,122.2,0.03676,0.46,2.06635312
1574660133890,122.2,0.03672,0.46,2.06410464
1574660133935,122.2,0.03672,0.46,2.06410464
1574660133980,122.2,0.03672,0.46,2.06410464
1574660134025,122.2,0.03672,0.46,2.06410464
1574660134089,122.2,0.03663,0.462,2.0679979320000004
1574660134135,122.2,0.03663,0.462,2.0679979320000004
1574660134180,122.2,0.03663,0.462,2.0679979320000004
1574660134226,122.2,0.03663,0.462,2.0679979320000004
1574660134290,122.2,0.0366,0.463,2.07077676
1574660134335,122.2,0.0366,0.463,2.07077676
1574660134380,122.2,0.0366,0.463,2.07077676
1574660134425,122.2,0.0366,0.463,2.07077676
1574660134490,122.1,0.03681,0.461,2.0719649610000004
1574660134534,122.1,0.03681,0.461,2.0719649610000004
1574660134580,122.1,0.03681,0.461,2.0719649610000004
1574660134625,122.1,0.03681,0.461,2.0719649610000004
1574660134690,122.2,0.03674,0.46,2.0652288800000003
1574660134735,122.2,0.03674,0.46,2.0652288800000003
1574660134779,122.2,0.03674,0.46,2.0652288800000003
1574660134824,122.2,0.03674,0.46,2.0652288800000003
1574660134890,122.2,0.03669,0.46,2.06241828
1574660134935,122.2,0.03669,0.46,2.06241828
1574660134980,122.2,0.03669,0.46,2.06241828
1574660135024,122.2,0.03669,0.46,2.06241828
1574660135090,122.1,0.03675,0.461,2.068587675
1574660135135,122.1,0.03675,0.461,2.068587675
1574660135180,122.1,0.03675,0.461,2.068587675
1574660135225,122.1,0.03675,0.461,2.068587675
1574660135290,122.1,0.04152,0.47,2.38270824
1574660135335,122.1,0.04152,0.47,2.38270824
1574660135381,122.1,0.04152,0.47,2.38270824
1574660135427,122.1,0.04152,0.47,2.38270824
1574660135490,122.1,0.041229999999999996,0.466,2.345929278
1574660135536,122.1,0.041229999999999996,0.466,2.345929278
1574660135582,122.1,0.041229999999999996,0.466,2.345929278
1574660135628,122.1,0.041229999999999996,0.466,2.345929278
1574660135690,122.2,0.03979,0.462,2.2464001560000004
1574660135736,122.2,0.03979,0.462,2.2464001560000004
1574660135781,122.2,0.03979,0.462,2.2464001560000004
1574660135827,122.2,0.03979,0.462,2.2464001560000004
1574660135891,122.2,0.036610000000000004,0.461,2.0623950620000002
1574660135936,122.2,0.036610000000000004,0.461,2.0623950620000002
1574660135982,122.2,0.036610000000000004,0.461,2.0623950620000002
1574660136027,122.2,0.036610000000000004,0.461,2.0623950620000002
1574660136090,122.1,0.036840000000000005,0.46,2.0691554400000003
1574660136138,122.1,0.036840000000000005,0.46,2.0691554400000003
1574660136184,122.1,0.036840000000000005,0.46,2.0691554400000003
1574660136230,122.1,0.036840000000000005,0.46,2.0691554400000003
1574660136290,122.1,0.0365,0.462,2.0589723
1574660136335,122.1,0.0365,0.462,2.0589723
1574660136381,122.1,0.0365,0.462,2.0589723
1574660136426,122.1,0.0365,0.462,2.0589723
1574660136491,122.1,0.03651,0.462,2.059536402
1574660136536,122.1,0.03651,0.462,2.059536402
1574660136581,122.1,0.03651,0.462,2.059536402
1574660136627,122.1,0.03651,0.462,2.059536402
1574660136690,122.1,0.03649,0.465,2.0717744849999997
1574660136736,122.1,0.03649,0.465,2.0717744849999997
1574660136782,122.1,0.03649,0.465,2.0717744849999997
1574660136827,122.1,0.03649,0.465,2.0717744849999997
1574660136890,122.2,0.03598,0.469,2.0620785639999997
1574660136935,122.2,0.03598,0.469,2.0620785639999997
1574660136981,122.2,0.03598,0.469,2.0620785639999997
1574660137026,122.2,0.03598,0.469,2.0620785639999997
1574660137090,122.2,0.03633,0.466,2.0688191160000002
1574660137136,122.2,0.03633,0.466,2.0688191160000002
1574660137182,122.2,0.03633,0.466,2.0688191160000002
1574660137227,122.2,0.03633,0.466,2.0688191160000002
1574660137290,122.2,0.036340000000000004,0.465,2.0649478200000004
1574660137336,122.2,0.036340000000000004,0.465,2.0649478200000004
1574660137382,122.2,0.036340000000000004,0.465,2.0649478200000004
1574660137428,122.2,0.036340000000000004,0.465,2.0649478200000004
1574660137490,122.2,0.03668,0.46,2.06185616
1574660137536,122.2,0.03668,0.46,2.06185616
1574660137582,122.2,0.03668,0.46,2.06185616
1574660137627,122.2,0.03668,0.46,2.06185616
1574660137690,122.2,0.03705,0.457,2.0690720700000003
1574660137736,122.2,0.03705,0.457,2.0690720700000003
1574660137781,122.2,0.03705,0.457,2.0690720700000003
1574660137827,122.2,0.03705,0.457,2.0690720700000003
1574660137891,122.2,0.03694,0.457,2.062929076
1574660137937,122.2,0.03694,0.457,2.062929076
1574660137982,122.2,0.03694,0.457,2.062929076
1574660138028,122.2,0.03694,0.457,2.062929076
1574660138090,122.2,0.03706,0.457,2.0696305240000004
1574660138136,122.2,0.03706,0.457,2.0696305240000004
1574660138182,122.2,0.03706,0.457,2.0696305240000004
1574660138228,122.2,0.03706,0.457,2.0696305240000004
1574660138290,122.2,0.036840000000000005,0.458,2.0618463840000003
1574660138336,122.2,0.036840000000000005,0.458,2.0618463840000003
1574660138381,122.2,0.036840000000000005,0.458,2.0618463840000003
1574660138427,122.2,0.036840000000000005,0.458,2.0618463840000003
1574660138490,122.1,0.03704,0.456,2.0622983039999996
1574660138535,122.1,0.03704,0.456,2.0622983039999996
1574660138581,122.1,0.03704,0.456,2.0622983039999996
1574660138627,122.1,0.03704,0.456,2.0622983039999996
1574660138691,122.2,0.036770000000000004,0.461,2.071408534
1574660138737,122.2,0.036770000000000004,0.461,2.071408534
1574660138783,122.2,0.036770000000000004,0.461,2.071408534
1574660138829,122.2,0.036770000000000004,0.461,2.071408534
1574660138890,122.2,0.03669,0.46,2.06241828
1574660138936,122.2,0.03669,0.46,2.06241828
1574660138982,122.2,0.03669,0.46,2.06241828
1574660139028,122.2,0.03669,0.46,2.06241828
1574660139090,122.2,0.03685,0.458,2.0624060600000003
1574660139136,122.2,0.03685,0.458,2.0624060600000003
1574660139182,122.2,0.03685,0.458,2.0624060600000003
1574660139228,122.2,0.03685,0.458,2.0624060600000003
1574660139290,122.1,0.03687,0.46,2.0708404199999997
1574660139335,122.1,0.03687,0.46,2.0708404199999997
1574660139381,122.1,0.03687,0.46,2.0708404199999997
1574660139426,122.1,0.03687,0.46,2.0708404199999997
1574660139491,122.1,0.03683,0.459,2.064096837
1574660139536,122.1,0.03683,0.459,2.064096837
1574660139581,122.1,0.03683,0.459,2.064096837
1574660139625,122.1,0.03683,0.459,2.064096837
1574660139690,122.1,0.036840000000000005,0.46,2.0691554400000003
1574660139735,122.1,0.036840000000000005,0.46,2.0691554400000003
1574660139781,122.1,0.036840000000000005,0.46,2.0691554400000003
1574660139826,122.1,0.036840000000000005,0.46,2.0691554400000003
1574660139890,122.2,0.03668,0.46,2.06185616
1574660139935,122.2,0.03668,0.46,2.06185616
1574660139980,122.2,0.03668,0.46,2.06185616
1574660140025,122.2,0.03668,0.46,2.06185616
1574660140091,122.2,0.03664,0.46,2.05960768
1574660140135,122.2,0.03664,0.46,2.05960768
1574660140180,122.2,0.03664,0.46,2.05960768
1574660140225,122.2,0.03664,0.46,2.05960768
1574660140291,122.1,0.03683,0.46,2.06859378
1574660140335,122.1,0.03683,0.46,2.06859378
1574660140380,122.1,0.03683,0.46,2.06859378
1574660140425,122.1,0.03683,0.46,2.06859378
1574660140491,122.1,0.03663,0.461,2.061833103
1574660140536,122.1,0.03663,0.461,2.061833103
1574660140580,122.1,0.03663,0.461,2.061833103
1574660140625,122.1,0.03663,0.461,2.061833103
1574660140690,122.1,0.03823,0.465,2.170565595
1574660140736,122.1,0.03823,0.465,2.170565595
1574660140781,122.1,0.03823,0.465,2.170565595
1574660140826,122.1,0.03823,0.465,2.170565595
1574660140891,122.1,0.04113000000000001,0.468,2.3502833640000005
1574660140936,122.1,0.04113000000000001,0.468,2.3502833640000005
1574660140982,122.1,0.04113000000000001,0.468,2.3502833640000005
1574660141028,122.1,0.04113000000000001,0.468,2.3502833640000005
1574660141091,122.1,0.04133,0.463,2.3364799589999996
1574660141136,122.1,0.04133,0.463,2.3364799589999996
1574660141182,122.1,0.04133,0.463,2.3364799589999996
1574660141228,122.1,0.04133,0.463,2.3364799589999996
1574660141290,122.1,0.03824,0.463,2.1617951520000003
1574660141336,122.1,0.03824,0.463,2.1617951520000003
1574660141382,122.1,0.03824,0.463,2.1617951520000003
1574660141428,122.1,0.03824,0.463,2.1617951520000003
1574660141490,122.1,0.03667,0.46,2.05960722
1574660141536,122.1,0.03667,0.46,2.05960722
1574660141582,122.1,0.03667,0.46,2.05960722
1574660141628,122.1,0.03667,0.46,2.05960722
1574660141691,122.1,0.03686,0.459,2.0657781539999998
1574660141736,122.1,0.03686,0.459,2.0657781539999998
1574660141782,122.1,0.03686,0.459,2.0657781539999998
1574660141828,122.1,0.03686,0.459,2.0657781539999998
1574660141890,122.2,0.03674,0.461,2.0697185080000002
1574660141936,122.2,0.03674,0.461,2.0697185080000002
1574660141982,122.2,0.03674,0.461,2.0697185080000002
1574660142028,122.2,0.03674,0.461,2.0697185080000002
1574660142090,122.2,0.03658,0.462,2.0651751120000004
1574660142136,122.2,0.03658,0.462,2.0651751120000004
1574660142182,122.2,0.03658,0.462,2.0651751120000004
1574660142228,122.2,0.03658,0.462,2.0651751120000004
1574660142290,122.1,0.03658,0.463,2.067951534
1574660142335,122.1,0.03658,0.463,2.067951534
1574660142381,122.1,0.03658,0.463,2.067951534
1574660142427,122.1,0.03658,0.463,2.067951534
1574660142491,122.1,0.03654,0.462,2.0612287080000002
1574660142537,122.1,0.03654,0.462,2.0612287080000002
1574660142582,122.1,0.03654,0.462,2.0612287080000002
1574660142628,122.1,0.03654,0.462,2.0612287080000002
1574660142691,122.2,0.03669,0.46,2.06241828
1574660142736,122.2,0.03669,0.46,2.06241828
1574660142782,122.2,0.03669,0.46,2.06241828
1574660142828,122.2,0.03669,0.46,2.06241828
1574660142890,122.2,0.03708,0.457,2.070747432
1574660142935,122.2,0.03708,0.457,2.070747432
1574660142981,122.2,0.03708,0.457,2.070747432
1574660143027,122.2,0.03708,0.457,2.070747432
1574660143091,122.2,0.03682,0.458,2.060727032
1574660143137,122.2,0.03682,0.458,2.060727032
1574660143182,122.2,0.03682,0.458,2.060727032
1574660143228,122.2,0.03682,0.458,2.060727032
1574660143291,122.1,0.03692,0.459,2.0691407880000003
1574660143337,122.1,0.03692,0.459,2.0691407880000003
1574660143382,122.1,0.03692,0.459,2.0691407880000003
1574660143428,122.1,0.03692,0.459,2.0691407880000003
1574660143490,122.1,0.03679,0.459,2.061855081
1574660143536,122.1,0.03679,0.459,2.061855081
1574660143581,122.1,0.03679,0.459,2.061855081
1574660143627,122.1,0.03679,0.459,2.061855081
1574660143691,122.1,0.03682,0.459,2.063536398
1574660143736,122.1,0.03682,0.459,2.063536398
1574660143782,122.1,0.03682,0.459,2.063536398
1574660143828,122.1,0.03682,0.459,2.063536398
1574660143891,122.2,0.037090000000000005,0.457,2.071305886
1574660143937,122.2,0.037090000000000005,0.457,2.071305886
1574660143982,122.2,0.037090000000000005,0.457,2.071305886
1574660144028,122.2,0.037090000000000005,0.457,2.071305886
1574660144091,122.2,0.03682,0.458,2.060727032
1574660144137,122.2,0.03682,0.458,2.060727032
1574660144185,122.2,0.03682,0.458,2.060727032
1574660144231,122.2,0.03682,0.458,2.060727032
1574660144291,122.1,0.03675,0.459,2.059613325
1574660144337,122.1,0.03675,0.459,2.059613325
1574660144383,122.1,0.03675,0.459,2.059613325
1574660144428,122.1,0.03675,0.459,2.059613325
1574660144490,122.1,0.03674,0.461,2.0680247940000003
1574660144536,122.1,0.03674,0.461,2.0680247940000003
1574660144582,122.1,0.03674,0.461,2.0680247940000003
1574660144628,122.1,0.03674,0.461,2.0680247940000003
1574660144691,122.2,0.036610000000000004,0.461,2.0623950620000002
1574660144736,122.2,0.036610000000000004,0.461,2.0623950620000002
1574660144782,122.2,0.036610000000000004,0.461,2.0623950620000002
1574660144828,122.2,0.036610000000000004,0.461,2.0623950620000002
1574660144890,122.2,0.03696,0.459,2.073079008
1574660144935,122.2,0.03696,0.459,2.073079008
1574660144981,122.2,0.03696,0.459,2.073079008
1574660145027,122.2,0.03696,0.459,2.073079008
1574660145091,122.2,0.03672,0.46,2.06410464
1574660145136,122.2,0.03672,0.46,2.06410464
1574660145181,122.2,0.03672,0.46,2.06410464
1574660145227,122.2,0.03672,0.46,2.06410464
1574660145291,122.2,0.03673,0.46,2.06466676
1574660145336,122.2,0.03673,0.46,2.06466676
1574660145381,122.2,0.03673,0.46,2.06466676
1574660145427,122.2,0.03673,0.46,2.06466676
1574660145490,122.1,0.03668,0.462,2.069126136
1574660145535,122.1,0.03668,0.462,2.069126136
1574660145580,122.1,0.03668,0.462,2.069126136
1574660145625,122.1,0.03668,0.462,2.069126136
1574660145691,122.1,0.0366,0.462,2.0646133200000003
1574660145736,122.1,0.0366,0.462,2.0646133200000003
1574660145781,122.1,0.0366,0.462,2.0646133200000003
1574660145827,122.1,0.0366,0.462,2.0646133200000003
1574660145890,122.2,0.03673,0.462,2.0736435720000004
1574660145935,122.2,0.03673,0.462,2.0736435720000004
1574660145980,122.2,0.03673,0.462,2.0736435720000004
1574660146025,122.2,0.03673,0.462,2.0736435720000004
1574660146069,122.2,0.03673,0.462,2.0736435720000004
1574660146114,122.2,0.0365,0.462,2.0606586
1574660146160,122.2,0.0365,0.462,2.0606586
1574660146205,122.2,0.0365,0.462,2.0606586
1574660146250,122.2,0.0365,0.462,2.0606586
1574660146295,122.1,0.03986,0.467,2.272845102
1574660146341,122.1,0.03986,0.467,2.272845102
1574660146387,122.1,0.03986,0.467,2.272845102
1574660146432,122.1,0.03986,0.467,2.272845102
1574660146491,122.1,0.04109,0.47,2.35803183
1574660146537,122.1,0.04109,0.47,2.35803183
1574660146583,122.1,0.04109,0.47,2.35803183
1574660146628,122.1,0.04109,0.47,2.35803183
1574660146691,122.1,0.040780000000000004,0.468,2.3302833840000003
1574660146737,122.1,0.040780000000000004,0.468,2.3302833840000003
1574660146782,122.1,0.040780000000000004,0.468,2.3302833840000003
1574660146828,122.1,0.040780000000000004,0.468,2.3302833840000003
1574660146891,122.1,0.03688,0.46,2.0714020800000004
1574660146937,122.1,0.03688,0.46,2.0714020800000004
1574660146982,122.1,0.03688,0.46,2.0714020800000004
1574660147028,122.1,0.03688,0.46,2.0714020800000004
1574660147091,122.1,0.036770000000000004,0.461,2.069713437
1574660147137,122.1,0.036770000000000004,0.461,2.069713437
1574660147183,122.1,0.036770000000000004,0.461,2.069713437
1574660147228,122.1,0.036770000000000004,0.461,2.069713437
1574660147292,122.1,0.03658,0.462,2.0634851160000003
1574660147337,122.1,0.03658,0.462,2.0634851160000003
1574660147382,122.1,0.03658,0.462,2.0634851160000003
1574660147427,122.1,0.03658,0.462,2.0634851160000003
1574660147491,122.1,0.03669,0.462,2.069690238
1574660147537,122.1,0.03669,0.462,2.069690238
1574660147582,122.1,0.03669,0.462,2.069690238
1574660147628,122.1,0.03669,0.462,2.069690238
1574660147691,122.1,0.03676,0.459,2.060173764
1574660147737,122.1,0.03676,0.459,2.060173764
1574660147782,122.1,0.03676,0.459,2.060173764
1574660147828,122.1,0.03676,0.459,2.060173764
1574660147892,122.2,0.03678,0.459,2.062982844
1574660147937,122.2,0.03678,0.459,2.062982844
1574660147982,122.2,0.03678,0.459,2.062982844
1574660148027,122.2,0.03678,0.459,2.062982844
1574660148091,122.2,0.03687,0.46,2.07253644
1574660148137,122.2,0.03687,0.46,2.07253644
1574660148183,122.2,0.03687,0.46,2.07253644
1574660148228,122.2,0.03687,0.46,2.07253644
1574660148292,122.1,0.03678,0.459,2.061294642
1574660148338,122.1,0.03678,0.459,2.061294642
1574660148383,122.1,0.03678,0.459,2.061294642
1574660148428,122.1,0.03678,0.459,2.061294642
1574660148491,122.1,0.0369,0.46,2.0725254
1574660148537,122.1,0.0369,0.46,2.0725254
1574660148582,122.1,0.0369,0.46,2.0725254
1574660148628,122.1,0.0369,0.46,2.0725254
1574660148691,122.1,0.03691,0.458,2.0640736379999995
1574660148737,122.1,0.03691,0.458,2.0640736379999995
1574660148782,122.1,0.03691,0.458,2.0640736379999995
1574660148828,122.1,0.03691,0.458,2.0640736379999995
1574660148891,122.1,0.037020000000000004,0.457,2.065704894
1574660148937,122.1,0.037020000000000004,0.457,2.065704894
1574660148982,122.1,0.037020000000000004,0.457,2.065704894
1574660149028,122.1,0.037020000000000004,0.457,2.065704894
1574660149092,122.2,0.03682,0.46,2.0697258400000003
1574660149137,122.2,0.03682,0.46,2.0697258400000003
1574660149183,122.2,0.03682,0.46,2.0697258400000003
1574660149228,122.2,0.03682,0.46,2.0697258400000003
1574660149291,122.1,0.0367,0.46,2.0612922
1574660149337,122.1,0.0367,0.46,2.0612922
1574660149382,122.1,0.0367,0.46,2.0612922
1574660149428,122.1,0.0367,0.46,2.0612922
1574660149491,122.1,0.03681,0.461,2.0719649610000004
1574660149537,122.1,0.03681,0.461,2.0719649610000004
1574660149583,122.1,0.03681,0.461,2.0719649610000004
1574660149629,122.1,0.03681,0.461,2.0719649610000004
1574660149692,122.1,0.03678,0.459,2.061294642
1574660149738,122.1,0.03678,0.459,2.061294642
1574660149784,122.1,0.03678,0.459,2.061294642
1574660149830,122.1,0.03678,0.459,2.061294642
1574660149891,122.2,0.03665,0.461,2.0646484300000005
1574660149937,122.2,0.03665,0.461,2.0646484300000005
1574660149983,122.2,0.03665,0.461,2.0646484300000005
1574660150028,122.2,0.03665,0.461,2.0646484300000005
1574660150091,122.2,0.03671,0.461,2.068028482
1574660150137,122.2,0.03671,0.461,2.068028482
1574660150184,122.2,0.03671,0.461,2.068028482
1574660150230,122.2,0.03671,0.461,2.068028482
1574660150292,122.2,0.036610000000000004,0.461,2.0623950620000002
1574660150338,122.2,0.036610000000000004,0.461,2.0623950620000002
1574660150383,122.2,0.036610000000000004,0.461,2.0623950620000002
1574660150428,122.2,0.036610000000000004,0.461,2.0623950620000002
1574660150491,122.1,0.03666,0.461,2.0635217459999997
1574660150536,122.1,0.03666,0.461,2.0635217459999997
1574660150581,122.1,0.03666,0.461,2.0635217459999997
1574660150627,122.1,0.03666,0.461,2.0635217459999997
1574660150691,122.1,0.03666,0.462,2.067997932
1574660150736,122.1,0.03666,0.462,2.067997932
1574660150781,122.1,0.03666,0.462,2.067997932
1574660150825,122.1,0.03666,0.462,2.067997932
1574660150891,122.1,0.03657,0.462,2.062921014
1574660150936,122.1,0.03657,0.462,2.062921014
1574660150981,122.1,0.03657,0.462,2.062921014
1574660151026,122.1,0.03657,0.462,2.062921014
1574660151092,122.2,0.03668,0.462,2.070820752
1574660151137,122.2,0.03668,0.462,2.070820752
1574660151181,122.2,0.03668,0.462,2.070820752
1574660151226,122.2,0.03668,0.462,2.070820752
1574660151291,122.1,0.03653,0.462,2.060664606
1574660151336,122.1,0.03653,0.462,2.060664606
1574660151381,122.1,0.03653,0.462,2.060664606
1574660151425,122.1,0.03653,0.462,2.060664606
1574660151491,122.1,0.03651,0.462,2.059536402
1574660151536,122.1,0.03651,0.462,2.059536402
1574660151581,122.1,0.03651,0.462,2.059536402
1574660151626,122.1,0.03651,0.462,2.059536402
1574660151692,122.1,0.0366,0.463,2.06908218
1574660151737,122.1,0.0366,0.463,2.06908218
1574660151781,122.1,0.0366,0.463,2.06908218
1574660151826,122.1,0.0366,0.463,2.06908218
1574660151892,122.2,0.041210000000000004,0.47,2.36685514
1574660151938,122.2,0.041210000000000004,0.47,2.36685514
1574660151983,122.2,0.041210000000000004,0.47,2.36685514
1574660152029,122.2,0.041210000000000004,0.47,2.36685514
1574660152091,122.2,0.04089,0.47,2.34847626
1574660152137,122.2,0.04089,0.47,2.34847626
1574660152182,122.2,0.04089,0.47,2.34847626
1574660152228,122.2,0.04089,0.47,2.34847626
1574660152292,122.2,0.039670000000000004,0.469,2.273559106
1574660152338,122.2,0.039670000000000004,0.469,2.273559106
1574660152383,122.2,0.039670000000000004,0.469,2.273559106
1574660152431,122.2,0.039670000000000004,0.469,2.273559106
1574660152492,122.1,0.03646,0.463,2.061167658
1574660152537,122.1,0.03646,0.463,2.061167658
1574660152583,122.1,0.03646,0.463,2.061167658
1574660152629,122.1,0.03646,0.463,2.061167658
1574660152691,122.1,0.03674,0.461,2.0680247940000003
1574660152736,122.1,0.03674,0.461,2.0680247940000003
1574660152782,122.1,0.03674,0.461,2.0680247940000003
1574660152827,122.1,0.03674,0.461,2.0680247940000003
1574660152892,122.1,0.03655,0.462,2.06179281
1574660152938,122.1,0.03655,0.462,2.06179281
1574660152984,122.1,0.03655,0.462,2.06179281
1574660153029,122.1,0.03655,0.462,2.06179281
1574660153091,122.2,0.03672,0.46,2.06410464
1574660153137,122.2,0.03672,0.46,2.06410464
1574660153183,122.2,0.03672,0.46,2.06410464
1574660153228,122.2,0.03672,0.46,2.06410464
1574660153291,122.1,0.036770000000000004,0.461,2.069713437
1574660153337,122.1,0.036770000000000004,0.461,2.069713437
1574660153383,122.1,0.036770000000000004,0.461,2.069713437
1574660153429,122.1,0.036770000000000004,0.461,2.069713437
1574660153491,122.1,0.03688,0.458,2.0623959840000006
1574660153537,122.1,0.03688,0.458,2.0623959840000006
1574660153583,122.1,0.03688,0.458,2.0623959840000006
1574660153628,122.1,0.03688,0.458,2.0623959840000006
1574660153691,122.1,0.03716,0.456,2.068979616
1574660153736,122.1,0.03716,0.456,2.068979616
1574660153782,122.1,0.03716,0.456,2.068979616
1574660153827,122.1,0.03716,0.456,2.068979616
1574660153892,122.1,0.03693,0.458,2.065192074
1574660153938,122.1,0.03693,0.458,2.065192074
1574660153983,122.1,0.03693,0.458,2.065192074
1574660154029,122.1,0.03693,0.458,2.065192074
1574660154092,122.2,0.03676,0.459,2.0618610480000004
1574660154138,122.2,0.03676,0.459,2.0618610480000004
1574660154184,122.2,0.03676,0.459,2.0618610480000004
1574660154230,122.2,0.03676,0.459,2.0618610480000004
1574660154291,122.1,0.03669,0.462,2.069690238
1574660154337,122.1,0.03669,0.462,2.069690238
1574660154383,122.1,0.03669,0.462,2.069690238
1574660154428,122.1,0.03669,0.462,2.069690238
1574660154492,122.1,0.03672,0.46,2.06241552
1574660154538,122.1,0.03672,0.46,2.06241552
1574660154584,122.1,0.03672,0.46,2.06241552
1574660154630,122.1,0.03672,0.46,2.06241552
1574660154692,122.1,0.03704,0.458,2.0713434719999997
1574660154737,122.1,0.03704,0.458,2.0713434719999997
1574660154783,122.1,0.03704,0.458,2.0713434719999997
1574660154828,122.1,0.03704,0.458,2.0713434719999997
1574660154891,122.1,0.03685,0.458,2.0607183300000003
1574660154936,122.1,0.03685,0.458,2.0607183300000003
1574660154982,122.1,0.03685,0.458,2.0607183300000003
1574660155027,122.1,0.03685,0.458,2.0607183300000003
1574660155093,122.2,0.036840000000000005,0.459,2.0663482320000006
