1365889754.588438,962.1951219512194,42.2,4.564472913742065
1365889754.883594,928.048780487805,42.2,4.550607681274414
1365889755.1767292,946.3414634146341,42.8,4.562995195388794
1365889755.4758132,912.1951219512196,42.2,4.57367467880249
1365889755.774818,956.0975609756097,42.2,4.57483434677124
1365889756.076649,918.9024390243903,42.8,4.552416801452637
1365889756.376653,940.8536585365853,42.8,4.573470115661621
1365889756.676639,929.8780487804878,42.8,4.562678337097168
1365889756.986656,937.8048780487804,42.8,4.571054935455322
1365889757.287282,929.8780487804878,42.8,4.556553363800049
1365889757.596649,926.219512195122,42.8,4.578680038452148
1365889757.90672,943.2926829268292,42.8,4.585789203643799
1365889758.227215,956.0975609756097,42.8,4.580715894699097
1365889758.536866,920.1219512195122,43.3,4.565305948257446
1365889758.853379,921.3414634146342,42.8,4.6071248054504395
1365889759.166707,924.3902439024391,42.8,4.564897775650024
1365889759.482099,935.9756097560976,43.3,4.568156003952026
1365889759.8069289,1204.8780487804877,42.8,4.565443754196167
1365889760.126661,918.9024390243903,43.3,4.589743614196777
1365889760.4508731,929.8780487804878,42.8,4.586792707443237
1365889760.7750988,932.3170731707318,43.3,4.571048974990845
1365889761.1045818,1855.4878048780488,43.3,4.587669849395752
1365889761.4366488,735.3658536585366,43.3,4.5246617794036865
1365889761.710964,867.0731707317074,42.8,4.577454090118408
1365889762.028239,923.1707317073171,43.3,4.582915306091309
1365889762.366697,907.9268292682927,43.3,4.535329341888428
1365889762.640994,802.439024390244,43.3,4.537060499191284
1365889762.912143,1017.0731707317074,42.8,4.599677801132202
1365889763.2467499,926.829268292683,43.3,4.694289684295654
1365889763.530111,849.390243902439,42.8,4.569353342056274
1365889763.803495,915.8536585365854,42.8,4.6030824184417725
1365889764.126724,1397.560975609756,43.3,4.6995155811309814
1365889764.4580941,849.390243902439,43.3,4.525684833526611
1365889764.735842,973.780487804878,42.8,4.586935520172119
1365889765.0673668,932.3170731707318,43.3,4.620447397232056
1365889765.396677,829.2682926829268,42.8,4.608458995819092
1365889765.670979,913.4146341463415,43.3,4.540986061096191
1365889765.966666,932.9268292682927,43.3,4.640538692474365
1365889766.296659,888.4146341463414,43.3,4.566943645477295
1365889766.5683541,887.1951219512196,42.8,4.532818555831909
1365889766.840113,931.0975609756098,43.3,4.611443281173706
1365889767.152517,1345.7317073170732,43.3,4.583116054534912
1365889767.482551,918.2926829268293,43.3,4.567049741744995
1365889767.753321,921.3414634146342,42.8,4.576844930648804
1365889768.076701,914.0243902439024,43.3,4.588038682937622
1365889768.40676,1150.0,43.3,4.532749176025391
1365889768.680674,788.4146341463415,42.8,4.559988260269165
1365889768.975301,906.0975609756098,43.3,4.603022336959839
1365889769.2966652,937.8048780487804,43.3,4.52957820892334
1365889769.56778,921.3414634146342,43.3,4.522219896316528
1365889769.840193,923.1707317073171,43.3,4.575697183609009
1365889770.166708,913.4146341463415,43.3,4.580170631408691
1365889770.496641,921.9512195121952,43.3,4.526066303253174
1365889770.7718039,907.3170731707318,43.3,4.574668884277344
1365889771.096713,925.0,43.3,4.5843446254730225
1365889771.436703,840.2439024390244,42.8,4.5223493576049805
1365889771.708768,959.1463414634146,43.3,4.581212997436523
1365889772.0266712,982.9268292682926,43.3,4.5867156982421875
1365889772.357909,738.4146341463414,43.3,4.551911354064941
1365889772.6339781,932.9268292682927,43.3,4.528879404067993
1365889772.905832,918.2926829268293,43.3,4.589894771575928
1365889773.2367911,935.9756097560976,43.3,4.546096324920654
1365889773.5292218,915.2439024390244,43.3,4.523638486862183
1365889773.802809,912.1951219512196,43.3,4.579250812530518
1365889774.1225128,914.0243902439024,42.8,4.570642471313477
1365889774.446666,976.219512195122,42.8,4.54816746711731
1365889774.7183611,1010.9756097560976,43.3,4.584360361099243
1365889775.046742,1007.9268292682925,42.8,4.584829568862915
1365889775.376663,788.4146341463415,43.3,4.527987957000732
1365889775.648258,1043.2926829268292,43.3,4.700929880142212
1365889775.921979,928.048780487805,43.3,4.587890148162842
1365889776.256639,777.439024390244,43.3,4.533566474914551
1365889776.5303402,846.951219512195,43.3,4.548929691314697
1365889776.8033779,910.9756097560976,43.3,4.708228588104248
1365889777.1366882,921.9512195121952,42.8,4.639847755432129
1365889777.465348,834.1463414634146,43.3,4.524653196334839
1365889777.735826,928.048780487805,42.8,4.587667942047119
1365889778.0767019,929.2682926829269,43.3,4.596213102340698
1365889778.405489,759.1463414634146,43.3,4.526865005493164
1365889778.677257,867.0731707317074,43.3,4.5556111335754395
1365889778.976728,924.3902439024391,43.3,4.576647996902466
1365889779.3066921,834.1463414634146,43.3,4.531493186950684
1365889779.581381,879.2682926829268,43.3,4.5287158489227295
1365889779.853247,921.9512195121952,43.3,4.572133779525757
1365889780.17671,910.9756097560976,43.3,4.589426517486572
1365889780.505536,765.2439024390244,43.3,4.538907289505005
1365889780.776513,1007.3170731707318,43.3,4.583699464797974
1365889781.10669,912.1951219512196,43.3,4.582663059234619
1365889781.433546,1203.0487804878048,43.3,4.595857858657837
1365889781.70381,998.780487804878,43.3,4.593043088912964
1365889782.006676,924.3902439024391,43.3,4.581124782562256
1365889782.330975,860.9756097560976,43.3,4.532557725906372
1365889782.600425,773.1707317073171,43.3,4.5555641651153564
1365889782.872281,926.829268292683,42.8,4.587583541870117
1365889783.206846,1023.7804878048779,43.9,4.616499900817871
1365889783.5319731,820.1219512195122,43.3,4.542312860488892
1365889783.8026292,926.829268292683,43.3,4.580693960189819
1365889784.1270232,917.0731707317074,43.3,4.587575674057007
1365889784.466709,910.3658536585366,43.3,4.527652978897095
1365889784.739032,906.0975609756098,42.8,4.590649604797363
1365889785.087949,926.829268292683,43.3,4.641310691833496
1365889785.415285,928.048780487805,43.3,4.525470495223999
1365889785.687258,764.0243902439024,43.3,4.547046422958374
1365889785.972606,926.219512195122,43.3,4.59202241897583
1365889786.300236,751.219512195122,43.3,4.694245100021362
1365889786.569099,878.0487804878048,43.3,4.5331807136535645
1365889786.843331,992.0731707317074,43.3,4.573097229003906
1365889787.1667042,929.2682926829269,43.3,4.791486740112305
1365889787.490131,796.9512195121952,43.3,4.698506593704224
1365889787.759268,928.048780487805,43.3,4.590048551559448
1365889788.086708,942.0731707317073,43.3,4.581981658935547
1365889788.410295,796.3414634146342,43.3,4.530253648757935
1365889788.684136,923.1707317073171,43.3,4.543196439743042
1365889788.9687839,929.8780487804878,43.3,4.595966577529907
1365889789.306657,910.9756097560976,43.3,4.530130863189697
1365889789.580818,810.3658536585366,43.3,4.538429498672485
1365889789.853041,929.8780487804878,43.3,4.588096380233765
1365889790.1758778,1146.9512195121952,43.3,4.683966636657715
1365889790.516646,796.3414634146342,43.3,4.526324510574341
1365889790.7890391,929.2682926829269,43.9,4.7143402099609375
1365889791.126703,932.3170731707318,43.3,4.59309720993042
1365889791.456664,889.0243902439024,43.3,4.609575510025024
1365889791.7307498,756.0975609756098,43.3,4.719601631164551
1365889792.055318,924.3902439024391,43.3,4.69580340385437
1365889792.3866591,767.0731707317074,43.9,4.5452680587768555
1365889792.664361,765.2439024390244,43.3,4.5301830768585205
1365889792.9343529,923.1707317073171,43.3,4.58929705619812
1365889793.266675,1181.7073170731708,43.9,4.523692607879639
1365889793.539315,856.0975609756098,44.4,4.523075819015503
1365889793.8126001,934.1463414634147,43.3,4.730336904525757
1365889794.135849,907.9268292682927,43.3,4.601212978363037
1365889794.467236,1164.6341463414633,43.3,4.543972492218018
1365889794.752179,1117.0731707317075,43.3,4.590018033981323
1365889795.086709,913.4146341463415,43.3,4.674645900726318
1365889795.416662,888.4146341463414,43.3,4.531610488891602
1365889795.6926389,929.8780487804878,43.3,4.539759874343872
1365889795.986727,918.9024390243903,43.3,4.579298973083496
1365889796.316727,810.3658536585366,43.3,4.569069862365723
1365889796.589325,771.3414634146342,44.4,4.525892972946167
1365889796.862525,929.2682926829269,43.3,4.588850021362305
1365889797.196716,926.829268292683,44.4,4.592524528503418
1365889797.519116,912.1951219512196,43.9,4.53591251373291
1365889797.791521,907.9268292682927,43.3,4.589120149612427
1365889798.114914,929.2682926829269,43.3,4.668147802352905
1365889798.4420638,868.9024390243902,43.3,4.728074312210083
1365889798.712755,878.0487804878048,43.3,4.627992153167725
1365889799.0032241,921.9512195121952,43.3,4.6148481369018555
1365889799.3266292,896.9512195121952,43.9,4.553730010986328
1365889799.5978932,925.0,43.3,4.524099111557007
1365889799.871496,913.4146341463415,43.3,4.582810878753662
1365889800.1949341,917.0731707317074,43.3,4.579916000366211
1365889800.5264409,889.0243902439024,43.9,4.529293775558472
1365889800.80024,931.0975609756098,43.3,4.5800957679748535
1365889801.1249669,924.3902439024391,43.3,4.590704441070557
1365889801.446667,940.2439024390243,43.3,4.589843511581421
1365889801.7231019,875.0,43.9,4.569134950637817
1365889802.034146,932.3170731707318,43.9,4.592398405075073
1365889802.3634439,812.1951219512194,43.3,4.541083574295044
1365889802.637411,907.9268292682927,43.3,4.531030178070068
1365889802.908988,935.3658536585366,43.3,4.578855276107788
1365889803.23672,935.3658536585366,43.3,4.728945970535278
1365889803.552267,753.0487804878048,43.3,4.560150146484375
1365889803.824477,939.0243902439024,43.9,4.585347414016724
1365889804.156712,921.3414634146342,43.3,4.652829885482788
1365889804.486681,890.8536585365854,44.4,4.5402443408966064
1365889804.759444,935.3658536585366,43.3,4.600368499755859
1365889805.0966988,926.829268292683,43.3,4.613205671310425
1365889805.418467,843.2926829268292,44.4,4.71208643913269
1365889805.69029,773.1707317073171,43.3,4.532983303070068
1365889805.976877,1537.8048780487804,43.3,4.6269371509552
1365889806.306647,901.219512195122,43.9,4.597182035446167
1365889806.5763462,815.2439024390243,43.3,4.534464359283447
1365889806.8498838,912.1951219512196,44.4,4.7141149044036865
1365889807.1805708,929.2682926829269,44.4,4.6069176197052
1365889807.5066738,943.9024390243902,43.9,4.533426761627197
1365889807.777153,929.2682926829269,44.4,4.57589054107666
1365889808.1067038,917.0731707317074,43.3,4.579333066940308
1365889808.4330099,892.0731707317074,43.9,4.530699014663696
1365889808.7041001,871.9512195121952,43.3,4.541655778884888
1365889808.9966688,939.0243902439024,43.3,4.601389408111572
1365889809.3366652,881.0975609756098,43.9,4.599750518798828
1365889809.6080189,918.9024390243903,43.3,4.5306761264801025
1365889809.8796449,928.048780487805,43.9,4.588957071304321
1365889810.2121851,915.2439024390244,43.9,4.565168619155884
1365889810.5332081,998.780487804878,43.3,4.552326440811157
1365889810.805844,920.1219512195122,43.3,4.63507080078125
1365889811.13554,921.3414634146342,43.9,4.589862585067749
1365889811.4666471,843.9024390243902,43.9,4.530874729156494
1365889811.740482,915.8536585365854,43.3,4.572654724121094
1365889812.046668,932.9268292682927,43.3,4.64108681678772
1365889812.372683,960.9756097560976,43.3,4.541292905807495
1365889812.6457422,746.3414634146342,43.9,4.528376579284668
1365889812.919293,929.8780487804878,44.4,4.586556434631348
1365889813.2467048,931.0975609756098,44.4,4.600118160247803
1365889813.568972,810.9756097560976,43.3,4.551140785217285
1365889813.8421419,921.3414634146342,43.9,4.587120056152344
1365889814.1667058,929.2682926829269,44.4,4.606645345687866
1365889814.506685,794.5121951219512,43.3,4.5358662605285645
1365889814.7801018,921.3414634146342,43.9,4.584786653518677
1365889815.105152,921.9512195121952,43.3,4.582760334014893
1365889815.431349,882.3170731707318,43.3,4.5543882846832275
1365889815.7054772,748.170731707317,43.3,4.631376504898071
1365889815.9866822,1018.2926829268292,43.3,4.69066858291626
1365889816.316635,859.1463414634146,44.4,4.529507637023926
1365889816.589528,856.0975609756098,43.3,4.592631816864014
1365889816.85839,921.3414634146342,43.9,4.575719833374023
1365889817.186713,1015.8536585365854,43.3,4.62272572517395
1365889817.520596,803.048780487805,43.9,4.548240900039673
1365889817.7921128,918.2926829268293,44.4,4.59428596496582
1365889818.116748,918.2926829268293,43.9,4.639364004135132
1365889818.446774,760.3658536585366,44.4,4.539506435394287
1365889818.71881,882.3170731707318,44.4,4.794374465942383
1365889819.002159,920.1219512195122,43.9,4.695037603378296
1365889819.326693,753.0487804878048,43.9,4.5550456047058105
1365889819.599777,888.4146341463414,43.9,4.522380352020264
1365889819.872639,940.8536585365853,43.9,4.5860207080841064
1365889820.206743,934.1463414634147,43.9,4.593177318572998
1365889820.531119,850.0,44.4,4.540326118469238
1365889820.803618,1035.9756097560976,43.9,4.576557874679565
1365889821.1267729,907.3170731707318,44.4,4.597489595413208
1365889821.463653,795.1219512195122,43.9,4.532018184661865
1365889821.737251,800.0,44.4,4.561294794082642
1365889822.0475268,1103.658536585366,43.9,4.578730583190918
1365889822.376676,1060.9756097560976,44.4,4.530322074890137
1365889822.651486,741.4634146341464,43.9,4.531678199768066
1365889822.9255612,921.9512195121952,43.9,4.72406792640686
1365889823.255096,926.829268292683,43.9,4.656896352767944
1365889823.566466,907.9268292682927,43.9,4.53001594543457
1365889823.840668,931.0975609756098,44.4,4.584580183029175
1365889824.166694,921.9512195121952,44.4,4.587328910827637
1365889824.496684,1014.0243902439023,44.4,4.526063680648804
1365889824.770221,803.048780487805,44.4,4.568143367767334
1365889825.088235,921.3414634146342,43.9,4.599219083786011
1365889825.416682,732.3170731707316,43.3,4.529347896575928
1365889825.691495,926.829268292683,44.4,4.527714729309082
1365889825.963407,931.0975609756098,44.4,4.630496025085449
1365889826.286687,923.1707317073171,44.4,4.545346736907959
1365889826.579969,918.2926829268293,43.9,4.577476263046265
1365889826.855926,931.0975609756098,44.4,4.571746110916138
1365889827.185361,964.0243902439024,44.4,4.654887914657593
1365889827.516748,827.4390243902438,44.4,4.527411937713623
1365889827.7941499,1064.0243902439024,43.3,4.6801230907440186
1365889828.116705,926.829268292683,43.3,4.581228733062744
1365889828.446659,1431.7073170731708,44.4,4.653598785400391
1365889828.717327,766.4634146341464,43.9,4.544028043746948
1365889829.006655,929.2682926829269,43.9,4.770498037338257
1365889829.336691,736.5853658536586,43.9,4.583807706832886
1365889829.609474,838.4146341463414,43.3,4.543376207351685
1365889829.883224,915.8536585365854,44.4,4.648424863815308
1365889830.206691,918.2926829268293,43.3,4.587881803512573
1365889830.528223,856.0975609756098,44.4,4.5655224323272705
1365889830.7995489,928.048780487805,43.3,4.5808610916137695
1365889831.136714,923.1707317073171,44.4,4.594446420669556
1365889831.466656,903.048780487805,44.4,4.535216569900513
1365889831.7368588,1305.4878048780488,44.4,4.562422513961792
1365889832.0367591,1029.2682926829268,43.9,4.591692209243774
1365889832.365122,795.1219512195122,44.4,4.535763502120972
1365889832.637886,746.3414634146342,44.4,4.529489755630493
1365889832.909206,917.0731707317074,44.4,4.620468616485596
1365889833.246735,921.3414634146342,44.4,4.589781761169434
1365889833.571098,920.1219512195122,44.4,4.529942750930786
1365889833.8427641,917.0731707317074,44.4,4.5833752155303955
1365889834.1766999,917.0731707317074,43.3,4.597905397415161
1365889834.51666,926.829268292683,44.4,4.526134729385376
1365889834.790932,1015.2439024390243,43.3,4.586165189743042
1365889835.1270301,914.0243902439024,44.4,4.56799578666687
1365889835.448535,893.2926829268292,44.4,4.5537497997283936
1365889835.721251,1004.2682926829267,43.3,4.523960590362549
1365889835.992682,926.829268292683,43.3,4.586650848388672
1365889836.317038,935.9756097560976,44.4,4.732147693634033
1365889836.586169,792.0731707317074,43.3,4.880627632141113
1365889836.858405,921.3414634146342,44.4,4.641194581985474
1365889837.182058,932.9268292682927,43.9,4.623281955718994
1365889837.496507,756.0975609756098,44.4,4.52675461769104
1365889837.769931,738.4146341463414,43.9,4.634761810302734
1365889838.076684,932.3170731707318,44.4,4.6180994510650635
1365889838.406663,796.9512195121952,44.4,4.524428844451904
1365889838.677902,738.4146341463414,44.4,4.536314249038696
1365889838.950103,928.048780487805,44.4,4.602622985839844
1365889839.286693,925.0,44.4,4.731841564178467
1365889839.604521,871.3414634146342,43.9,4.587759017944336
1365889839.873863,934.1463414634147,44.4,4.6668174266815186
1365889840.2067358,925.0,44.4,4.590946435928345
1365889840.534985,890.2439024390244,44.4,4.524570465087891
1365889840.8159318,924.3902439024391,43.9,4.591227054595947
1365889841.142787,996.9512195121952,44.4,4.713514566421509
1365889841.476676,907.3170731707318,44.4,4.54852819442749
1365889841.750148,973.170731707317,43.3,4.561059951782227
1365889842.0449312,996.3414634146342,44.4,4.583031177520752
1365889842.375283,747.560975609756,44.4,4.525008916854858
1365889842.6485991,890.8536585365854,44.4,4.557130813598633
1365889842.9191208,923.1707317073171,44.4,4.603258371353149
1365889843.241332,937.8048780487804,44.4,4.602178573608398
1365889843.574628,923.1707317073171,44.4,4.530858516693115
1365889843.846545,914.0243902439024,44.4,4.661694049835205
1365889844.176717,924.3902439024391,44.9,4.591223478317261
1365889844.508234,853.0487804878048,44.4,4.527070999145508
1365889844.7827468,775.0,43.9,4.559373140335083
1365889845.097381,976.219512195122,44.4,4.576805353164673
1365889845.426653,750.0,44.4,4.533777236938477
1365889845.700661,965.8536585365854,44.4,4.536895036697388
1365889845.9722528,913.4146341463415,44.4,4.574203968048096
1365889846.295281,937.1951219512194,44.4,4.787008285522461
1365889846.606812,828.0487804878048,43.9,4.5837082862854
1365889846.879803,926.829268292683,44.4,4.57516074180603
1365889847.206694,923.1707317073171,44.4,4.5987255573272705
1365889847.5350568,876.219512195122,44.4,4.549752712249756
1365889847.808346,1054.2682926829268,44.4,4.578671932220459
1365889848.135255,940.2439024390243,44.4,4.578111171722412
1365889848.467089,766.4634146341464,44.4,4.664250373840332
1365889848.7408051,740.2439024390244,43.9,4.532147645950317
1365889849.017652,932.9268292682927,44.4,4.583184242248535
1365889849.346636,924.3902439024391,44.4,4.5246007442474365
1365889849.622008,823.170731707317,43.9,4.537694692611694
1365889849.897438,935.3658536585366,44.4,4.591307878494263
1365889850.221411,935.9756097560976,44.4,4.60451865196228
1365889850.5425348,766.4634146341464,44.4,4.542428731918335
1365889850.8195531,1098.1707317073171,44.4,4.6080546379089355
1365889851.1423879,1007.9268292682925,44.4,4.57496452331543
1365889851.464952,928.048780487805,44.4,4.612801551818848
1365889851.7379,841.4634146341463,44.4,4.653808832168579
1365889852.007529,932.9268292682927,44.4,4.7729997634887695
1365889852.332392,846.3414634146342,44.4,4.577552080154419
1365889852.609494,739.0243902439024,43.9,4.53167724609375
1365889852.884713,1075.0,43.9,4.5831053256988525
1365889853.216937,921.3414634146342,44.4,4.590640306472778
1365889853.543707,1173.780487804878,44.4,4.522912263870239
1365889853.8258939,918.2926829268293,44.4,4.691168546676636
1365889854.156784,926.219512195122,43.9,4.596259832382202
1365889854.486719,748.170731707317,44.4,4.5336973667144775
1365889854.760201,784.1463414634146,44.4,4.5385308265686035
1365889855.045332,1589.6341463414633,44.4,4.635030269622803
1365889855.376532,776.219512195122,44.4,4.712215900421143
1365889855.645602,732.3170731707316,44.4,4.527200937271118
1365889855.9220989,929.2682926829269,44.4,4.574554681777954
1365889856.2467031,942.0731707317073,44.4,4.717877626419067
1365889856.572577,838.4146341463414,44.4,4.565417528152466
1365889856.847096,1495.7317073170732,44.4,4.59383225440979
1365889857.174929,929.8780487804878,44.4,4.70185923576355
1365889857.5067039,982.9268292682926,44.4,4.530806541442871
1365889857.77881,903.048780487805,44.4,4.588382005691528
1365889858.07674,932.3170731707318,43.9,4.584044456481934
1365889858.405329,896.9512195121952,44.4,4.6274573802948
1365889858.678127,1114.0243902439024,44.4,4.567056894302368
1365889858.951436,915.8536585365854,44.4,4.574472427368164
1365889859.276703,928.048780487805,44.4,4.598215341567993
1365889859.606542,1037.1951219512193,44.4,4.539235830307007
1365889859.879505,945.1219512195122,44.4,4.581256628036499
1365889860.206722,915.8536585365854,44.4,4.579145431518555
1365889860.5366569,757.3170731707318,44.4,4.544186592102051
1365889860.808154,807.9268292682927,44.4,4.575214147567749
1365889861.136825,915.2439024390244,44.4,4.578197717666626
1365889861.466665,885.9756097560976,44.4,4.580367088317871
1365889861.740294,879.8780487804878,44.4,4.5452940464019775
1365889862.009751,929.2682926829269,44.9,4.600987195968628
1365889862.336713,973.170731707317,44.4,4.550840616226196
1365889862.628556,890.2439024390244,44.4,4.524291515350342
1365889862.900491,926.219512195122,44.4,4.582369804382324
1365889863.2267241,914.0243902439024,44.4,4.58129096031189
1365889863.5566678,752.439024390244,44.4,4.535773038864136
1365889863.8358479,909.1463414634146,43.9,4.589612007141113
1365889864.163766,929.8780487804878,44.4,4.574363708496094
1365889864.497014,937.1951219512194,44.4,4.521531343460083
1365889864.768554,849.390243902439,43.3,4.571146488189697
1365889865.056679,923.1707317073171,44.4,4.771474361419678
1365889865.38699,921.3414634146342,44.4,4.53486180305481
1365889865.663141,769.5121951219512,44.4,4.630422830581665
1365889865.9365811,931.0975609756098,44.4,4.578476428985596
1365889866.2668002,926.219512195122,44.4,4.6000282764434814
1365889866.596894,785.9756097560976,44.4,4.529115915298462
1365889866.870435,929.2682926829269,44.4,4.590986967086792
1365889867.194985,926.829268292683,44.4,4.595125436782837
1365889867.52671,784.1463414634146,43.3,4.523870944976807
1365889867.797764,812.1951219512194,44.4,4.55778956413269
1365889868.111064,915.8536585365854,44.4,4.576333045959473
1365889868.436661,743.2926829268292,44.4,4.522898197174072
1365889868.7094772,899.390243902439,44.4,4.534251689910889
1365889868.982101,910.9756097560976,43.9,4.563609600067139
1365889869.301018,932.9268292682927,44.4,4.588021755218506
1365889869.624025,913.4146341463415,44.4,4.526349067687988
1365889869.895246,932.9268292682927,44.4,4.619166374206543
1365889870.217319,918.9024390243903,44.9,4.622513294219971
1365889870.546659,782.3170731707318,44.4,4.533105134963989
1365889870.816372,907.9268292682927,44.4,4.581010580062866
1365889871.1466901,921.9512195121952,44.4,4.583054065704346
1365889871.476683,903.048780487805,44.4,4.53095817565918
1365889871.7520971,867.0731707317074,44.4,4.58038592338562
1365889872.023165,937.1951219512194,44.4,4.581526279449463
1365889872.343209,928.048780487805,44.4,4.549710512161255
1365889872.632749,732.3170731707316,44.4,4.526367902755737
1365889872.903014,925.0,43.9,4.579239845275879
1365889873.225344,920.1219512195122,44.4,4.63231897354126
1365889873.556737,839.0243902439024,44.4,4.537539958953857
1365889873.828865,914.0243902439024,44.4,4.572044610977173
1365889874.150732,913.4146341463415,44.4,4.5707643032073975
1365889874.4767082,748.170731707317,44.4,4.52751898765564
1365889874.7494981,849.390243902439,44.4,4.532452583312988
1365889875.019381,932.3170731707318,44.4,4.578632354736328
1365889875.354611,1739.6341463414635,43.9,4.526764869689941
1365889875.63108,791.4634146341464,44.4,4.5465247631073
1365889875.902854,900.0,44.4,4.579291582107544
1365889876.226711,915.2439024390244,44.4,4.576276540756226
1365889876.556779,882.9268292682926,44.4,4.527362108230591
1365889876.8292549,876.219512195122,44.4,4.585559844970703
1365889877.156669,910.9756097560976,44.4,4.582123756408691
1365889877.4866261,852.4390243902438,44.4,4.533328056335449
1365889877.765897,747.560975609756,44.4,4.533503770828247
1365889878.037705,912.1951219512196,44.4,4.80266809463501
1365889878.366679,839.0243902439024,44.4,4.5299975872039795
1365889878.639925,918.9024390243903,44.4,4.602722644805908
1365889878.9161322,932.3170731707318,44.4,4.75746750831604
1365889879.245312,929.8780487804878,44.4,4.579967498779297
1365889879.576672,1067.6829268292684,44.4,4.527419090270996
1365889879.855846,909.1463414634146,44.4,4.643782377243042
1365889880.186713,928.048780487805,44.4,4.635883092880249
1365889880.516695,755.4878048780488,43.3,4.525849103927612
1365889880.790999,843.2926829268292,44.4,4.618330001831055
1365889881.0867012,1012.1951219512196,44.4,4.586644411087036
1365889881.416652,890.2439024390244,44.4,4.531934976577759
1365889881.689172,1235.9756097560976,43.9,4.527343034744263
1365889881.967099,917.0731707317074,44.4,4.583698511123657
1365889882.300061,937.8048780487804,44.9,4.571897029876709
1365889882.6266549,950.0,44.4,4.525754451751709
1365889882.9023402,1215.8536585365853,43.9,4.582276105880737
1365889883.2250009,909.1463414634146,44.4,4.600517272949219
1365889883.5566862,910.9756097560976,43.9,4.549690008163452
1365889883.828429,784.1463414634146,44.4,4.5683276653289795
1365889884.147019,926.829268292683,44.4,4.604618549346924
1365889884.476178,931.0975609756098,44.4,4.541978597640991
1365889884.7500842,896.3414634146342,44.4,4.52302098274231
1365889885.022688,932.9268292682927,44.4,4.573866128921509
1365889885.346702,923.1707317073171,44.9,4.563077449798584
1365889885.6471722,921.3414634146342,44.4,4.527524709701538
1365889885.919452,926.219512195122,44.4,4.596150636672974
1365889886.246756,913.4146341463415,44.4,4.594933032989502
1365889886.583617,926.829268292683,44.4,4.532302141189575
1365889886.8545668,984.1463414634146,44.4,4.610989570617676
1365889887.186699,937.1951219512194,44.4,4.5856757164001465
1365889887.5174,742.0731707317074,44.9,4.526167869567871
1365889887.789475,1231.09756097561,44.4,4.541537761688232
1365889888.075398,956.0975609756097,44.4,4.588702440261841
1365889888.4031308,890.2439024390244,44.4,4.538465738296509
1365889888.6729631,778.048780487805,44.4,4.535609483718872
1365889888.9477818,928.048780487805,44.4,4.611807823181152
1365889889.27718,940.2439024390243,44.4,4.583867788314819
1365889889.605403,834.1463414634146,44.4,4.543914794921875
1365889889.874871,940.2439024390243,44.4,4.585036516189575
1365889890.2070909,926.219512195122,44.4,4.594626188278198
1365889890.532748,929.2682926829269,44.4,4.52284836769104
1365889890.805922,846.951219512195,44.4,4.555179119110107
1365889891.106658,1010.9756097560976,44.4,4.587172269821167
1365889891.436681,736.5853658536586,44.4,4.6280739307403564
1365889891.7098281,818.2926829268292,44.4,4.531810522079468
1365889891.980491,931.0975609756098,44.4,4.580413341522217
1365889892.3167071,923.1707317073171,44.4,4.580606460571289
1365889892.641483,896.3414634146342,44.4,4.52003288269043
1365889892.912241,932.3170731707318,44.4,4.565288066864014
1365889893.231872,929.8780487804878,44.4,4.577517032623291
1365889893.56719,759.1463414634146,44.4,4.523104906082153
1365889893.840092,914.0243902439024,44.4,4.567460775375366
1365889894.167399,920.1219512195122,44.4,4.614040851593018
1365889894.496663,763.4146341463414,44.4,4.533756971359253
1365889894.7692292,1050.0,44.4,4.527093410491943
1365889895.040693,929.8780487804878,44.4,4.6183812618255615
1365889895.375145,924.3902439024391,44.4,4.572214126586914
1365889895.654023,871.9512195121952,44.4,4.534830570220947
1365889895.9288142,926.219512195122,44.4,4.5839338302612305
1365889896.2528782,921.3414634146342,44.4,4.591612100601196
1365889896.586686,901.219512195122,44.4,4.530557155609131
1365889896.8658528,915.2439024390244,44.4,4.665558576583862
1365889897.195477,937.1951219512194,44.4,4.57848048210144
1365889897.526665,889.0243902439024,44.4,4.6286656856536865
1365889897.798829,740.2439024390244,44.4,4.585510969161987
1365889898.095037,928.048780487805,44.4,4.642855167388916
1365889898.42747,906.0975609756098,44.4,4.548065662384033
1365889898.7037,1240.8536585365855,44.9,4.522528886795044
1365889898.976491,902.439024390244,44.4,4.57522439956665
1365889899.306713,929.2682926829269,44.4,4.578157663345337
1365889899.6366668,912.1951219512196,44.4,4.529116153717041
1365889899.9091032,917.0731707317074,44.4,4.577244758605957
1365889900.236705,912.1951219512196,44.4,4.5919389724731445
1365889900.566659,1215.8536585365853,44.4,4.532649755477905
1365889900.83863,909.1463414634146,44.4,4.694628715515137
1365889901.154888,940.2439024390243,44.4,4.780073404312134
1365889901.4784389,917.0731707317074,44.4,4.672020196914673
1365889901.754,873.170731707317,44.4,4.5239481925964355
1365889902.0264692,915.8536585365854,44.4,4.619273662567139
1365889902.3567412,934.1463414634147,44.4,4.549290180206299
1365889902.653832,814.0243902439024,44.4,4.523277282714844
1365889902.926197,915.8536585365854,44.4,4.597145318984985
1365889903.253686,924.3902439024391,44.4,4.582241535186768
1365889903.5769112,793.2926829268293,44.4,4.525442123413086
1365889903.8496032,740.2439024390244,44.4,4.590775489807129
1365889904.176675,917.0731707317074,44.4,4.622948884963989
1365889904.5066571,776.219512195122,44.4,4.5306077003479
1365889904.78074,915.2439024390244,44.4,4.525771141052246
1365889905.0529401,912.1951219512196,44.4,4.648789167404175
1365889905.3684192,932.9268292682927,44.4,4.589246034622192
1365889905.6557481,745.1219512195122,44.4,4.650129556655884
1365889905.932433,928.048780487805,44.4,4.594778537750244
1365889906.2553139,929.8780487804878,44.4,4.855271816253662
1365889906.584791,893.2926829268292,44.4,4.558444023132324
1365889906.8552341,819.5121951219512,44.4,4.571475028991699
1365889907.1766772,920.1219512195122,44.4,4.582526206970215
1365889907.504042,772.5609756097562,44.4,4.538846254348755
1365889907.775352,940.8536585365853,44.4,4.537086009979248
1365889908.047565,914.0243902439024,44.4,4.569812774658203
1365889908.376292,1816.4634146341464,44.4,4.761219024658203
1365889908.6638231,759.1463414634146,44.9,4.576429605484009
1365889908.940068,982.9268292682926,44.4,4.579085350036621
1365889909.258383,917.0731707317074,44.4,4.6025166511535645
1365889909.5866508,821.951219512195,44.4,4.5244832038879395
1365889909.857155,773.1707317073171,44.9,4.570631980895996
1365889910.186656,921.3414634146342,44.9,4.596617937088013
1365889910.512017,1032.9268292682927,44.4,4.531184196472168
1365889910.786648,762.1951219512196,44.4,4.543681383132935
1365889911.060086,929.8780487804878,44.4,4.595200777053833
1365889911.395016,794.5121951219512,44.4,4.686744928359985
1365889911.664141,888.4146341463414,44.4,4.611182451248169
1365889911.938619,909.1463414634146,44.9,4.574823617935181
1365889912.2767339,923.1707317073171,44.4,4.8538877964019775
1365889912.621852,834.1463414634146,44.4,4.561884164810181
1365889912.8916092,926.219512195122,44.9,4.624396324157715
1365889913.226722,923.1707317073171,44.4,4.576852798461914
1365889913.5566678,801.219512195122,44.4,4.529266595840454
1365889913.828884,918.9024390243903,44.4,4.743588209152222
1365889914.1269948,925.0,44.4,4.6081109046936035
1365889914.456656,918.2926829268293,44.4,4.617388010025024
1365889914.728469,806.0975609756098,44.4,4.526138782501221
1365889915.000849,928.048780487805,44.4,4.602135419845581
1365889915.3367639,926.219512195122,44.4,4.6120476722717285
1365889915.666665,765.2439024390244,44.4,4.529454469680786
1365889915.938428,1234.7560975609756,44.4,4.601045370101929
1365889916.2766862,923.1707317073171,44.9,4.695716381072998
1365889916.606679,868.2926829268292,44.9,4.528151988983154
1365889916.8859258,914.0243902439024,44.4,4.5881187915802
1365889917.214405,943.9024390243902,44.4,4.569664239883423
1365889917.534869,950.0,44.4,4.533542633056641
1365889917.806897,754.2682926829268,44.4,4.541173934936523
1365889918.076114,926.219512195122,43.3,4.584230899810791
1365889918.417208,1257.9268292682925,44.4,4.61735463142395
1365889918.689922,953.0487804878048,44.9,4.586858034133911
1365889918.9625542,926.219512195122,44.4,4.578953266143799
1365889919.286709,935.3658536585366,44.9,4.580188989639282
1365889919.6166542,1797.560975609756,44.4,4.543179273605347
1365889919.887915,925.0,44.9,4.608506202697754
1365889920.22671,929.2682926829269,44.4,4.60211968421936
1365889920.5524511,1215.8536585365853,44.4,4.521250486373901
1365889920.823201,904.8780487804878,44.4,4.569229364395142
1365889921.114443,926.829268292683,44.9,4.6031494140625
1365889921.4475,1004.8780487804878,44.4,4.536304473876953
1365889921.71875,777.439024390244,44.4,4.534858226776123
1365889921.992029,971.951219512195,44.4,4.589824199676514
1365889922.3267379,929.2682926829269,44.9,4.572842597961426
1365889922.657142,899.390243902439,44.4,4.5406494140625
1365889922.9298391,921.3414634146342,44.4,4.594317436218262
1365889923.255064,949.390243902439,44.4,4.626957654953003
1365889923.5866828,926.219512195122,44.4,4.529001951217651
1365889923.8570502,929.8780487804878,44.4,4.553691387176514
1365889924.1643798,937.1951219512194,44.4,4.581299781799316
1365889924.497453,742.0731707317074,44.9,4.643703937530518
1365889924.7723799,878.0487804878048,44.4,4.552096366882324
1365889925.0430238,926.829268292683,44.9,4.586438179016113
1365889925.36671,931.0975609756098,44.4,4.574473857879639
1365889925.677263,917.0731707317074,44.9,4.542755365371704
1365889925.952217,921.9512195121952,44.4,4.586896896362305
1365889926.274888,907.3170731707318,44.4,4.584472894668579
1365889926.607439,791.4634146341464,44.4,4.553145170211792
1365889926.877964,853.0487804878048,44.4,4.5861570835113525
1365889927.206731,925.0,44.4,4.578348636627197
1365889927.5368059,744.5121951219512,44.4,4.534565687179565
1365889927.8094459,787.1951219512196,44.4,4.592045307159424
1365889928.080006,913.4146341463415,44.4,4.667490482330322
1365889928.398454,946.951219512195,44.9,4.539299488067627
1365889928.688838,864.0243902439024,44.4,4.553914546966553
1365889928.959907,918.9024390243903,44.4,4.585758686065674
1365889929.28728,925.0,44.4,4.679953098297119
1365889929.616678,1198.780487804878,44.4,4.5254716873168945
1365889929.887556,871.9512195121952,44.9,4.705212831497192
1365889930.2089741,934.1463414634147,44.4,4.720555782318115
1365889930.5356102,982.3170731707316,44.9,4.529791593551636
1365889930.810108,810.3658536585366,44.4,4.522756099700928
1365889931.0800169,934.1463414634147,44.4,4.597184419631958
1365889931.3949409,920.1219512195122,44.4,4.5498881340026855
1365889931.690043,807.9268292682927,44.4,4.535272598266602
1365889931.965534,925.0,44.4,4.740574598312378
1365889932.296729,921.3414634146342,44.4,4.6329345703125
1365889932.622175,860.9756097560976,44.4,4.583634376525879
1365889932.896821,865.2439024390244,44.4,4.58164119720459
1365889933.225892,921.9512195121952,44.9,4.633297443389893
1365889933.55666,878.0487804878048,44.4,4.704486846923828
1365889933.8275928,774.390243902439,44.4,4.526509761810303
1365889934.099856,928.048780487805,44.4,4.597427129745483
1365889934.428128,917.0731707317074,44.4,4.553430080413818
1365889934.6993952,1777.4390243902437,44.4,4.53898811340332
1365889934.9771242,929.2682926829269,44.4,4.580063104629517
1365889935.306944,924.3902439024391,44.4,4.576456308364868
1365889935.627309,769.5121951219512,44.4,4.522876024246216
1365889935.8966222,764.0243902439024,44.4,4.577951431274414
1365889936.2167418,937.8048780487804,44.4,4.577296495437622
1365889936.546668,1134.7560975609756,44.9,4.531126499176025
1365889936.816436,748.170731707317,44.4,4.534471273422241
1365889937.089345,932.3170731707318,44.9,4.7042975425720215
1365889937.416702,924.3902439024391,44.4,4.574762582778931
1365889937.711606,776.219512195122,44.4,4.5258800983428955
1365889937.985404,918.9024390243903,44.4,4.624369144439697
1365889938.31673,921.9512195121952,44.4,4.577533960342407
1365889938.646662,831.0975609756097,44.4,4.527898550033569
1365889938.9258509,914.0243902439024,44.4,4.689000129699707
1365889939.256713,918.9024390243903,44.4,4.566642999649048
1365889939.5766778,825.0,44.9,4.526102304458618
1365889939.851826,835.9756097560976,44.4,4.534432888031006
1365889940.141044,928.048780487805,44.4,4.568309783935547
1365889940.458215,893.2926829268292,44.9,4.525857448577881
1365889940.732233,943.2926829268292,44.4,4.522945165634155
1365889941.006198,935.9756097560976,44.4,4.583479642868042
1365889941.348075,918.9024390243903,44.4,4.630938768386841
1365889941.676676,901.219512195122,44.9,4.5706541538238525
1365889941.950033,1319.5121951219512,44.9,4.578119516372681
1365889942.276703,915.2439024390244,44.4,4.582116365432739
1365889942.605527,756.0975609756098,44.4,4.531660079956055
1365889942.8755898,815.2439024390243,44.4,4.547097444534302
1365889943.1692421,1015.8536585365854,44.4,4.59561562538147
1365889943.494848,810.9756097560976,44.4,4.538715839385986
1365889943.7709272,787.1951219512196,44.4,4.534785509109497
1365889944.0473988,931.0975609756098,44.4,4.801062107086182
1365889944.377973,926.829268292683,44.9,4.585890769958496
1365889944.7152798,749.390243902439,44.4,4.5289390087127686
1365889944.988876,1200.0,44.4,4.570875883102417
1365889945.306686,932.3170731707318,44.9,4.573769569396973
1365889945.636276,873.170731707317,44.4,4.534791946411133
1365889945.907736,946.3414634146341,44.9,4.5897932052612305
1365889946.2367868,965.2439024390244,44.4,4.578467607498169
1365889946.5666618,1167.6829268292684,44.4,4.536186933517456
1365889946.838542,815.2439024390243,44.9,4.536414384841919
1365889947.10916,918.9024390243903,44.4,4.576992034912109
1365889947.436724,914.0243902439024,44.9,4.539768695831299
1365889947.723975,885.9756097560976,44.9,4.527314901351929
1365889947.997644,923.1707317073171,44.9,4.691766262054443
1365889948.3253472,921.3414634146342,44.4,4.580305814743042
1365889948.656671,871.9512195121952,44.4,4.679303407669067
1365889948.936002,925.0,44.4,4.581748008728027
1365889949.266718,931.0975609756098,44.4,4.585216999053955
1365889949.596676,785.9756097560976,44.4,4.529962062835693
1365889949.867695,818.2926829268292,44.9,4.538367509841919
1365889950.1533818,934.1463414634147,44.4,4.632369041442871
1365889950.4769762,920.1219512195122,44.4,4.523321628570557
1365889950.751495,879.2682926829268,44.4,4.532109022140503
1365889951.0252512,907.9268292682927,44.4,4.589848756790161
1365889951.366699,924.3902439024391,44.4,4.577975511550903
1365889951.6969652,810.3658536585366,44.4,4.614546775817871
1365889951.9690208,929.8780487804878,44.9,4.585372447967529
1365889952.2953548,921.3414634146342,44.4,4.578107833862305
1365889952.6267068,926.219512195122,44.4,4.6232311725616455
1365889952.895844,852.4390243902438,44.4,4.552079439163208
1365889953.2074418,924.3902439024391,44.4,4.654308795928955
1365889953.5303092,899.390243902439,44.4,4.620927095413208
1365889953.800416,814.0243902439024,44.4,4.530067443847656
1365889954.071685,923.1707317073171,44.9,4.569121599197388
1365889954.3966951,923.1707317073171,44.9,4.667574644088745
1365889954.720856,806.0975609756098,44.4,4.553299903869629
1365889954.9946592,925.0,44.4,4.573290586471558
1365889955.3267798,915.2439024390244,44.4,4.5799150466918945
1365889955.665765,768.2926829268292,44.4,4.520016431808472
1365889955.937671,935.9756097560976,44.4,4.595935106277466
1365889956.265103,921.9512195121952,44.4,4.574318170547485
1365889956.596668,925.0,44.9,4.536950588226318
1365889956.870744,758.5365853658536,44.4,4.547094106674194
1365889957.1666749,918.9024390243903,44.4,4.693088531494141
1365889957.496704,784.1463414634146,44.9,4.59368634223938
1365889957.769716,906.0975609756098,44.9,4.524345874786377
1365889958.0407932,924.3902439024391,44.9,4.575878381729126
1365889958.376735,921.3414634146342,44.4,4.577782392501831
1365889958.7066722,915.8536585365854,44.9,4.526327133178711
1365889958.983356,1209.7560975609756,44.4,4.585683822631836
1365889959.316712,918.2926829268293,44.9,4.582603454589844
1365889959.656673,885.3658536585366,44.9,4.5430684089660645
1365889959.930037,1021.9512195121952,44.4,4.585176706314087
1365889960.264908,1367.6829268292684,44.9,4.578750133514404
1365889960.586883,846.3414634146342,44.4,4.521016597747803
1365889960.860099,940.8536585365853,44.4,4.5562145709991455
1365889961.136103,913.4146341463415,44.4,4.607011318206787
1365889961.466651,794.5121951219512,44.9,4.552060127258301
1365889961.735378,971.951219512195,44.4,4.53777003288269
1365889962.010588,929.8780487804878,44.4,4.586831331253052
1365889962.346747,1170.7317073170732,44.4,4.587778806686401
1365889962.676353,871.9512195121952,44.4,4.536911725997925
1365889962.9496121,935.9756097560976,44.4,4.586276531219482
1365889963.277903,915.8536585365854,44.4,4.575117588043213
1365889963.6066408,759.1463414634146,44.4,4.52519679069519
1365889963.877821,783.5365853658537,44.4,4.582234859466553
1365889964.1666958,935.9756097560976,44.4,4.584921598434448
1365889964.4969049,868.9024390243902,44.9,4.533390045166016
1365889964.7714,918.9024390243903,44.4,4.526114225387573
1365889965.044288,931.0975609756098,44.9,4.578507423400879
1365889965.377142,932.3170731707318,44.4,4.586205005645752
1365889965.706381,860.9756097560976,44.4,4.598261833190918
1365889965.979837,921.3414634146342,44.4,4.5986433029174805
1365889966.316705,929.2682926829269,44.9,4.748638391494751
1365889966.645521,846.951219512195,44.4,4.538871765136719
1365889966.919654,807.3170731707318,44.4,4.582488536834717
1365889967.2466948,1585.3658536585367,44.4,4.571272373199463
1365889967.566903,773.1707317073171,44.4,4.522132635116577
1365889967.840151,809.1463414634147,44.4,4.519402265548706
1365889968.1105778,926.219512195122,44.4,4.571871042251587
1365889968.436714,929.2682926829269,44.9,4.555083751678467
1365889968.733346,785.3658536585366,44.4,4.531153202056885
1365889969.008991,932.9268292682927,44.4,4.577068090438843
1365889969.336707,937.8048780487804,44.4,4.5741965770721436
1365889969.666652,877.439024390244,44.9,4.522487640380859
1365889969.945836,907.3170731707318,44.4,4.576544523239136
1365889970.2767098,932.9268292682927,44.9,4.589299917221069
1365889970.605422,870.1219512195122,44.9,4.522636413574219
1365889970.8759449,917.0731707317074,44.4,4.538917541503906
1365889971.1563141,940.2439024390243,44.4,4.569031476974487
1365889971.4766972,832.9268292682926,44.4,4.718707799911499
1365889971.746946,772.5609756097562,44.4,4.549321413040161
1365889972.016763,921.9512195121952,44.4,4.58882212638855
1365889972.3466969,924.3902439024391,44.4,4.577127456665039
1365889972.685052,923.1707317073171,44.4,4.550574541091919
1365889972.9547951,926.829268292683,44.4,4.588871717453003
1365889973.278363,943.9024390243902,44.9,4.57335638999939
1365889973.6071,1351.8292682926829,44.4,4.527979135513306
1365889973.877995,796.9512195121952,44.9,4.678810119628906
1365889974.165374,915.8536585365854,44.4,4.622212171554565
1365889974.496647,824.390243902439,44.4,4.536129713058472
1365889974.7707882,840.2439024390244,44.9,4.527467250823975
1365889975.044239,926.829268292683,44.9,4.57832145690918
1365889975.376988,929.2682926829269,44.4,4.583085536956787
1365889975.706476,907.9268292682927,44.4,4.5235161781311035
1365889975.981132,935.3658536585366,44.9,4.582147836685181
1365889976.3150668,915.8536585365854,44.9,4.586134195327759
1365889976.656071,823.170731707317,44.4,4.5419862270355225
1365889976.927132,771.3414634146342,44.4,4.611019611358643
1365889977.254878,982.3170731707316,44.9,4.69232964515686
1365889977.5866828,816.4634146341463,44.4,4.526426792144775
1365889977.8604228,940.8536585365853,44.4,4.56073522567749
1365889978.134111,910.9756097560976,44.4,4.696557283401489
1365889978.4666612,865.2439024390244,44.4,4.837183237075806
1365889978.73726,912.1951219512196,44.4,4.567556619644165
1365889979.0058482,926.829268292683,45.5,4.660136938095093
1365889979.334944,924.3902439024391,44.9,4.596562385559082
1365889979.666744,921.3414634146342,44.4,4.528538465499878
1365889979.938755,740.2439024390244,44.4,4.571071624755859
1365889980.266675,929.2682926829269,44.4,4.578475713729858
1365889980.5966568,748.170731707317,44.4,4.530439376831055
1365889980.8693619,785.3658536585366,44.4,4.531265020370483
1365889981.138617,914.0243902439024,44.4,4.586219072341919
1365889981.4648771,935.9756097560976,44.4,4.53961443901062
1365889981.752026,850.0,44.4,4.544882774353027
1365889982.0244029,925.0,44.4,4.601428747177124
1365889982.356742,910.3658536585366,44.9,4.567418336868286
1365889982.6731782,735.3658536585366,44.4,4.523803472518921
1365889982.943146,902.439024390244,44.4,4.677332639694214
1365889983.2666812,937.8048780487804,44.4,4.593706369400024
1365889983.5873752,832.3170731707316,44.4,4.522890329360962
1365889983.862331,741.4634146341464,44.4,4.575419902801514
1365889984.134243,935.9756097560976,44.9,4.718365430831909
1365889984.466722,1007.9268292682925,44.4,4.935838937759399
1365889984.751116,857.3170731707316,44.4,4.65317964553833
1365889985.0231402,932.3170731707318,44.4,4.629012584686279
1365889985.3466969,910.3658536585366,44.4,4.657450199127197
1365889985.6766562,887.1951219512196,44.9,4.576925039291382
1365889985.94853,749.390243902439,44.4,4.563833236694336
1365889986.270153,928.048780487805,44.4,4.57230806350708
1365889986.589321,995.1219512195122,44.4,4.53082537651062
1365889986.866505,881.0975609756098,44.4,4.781045198440552
1365889987.1388211,926.219512195122,44.4,4.574472665786743
1365889987.477579,920.1219512195122,44.9,4.541796922683716
1365889987.7496262,867.0731707317074,44.4,4.533925533294678
1365889988.0238762,931.0975609756098,44.4,4.673115253448486
1365889988.3418891,1756.0975609756097,44.4,4.573066473007202
1365889988.6648939,832.3170731707316,44.9,4.529655456542969
1365889988.937386,767.0731707317074,44.4,4.569502592086792
1365889989.236672,935.3658536585366,44.4,4.582082033157349
1365889989.57668,1051.219512195122,44.9,4.528261423110962
1365889989.850556,737.1951219512194,44.9,4.527427673339844
1365889990.1270988,929.8780487804878,44.9,4.578207731246948
1365889990.4567082,926.829268292683,44.9,4.590453624725342
1365889990.764192,915.2439024390244,44.4,4.523729085922241
1365889991.0393012,926.829268292683,44.4,4.633260250091553
1365889991.3667068,920.1219512195122,44.4,4.572418212890625
1365889991.688522,920.1219512195122,44.9,4.527852535247803
1365889991.958304,744.5121951219512,44.9,4.580376625061035
1365889992.2770538,929.8780487804878,44.4,4.743040084838867
1365889992.603991,1004.2682926829267,44.4,4.682939291000366
1365889992.8792121,749.390243902439,44.4,4.63426947593689
1365889993.150416,925.0,44.9,4.603963851928711
1365889993.477503,909.1463414634146,44.4,4.593196392059326
1365889993.7739441,820.1219512195122,44.4,4.533396005630493
1365889994.047953,940.2439024390243,44.4,4.572583913803101
1365889994.376692,943.2926829268292,44.4,4.5962958335876465
1365889994.705488,760.3658536585366,44.4,4.523829221725464
1365889994.975858,853.0487804878048,44.9,4.564821720123291
1365889995.296679,925.0,44.4,4.673047780990601
1365889995.626771,953.0487804878048,44.9,4.534816026687622
1365889995.899487,842.0731707317073,44.4,4.524087429046631
1365889996.169783,928.048780487805,44.9,4.594397783279419
1365889996.4975529,928.048780487805,44.9,4.570018529891968
1365889996.79361,996.9512195121952,45.5,4.531510353088379
1365889997.067501,934.1463414634147,44.4,4.630152225494385
1365889997.3967738,920.1219512195122,44.4,4.650634288787842
1365889997.7267342,777.439024390244,44.4,4.520041465759277
1365889998.000242,996.3414634146342,45.5,4.5693519115448
1365889998.32669,932.3170731707318,45.5,4.57352089881897
1365889998.656685,843.9024390243902,44.9,4.565255403518677
1365889998.92771,758.5365853658536,44.4,4.548274517059326
1365889999.20783,923.1707317073171,44.4,4.582685470581055
1365889999.536679,882.3170731707318,44.4,4.528262615203857
1365889999.810672,867.0731707317074,44.4,4.592823028564453
1365890000.082361,931.0975609756098,44.4,4.669917345046997
1365890000.41795,928.048780487805,44.4,4.57141900062561
1365890000.746664,820.1219512195122,45.5,4.5326502323150635
1365890001.01971,934.1463414634147,44.4,4.597395420074463
1365890001.354939,925.0,44.9,4.589805364608765
1365890001.686668,921.9512195121952,44.9,4.526268482208252
1365890001.9566898,821.3414634146341,44.9,4.569783687591553
1365890002.2567139,993.2926829268292,44.4,4.574577331542969
1365890002.584312,753.0487804878048,44.9,4.5290069580078125
1365890002.855613,751.219512195122,44.9,4.528047561645508
1365890003.1249652,924.3902439024391,44.4,4.575080156326294
1365890003.448123,1347.5609756097563,44.9,4.579084873199463
1365890003.776685,762.1951219512196,44.4,4.52423095703125
1365890004.046638,917.0731707317074,44.4,4.571045398712158
1365890004.368372,929.8780487804878,44.4,4.585690259933472
1365890004.700036,910.3658536585366,44.9,4.521812677383423
1365890004.96974,815.2439024390243,44.4,4.5627031326293945
1365890005.276675,917.0731707317074,44.4,4.623821973800659
1365890005.600883,812.1951219512194,44.4,4.521597146987915
1365890005.8745291,837.1951219512194,44.4,4.522391080856323
1365890006.144969,932.9268292682927,44.4,4.591435670852661
1365890006.4753149,918.2926829268293,45.5,4.572497606277466
1365890006.791996,903.048780487805,44.9,4.531756401062012
1365890007.0628748,923.1707317073171,44.4,4.58204460144043
1365890007.386776,921.9512195121952,44.9,4.641255855560303
1365890007.711126,781.0975609756098,44.4,4.551643133163452
1365890007.986689,1220.1219512195123,44.9,4.580390214920044
1365890008.316669,903.048780487805,44.9,4.576230764389038
1365890008.6468139,780.4878048780488,44.4,4.526335000991821
1365890008.918491,771.3414634146342,44.4,4.587832450866699
1365890009.189583,932.3170731707318,44.9,4.587666749954224
1365890009.5166981,906.0975609756098,45.5,4.5502870082855225
1365890009.797686,921.9512195121952,44.4,4.5264153480529785
1365890010.070295,918.9024390243903,44.4,4.6246442794799805
1365890010.407486,928.048780487805,44.4,4.582608699798584
1365890010.7312799,838.4146341463414,44.9,4.6013243198394775
1365890011.001824,913.4146341463415,44.4,4.627251148223877
1365890011.336722,902.439024390244,44.9,4.58526611328125
1365890011.667489,926.829268292683,44.9,4.519266605377197
1365890011.939648,782.3170731707318,44.4,4.580779790878296
1365890012.22706,1291.4634146341464,44.9,4.578317403793335
1365890012.556659,818.2926829268292,44.9,4.547483682632446
1365890012.830879,876.219512195122,44.9,4.560155153274536
1365890013.1070662,925.0,44.4,4.635228633880615
1365890013.434946,1225.6097560975609,44.9,4.574275255203247
1365890013.755776,900.0,44.4,4.544334173202515
1365890014.03012,990.2439024390244,44.9,4.590054750442505
1365890014.354985,912.1951219512196,44.9,4.655799865722656
1365890014.6848052,931.0975609756098,44.9,4.533127069473267
1365890014.959889,889.0243902439024,44.9,4.546410083770752
1365890015.256652,932.9268292682927,44.4,4.585003614425659
1365890015.577334,864.0243902439024,45.5,4.523688554763794
1365890015.851885,910.3658536585366,44.9,4.537935733795166
1365890016.12427,909.1463414634146,44.4,4.568176031112671
1365890016.4467041,987.8048780487804,44.4,4.583787679672241
1365890016.7722151,948.170731707317,44.9,4.540129661560059
1365890017.0463622,928.048780487805,44.9,4.581227540969849
1365890017.375127,914.0243902439024,44.9,4.592581510543823
1365890017.7007518,828.0487804878048,45.5,4.52803373336792
1365890017.970495,874.390243902439,44.4,4.554982662200928
1365890018.26668,928.048780487805,44.9,4.626123666763306
1365890018.596659,746.3414634146342,45.5,4.530973672866821
1365890018.8704052,1297.560975609756,44.4,4.569844484329224
1365890019.140959,1231.7073170731708,44.4,4.578856945037842
1365890019.4667141,985.9756097560976,45.5,4.584593057632446
1365890019.7966561,1070.7317073170732,44.9,4.537986993789673
1365890020.0698318,932.3170731707318,44.4,4.579993009567261
1365890020.406796,926.829268292683,44.9,4.585221529006958
1365890020.73265,832.9268292682926,44.4,4.555479526519775
1365890021.003237,921.9512195121952,44.9,4.608685493469238
1365890021.3266728,918.2926829268293,44.4,4.621914386749268
1365890021.6553621,747.560975609756,44.4,4.522978067398071
1365890021.925608,734.1463414634146,44.4,4.5577051639556885
1365890022.2018418,925.0,45.5,4.569686412811279
1365890022.526756,926.219512195122,44.4,4.539225339889526
1365890022.814247,738.4146341463414,44.4,4.584182024002075
1365890023.085293,918.9024390243903,44.9,4.578994512557983
1365890023.417334,906.0975609756098,44.4,4.5953216552734375
1365890023.738264,772.5609756097562,44.9,4.525686979293823
1365890024.010606,843.2926829268292,44.4,4.595651388168335
1365890024.337423,926.219512195122,44.4,4.583283185958862
1365890024.676671,807.3170731707318,44.9,4.5360107421875
1365890024.947276,899.390243902439,44.4,4.543366432189941
1365890025.21966,910.3658536585366,44.9,4.573178768157959
1365890025.547261,910.3658536585366,44.9,4.581588506698608
1365890025.81876,910.9756097560976,44.9,4.521447420120239
1365890026.092563,924.3902439024391,45.5,4.569347620010376
1365890026.4174669,926.219512195122,44.9,4.576781272888184
1365890026.74669,779.2682926829268,44.4,4.525043487548828
1365890027.0205948,925.0,44.9,4.6114702224731445
1365890027.3450198,1028.0487804878048,44.4,4.57560658454895
1365890027.676673,904.8780487804878,44.4,4.540114879608154
1365890027.947746,835.3658536585366,44.4,4.5267109870910645
1365890028.220174,1741.4634146341464,44.4,4.580874681472778
1365890028.5467148,926.829268292683,44.4,4.552527189254761
1365890028.842091,885.9756097560976,44.9,4.555530309677124
1365890029.113935,940.8536585365853,44.9,4.589947700500488
1365890029.4473941,932.3170731707318,44.9,4.606801748275757
1365890029.7866921,850.0,44.9,4.530557870864868
1365890030.0598478,907.9268292682927,44.9,4.582606554031372
1365890030.385451,926.219512195122,44.4,4.582582950592041
1365890030.71724,860.3658536585366,44.4,4.532310247421265
1365890030.986115,851.219512195122,45.5,4.540147304534912
1365890031.2767081,923.1707317073171,44.4,4.578049182891846
1365890031.6066592,917.0731707317074,44.9,4.664754629135132
1365890031.882536,1034.1463414634147,44.4,4.546521425247192
1365890032.1526022,923.1707317073171,44.4,4.5734827518463135
1365890032.475522,924.3902439024391,44.4,4.670054197311401
1365890032.806988,733.5365853658536,44.9,4.525102138519287
1365890033.075835,906.0975609756098,44.4,4.585782766342163
1365890033.406881,937.8048780487804,44.9,4.614476680755615
1365890033.73666,789.0243902439024,44.9,4.529872179031372
1365890034.00964,917.0731707317074,44.4,4.561386346817017
1365890034.3113532,915.2439024390244,44.9,4.5798163414001465
1365890034.62491,1007.3170731707318,44.9,4.5248024463653564
1365890034.898635,745.1219512195122,44.9,4.67284083366394
1365890035.169804,932.3170731707318,44.4,4.611027240753174
1365890035.504983,1325.0,44.9,4.59154200553894
1365890035.8343182,835.3658536585366,44.4,4.548813581466675
1365890036.104637,926.829268292683,44.9,4.606893539428711
1365890036.436737,926.219512195122,44.9,4.6078550815582275
1365890036.766659,903.048780487805,44.9,4.591498136520386
1365890037.039864,757.3170731707318,44.4,4.582143545150757
1365890037.366669,910.9756097560976,44.9,4.57606840133667
1365890037.6899252,889.0243902439024,44.9,4.569477081298828
1365890037.962255,1000.0,44.4,4.526400089263916
1365890038.2331562,932.9268292682927,44.9,4.927277565002441
1365890038.556703,917.0731707317074,44.4,4.7053492069244385
1365890038.839247,948.170731707317,44.9,4.524058818817139
1365890039.1139789,921.9512195121952,44.9,4.5748255252838135
1365890039.446707,913.4146341463415,44.9,4.609719753265381
1365890039.7766552,774.390243902439,45.5,4.545929670333862
1365890040.049738,875.0,45.5,4.577340841293335
1365890040.369528,989.0243902439024,44.9,4.737329721450806
1365890040.7048802,738.4146341463414,44.4,4.540279150009155
1365890040.97788,906.0975609756098,44.4,4.54251766204834
1365890041.2517152,914.0243902439024,44.4,4.590703725814819
1365890041.576311,932.9268292682927,44.9,4.554864406585693
1365890041.8552802,931.0975609756098,44.9,4.522808313369751
1365890042.126975,915.8536585365854,44.9,4.576483249664307
1365890042.4567811,924.3902439024391,44.9,4.5854082107543945
1365890042.786634,804.2682926829269,44.9,4.557507514953613
1365890043.0600908,871.9512195121952,44.9,4.573696136474609
1365890043.3806982,926.219512195122,44.9,4.594168424606323
1365890043.7065752,767.0731707317074,44.9,4.528461217880249
1365890043.977472,932.3170731707318,45.5,4.55546760559082
1365890044.253956,931.0975609756098,44.9,4.573705673217773
1365890044.57919,923.1707317073171,45.5,4.824881553649902
1365890044.870731,926.219512195122,44.9,4.534546852111816
1365890045.146806,935.9756097560976,45.5,4.583481073379517
1365890045.473921,937.1951219512194,44.4,4.5752036571502686
1365890045.791807,747.560975609756,44.9,4.52507758140564
1365890046.065093,954.2682926829268,44.4,4.56836724281311
1365890046.3809469,925.0,44.9,4.561111688613892
1365890046.707411,770.1219512195122,44.4,4.562984943389893
1365890046.977939,860.3658536585366,44.4,4.535853862762451
1365890047.251868,924.3902439024391,44.9,4.579574108123779
1365890047.586708,935.3658536585366,44.9,4.556785345077515
1365890047.879817,860.9756097560976,44.4,4.52473521232605
1365890048.149598,915.8536585365854,44.4,4.570612907409668
1365890048.4670348,932.3170731707318,44.9,4.5842125415802
1365890048.788437,1131.0975609756097,44.9,4.524433135986328
1365890049.062256,918.2926829268293,44.9,4.558249235153198
1365890049.376657,913.4146341463415,45.5,4.591448783874512
1365890049.706663,785.9756097560976,44.9,4.519113540649414
1365890049.9773922,794.5121951219512,44.9,4.538471937179565
1365890050.253692,937.1951219512194,44.4,4.570220232009888
1365890050.586723,921.9512195121952,44.9,4.559924364089966
1365890050.884244,818.2926829268292,45.5,4.599823951721191
1365890051.153623,928.048780487805,44.9,4.587677955627441
1365890051.486779,926.829268292683,44.9,4.686262845993042
1365890051.811457,764.0243902439024,44.9,4.541446924209595
1365890052.095849,912.1951219512196,44.9,4.60605263710022
1365890052.42151,929.2682926829269,44.9,4.583373785018921
1365890052.756663,846.951219512195,45.5,4.520577907562256
1365890053.02836,751.219512195122,44.4,4.5424628257751465
1365890053.314722,928.048780487805,44.9,4.567317008972168
1365890053.639528,1156.7073170731708,44.9,4.537611246109009
1365890053.9106529,783.5365853658537,44.4,4.541835784912109
1365890054.180368,917.0731707317074,44.4,4.569076299667358
1365890054.5067031,934.1463414634147,44.9,4.599245548248291
