1365889753.281903,1314.0243902439024,44.9,4.0523576736450195
1365889753.585529,953.0487804878048,45.5,4.0625951290130615
1365889753.8855271,2012.1951219512196,45.5,4.0478456020355225
1365889754.177474,964.0243902439024,45.5,4.046897888183594
1365889754.4740422,1490.8536585365855,45.5,4.0570971965789795
1365889754.781305,992.0731707317074,45.5,4.049315929412842
1365889755.073785,1162.8048780487804,45.5,4.0680320262908936
1365889755.379841,979.8780487804878,45.5,4.055297613143921
1365889755.681598,982.3170731707316,45.5,4.059998273849487
1365889755.9943979,970.1219512195122,46.0,4.0599281787872314
1365889756.299883,1015.2439024390243,46.5,4.059664249420166
1365889756.605536,1092.6829268292684,46.5,4.08015775680542
1365889756.91546,1228.658536585366,46.5,4.060309648513794
1365889757.225257,984.7560975609756,46.0,4.075063943862915
1365889757.543831,985.9756097560976,46.0,4.072268486022949
1365889757.86515,956.0975609756097,45.5,4.0822131633758545
1365889758.184374,995.1219512195122,46.5,4.095355272293091
1365889758.506171,1010.9756097560976,46.5,4.071252107620239
1365889758.825484,979.8780487804878,46.5,4.081563711166382
1365889759.155475,2007.3170731707316,46.5,4.191719055175781
1365889759.4702258,1073.780487804878,46.5,4.076491355895996
1365889759.7856581,984.1463414634146,46.5,4.079864978790283
1365889760.115493,805.4878048780488,46.5,4.023086071014404
1365889760.385772,907.3170731707318,46.0,4.033693075180054
1365889760.6593978,962.1951219512194,46.5,4.09232234954834
1365889760.995544,1039.0243902439024,46.5,4.043503522872925
1365889761.281111,998.780487804878,46.5,4.031354188919067
1365889761.552456,968.9024390243902,46.0,4.087244272232056
1365889761.876864,1117.6829268292684,46.5,4.089117050170898
1365889762.2155142,918.2926829268293,45.5,4.030557632446289
1365889762.484724,1100.0,46.5,4.078175067901611
1365889762.815851,981.0975609756098,46.0,4.078977346420288
1365889763.145497,906.0975609756098,46.5,4.028960943222046
1365889763.4185228,1045.1219512195123,46.5,4.0923378467559814
1365889763.7155042,978.0487804878048,46.0,4.204582214355469
1365889764.045485,950.0,45.5,4.054983139038086
1365889764.319832,946.3414634146341,46.5,4.028197288513184
1365889764.5941918,975.0,46.5,4.077728509902954
1365889764.922983,979.8780487804878,45.5,4.0925328731536865
1365889765.255481,896.3414634146342,46.5,4.0291523933410645
1365889765.526622,959.1463414634146,46.5,4.082051753997803
1365889765.855524,962.8048780487804,46.5,4.086900472640991
1365889766.187781,987.8048780487804,46.5,4.036639451980591
1365889766.464003,849.390243902439,46.5,4.090144157409668
1365889766.793686,984.1463414634146,46.5,4.083146095275879
1365889767.123578,898.1707317073171,45.5,4.057624101638794
1365889767.400194,832.3170731707316,46.5,4.025795936584473
1365889767.672695,975.0,46.5,4.0942158699035645
1365889768.0158699,868.9024390243902,46.0,4.038766384124756
1365889768.287213,783.5365853658537,46.5,4.0289626121521
1365889768.5614028,950.0,46.5,4.0720930099487305
1365889768.885537,1308.5365853658536,46.5,4.079772710800171
1365889769.2155461,954.2682926829268,46.5,4.0270984172821045
1365889769.485867,1062.1951219512196,46.5,4.094717264175415
1365889769.813102,987.8048780487804,46.5,4.093319416046143
1365889770.145503,978.0487804878048,46.0,4.025845289230347
1365889770.4182882,1458.5365853658536,46.5,4.040043354034424
1365889770.7055302,982.3170731707316,46.5,4.082428932189941
1365889771.037816,1106.09756097561,46.5,4.030413389205933
1365889771.3144698,909.1463414634146,46.0,4.030223369598389
1365889771.587664,987.1951219512194,46.5,4.082543134689331
1365889771.913635,982.9268292682926,46.5,4.079440355300903
1365889772.242771,965.2439024390244,46.5,4.028613805770874
1365889772.517856,995.1219512195122,46.0,4.086771488189697
1365889772.856328,971.3414634146342,46.5,4.078230619430542
1365889773.185517,971.951219512195,46.5,4.030689239501953
1365889773.456925,924.3902439024391,46.0,4.066357612609863
1365889773.774375,996.3414634146342,46.5,4.0804431438446045
1365889774.103055,804.2682926829269,46.0,4.033185958862305
1365889774.37711,887.1951219512196,46.5,4.0250561237335205
1365889774.6485581,937.8048780487804,46.5,4.076251268386841
1365889774.97537,953.0487804878048,46.0,4.064769268035889
1365889775.2875679,1009.7560975609756,46.5,4.0257041454315186
1365889775.56081,960.3658536585366,46.0,4.082118511199951
1365889775.895545,1017.0731707317074,46.5,4.08680272102356
1365889776.235531,829.2682926829268,46.5,4.0309319496154785
1365889776.5064378,1075.0,46.0,4.080074787139893
1365889776.835521,1017.0731707317074,46.0,4.145508050918579
1365889777.1754901,1021.9512195121952,46.5,4.030481815338135
1365889777.4487228,906.0975609756098,46.0,4.061092853546143
1365889777.7527301,956.0975609756097,46.5,4.0796191692352295
1365889778.085554,940.2439024390243,46.5,4.026960849761963
1365889778.360137,925.0,46.5,4.030465602874756
1365889778.631846,937.8048780487804,46.5,4.0709123611450195
1365889778.952467,956.0975609756097,46.5,4.085603713989258
1365889779.282859,907.3170731707318,46.5,4.028378486633301
1365889779.554317,965.8536585365854,46.5,4.085100889205933
1365889779.8855622,964.0243902439024,46.5,4.093637228012085
1365889780.215733,912.1951219512196,46.5,4.041365146636963
1365889780.495018,967.0731707317073,46.5,4.079057455062866
1365889780.825556,957.9268292682926,46.5,4.083491325378418
1365889781.1587799,937.8048780487804,47.1,4.02744722366333
1365889781.42963,852.4390243902438,45.5,4.053388595581055
1365889781.7248142,943.9024390243902,46.5,4.0752012729644775
1365889782.0455098,904.2682926829268,46.5,4.0299460887908936
1365889782.322056,776.219512195122,46.5,4.0401291847229
1365889782.592701,946.951219512195,46.5,4.087210178375244
1365889782.923758,954.2682926829268,46.5,4.0838165283203125
1365889783.2609239,845.1219512195122,46.5,4.05744743347168
1365889783.533519,967.0731707317073,46.5,4.0980000495910645
1365889783.865551,998.780487804878,46.0,4.090756416320801
1365889784.205523,853.0487804878048,46.5,4.053642988204956
1365889784.476713,957.9268292682926,46.0,4.086338043212891
1365889784.804937,954.8780487804878,46.5,4.083698272705078
1365889785.144887,951.8292682926829,46.5,4.036645412445068
1365889785.41938,981.0975609756098,46.5,4.02726411819458
1365889785.704043,954.8780487804878,46.5,4.094013690948486
1365889786.0354822,794.5121951219512,46.5,4.188611745834351
1365889786.3076322,957.3170731707316,46.5,4.0250608921051025
1365889786.5803132,935.3658536585366,46.5,4.072216987609863
1365889786.90555,1800.0,46.5,4.080286026000977
1365889787.236575,934.1463414634147,46.5,4.026803970336914
1365889787.5099819,960.3658536585366,46.5,4.088097810745239
1365889787.845959,965.2439024390244,46.5,4.1134068965911865
1365889788.1737359,898.1707317073171,46.5,4.030621528625488
1365889788.447638,899.390243902439,46.5,4.048175811767578
1365889788.747416,965.8536585365854,47.1,4.081616163253784
1365889789.078781,758.5365853658536,46.5,4.035512208938599
1365889789.3566542,810.9756097560976,46.5,4.026298999786377
1365889789.629716,950.0,46.5,4.084695816040039
1365889789.9656022,968.2926829268292,47.1,4.080097436904907
1365889790.291049,769.5121951219512,46.5,4.028100490570068
1365889790.565826,951.2195121951219,46.5,4.087031602859497
1365889790.903372,956.0975609756097,46.5,4.080430269241333
1365889791.2317061,812.1951219512194,47.1,4.025076389312744
1365889791.504129,940.8536585365853,46.5,4.080608129501343
1365889791.8355389,959.1463414634146,47.1,4.080955982208252
1365889792.1614022,913.4146341463415,47.1,4.034052610397339
1365889792.431871,950.0,46.5,4.068695783615112
1365889792.7255812,1543.2926829268292,47.1,4.084518909454346
1365889793.053709,902.439024390244,47.1,4.034530401229858
1365889793.3245928,773.1707317073171,47.1,4.031170129776001
1365889793.598492,959.1463414634146,46.5,4.088177442550659
1365889793.935519,970.1219512195122,46.5,4.081922769546509
1365889794.26462,973.170731707317,46.5,4.232731103897095
1365889794.534343,946.3414634146341,46.5,4.092093229293823
1365889794.86533,945.1219512195122,46.5,4.102540016174316
1365889795.203146,854.8780487804878,46.5,4.042129039764404
1365889795.4801228,885.3658536585366,46.5,4.10996150970459
1365889795.805532,1291.4634146341464,46.5,4.095006465911865
1365889796.146312,951.2195121951219,46.5,4.028759002685547
1365889796.417666,888.4146341463414,46.5,4.030092477798462
1365889796.6892328,954.2682926829268,46.5,4.074144601821899
1365889797.013175,967.0731707317073,47.1,4.048673629760742
1365889797.3092248,921.3414634146342,47.1,4.024166822433472
1365889797.580957,967.0731707317073,46.5,4.077248573303223
1365889797.910082,1020.1219512195121,47.1,4.142740488052368
1365889798.244292,934.1463414634147,46.5,4.028482675552368
1365889798.5140018,948.170731707317,47.1,4.129184007644653
1365889798.843772,959.1463414634146,46.5,4.233089923858643
1365889799.1755111,953.0487804878048,46.5,4.059645891189575
1365889799.446168,1073.780487804878,46.5,4.044063091278076
1365889799.733809,962.8048780487804,47.1,4.081098556518555
1365889800.058772,1137.8048780487804,46.5,4.037149667739868
1365889800.3316941,926.829268292683,46.5,4.024940013885498
1365889800.602827,971.951219512195,46.5,4.070123672485352
1365889800.9216452,973.170731707317,46.5,4.084023952484131
1365889801.255785,923.1707317073171,47.1,4.025973558425903
1365889801.5288792,951.8292682926829,46.5,4.085329055786133
1365889801.864583,965.2439024390244,46.5,4.0864577293396
1365889802.205559,899.390243902439,46.5,4.031482696533203
1365889802.477935,783.5365853658537,46.5,4.1061012744903564
1365889802.795477,1112.1951219512196,46.5,4.083227872848511
1365889803.129596,857.9268292682926,47.1,4.037823677062988
1365889803.40182,1110.9756097560976,47.1,4.033341884613037
1365889803.6757839,949.390243902439,46.5,4.0770745277404785
1365889804.005546,965.2439024390244,47.1,4.092507600784302
1365889804.3076448,775.0,47.1,4.032630443572998
1365889804.581409,967.0731707317073,47.1,4.102267026901245
1365889804.911795,1259.7560975609756,47.1,4.111087083816528
1365889805.235522,1471.3414634146343,46.5,4.0306854248046875
1365889805.514677,959.1463414634146,46.5,4.0847718715667725
1365889805.8442829,973.170731707317,46.5,4.079240322113037
1365889806.175891,1482.3170731707319,46.5,4.0341808795928955
1365889806.451081,777.439024390244,46.5,4.049138784408569
1365889806.744118,964.0243902439024,47.1,4.090928077697754
1365889807.075543,960.9756097560976,47.1,4.027071714401245
1365889807.348495,851.219512195122,47.1,4.027004957199097
1365889807.620378,968.2926829268292,46.5,4.075067758560181
1365889807.946236,950.0,46.5,4.083653688430786
1365889808.265955,815.2439024390243,47.1,4.047333002090454
1365889808.537389,1051.219512195122,46.5,4.085292816162109
1365889808.862904,951.2195121951219,47.1,4.087942838668823
1365889809.195503,854.8780487804878,46.5,4.0264341831207275
1365889809.467814,940.8536585365853,46.5,4.055909633636475
1365889809.773785,934.1463414634147,46.5,4.109119176864624
1365889810.099838,763.4146341463414,47.1,4.029447555541992
1365889810.3711941,979.8780487804878,47.1,4.02713942527771
1365889810.643945,968.2926829268292,47.1,4.087231397628784
1365889810.970618,979.2682926829268,47.1,4.071624517440796
1365889811.295496,935.9756097560976,46.5,4.025956869125366
1365889811.568933,948.170731707317,46.5,4.085249662399292
1365889811.8937652,964.0243902439024,47.1,4.095796346664429
1365889812.2355049,823.170731707317,47.6,4.02178955078125
1365889812.505365,1686.5853658536585,46.5,4.099399089813232
1365889812.835139,937.8048780487804,47.1,4.081409215927124
1365889813.164889,870.1219512195122,47.1,4.032167196273804
1365889813.4399822,950.0,47.1,4.028255939483643
1365889813.709192,951.2195121951219,47.1,4.088858127593994
1365889814.04623,968.9024390243902,46.5,4.039701461791992
1365889814.333201,951.2195121951219,47.6,4.0311362743377686
1365889814.604979,949.390243902439,46.5,4.086155652999878
1365889814.935956,960.9756097560976,47.6,4.077676296234131
1365889815.2655191,937.8048780487804,47.6,4.02575159072876
1365889815.538068,949.390243902439,47.1,4.089540958404541
1365889815.875535,962.8048780487804,46.5,4.088882684707642
1365889816.2055092,809.1463414634147,46.5,4.024031639099121
1365889816.4772449,773.1707317073171,47.1,4.068256378173828
1365889816.775546,949.390243902439,46.5,4.400387763977051
1365889817.102535,879.2682926829268,47.6,4.084848642349243
1365889817.371875,860.9756097560976,47.6,4.028098821640015
1365889817.641362,948.170731707317,46.5,4.07070255279541
1365889817.963238,1018.2926829268292,47.1,4.090416431427002
1365889818.29376,852.4390243902438,47.1,4.028459310531616
1365889818.5668118,970.1219512195122,47.1,4.0743279457092285
1365889818.895561,960.9756097560976,47.6,4.089035511016846
1365889819.223767,823.170731707317,47.1,4.026410341262817
1365889819.4930391,921.3414634146342,46.5,4.083023548126221
1365889819.805551,1164.0243902439024,47.6,4.118937253952026
1365889820.132631,826.2195121951219,47.1,4.030064105987549
1365889820.407276,876.219512195122,46.5,4.042550802230835
1365889820.678428,957.9268292682926,47.6,4.06917142868042
1365889821.0051289,979.8780487804878,47.1,4.086482048034668
1365889821.3308969,854.2682926829268,47.1,4.033727169036865
1365889821.603748,942.0731707317073,47.1,4.0807178020477295
1365889821.9265401,957.9268292682926,47.1,4.081914663314819
1365889822.260264,1062.1951219512196,47.1,4.031188249588013
1365889822.536795,982.3170731707316,46.5,4.083986520767212
1365889822.864106,1095.1219512195123,47.1,4.087980270385742
1365889823.195382,870.1219512195122,46.5,4.051379203796387
1365889823.471167,979.2682926829268,47.1,4.175567388534546
1365889823.764102,934.1463414634147,47.1,4.083786725997925
1365889824.095493,939.0243902439024,47.1,4.028760194778442
1365889824.372885,971.3414634146342,46.5,4.050961494445801
1365889824.6457741,1181.09756097561,47.1,4.068134069442749
1365889824.961597,956.0975609756097,47.1,4.085222959518433
1365889825.295558,1318.90243902439,47.1,4.028982400894165
1365889825.56635,945.1219512195122,47.1,4.086430311203003
1365889825.9034839,1054.878048780488,47.1,4.092477321624756
1365889826.245504,862.1951219512194,46.5,4.02617883682251
1365889826.518798,903.048780487805,46.5,4.076228857040405
1365889826.845508,1092.0731707317073,47.1,4.08534049987793
1365889827.181647,940.8536585365853,47.6,4.0353615283966064
1365889827.4555159,942.0731707317073,47.1,4.033954381942749
1365889827.727683,1217.0731707317073,46.5,4.11358380317688
1365889828.064362,943.9024390243902,47.1,4.040160894393921
1365889828.3502579,806.0975609756098,47.1,4.027385950088501
1365889828.622338,940.2439024390243,47.1,4.077854156494141
1365889828.9555478,949.390243902439,47.6,4.110809087753296
1365889829.282181,900.0,47.1,4.0596654415130615
1365889829.5556018,965.8536585365854,46.5,4.083013534545898
1365889829.883787,962.8048780487804,46.5,4.0900726318359375
1365889830.225528,805.4878048780488,47.6,4.027308702468872
1365889830.496789,846.3414634146342,46.5,4.055696249008179
1365889830.803506,948.170731707317,47.1,4.081588506698608
1365889831.132181,1084.7560975609756,47.1,4.0309836864471436
1365889831.404659,860.3658536585366,47.1,4.031470775604248
1365889831.6773891,993.9024390243902,47.1,4.0800604820251465
1365889832.005524,940.2439024390243,47.1,4.08426570892334
1365889832.3338728,987.1951219512194,46.5,4.031351804733276
1365889832.6072981,929.2682926829269,47.1,4.08053183555603
1365889832.935586,954.2682926829268,46.5,4.0781941413879395
1365889833.264228,793.2926829268293,46.5,4.030047178268433
1365889833.537886,1101.219512195122,46.5,4.088042974472046
1365889833.870663,993.9024390243902,47.1,4.084535837173462
1365889834.204061,826.2195121951219,47.1,4.049370050430298
1365889834.4763079,956.0975609756097,47.6,4.042027950286865
1365889834.7655098,984.1463414634146,47.6,4.082196235656738
1365889835.0932858,854.8780487804878,47.1,4.024386167526245
1365889835.364326,835.3658536585366,47.6,4.024722337722778
1365889835.636595,954.2682926829268,47.6,4.07852029800415
1365889835.966484,957.3170731707316,47.1,4.073791980743408
1365889836.2910001,1415.8536585365853,47.1,4.035764455795288
1365889836.566255,982.3170731707316,47.1,4.182352304458618
1365889836.895533,934.1463414634147,47.1,4.098290205001831
1365889837.226281,937.8048780487804,47.1,4.236065626144409
1365889837.494702,893.9024390243902,47.1,4.064621448516846
1365889837.804415,1156.7073170731708,47.1,4.084107398986816
1365889838.1358469,917.0731707317074,47.1,4.0362608432769775
1365889838.411289,860.3658536585366,47.1,4.028372526168823
1365889838.685826,973.170731707317,47.1,4.104175329208374
1365889839.0255492,960.9756097560976,47.1,4.150021314620972
1365889839.3407109,860.3658536585366,47.1,4.036512613296509
1365889839.611923,945.1219512195122,47.6,4.110846519470215
1365889839.9355469,1023.7804878048779,47.1,4.080360651016235
1365889840.265503,796.3414634146342,47.1,4.024297714233398
1365889840.5379689,854.2682926829268,47.1,4.084925174713135
1365889840.865493,959.1463414634146,47.1,4.08212685585022
1365889841.1958022,856.0975609756098,47.1,4.027781009674072
1365889841.4676878,960.3658536585366,46.5,4.029128313064575
1365889841.744137,968.2926829268292,47.1,4.077616453170776
1365889842.0742872,1146.9512195121952,47.1,4.027734994888306
1365889842.349777,765.2439024390244,46.5,4.027255058288574
1365889842.625601,970.1219512195122,46.5,4.091009616851807
1365889842.965549,949.390243902439,47.1,4.0960798263549805
1365889843.30554,815.2439024390243,47.6,4.024296522140503
1365889843.575208,976.219512195122,47.1,4.077114105224609
1365889843.8958771,965.8536585365854,47.1,4.077621221542358
1365889844.224287,1115.8536585365855,47.1,4.0308873653411865
1365889844.497117,862.1951219512194,47.1,4.049954175949097
1365889844.785493,951.2195121951219,47.1,4.0888121128082275
1365889845.115524,929.8780487804878,47.1,4.024449825286865
1365889845.388142,978.0487804878048,46.5,4.026599407196045
1365889845.660021,965.2439024390244,47.1,4.070255756378174
1365889845.985527,959.1463414634146,47.1,4.089219093322754
1365889846.3255281,960.3658536585366,47.1,4.030829429626465
1365889846.5985038,1115.8536585365855,47.1,4.071691513061523
1365889846.9257212,965.2439024390244,47.1,4.084273099899292
1365889847.2542121,907.3170731707318,47.1,4.023655891418457
1365889847.526238,1726.219512195122,47.6,4.060408353805542
1365889847.835513,957.3170731707316,47.1,4.08628511428833
1365889848.172909,851.219512195122,47.1,4.024965763092041
1365889848.4457211,813.4146341463414,47.1,4.029110670089722
1365889848.715313,965.8536585365854,47.6,4.078583717346191
1365889849.044721,967.0731707317073,47.1,4.065740346908569
1365889849.359411,825.0,46.5,4.025326490402222
1365889849.630687,957.9268292682926,47.1,4.076841115951538
1365889849.952929,971.3414634146342,47.1,4.076758861541748
1365889850.2829068,832.9268292682926,47.1,4.0276079177856445
1365889850.5521479,1278.6585365853657,47.6,4.070217847824097
1365889850.8739898,1129.878048780488,47.1,4.0906760692596436
1365889851.216181,806.0975609756098,47.1,4.02660059928894
1365889851.487486,924.3902439024391,47.6,4.02821683883667
1365889851.760231,981.0975609756098,47.6,4.083544492721558
1365889852.095484,834.1463414634146,47.1,4.027011394500732
1365889852.370406,772.5609756097562,47.1,4.024613380432129
1365889852.6398962,960.3658536585366,47.1,4.065863609313965
1365889852.955553,979.2682926829268,47.1,4.075889587402344
1365889853.282463,951.2195121951219,47.1,4.02787446975708
1365889853.5527182,821.3414634146341,47.1,4.079207181930542
1365889853.875652,959.1463414634146,47.1,4.080286741256714
1365889854.207106,948.170731707317,47.6,4.289589881896973
1365889854.4792252,810.3658536585366,47.1,4.040721893310547
1365889854.7503428,956.0975609756097,47.1,4.09374475479126
1365889855.086111,965.8536585365854,47.1,4.04669189453125
1365889855.379183,765.2439024390244,47.6,4.0321643352508545
1365889855.651173,939.0243902439024,47.1,4.0657243728637695
1365889855.969652,984.1463414634146,47.1,4.149726867675781
1365889856.305511,904.8780487804878,47.6,4.030878067016602
1365889856.584681,1093.9024390243903,47.6,4.091944932937622
1365889856.915539,957.9268292682926,47.1,4.078446865081787
1365889857.2462862,898.1707317073171,47.1,4.029454469680786
1365889857.517528,925.0,47.1,4.0634777545928955
1365889857.815496,942.0731707317073,47.6,4.076013803482056
1365889858.146105,882.9268292682926,47.1,4.029325723648071
1365889858.4189692,990.8536585365854,47.1,4.028898000717163
1365889858.6891809,1499.390243902439,47.1,4.07712721824646
1365889859.009396,959.1463414634146,47.1,4.08433985710144
1365889859.346158,898.1707317073171,47.1,4.030658721923828
1365889859.621658,978.0487804878048,47.6,4.071109294891357
1365889859.9455411,968.9024390243902,47.6,4.079530954360962
1365889860.27653,885.9756097560976,47.1,4.023639678955078
1365889860.547869,951.8292682926829,47.1,4.06732702255249
1365889860.865506,960.3658536585366,47.1,4.092155694961548
1365889861.205533,865.2439024390244,47.1,4.040782928466797
1365889861.480166,935.9756097560976,47.6,4.02791953086853
1365889861.752919,984.1463414634146,47.6,4.0857555866241455
1365889862.084259,951.2195121951219,47.1,4.077062129974365
1365889862.3799648,934.1463414634147,47.1,4.026681423187256
1365889862.6524649,992.0731707317074,47.6,4.086834669113159
1365889862.989942,1760.3658536585365,47.6,4.070876836776733
1365889863.312932,918.9024390243903,47.6,4.023030042648315
1365889863.584428,1260.9756097560976,47.6,4.082949161529541
1365889863.913739,968.2926829268292,47.1,4.076401233673096
1365889864.2357252,875.0,47.1,4.045206785202026
1365889864.507324,978.0487804878048,47.6,4.098780393600464
1365889864.786444,968.2926829268292,47.6,4.080051898956299
1365889865.110502,1029.8780487804877,47.6,4.02475643157959
1365889865.383927,884.1463414634146,47.1,4.093552350997925
1365889865.6546822,946.3414634146341,47.1,4.1756510734558105
1365889865.983825,971.951219512195,47.6,4.087625503540039
1365889866.315509,896.9512195121952,47.6,4.040627717971802
1365889866.590604,1242.6829268292684,47.6,4.087265491485596
1365889866.925591,960.9756097560976,47.1,4.0821428298950195
1365889867.2519429,885.9756097560976,47.6,4.032062530517578
1365889867.521321,971.951219512195,47.6,4.0501251220703125
1365889867.812958,964.0243902439024,47.6,4.116811513900757
1365889868.141035,857.3170731707316,47.1,4.028496980667114
1365889868.413562,921.9512195121952,47.1,4.027327060699463
1365889868.684682,978.0487804878048,47.6,4.080920696258545
1365889869.018796,1076.219512195122,47.1,4.072389125823975
1365889869.337226,852.4390243902438,47.6,4.031548261642456
1365889869.610206,957.3170731707316,47.6,4.075725078582764
1365889869.935861,987.8048780487804,47.1,4.084608554840088
1365889870.263811,835.9756097560976,47.6,4.027371644973755
1365889870.5336618,854.8780487804878,47.6,4.056178569793701
1365889870.835511,978.0487804878048,47.6,4.085066080093384
1365889871.17581,774.390243902439,47.6,4.02878212928772
1365889871.4468532,1009.7560975609756,47.6,4.03508734703064
1365889871.719039,1032.9268292682927,47.6,4.077161550521851
1365889872.0455182,964.0243902439024,47.1,4.08443546295166
1365889872.3718998,965.2439024390244,47.6,4.031418085098267
1365889872.649888,962.1951219512194,47.1,4.095654726028442
1365889873.00558,965.2439024390244,47.6,4.081547498703003
1365889873.335528,821.951219512195,47.1,4.024615049362183
1365889873.607171,960.3658536585366,47.1,4.0820393562316895
1365889873.9339561,957.9268292682926,47.6,4.079548597335815
1365889874.2654889,800.0,47.6,4.02987265586853
1365889874.534923,817.0731707317073,47.6,4.044891119003296
1365889874.833334,976.219512195122,47.1,4.077110290527344
1365889875.1563442,904.2682926829268,47.1,4.022740364074707
1365889875.4277298,904.2682926829268,47.1,4.033725738525391
1365889875.697412,957.9268292682926,47.1,4.087488174438477
1365889876.035521,962.1951219512194,47.1,4.08933687210083
1365889876.365933,882.9268292682926,47.6,4.028145790100098
1365889876.639452,968.2926829268292,47.1,4.079302787780762
1365889876.964253,1101.8292682926829,47.6,4.0769994258880615
1365889877.295469,796.9512195121952,47.6,4.028909921646118
1365889877.566515,951.8292682926829,47.1,4.0691187381744385
1365889877.884165,959.1463414634146,47.6,4.091054916381836
1365889878.2154958,954.2682926829268,47.6,4.030600309371948
1365889878.4891899,898.1707317073171,47.1,4.032113790512085
1365889878.762021,949.390243902439,47.1,4.077519416809082
1365889879.084689,1020.7317073170732,47.1,4.133638381958008
1365889879.392608,773.1707317073171,47.6,4.025563478469849
1365889879.6656692,949.390243902439,47.6,4.077632665634155
1365889879.9957728,964.0243902439024,47.6,4.084167242050171
1365889880.325512,882.9268292682926,46.5,4.027482032775879
1365889880.598082,973.170731707317,47.6,4.088153123855591
1365889880.925618,962.1951219512194,47.1,4.089104175567627
1365889881.266853,876.219512195122,47.6,4.037407875061035
1365889881.537002,1176.8292682926829,47.6,4.047070026397705
1365889881.834712,973.170731707317,47.6,4.089953660964966
1365889882.160623,895.1219512195122,47.1,4.02516770362854
1365889882.435207,956.0975609756097,47.1,4.0235350131988525
1365889882.7073762,942.0731707317073,47.6,4.075638055801392
1365889883.0346801,959.1463414634146,47.6,4.085474252700806
1365889883.365481,853.0487804878048,47.1,4.027150630950928
1365889883.641373,949.390243902439,47.6,4.077225685119629
1365889883.961659,1029.8780487804877,47.6,4.082474708557129
1365889884.295518,821.3414634146341,47.6,4.021585702896118
1365889884.566391,846.3414634146342,47.1,4.070949077606201
1365889884.885825,1092.0731707317073,47.6,4.088680028915405
1365889885.224704,788.4146341463415,47.6,4.031514883041382
1365889885.495958,823.170731707317,46.5,4.036526441574097
1365889885.769469,945.1219512195122,47.6,4.094724416732788
1365889886.1049118,1744.5121951219514,47.1,4.048776626586914
1365889886.402912,993.9024390243902,47.6,4.031084060668945
1365889886.6760352,943.9024390243902,47.6,4.078320741653442
1365889887.007139,960.9756097560976,47.6,4.090633869171143
1365889887.343748,932.3170731707318,47.6,4.027135133743286
1365889887.618281,957.3170731707316,47.6,4.082936763763428
1365889887.952961,982.3170731707316,47.6,4.079596042633057
1365889888.275594,884.1463414634146,47.1,4.027300119400024
1365889888.5484748,945.1219512195122,47.1,4.053410768508911
1365889888.853614,987.1951219512194,47.1,4.086443662643433
1365889889.180531,774.390243902439,47.1,4.023382902145386
1365889889.453378,864.0243902439024,47.1,4.030451059341431
1365889889.724659,954.8780487804878,47.6,4.080671787261963
1365889890.052279,1165.8536585365853,47.6,4.068712949752808
1365889890.376105,948.170731707317,47.1,4.025245189666748
1365889890.650166,990.2439024390244,47.6,4.074329137802124
1365889890.975521,978.0487804878048,47.1,4.07238507270813
1365889891.301025,805.4878048780488,47.1,4.03006649017334
1365889891.572191,949.390243902439,47.1,4.071652889251709
1365889891.891547,990.2439024390244,48.2,4.172344923019409
1365889892.215487,960.9756097560976,47.6,4.025186777114868
1365889892.4859421,932.9268292682927,47.6,4.035703182220459
1365889892.761289,965.2439024390244,48.2,4.074639797210693
1365889893.087734,1353.658536585366,47.6,4.068292856216431
1365889893.400052,892.0731707317074,47.1,4.025875806808472
1365889893.671077,970.1219512195122,47.6,4.070211172103882
1365889893.992865,1018.9024390243901,47.6,4.071811199188232
1365889894.318814,873.170731707317,47.1,4.025067329406738
1365889894.59146,976.219512195122,47.6,4.070030212402344
1365889894.913962,957.3170731707316,47.1,4.081608533859253
1365889895.2455199,890.2439024390244,48.2,4.0245044231414795
1365889895.5172448,928.048780487805,47.6,4.024494409561157
1365889895.7902248,949.390243902439,48.2,4.069438934326172
1365889896.113475,965.2439024390244,47.6,4.057872533798218
1365889896.416695,803.048780487805,47.1,4.02527642250061
1365889896.690043,965.8536585365854,47.6,4.073838949203491
1365889897.015429,1106.09756097561,48.2,4.092656135559082
1365889897.3537989,819.5121951219512,47.6,4.032536268234253
1365889897.62549,950.0,47.1,4.08742618560791
1365889897.955658,1339.6341463414633,47.6,4.080876111984253
1365889898.280467,898.1707317073171,47.1,4.021847724914551
1365889898.551763,926.219512195122,47.6,4.080784797668457
1365889898.845561,984.7560975609756,47.6,4.081621408462524
1365889899.182509,867.0731707317074,47.6,4.0269646644592285
1365889899.4583948,853.0487804878048,46.5,4.024051666259766
1365889899.731563,957.3170731707316,47.6,4.075209856033325
1365889900.059498,1929.878048780488,47.6,4.085048198699951
1365889900.392433,1056.09756097561,47.6,4.038454532623291
1365889900.6659489,940.8536585365853,47.6,4.077719211578369
1365889900.989416,951.8292682926829,47.6,4.091849327087402
1365889901.3241868,863.4146341463414,47.6,4.029788494110107
1365889901.594464,1626.219512195122,47.1,4.207070827484131
1365889901.911913,956.0975609756097,47.1,4.078798770904541
1365889902.236613,794.5121951219512,47.6,4.028596639633179
1365889902.5100632,901.219512195122,47.1,4.028500556945801
1365889902.781804,1040.2439024390244,48.2,4.083517551422119
1365889903.115401,954.8780487804878,47.6,4.052210330963135
1365889903.417245,953.0487804878048,47.6,4.105222940444946
1365889903.6913211,970.1219512195122,47.1,4.077075481414795
1365889904.023581,965.2439024390244,47.1,4.0796427726745605
1365889904.355526,878.0487804878048,47.1,4.02564001083374
1365889904.6291552,957.3170731707316,48.2,4.075865745544434
1365889904.9555578,971.951219512195,47.6,4.077104806900024
1365889905.285451,845.1219512195122,47.6,4.023813486099243
1365889905.558796,799.3902439024391,48.2,4.052863836288452
1365889905.8555021,965.2439024390244,47.6,4.080987453460693
1365889906.179341,832.3170731707316,47.6,4.127543687820435
1365889906.4550679,1023.7804878048779,47.6,4.0385096073150635
1365889906.7249348,954.8780487804878,47.6,4.254692077636719
1365889907.05554,967.0731707317073,47.6,4.07933783531189
1365889907.385268,827.4390243902438,47.6,4.038292169570923
1365889907.658308,951.2195121951219,47.6,4.087836503982544
1365889907.99555,959.1463414634146,47.6,4.087345838546753
1365889908.33344,920.1219512195122,47.1,4.024486780166626
1365889908.606842,1090.2439024390244,47.1,4.0766401290893555
1365889908.935505,940.8536585365853,47.6,4.076753377914429
1365889909.2654982,826.2195121951219,47.6,4.047235012054443
1365889909.5393689,843.9024390243902,47.6,4.031290054321289
1365889909.813727,953.0487804878048,47.6,4.074357748031616
1365889910.1398442,954.8780487804878,47.6,4.046554327011108
1365889910.4345999,939.0243902439024,47.6,4.026244163513184
1365889910.7082329,964.0243902439024,47.6,4.084036827087402
1365889911.044139,954.2682926829268,48.2,4.081619739532471
1365889911.371837,912.1951219512196,47.6,4.028171539306641
1365889911.646239,1178.658536585366,47.6,4.084067344665527
1365889911.97525,973.170731707317,47.6,4.108194589614868
1365889912.335485,931.0975609756098,47.6,4.043910503387451
1365889912.608973,912.1951219512196,47.1,4.094942569732666
1365889912.925498,1601.219512195122,47.6,4.218311786651611
1365889913.251473,918.2926829268293,47.1,4.029581069946289
1365889913.525346,867.0731707317074,47.6,4.024983644485474
1365889913.79918,996.9512195121952,47.6,4.0887229442596436
1365889914.1337779,1012.1951219512196,48.2,4.052264213562012
1365889914.432123,865.2439024390244,47.6,4.141697883605957
1365889914.7035131,964.0243902439024,47.6,4.094874620437622
1365889915.034004,964.0243902439024,47.6,4.171236515045166
1365889915.365579,951.2195121951219,47.6,4.024733543395996
1365889915.638689,959.1463414634146,47.6,4.078831672668457
1365889915.963773,951.8292682926829,47.6,4.086572170257568
1365889916.29954,1014.0243902439023,47.6,4.021027565002441
1365889916.572643,968.2926829268292,47.1,4.0446155071258545
1365889916.868981,971.3414634146342,47.6,4.0790581703186035
1365889917.194675,798.1707317073171,47.6,4.02174711227417
1365889917.466388,788.4146341463415,47.6,4.022462368011475
1365889917.737984,959.1463414634146,47.6,4.074104309082031
1365889918.0656378,971.3414634146342,47.6,4.081386566162109
1365889918.393976,770.1219512195122,47.1,4.031158685684204
1365889918.668641,1207.9268292682927,47.6,4.174661636352539
1365889918.9938612,954.8780487804878,47.6,4.0891711711883545
1365889919.325493,865.2439024390244,47.6,4.022202730178833
1365889919.5972679,960.9756097560976,47.6,4.060210466384888
1365889919.9041338,1029.8780487804877,47.6,4.133673667907715
1365889920.23415,921.3414634146342,48.2,4.045452356338501
1365889920.508425,782.3170731707318,47.1,4.034223794937134
1365889920.780894,1048.780487804878,47.6,4.083537578582764
1365889921.116179,968.9024390243902,47.6,4.064682245254517
1365889921.430699,868.2926829268292,47.6,4.028973817825317
1365889921.702964,962.1951219512194,47.6,4.07401967048645
1365889922.0256782,979.8780487804878,47.6,4.084677219390869
1365889922.3555179,791.4634146341464,47.6,4.021847486495972
1365889922.626701,877.439024390244,47.6,4.075529098510742
1365889922.956127,949.390243902439,47.6,4.0746283531188965
1365889923.283131,784.1463414634146,47.6,4.064455986022949
1365889923.5524218,815.2439024390243,47.6,4.037339448928833
1365889923.82392,951.2195121951219,47.6,4.072967052459717
1365889924.14894,945.1219512195122,48.2,4.048067569732666
1365889924.444612,926.219512195122,47.6,4.03435754776001
1365889924.717341,964.0243902439024,47.6,4.116742849349976
1365889925.055667,1173.780487804878,47.6,4.075451374053955
1365889925.3837929,926.219512195122,47.6,4.026202201843262
1365889925.6549718,971.951219512195,47.6,4.076295375823975
1365889925.983789,1014.0243902439023,47.6,4.082295179367065
1365889926.316164,942.0731707317073,48.2,4.0215089321136475
1365889926.587142,1064.0243902439024,47.6,4.0477752685546875
1365889926.885489,1696.341463414634,48.2,4.086237192153931
1365889927.21805,950.0,47.6,4.029808282852173
1365889927.49064,940.8536585365853,47.6,4.028991460800171
1365889927.762135,935.3658536585366,47.6,4.090587139129639
1365889928.094398,965.8536585365854,47.6,4.087980508804321
1365889928.4254951,774.390243902439,47.6,4.030147075653076
1365889928.699852,951.8292682926829,47.6,4.063733100891113
1365889929.0156212,957.3170731707316,48.2,4.078683376312256
1365889929.345516,1042.0731707317073,47.6,4.021390438079834
1365889929.6168451,951.8292682926829,48.2,4.073436260223389
1365889929.9255412,971.951219512195,47.1,4.08330774307251
1365889930.255476,843.2926829268292,48.2,4.030239105224609
1365889930.527902,770.1219512195122,47.6,4.020304441452026
1365889930.7982562,953.0487804878048,47.6,4.0816330909729
1365889931.1238909,965.2439024390244,47.6,4.072496175765991
1365889931.450325,945.1219512195122,47.6,4.026988744735718
1365889931.7209,971.951219512195,47.6,4.076215744018555
1365889932.043752,1164.0243902439024,48.2,4.088525295257568
1365889932.3755798,884.1463414634146,47.1,4.050534725189209
1365889932.646579,1106.09756097561,47.6,4.074646949768066
1365889932.973679,1134.7560975609756,47.6,4.099050998687744
1365889933.3062558,957.9268292682926,47.6,4.0858917236328125
1365889933.5764391,778.048780487805,48.2,4.034896612167358
1365889933.8491158,984.1463414634146,48.2,4.078496217727661
1365889934.185539,890.8536585365854,47.6,4.0283989906311035
1365889934.458066,843.9024390243902,47.6,4.0257158279418945
1365889934.727726,954.2682926829268,47.1,4.083937168121338
1365889935.0558221,960.9756097560976,47.6,4.0818681716918945
1365889935.3842108,865.2439024390244,47.6,4.0261125564575195
1365889935.6647239,968.9024390243902,47.6,4.0765368938446045
1365889935.995252,964.0243902439024,47.1,4.085065126419067
1365889936.3333602,954.2682926829268,47.6,4.023214817047119
1365889936.602682,954.2682926829268,47.6,4.042499542236328
1365889936.8977091,951.2195121951219,47.6,4.083190441131592
1365889937.223041,805.4878048780488,48.2,4.034591436386108
1365889937.498314,957.9268292682926,47.6,4.030787229537964
1365889937.76915,967.0731707317073,47.6,4.0957441329956055
1365889938.1039119,971.951219512195,47.6,4.080624103546143
1365889938.431581,926.219512195122,48.2,4.030364751815796
1365889938.70331,968.2926829268292,47.6,4.083698511123657
1365889939.02757,954.2682926829268,47.6,4.089066505432129
1365889939.363744,745.1219512195122,48.2,4.027234792709351
1365889939.635255,1541.4634146341464,47.6,4.081665515899658
1365889939.9636748,932.3170731707318,47.1,4.080671548843384
1365889940.295916,868.9024390243902,47.6,4.025525808334351
1365889940.569676,860.9756097560976,47.6,4.022432804107666
1365889940.842162,948.170731707317,47.1,4.070834159851074
1365889941.167131,959.1463414634146,48.2,4.045640707015991
1365889941.462194,976.219512195122,47.6,4.027412414550781
1365889941.732773,968.9024390243902,47.6,4.0841968059539795
1365889942.063766,953.0487804878048,47.6,4.080529451370239
1365889942.396408,769.5121951219512,47.6,4.024491548538208
1365889942.669648,1056.09756097561,47.6,4.079925537109375
1365889942.994304,976.8292682926829,47.6,4.078680992126465
1365889943.325541,866.4634146341464,47.6,4.025510787963867
1365889943.596002,949.390243902439,47.6,4.040550231933594
1365889943.885479,973.170731707317,47.6,4.074710130691528
1365889944.215478,1084.1463414634147,47.6,4.025991678237915
1365889944.4870558,802.439024390244,47.6,4.026411294937134
1365889944.756438,951.8292682926829,47.6,4.073465585708618
1365889945.0770419,960.3658536585366,47.6,4.0744171142578125
1365889945.405636,939.0243902439024,47.6,4.023975372314453
1365889945.6776571,1178.658536585366,47.1,4.079800367355347
1365889946.010172,939.0243902439024,48.2,4.073636770248413
1365889946.337662,949.390243902439,47.6,4.021755218505859
1365889946.6089332,829.2682926829268,47.6,4.042813301086426
1365889946.905897,965.2439024390244,47.6,4.087420225143433
1365889947.236217,1023.7804878048779,47.1,4.04766321182251
1365889947.512099,913.4146341463415,47.1,4.023364305496216
1365889947.7863302,943.2926829268292,47.6,4.082048654556274
1365889948.125982,984.7560975609756,47.6,4.077881813049316
1365889948.4589171,990.2439024390244,47.6,4.025753498077393
1365889948.732565,968.9024390243902,47.6,4.076183795928955
1365889949.063338,970.1219512195122,47.6,4.083473205566406
1365889949.394909,1046.9512195121952,47.6,4.06970739364624
1365889949.6660979,987.8048780487804,47.6,4.085373640060425
1365889950.003823,962.8048780487804,47.6,4.085013151168823
1365889950.343549,834.1463414634146,48.2,4.02597188949585
1365889950.612791,920.1219512195122,47.6,4.041813135147095
1365889950.906214,926.219512195122,47.6,4.090967893600464
1365889951.245572,769.5121951219512,48.2,4.031108856201172
1365889951.519509,840.2439024390244,47.6,4.021578073501587
1365889951.790842,971.951219512195,48.2,4.071142196655273
1365889952.111722,1437.8048780487804,47.6,4.0729851722717285
1365889952.431828,830.4878048780488,47.6,4.028583288192749
1365889952.704314,964.0243902439024,47.6,4.079784631729126
1365889953.026737,971.951219512195,47.6,4.117025136947632
1365889953.352383,801.219512195122,47.6,4.023265838623047
1365889953.6241448,937.1951219512194,47.6,4.050056457519531
1365889953.9178822,982.9268292682926,47.6,4.0757482051849365
1365889954.247626,813.4146341463414,47.6,4.024686574935913
1365889954.521952,956.0975609756097,47.6,4.026015996932983
1365889954.7914062,951.2195121951219,47.6,4.101547479629517
1365889955.123818,965.8536585365854,47.6,4.072793483734131
1365889955.445486,928.048780487805,48.2,4.055916786193848
1365889955.71711,968.2926829268292,47.6,4.081916570663452
1365889956.044703,949.390243902439,47.6,4.087547063827515
1365889956.385906,840.2439024390244,47.6,4.042305946350098
1365889956.656849,929.2682926829269,47.6,4.088583707809448
1365889956.9817002,1339.6341463414633,47.6,4.073971509933472
1365889957.3082938,840.2439024390244,47.6,4.030280113220215
1365889957.579653,756.0975609756098,47.6,4.1784117221832275
1365889957.850778,970.1219512195122,47.6,4.107848882675171
1365889958.1862872,982.3170731707316,48.2,4.04107141494751
1365889958.4737742,830.4878048780488,47.6,4.021874904632568
1365889958.744917,965.2439024390244,47.6,4.077960968017578
1365889959.0747268,949.390243902439,47.6,4.0774664878845215
1365889959.405675,946.3414634146341,47.6,4.026868104934692
1365889959.6789398,1081.7073170731708,48.2,4.076995849609375
1365889960.000569,929.2682926829269,47.6,4.079279661178589
1365889960.325525,788.4146341463415,47.6,4.022809267044067
1365889960.596972,777.439024390244,48.2,4.020964860916138
1365889960.86829,957.3170731707316,47.6,4.075628280639648
1365889961.195539,950.0,47.6,4.034198999404907
1365889961.48013,976.219512195122,48.2,4.032752513885498
1365889961.753124,960.9756097560976,48.2,4.105303764343262
1365889962.083787,965.2439024390244,47.6,4.07973837852478
1365889962.4155,892.0731707317074,47.6,4.0291969776153564
1365889962.689661,968.9024390243902,47.6,4.0773773193359375
1365889963.013779,964.0243902439024,47.6,4.079644203186035
1365889963.346673,970.1219512195122,47.6,4.024648666381836
1365889963.617217,824.390243902439,47.6,4.035704851150513
1365889963.905584,960.9756097560976,47.1,4.0780558586120605
1365889964.2377942,871.3414634146342,47.6,4.050805330276489
1365889964.508758,1344.5121951219512,48.2,4.028710126876831
1365889964.7820458,946.3414634146341,47.6,4.077488660812378
1365889965.112352,954.2682926829268,48.2,4.074372053146362
1365889965.43377,896.3414634146342,47.6,4.026623010635376
1365889965.707672,970.1219512195122,47.1,4.079253196716309
1365889966.034223,965.2439024390244,47.6,4.084810495376587
1365889966.365537,902.439024390244,47.6,4.022886514663696
1365889966.638677,870.1219512195122,47.6,4.0838775634765625
1365889966.945537,993.9024390243902,48.2,4.122457027435303
1365889967.275718,801.219512195122,48.2,4.022931814193726
1365889967.548278,820.1219512195122,47.6,4.028427600860596
1365889967.8209689,950.0,48.2,4.065766334533691
1365889968.1390662,1021.9512195121952,48.2,4.080190896987915
1365889968.4698,784.1463414634146,47.6,4.024458885192871
1365889968.743428,957.9268292682926,47.6,4.095417261123657
1365889969.075543,968.2926829268292,47.6,4.075799465179443
1365889969.405671,962.8048780487804,47.6,4.037731647491455
1365889969.684118,949.390243902439,47.6,4.119595527648926
1365889970.025547,946.951219512195,47.6,4.075012922286987
1365889970.3534641,987.8048780487804,47.6,4.022950649261475
1365889970.6270359,767.0731707317074,47.1,4.044612407684326
1365889970.9258728,957.3170731707316,47.6,4.091242074966431
1365889971.245271,900.0,48.2,4.0257651805877686
1365889971.519664,1148.780487804878,48.2,4.02443790435791
1365889971.793088,970.1219512195122,47.6,4.077390909194946
1365889972.123007,962.8048780487804,47.6,4.1568896770477295
1365889972.445506,1389.6341463414635,48.2,4.028575420379639
1365889972.7222168,960.9756097560976,47.6,4.082478284835815
1365889973.055537,951.8292682926829,48.2,4.074870586395264
1365889973.385493,832.9268292682926,48.2,4.031318426132202
1365889973.658241,791.4634146341464,47.6,4.07551908493042
1365889973.973832,965.2439024390244,48.2,4.088951587677002
1365889974.315547,926.219512195122,47.6,4.238921403884888
1365889974.588692,1294.5121951219512,47.6,4.057077884674072
1365889974.862148,1051.8292682926829,47.6,4.077728986740112
1365889975.190658,1109.1463414634147,48.2,4.059213638305664
1365889975.493811,929.8780487804878,47.6,4.024560213088989
1365889975.768437,959.1463414634146,47.6,4.086409330368042
1365889976.106176,957.3170731707316,47.6,4.073950290679932
1365889976.43088,778.048780487805,48.2,4.030948877334595
1365889976.706771,1402.4390243902437,48.2,4.091202020645142
1365889977.0355258,1120.121951219512,48.2,4.076942682266235
1365889977.365504,850.0,48.2,4.025991201400757
1365889977.6350641,921.3414634146342,47.6,4.101777791976929
1365889977.935484,968.9024390243902,48.2,4.090394496917725
1365889978.272734,821.951219512195,47.6,4.021976947784424
1365889978.543843,842.0731707317073,47.6,4.041207551956177
1365889978.814676,976.219512195122,47.6,4.076863527297974
1365889979.145529,965.8536585365854,47.6,4.150851726531982
1365889979.465696,1114.6341463414635,48.7,4.034722805023193
1365889979.738762,959.1463414634146,47.6,4.06747579574585
1365889980.0607018,967.0731707317073,48.2,4.074393272399902
1365889980.388055,814.0243902439024,47.6,4.028409004211426
1365889980.657275,779.2682926829268,47.6,4.055447816848755
1365889980.968058,990.2439024390244,47.6,4.0880725383758545
1365889981.305579,929.2682926829269,47.6,4.024479150772095
1365889981.575582,806.0975609756098,48.2,4.0215840339660645
1365889981.846154,959.1463414634146,48.2,4.076817989349365
1365889982.1761322,954.2682926829268,47.6,4.067083835601807
1365889982.490389,794.5121951219512,48.2,4.0260844230651855
1365889982.759962,960.9756097560976,47.6,4.073042631149292
1365889983.081273,1018.9024390243901,48.2,4.082020044326782
1365889983.4137979,871.3414634146342,47.6,4.031604528427124
1365889983.686722,1270.7317073170732,47.6,4.084937810897827
1365889984.014944,976.219512195122,47.6,4.077757358551025
1365889984.3460622,827.4390243902438,47.6,4.028895378112793
1365889984.618794,849.390243902439,47.6,4.0948638916015625
1365889984.8964758,1057.9268292682925,47.6,4.082365036010742
1365889985.223764,867.0731707317074,47.6,4.027158498764038
1365889985.497715,819.5121951219512,47.6,4.022418975830078
1365889985.769857,946.3414634146341,47.6,4.232567071914673
1365889986.089769,957.3170731707316,48.2,4.161867141723633
1365889986.415509,934.1463414634147,47.6,4.043181657791138
1365889986.686371,780.4878048780488,48.2,4.069865703582764
1365889987.003714,1140.8536585365853,47.6,4.090467691421509
1365889987.34385,818.2926829268292,48.2,4.022519588470459
1365889987.616145,838.4146341463414,47.6,4.029276132583618
1365889987.888526,960.9756097560976,47.6,4.081477165222168
1365889988.212675,962.1951219512194,47.6,4.047863960266113
1365889988.510695,783.5365853658537,47.6,4.023418188095093
1365889988.781889,960.3658536585366,47.6,4.076540470123291
1365889989.1134012,951.2195121951219,47.6,4.079785585403442
1365889989.439716,781.0975609756098,47.6,4.06273627281189
1365889989.711123,964.0243902439024,47.6,4.068403244018555
1365889990.0355341,1031.0975609756097,48.2,4.088869333267212
1365889990.377484,976.219512195122,48.2,4.0266029834747314
1365889990.650794,788.4146341463415,47.6,4.0530571937561035
1365889990.951991,940.2439024390243,47.6,4.06843638420105
1365889991.273673,984.1463414634146,48.7,4.02785325050354
1365889991.551405,890.2439024390244,47.6,4.118788957595825
1365889991.823334,973.170731707317,48.2,4.0854456424713135
1365889992.1546292,962.8048780487804,47.6,4.13531494140625
1365889992.4855092,951.8292682926829,48.2,4.02730131149292
1365889992.7615979,956.0975609756097,47.6,4.095287084579468
1365889993.085535,954.8780487804878,48.2,4.084697484970093
1365889993.4174001,934.1463414634147,47.6,4.0216240882873535
1365889993.6897411,799.3902439024391,48.2,4.07602858543396
1365889994.010066,957.9268292682926,47.6,4.073041200637817
1365889994.333759,780.4878048780488,47.6,4.0225749015808105
1365889994.607284,954.8780487804878,47.6,4.025844097137451
1365889994.884154,935.3658536585366,47.6,4.079069375991821
1365889995.210594,954.2682926829268,47.6,4.051524877548218
1365889995.509357,893.2926829268292,48.2,4.0233941078186035
1365889995.781207,971.951219512195,48.2,4.093672037124634
1365889996.105529,1971.9512195121952,48.2,4.075230121612549
1365889996.433973,779.2682926829268,48.2,4.0258893966674805
1365889996.714677,995.1219512195122,47.6,4.084374904632568
1365889997.055619,957.9268292682926,47.6,4.085090398788452
1365889997.395505,789.0243902439024,47.6,4.027430057525635
1365889997.666684,899.390243902439,47.6,4.070234060287476
1365889997.966312,964.0243902439024,48.2,4.082106828689575
1365889998.295518,1278.6585365853657,48.2,4.025691270828247
1365889998.5686662,1479.878048780488,47.6,4.0229175090789795
1365889998.842057,954.2682926829268,47.6,4.071134090423584
1365889999.167111,975.0,48.2,4.076497316360474
1365889999.4990358,821.3414634146341,47.6,4.0303308963775635
1365889999.773727,957.3170731707316,47.6,4.084101676940918
1365890000.105539,1223.7804878048782,48.2,4.084044694900513
1365890000.435714,920.1219512195122,47.6,4.033951282501221
1365890000.7148721,1018.9024390243901,48.2,4.0735414028167725
1365890001.044169,1137.1951219512196,48.2,4.097981929779053
1365890001.3824482,777.439024390244,48.2,4.258774518966675
1365890001.653916,804.2682926829269,47.6,4.045815944671631
1365890001.9534101,1443.90243902439,47.6,4.0821754932403564
1365890002.2838101,957.3170731707316,48.2,4.03058648109436
1365890002.555949,809.1463414634147,47.6,4.029582738876343
1365890002.829126,957.3170731707316,47.6,4.079582452774048
1365890003.15577,968.2926829268292,47.6,4.082929849624634
1365890003.493254,903.048780487805,47.6,4.026207685470581
1365890003.763461,953.0487804878048,47.6,4.084262132644653
1365890004.09552,964.0243902439024,48.2,4.074306964874268
1365890004.423199,863.4146341463414,48.2,4.02214503288269
1365890004.696401,840.2439024390244,47.6,4.083034038543701
1365890005.0254989,975.0,47.6,4.08011531829834
1365890005.3538759,950.0,48.2,4.021223068237305
1365890005.625799,857.3170731707316,47.6,4.022756338119507
1365890005.898197,948.170731707317,47.6,4.081273794174194
1365890006.235544,942.0731707317073,47.6,4.075554370880127
1365890006.520322,819.5121951219512,47.6,4.025512218475342
1365890006.7906911,981.0975609756098,47.6,4.0756330490112305
1365890007.1222138,951.2195121951219,47.6,4.072925090789795
1365890007.445499,940.8536585365853,47.6,4.025732755661011
1365890007.720138,998.780487804878,47.6,4.073453664779663
1365890008.0344,990.2439024390244,47.6,4.081847667694092
1365890008.36213,1627.439024390244,48.2,4.027902364730835
1365890008.635068,904.8780487804878,48.2,4.026344060897827
1365890008.90725,968.2926829268292,47.6,4.081820726394653
1365890009.235605,960.3658536585366,47.6,4.03799033164978
1365890009.524967,827.4390243902438,47.6,4.0270233154296875
1365890009.798522,965.2439024390244,47.6,4.108267545700073
1365890010.125549,956.0975609756097,48.2,4.0736706256866455
1365890010.455519,857.3170731707316,47.6,4.020599365234375
1365890010.726954,971.3414634146342,47.6,4.0800182819366455
1365890011.055168,959.1463414634146,48.2,4.2513298988342285
1365890011.385477,1175.0,48.2,4.034349203109741
1365890011.658664,868.9024390243902,48.2,4.043403387069702
1365890011.9537039,968.2926829268292,48.2,4.081523418426514
1365890012.2854989,768.2926829268292,47.6,4.0238728523254395
1365890012.559956,915.8536585365854,47.6,4.0282769203186035
1365890012.8326552,949.390243902439,47.6,4.077229738235474
1365890013.155753,971.951219512195,47.6,4.074774503707886
1365890013.4844449,915.2439024390244,47.6,4.025930881500244
1365890013.755837,959.1463414634146,47.6,4.084250450134277
1365890014.0819929,973.780487804878,48.2,4.074186563491821
1365890014.4097211,851.219512195122,48.2,4.026579856872559
1365890014.682017,795.1219512195122,48.2,4.057703733444214
1365890014.9837708,970.1219512195122,48.2,4.074573040008545
1365890015.311417,775.0,48.2,4.028205871582031
1365890015.583582,951.8292682926829,47.6,4.021015882492065
1365890015.855077,942.0731707317073,47.6,4.084006071090698
1365890016.1933079,950.0,48.7,4.072334289550781
1365890016.522014,993.9024390243902,47.6,4.033650875091553
1365890016.79232,975.0,47.6,4.070640325546265
1365890017.115115,965.8536585365854,47.6,4.074537992477417
1365890017.443542,937.1951219512194,47.6,4.041016101837158
1365890017.715025,957.9268292682926,47.6,4.0807883739471436
1365890018.03574,971.951219512195,48.2,4.090841054916382
1365890018.365506,856.0975609756098,48.2,4.030300617218018
1365890018.636527,893.9024390243902,47.6,4.022849082946777
1365890018.907403,965.8536585365854,48.7,4.079391717910767
1365890019.233889,946.3414634146341,48.2,4.063344240188599
1365890019.5347068,854.8780487804878,47.6,4.03804349899292
1365890019.808234,953.0487804878048,48.2,4.081636667251587
1365890020.146703,1098.1707317073171,48.2,4.073746681213379
1365890020.474377,875.0,47.6,4.023469924926758
1365890020.7485518,960.9756097560976,47.6,4.074404001235962
1365890021.076942,948.170731707317,47.6,4.074643611907959
1365890021.405901,1175.6097560975609,47.6,4.024208068847656
1365890021.6782641,937.1951219512194,48.2,4.069963455200195
1365890021.9755142,945.1219512195122,47.6,4.0727081298828125
1365890022.302207,960.9756097560976,48.2,4.071159601211548
1365890022.571541,942.0731707317073,48.2,4.027746677398682
1365890022.8426409,965.8536585365854,47.6,4.076055288314819
1365890023.164452,1095.1219512195123,47.6,4.072805166244507
1365890023.4930859,948.170731707317,48.7,4.024298429489136
1365890023.767817,957.3170731707316,48.2,4.079258918762207
1365890024.094025,957.3170731707316,48.2,4.113617420196533
1365890024.425666,795.1219512195122,48.7,4.042778730392456
1365890024.69746,1023.7804878048779,48.2,4.12422776222229
1365890024.998334,946.951219512195,48.2,4.0782599449157715
1365890025.330567,848.170731707317,48.2,4.1098549365997314
1365890025.6044421,773.1707317073171,48.2,4.020626783370972
1365890025.876043,975.0,47.6,4.081063508987427
1365890026.215567,960.3658536585366,48.2,4.0699286460876465
1365890026.535125,937.8048780487804,48.7,4.02527928352356
1365890026.804369,945.1219512195122,48.2,4.076813697814941
1365890027.135534,965.8536585365854,48.2,4.074516534805298
1365890027.464792,904.2682926829268,48.2,4.0260419845581055
1365890027.743378,1100.0,48.7,4.075788497924805
1365890028.073758,943.2926829268292,48.2,4.08148455619812
1365890028.4158459,815.2439024390243,48.2,4.02286434173584
1365890028.686611,807.3170731707318,47.6,4.047260522842407
1365890028.985533,939.0243902439024,47.6,4.079391241073608
1365890029.318691,866.4634146341464,48.2,4.02718186378479
1365890029.592216,1343.9024390243903,48.2,4.050321102142334
1365890029.863948,978.0487804878048,48.2,4.098435163497925
1365890030.195557,962.1951219512194,48.2,4.071111679077148
1365890030.5205,764.0243902439024,48.2,4.0255725383758545
1365890030.790071,973.780487804878,48.7,4.068389415740967
1365890031.115565,1763.4146341463415,48.2,4.077852010726929
1365890031.4452438,832.9268292682926,48.2,4.019423961639404
1365890031.716388,979.8780487804878,48.2,4.063100099563599
1365890032.02646,957.3170731707316,48.2,4.088533639907837
1365890032.3655,820.1219512195122,47.6,4.238082408905029
1365890032.636459,928.048780487805,48.2,4.028506755828857
1365890032.909023,1059.1463414634145,48.2,4.080657005310059
1365890033.237818,960.9756097560976,48.7,4.080584526062012
1365890033.533973,906.0975609756098,47.6,4.022618293762207
1365890033.805446,957.3170731707316,48.2,4.09326696395874
1365890034.135555,971.951219512195,48.2,4.082536458969116
1365890034.46551,766.4634146341464,47.6,4.021697282791138
1365890034.738564,1865.2439024390244,48.2,4.127594947814941
1365890035.06371,967.0731707317073,47.6,4.084923267364502
1365890035.3976572,781.0975609756098,47.6,4.018802881240845
1365890035.667839,876.219512195122,48.2,4.079073429107666
1365890035.944928,1218.9024390243903,47.6,4.075013637542725
1365890036.2733161,1039.0243902439024,48.2,4.02604866027832
1365890036.547084,901.219512195122,48.2,4.021558046340942
1365890036.819016,954.8780487804878,47.6,4.078392505645752
1365890037.134104,1312.8048780487804,48.7,4.081291675567627
1365890037.4631839,984.1463414634146,48.2,4.026828765869141
1365890037.7361422,799.3902439024391,47.6,4.063566446304321
1365890038.055489,959.1463414634146,47.6,4.08428430557251
1365890038.393843,940.2439024390243,47.6,4.040255308151245
1365890038.665042,801.219512195122,48.2,4.107361555099487
1365890038.9368682,962.8048780487804,48.2,4.10270619392395
1365890039.264268,962.8048780487804,48.2,4.039280652999878
1365890039.551747,770.1219512195122,47.6,4.023279190063477
1365890039.824812,945.1219512195122,47.6,4.120482921600342
1365890040.155545,957.9268292682926,47.1,4.135571718215942
1365890040.4805892,771.3414634146342,47.6,4.026218891143799
1365890040.764683,951.2195121951219,48.2,4.075470924377441
1365890041.084683,959.1463414634146,47.6,4.084062337875366
1365890041.4231439,921.9512195121952,48.7,4.026947975158691
1365890041.694216,850.0,48.2,4.048306465148926
1365890041.9792159,946.951219512195,48.2,4.0698394775390625
1365890042.297608,803.048780487805,48.7,4.028791904449463
1365890042.573044,882.3170731707318,48.2,4.025816917419434
1365890042.842612,950.0,48.2,4.067790269851685
1365890043.165542,1015.8536585365854,47.6,4.075356483459473
1365890043.496685,791.4634146341464,47.6,4.023869514465332
1365890043.7658281,956.0975609756097,48.7,4.07409930229187
1365890044.095621,962.1951219512194,48.2,4.089166641235352
1365890044.4334059,1853.0487804878048,47.6,4.025108575820923
1365890044.705102,898.1707317073171,47.6,4.043562412261963
1365890045.003493,970.1219512195122,48.2,4.080379247665405
1365890045.335518,882.9268292682926,48.2,4.028698444366455
1365890045.610484,954.8780487804878,47.6,4.019953966140747
1365890045.8820422,939.0243902439024,47.6,4.076657056808472
1365890046.2142751,998.780487804878,48.2,4.076020240783691
1365890046.54619,835.9756097560976,48.7,4.020683288574219
1365890046.817427,959.1463414634146,47.6,4.092849016189575
1365890047.145545,1409.7560975609756,48.2,4.080167055130005
1365890047.47381,850.0,48.2,4.037742853164673
1365890047.745931,831.0975609756097,48.7,4.07817530632019
1365890048.0763772,1774.3902439024391,48.2,4.085322141647339
1365890048.413733,776.219512195122,48.2,4.027847051620483
1365890048.691166,906.0975609756098,47.6,4.0264623165130615
1365890048.968711,970.1219512195122,48.7,4.0816075801849365
1365890049.2935622,992.0731707317074,48.2,4.027780532836914
1365890049.572393,798.1707317073171,47.6,4.020020961761475
1365890049.843689,985.9756097560976,48.7,4.093195199966431
1365890050.169047,973.170731707317,48.7,4.075257301330566
1365890050.501245,809.1463414634147,47.6,4.028299331665039
1365890050.7809339,1327.439024390244,47.6,4.0990684032440186
1365890051.105528,962.1951219512194,48.7,4.07360053062439
1365890051.4334579,896.3414634146342,47.6,4.023543357849121
1365890051.702742,801.219512195122,48.2,4.039355993270874
1365890051.995507,1043.9024390243903,48.2,4.148489713668823
1365890052.3242428,1131.0975609756097,48.7,4.021835088729858
1365890052.597929,817.0731707317073,47.6,4.022440195083618
1365890052.8721228,960.9756097560976,47.6,4.072557687759399
1365890053.198914,964.0243902439024,48.2,4.066241264343262
