1365889747.866213,423.200012,4.284406423568726
1365889748.064726,437.600006,4.1725380420684814
1365889748.2663743,145.600006,4.535891056060791
1365889748.4678714,160.000000,4.336267948150635
1365889748.6859376,158.400009,4.119863510131836
1365889748.8652198,431.200012,4.475872993469238
1365889749.07763,144.000000,4.4756178855896
1365889749.264757,448.000000,4.29112982749939
1365889749.468232,158.400009,4.089808702468872
1365889749.6883025,150.400009,4.109971761703491
1365889749.8652155,419.200012,4.17242693901062
1365889750.0674376,441.600006,4.139853239059448
1365889750.2695162,425.600006,4.2341954708099365
1365889750.4707658,161.600006,4.147497653961182
1365889750.746331,441.600006,4.301352262496948
1365889750.8657799,439.200012,4.1851794719696045
1365889751.0696957,147.199997,4.591346979141235
1365889751.2704625,168.000000,4.400026321411133
1365889751.4702535,161.600006,4.202402591705322
1365889751.6703565,156.000000,4.123516082763672
1365889751.8704536,147.199997,4.092262506484985
1365889752.085134,141.600006,4.651391267776489
1365889752.2678263,422.399994,4.470731735229492
1365889752.472071,162.400009,4.27151083946228
1365889752.6680627,437.600006,4.119243144989014
1365889752.8897176,141.600006,4.0669755935668945
1365889753.0753193,441.600006,4.063796758651733
1365889753.2816458,141.600006,4.0644614696502686
1365889753.4702113,423.200012,4.14632511138916
1365889753.675344,154.400009,4.070695877075195
1365889753.874971,168.800003,4.067797660827637
1365889754.0760984,158.400009,4.066895008087158
1365889754.2840738,160.000000,4.085069894790649
1365889754.480701,441.600006,4.111628293991089
1365889754.671366,444.000000,4.0638511180877686
1365889754.8960652,158.400009,4.070191144943237
1365889755.0712202,427.200012,4.054244041442871
1365889755.2935116,160.000000,4.104706764221191
1365889755.4716628,431.200012,4.075558185577393
1365889755.6775005,141.600006,4.063251972198486
1365889755.8761933,137.600006,4.068868637084961
1365889756.075999,161.600006,4.064107894897461
1365889756.2774675,160.000000,4.090973377227783
1365889756.480639,154.400009,4.08823561668396
1365889756.678217,449.600006,4.1926350593566895
1365889756.8749826,441.600006,4.092884302139282
1365889757.0890427,164.000000,4.110900402069092
1365889757.2733386,440.800018,4.065356492996216
1365889757.4847376,158.400009,4.073977470397949
1365889757.6748633,423.200012,4.057832717895508
1365889757.886052,141.600006,4.126053333282471
1365889758.078285,439.200012,4.096023321151733
1365889758.2844036,1430.400024,4.1065003871917725
1365889758.478545,427.200012,4.105541944503784
1365889758.6772192,166.400009,4.067698955535889
1365889758.8807065,436.800018,4.069197416305542
1365889759.0784063,429.600006,4.053187131881714
1365889759.320404,154.400009,4.138944149017334
1365889759.4748023,451.200012,4.137303113937378
1365889759.679573,164.000000,4.061935186386108
1365889759.8832035,443.200012,4.06174373626709
1365889760.0809026,156.000000,4.063140153884888
1365889760.280633,149.600006,4.0777974128723145
1365889760.4804692,141.600006,4.055272579193115
1365889760.6811776,148.000000,4.081777811050415
1365889760.889285,140.000000,4.065510034561157
1365889761.0786388,445.600006,4.069894313812256
1365889761.285707,164.000000,4.563503265380859
1365889761.4851513,451.200012,4.366246223449707
1365889761.6841521,437.600006,4.2036049365997314
1365889761.8889906,158.400009,4.0561769008636475
1365889762.0998528,432.800018,4.058415174484253
1365889762.2986608,435.200012,4.585210800170898
1365889762.489426,431.200012,4.440187454223633
1365889762.6782815,437.600006,4.254317760467529
1365889762.8819878,601.600037,4.097207546234131
1365889763.0793362,443.200012,4.083470821380615
1365889763.2932608,355.200012,4.144784450531006
1365889763.485111,420.800018,4.087723970413208
1365889763.6823146,428.800018,4.263288974761963
1365889763.8978753,160.000000,4.095547437667847
1365889764.080325,440.800018,4.05511999130249
1365889764.2836123,154.400009,4.060884952545166
1365889764.4862797,140.000000,4.113485336303711
1365889764.6823664,1334.400024,4.159444332122803
1365889764.883012,156.000000,4.062841892242432
1365889765.083746,143.199997,4.062850713729858
1365889765.2837994,139.199997,4.245466232299805
1365889765.4855733,164.800003,4.067628622055054
1365889765.685963,157.600006,4.154606342315674
1365889765.8891716,441.600006,4.118528127670288
1365889766.087949,164.000000,4.098300933837891
1365889766.2875397,150.400009,4.180786609649658
1365889766.4889672,441.600006,4.595787286758423
1365889766.6852984,440.800018,4.40186882019043
1365889766.8961098,162.400009,4.1927080154418945
1365889767.0847015,435.200012,4.069573640823364
1365889767.2910962,152.000000,4.19476842880249
1365889767.503623,359.200012,4.080377817153931
1365889767.6892643,427.200012,4.11242938041687
1365889767.8881633,418.399994,4.1852991580963135
1365889768.0891194,435.200012,4.053969383239746
1365889768.2940145,158.400009,4.056241273880005
1365889768.4985447,410.399994,4.137743711471558
1365889768.7199225,428.800018,4.072072505950928
1365889768.8867965,425.600006,4.069200038909912
1365889769.0933728,154.400009,4.163719415664673
1365889769.2900796,141.600006,4.067263126373291
1365889769.4905515,168.000000,4.088988304138184
1365889769.6868143,439.200012,4.05493950843811
1365889769.8901718,160.000000,4.059809446334839
1365889770.0983186,420.800018,4.0530171394348145
1365889770.2876463,439.200012,4.080754280090332
1365889770.4916131,149.600006,4.074536323547363
1365889770.6939592,166.400009,4.072242736816406
1365889770.8927765,161.600006,4.062765598297119
1365889771.0938344,440.800018,4.2080700397491455
1365889771.2930646,168.800003,4.140069007873535
1365889771.4956253,444.000000,4.146647691726685
1365889771.6956174,520.000000,4.084471225738525
1365889771.9088721,152.000000,4.05997371673584
1365889772.0906177,404.000000,4.0589354038238525
1365889772.2926903,425.600006,4.171037673950195
1365889772.493119,422.399994,4.118123292922974
1365889772.711304,352.800018,4.136074542999268
1365889772.8909585,418.399994,4.062082529067993
1365889773.0946743,157.600006,4.277301788330078
1365889773.297707,144.000000,4.109317064285278
1365889773.4974499,1158.400024,4.11595892906189
1365889773.6975665,160.000000,4.123688220977783
1365889773.8968816,158.400009,4.070344686508179
1365889774.097174,156.000000,4.059982776641846
1365889774.297908,154.400009,4.560286283493042
1365889774.499542,149.600006,4.408613681793213
1365889774.6982446,141.600006,4.214642524719238
1365889774.8982751,141.600006,4.113499879837036
1365889775.0993028,164.000000,4.241668701171875
1365889775.2989686,160.000000,4.21215295791626
1365889775.4990005,158.400009,4.1177849769592285
1365889775.7081075,152.000000,4.100963830947876
1365889775.897103,425.600006,4.057461977005005
1365889776.0999446,147.199997,4.251355171203613
1365889776.3032455,161.600006,4.1227521896362305
1365889776.5023282,444.000000,4.079606294631958
1365889776.7051167,161.600006,4.1112961769104
1365889776.905657,431.200012,4.131319761276245
1365889777.1027384,436.800018,4.058709383010864
1365889777.3135278,423.200012,4.19885516166687
1365889777.500819,458.399994,4.256091356277466
1365889777.7038758,144.000000,4.1209564208984375
1365889777.9059954,144.000000,4.0939671993255615
1365889778.1029768,444.000000,4.067348003387451
1365889778.3005848,443.200012,4.306956052780151
1365889778.5103345,152.000000,4.56623911857605
1365889778.70978,453.600006,4.36995530128479
1365889778.9001372,425.600006,4.182411432266235
1365889779.1056836,162.400009,4.063615083694458
1365889779.3042343,156.000000,4.44476318359375
1365889780.9704382,154.400009,4.074948310852051
1365889780.9732645,566.400024,4.094506025314331
1365889780.9740376,166.400009,4.0947425365448
1365889780.974761,160.000000,4.095128774642944
1365889780.9754934,145.600006,4.0982019901275635
1365889780.9761274,147.199997,4.0991370677948
1365889780.9768298,152.000000,4.0995447635650635
1365889780.9775195,156.000000,4.100016832351685
1365889781.1283782,436.800018,4.078935623168945
1365889781.3045866,412.800018,4.139182806015015
1365889781.5262911,441.600006,4.079637765884399
1365889781.7032654,436.800018,4.130649089813232
1365889781.914183,158.400009,4.144236087799072
1365889782.1082401,420.800018,4.0603978633880615
1365889782.3118298,143.199997,4.279815912246704
1365889782.5047054,443.200012,4.447756052017212
1365889782.7092183,160.000000,4.245973348617554
1365889782.9089549,139.199997,4.07029128074646
1365889783.1103709,168.800003,4.35046911239624
1365889783.3093429,144.000000,4.220994234085083
1365889783.5095322,141.600006,4.085230588912964
1365889783.7121358,168.800003,4.105844736099243
1365889783.9105856,144.000000,4.0574095249176025
1365889784.1110413,168.000000,4.125454902648926
1365889784.3130836,161.600006,4.069127798080444
1365889784.5110428,140.000000,4.07925820350647
1365889784.7155292,440.800018,4.068807363510132
1365889784.9198487,588.799988,4.07242488861084
1365889785.1074672,439.200012,4.100997447967529
1365889785.3121607,144.000000,4.06608772277832
1365889785.5104344,161.600006,4.1175758838653564
1365889785.7670517,160.000000,4.503056287765503
1365889785.9072242,435.200012,4.368418216705322
1365889788.1757107,440.800018,4.198099851608276
1365889788.177351,139.199997,4.197511911392212
1365889788.1786618,440.800018,4.197329521179199
1365889788.1798537,145.600006,4.19706654548645
1365889788.1810322,161.600006,4.196731090545654
1365889788.182203,139.199997,4.196406602859497
1365889788.1834354,141.600006,4.196423053741455
1365889788.184633,145.600006,4.197860240936279
1365889788.1858048,149.600006,4.202019453048706
1365889788.188137,149.600006,4.202786445617676
1365889788.1894639,153.600006,4.204168319702148
1365889788.3101156,437.600006,4.218034982681274
1365889789.9752483,164.800003,4.071341514587402
1365889789.9772596,143.199997,4.136420726776123
1365889789.978861,432.800018,4.13602089881897
1365889789.9804509,145.600006,4.135320663452148
1365889789.9819355,149.600006,4.134664535522461
1365889789.9837904,150.400009,4.1335625648498535
1365889789.9853199,154.400009,4.1328816413879395
1365889789.986847,156.000000,4.1334028244018555
1365889790.1091244,445.600006,4.087032318115234
1365889790.3131828,432.800018,4.077195644378662
1365889790.5194101,423.200012,4.112436294555664
1365889790.7255712,436.800018,4.254129648208618
1365889790.9087474,428.800018,4.643689155578613
1365889791.116956,139.199997,4.4404075145721436
1365889791.314784,158.400009,4.250633716583252
1365889791.5146153,154.400009,4.977961540222168
1365889791.7169342,152.000000,4.77962064743042
1365889791.9157743,144.000000,4.917121410369873
1365889792.1170363,168.000000,4.718909502029419
1365889792.3187528,164.800003,4.519562244415283
1365889792.5180736,158.400009,4.323067903518677
1365889792.7157645,154.400009,4.1720263957977295
1365889792.9162068,158.400009,4.177389621734619
1365889793.1170473,456.000000,4.149011135101318
1365889793.3180764,139.199997,4.660208702087402
1365889793.5147064,441.600006,4.466193437576294
1365889793.732016,162.400009,4.250463962554932
1365889793.928515,415.200012,4.086482524871826
1365889794.1144035,422.399994,4.054057598114014
1365889794.3191545,161.600006,4.357694864273071
1365889794.5266023,160.000000,4.156539678573608
1365889794.7239838,437.600006,4.306506395339966
1365889794.9164069,448.000000,4.116166353225708
1365889795.15002,166.400009,4.093440532684326
1365889795.3156528,441.600006,4.079769849777222
1365889795.5189018,156.000000,4.113800048828125
1365889795.7173176,1061.599976,4.076502561569214
1365889795.9192545,157.600006,4.070800304412842
1365889796.11863,147.199997,4.061603546142578
1365889796.321381,141.600006,4.1380603313446045
1365889796.5231209,170.400009,4.075232744216919
1365889796.7196233,1227.200073,4.2122697830200195
1365889796.9174366,435.200012,4.053425073623657
1365889797.1146972,437.600006,4.192632436752319
1365889797.3201675,141.600006,4.057279348373413
1365889797.5237162,158.400009,4.235609292984009
1365889797.7230997,178.400009,4.108021974563599
1365889797.9214919,170.400009,4.132322072982788
1365889798.1470895,444.000000,4.23451828956604
1365889798.3184066,437.600006,4.19826865196228
1365889798.5202205,147.199997,4.552985429763794
1365889798.7236319,172.000000,4.356036424636841
1365889798.919288,427.200012,4.266729354858398
1365889799.1226323,425.600006,4.21926212310791
1365889799.3270495,437.600006,4.220494747161865
1365889799.5246198,440.800018,4.113382577896118
1365889799.7276754,154.400009,4.164276123046875
1365889799.9234445,716.799988,4.060583829879761
1365889800.1417542,425.600006,4.385542154312134
1365889800.3190408,423.200012,4.216641426086426
1365889800.5322511,143.199997,4.071159601211548
1365889800.7267303,448.000000,4.07684588432312
1365889800.9215314,437.600006,4.057798147201538
1365889801.1232755,153.600006,4.070059776306152
1365889801.3250804,139.199997,4.058046579360962
1365889801.5278997,168.800003,4.080131769180298
1365889801.729657,587.200012,4.149392604827881
1365889801.9200127,451.200012,4.1155242919921875
1365889802.1257725,160.000000,4.066554546356201
1365889802.3274941,1353.599976,4.082353353500366
1365889802.5292072,1141.599976,4.216281175613403
1365889802.7331488,422.399994,4.122215509414673
1365889802.9296427,424.800018,4.194066286087036
1365889803.129558,158.400009,4.209862470626831
1365889803.32841,152.000000,4.089078426361084
1365889803.5286512,429.600006,4.196396112442017
1365889803.7336197,443.200012,4.207484722137451
1365889803.9477687,441.600006,4.0684263706207275
1365889804.1239753,427.200012,4.104784250259399
1365889804.3278902,157.600006,4.080402612686157
1365889804.531102,143.199997,4.206250190734863
1365889804.7291725,360.800018,4.137970209121704
1365889804.9336586,145.600006,4.18168568611145
1365889805.1344435,425.600006,4.056627511978149
1365889805.336151,164.800003,4.475595474243164
1365889805.5669765,428.800018,4.247441053390503
1365889805.7358243,427.200012,4.180181264877319
1365889805.9271486,425.600006,4.259649991989136
1365889806.1331244,164.000000,4.079354524612427
1365889806.3324792,148.000000,4.270296812057495
1365889806.5343914,596.000000,4.13340950012207
1365889806.7431364,147.199997,4.144536972045898
1365889806.9303513,453.600006,4.052643060684204
1365889807.1409202,164.800003,4.058169603347778
1365889807.333845,428.800018,4.076269626617432
1365889807.5428107,724.799988,4.123694181442261
1365889807.7310545,432.800018,4.371652841567993
1365889807.9317658,429.600006,4.173394441604614
1365889808.1353035,437.600006,4.078805923461914
1365889808.3387396,437.600006,4.067319631576538
1365889808.5345147,428.800018,4.122753143310547
1365889808.733768,439.200012,4.097450017929077
1365889808.9375265,156.000000,4.064841032028198
1365889809.1389484,597.600037,4.080190420150757
1365889809.3382344,494.399994,4.12212347984314
1365889809.5378993,149.600006,4.247354984283447
1365889809.7400768,143.199997,4.205013990402222
1365889809.9377735,339.200012,4.100178956985474
1365889810.1388707,164.000000,4.068159341812134
1365889810.3382435,157.600006,4.129067897796631
1365889810.53892,156.000000,4.128597736358643
1365889810.7415445,148.000000,4.1134934425354
1365889810.939108,147.199997,4.1012046337127686
1365889811.1393626,141.600006,4.053614377975464
1365889811.3417618,170.400009,4.102106094360352
1365889811.5414236,150.400009,4.155471563339233
1365889811.7541564,145.600006,4.081573963165283
1365889811.938175,424.800018,4.203500032424927
1365889813.4108014,162.400009,4.078056335449219
1365889813.4119525,141.600006,4.116305589675903
1365889813.4133215,144.000000,4.11655330657959
1365889813.4149294,433.600006,4.116369009017944
1365889813.4163895,425.600006,4.116220951080322
1365889813.4181364,145.600006,4.115665435791016
1365889813.4196672,443.200012,4.115506887435913
1365889813.54113,536.000000,4.07100248336792
1365889813.7377737,427.200012,4.0644426345825195
1365889813.944336,139.199997,4.062065601348877
1365889814.1377916,419.200012,4.053811311721802
1365889814.343607,153.600006,4.073217868804932
1365889814.543289,153.600006,4.092468976974487
1365889814.7523015,447.200012,4.069742679595947
1365889814.9697874,420.800018,4.141921758651733
1365889815.1396806,425.600006,4.061962366104126
1365889815.3455763,156.000000,4.061132431030273
1365889815.5439825,143.199997,4.173914670944214
1365889815.7453926,141.600006,4.066136598587036
1365889815.945972,166.400009,4.091875791549683
1365889816.1461334,158.400009,4.192633628845215
1365889816.3462234,156.000000,4.149333953857422
1365889816.5481858,144.000000,4.228848218917847
1365889816.7449517,140.000000,4.078683614730835
1365889816.946724,285.600006,4.349648952484131
1365889817.1477222,158.400009,4.155137300491333
1365889817.3453636,436.800018,4.071838140487671
1365889817.5504525,453.600006,4.25544548034668
1365889817.748397,435.200012,4.134319305419922
1365889817.9486,166.400009,4.107452869415283
1365889818.1513295,139.199997,4.1084160804748535
1365889818.3459444,453.600006,4.104028224945068
1365889818.5501251,158.400009,4.0612335205078125
1365889818.753953,148.000000,4.13942551612854
1365889818.9499261,140.000000,4.100490570068359
1365889819.1528797,168.800003,4.4104905128479
1365889819.349736,1293.599976,4.408187627792358
1365889819.5528734,154.400009,4.209031820297241
1365889819.7527492,143.199997,4.125375270843506
1365889819.9615443,141.600006,4.080058813095093
1365889820.1479535,415.200012,4.13563871383667
1365889820.3717964,157.600006,4.08565878868103
1365889820.5940087,441.600006,4.099517345428467
1365889820.7488081,436.800018,4.074118614196777
1365889820.9543183,143.199997,4.05914568901062
1365889821.1519809,164.000000,4.086548089981079
1365889821.3526845,158.400009,4.061126232147217
1365889821.5523367,168.800003,4.078334808349609
1365889821.7534351,443.200012,4.057925224304199
1365889821.9531221,1408.000000,4.059415817260742
1365889822.1538,441.600006,4.07034707069397
1365889822.3583024,149.600006,4.068885564804077
1365889822.566854,592.799988,4.060772895812988
1365889822.75154,404.800018,4.058557748794556
1365889822.9561927,412.800018,4.069535970687866
1365889823.1615093,145.600006,4.1472203731536865
1365889823.354164,432.800018,4.291402339935303
1365889823.562448,145.600006,4.283635854721069
1365889824.8254907,552.799988,4.079533338546753
1365889824.8268013,164.000000,4.079083442687988
1365889824.8286192,140.000000,4.077813625335693
1365889824.8299851,140.000000,4.076937675476074
1365889824.8312716,144.000000,4.076210021972656
1365889824.8326714,154.400009,4.075564384460449
1365889824.9550505,439.200012,4.065066576004028
1365889825.1535645,422.399994,4.097938060760498
1365889825.360201,158.400009,4.269939422607422
1365889825.558145,148.000000,4.074840068817139
1365889825.762306,145.600006,4.099212884902954
1365889825.9539344,422.399994,4.057624816894531
1365889827.8648958,462.399994,4.096969366073608
1365889827.9603386,457.600006,4.0749640464782715
1365889827.9614515,347.200012,4.116236686706543
1365889827.9621515,156.000000,4.117309331893921
1365889827.9627779,140.000000,4.117712736129761
1365889827.963383,164.000000,4.117926597595215
1365889827.9639902,164.800003,4.118012189865112
1365889827.964596,164.000000,4.117997407913208
1365889827.9652007,139.199997,4.117932558059692
1365889827.965804,422.399994,4.117926836013794
1365889828.1604846,428.800018,4.062767744064331
1365889828.3588204,158.400009,4.117726564407349
1365889828.561276,154.400009,4.055777549743652
1365889828.7619374,148.000000,4.2792463302612305
1365889828.961782,160.000000,4.177286386489868
1365889829.1594503,158.400009,4.053943872451782
1365889829.3610575,152.000000,4.414870500564575
1365889829.5652945,144.000000,4.301828861236572
1365889829.790931,449.600006,4.149569749832153
1365889829.9581683,423.200012,4.076375246047974
1365889830.1684809,164.000000,4.069099426269531
1365889830.3578842,441.600006,4.074079513549805
1365889830.5659554,443.200012,4.315577268600464
1365889830.7772257,921.600037,4.185392618179321
1365889830.9595056,456.000000,4.067555904388428
1365889831.167492,156.000000,4.068188190460205
1365889831.3631299,410.399994,4.079746246337891
1365889831.5631018,164.000000,4.057157039642334
1365889831.79165,439.200012,4.054565906524658
1365889831.9574172,439.200012,4.06241250038147
1365889832.1617675,158.400009,4.071958541870117
1365889832.3632128,143.199997,4.07151198387146
1365889832.5700188,140.000000,4.081956624984741
1365889832.759253,448.000000,4.065499305725098
1365889832.962623,145.600006,4.0544445514678955
1365889833.1686804,168.800003,4.065644979476929
1365889833.3615518,449.600006,4.059346914291382
1365889833.5628278,140.000000,4.064290285110474
1365889833.7645004,168.800003,4.073983907699585
1365889833.9687884,441.600006,4.060448169708252
1365889834.1608105,440.800018,4.12905478477478
1365889835.6205194,168.800003,4.067384243011475
1365889835.6214828,144.000000,4.160563707351685
1365889835.6226728,152.000000,4.160377502441406
1365889835.6235309,153.600006,4.160801410675049
1365889835.6246238,425.600006,4.161134719848633
1365889835.626477,349.600006,4.161330223083496
1365889835.6279774,147.199997,4.1616339683532715
1365889835.7668097,451.200012,4.095359563827515
1365889835.9690802,166.400009,4.059463739395142
1365889836.1634958,436.800018,4.062180995941162
1365889836.3755298,164.000000,4.153130054473877
1365889836.5632818,431.200012,4.056765556335449
1365889836.7682436,147.199997,4.229818820953369
1365889836.9735942,164.000000,4.551435232162476
1365889837.165603,440.800018,4.364286422729492
1365889837.3712666,164.800003,4.168136119842529
1365889837.5703626,1252.000000,4.07991886138916
1365889837.7812557,166.400009,4.057857513427734
1365889837.9672973,439.200012,4.069637060165405
1365889838.1686015,154.400009,4.057814598083496
1365889838.3687923,143.199997,4.059863090515137
1365889838.568361,140.000000,4.125841856002808
1365889838.7684016,137.600006,4.452592134475708
1365889838.9936697,444.000000,4.231648921966553
1365889839.1676068,423.200012,4.071919202804565
1365889839.3755221,461.600006,4.107624053955078
1365889839.5647988,439.200012,4.069508075714111
1365889839.7693899,440.800018,4.056488513946533
1365889839.9705586,152.000000,4.22744345664978
1365889840.178727,591.200012,4.102264165878296
1365889840.37306,443.200012,4.163833856582642
1365889840.5853999,158.400009,4.067061424255371
1365889840.7737339,429.600006,4.0568320751190186
1365889840.9718118,152.000000,4.060771703720093
1365889841.1751337,144.000000,4.065168619155884
1365889841.3800814,168.800003,4.068545341491699
1365889841.57001,441.600006,4.288069725036621
1365889841.7733598,158.400009,4.283967733383179
1365889841.974603,157.600006,4.086731672286987
1365889842.1759064,197.600006,4.116657018661499
1365889842.380387,452.000000,4.0696938037872314
1365889842.5826972,482.399994,4.061969995498657
1365889842.7772558,425.600006,4.119860410690308
1365889842.990327,472.800018,4.091567039489746
1365889843.1967995,452.000000,4.055694580078125
1365889843.3737385,439.200012,4.150628566741943
1365889843.5856035,410.399994,4.137514352798462
1365889843.775633,448.000000,4.0824737548828125
1365889843.9850261,440.800018,4.063711643218994
1365889844.1954255,437.600006,4.06090521812439
1365889844.3788514,436.800018,4.13430380821228
1365889844.5875392,153.600006,4.133313179016113
1365889844.7761683,452.000000,4.066751003265381
1365889845.0019183,458.399994,4.053257703781128
1365889845.1851063,482.399994,4.068498611450195
1365889845.3787727,433.600006,4.071068525314331
1365889845.5882504,162.400009,4.059894323348999
1365889845.7772198,441.600006,4.060775518417358
1365889845.980442,140.000000,4.135391712188721
1365889846.1845186,143.199997,4.083592414855957
1365889846.393675,585.600037,4.087723016738892
1365889846.5782633,441.600006,4.06042218208313
1365889846.8626637,156.000000,4.276067018508911
1365889861.8675556,404.000000,4.185433864593506
1365889861.8685699,437.600006,4.185445070266724
1365889861.86945,441.600006,4.185317516326904
1365889861.8703043,419.200012,4.18508505821228
1365889861.8711576,425.600006,4.184880256652832
1365889861.8720815,431.200012,4.184528350830078
1365889861.8729424,422.399994,4.184197187423706
1365889861.873793,427.200012,4.183884382247925
1365889861.8746474,431.200012,4.183554172515869
1365889861.8754945,440.800018,4.183588743209839
1365889861.8763373,415.200012,4.183862924575806
1365889861.8772905,425.600006,4.183766841888428
1365889861.8781848,432.800018,4.183736085891724
1365889861.8791404,418.399994,4.183648347854614
1365889861.8800795,425.600006,4.183798789978027
1365889861.8809054,410.399994,4.183823108673096
1365889861.8816671,429.600006,4.183667421340942
1365889861.882341,435.200012,4.183596134185791
1365889861.8829522,433.600006,4.183516025543213
1365889861.8835561,427.200012,4.183454513549805
1365889861.8841653,428.800018,4.183409214019775
1365889861.8847685,432.800018,4.183310508728027
1365889861.885375,437.600006,4.183333396911621
1365889862.1150281,425.600006,4.0934834480285645
1365889862.115843,425.600006,4.093767881393433
1365889862.116475,424.800018,4.094192981719971
1365889862.1172688,443.200012,4.094881296157837
1365889862.1179283,433.600006,4.095404148101807
1365889862.1185498,441.600006,4.096175193786621
1365889862.1191638,433.600006,4.096754789352417
1365889862.1198285,427.200012,4.0974860191345215
1365889862.1204383,428.800018,4.099055290222168
1365889862.1211705,1120.800049,4.101080894470215
1365889862.122012,427.200012,4.101863145828247
1365889862.122675,427.200012,4.102914333343506
1365889862.1232917,1328.800049,4.104352951049805
1365889862.124021,422.399994,4.10686469078064
1365889862.1252437,423.200012,4.108567714691162
1365889862.1260815,424.800018,4.109605073928833
1365889862.1267607,435.200012,4.110469341278076
1365889862.1279879,427.200012,4.1105287075042725
1365889862.128643,449.600006,4.111342191696167
1365889862.1292503,433.600006,4.111975908279419
1365889862.1298645,435.200012,4.112542152404785
