1365889765.995714,971.951219512195,49.2,1.3498528003692627
1365889766.2570932,769.5121951219512,48.7,1.3318061828613281
1365889766.5125802,914.0243902439024,49.2,1.3357303142547607
1365889766.7656379,732.3170731707316,48.7,1.356947422027588
1365889767.047324,989.0243902439024,48.7,1.3395116329193115
1365889767.3057868,776.219512195122,49.2,1.3374149799346924
1365889767.560199,879.2682926829268,49.2,1.3483002185821533
1365889767.8298109,650.609756097561,48.2,1.3539628982543945
1365889768.1076639,912.1951219512196,48.7,1.3309998512268066
1365889768.362474,932.9268292682927,49.2,1.3318328857421875
1365889768.618753,804.2682926829269,48.7,1.3598623275756836
1365889768.904035,779.2682926829268,48.7,1.3333156108856201
1365889769.160882,1012.8048780487804,48.7,1.3357741832733154
1365889769.417324,992.0731707317074,48.7,1.3512768745422363
1365889769.693581,987.8048780487804,48.7,1.3337428569793701
1365889769.950419,789.0243902439024,48.7,1.3443825244903564
1365889770.211313,957.3170731707316,48.7,1.3521084785461426
1365889770.485631,774.390243902439,48.7,1.3587884902954102
1365889770.768325,1006.0975609756098,48.7,1.3359062671661377
1365889771.027929,1010.9756097560976,48.7,1.334883689880371
1365889771.287515,758.5365853658536,48.7,1.3629424571990967
1365889771.568644,954.2682926829268,48.7,1.3339815139770508
1365889771.8251579,925.0,48.7,1.3372039794921875
1365889772.0823119,805.4878048780488,49.2,1.365539789199829
1365889772.364928,896.3414634146342,48.7,1.3346099853515625
1365889772.6204941,918.2926829268293,48.7,1.3343987464904785
1365889772.879585,971.951219512195,48.2,1.3548998832702637
1365889773.152805,879.2682926829268,48.7,1.3846521377563477
1365889773.4067268,940.8536585365853,48.7,1.3314235210418701
1365889773.661441,875.0,49.2,1.3502769470214844
1365889773.928927,766.4634146341464,48.7,1.4209954738616943
1365889774.213769,951.2195121951219,48.7,1.336402416229248
1365889774.467026,850.0,48.7,1.376237392425537
1365889774.720984,998.780487804878,48.7,1.3437483310699463
1365889774.9818912,864.0243902439024,48.2,1.3598806858062744
1365889775.264385,971.3414634146342,48.7,1.3367066383361816
1365889775.519318,989.0243902439024,49.2,1.3351659774780273
1365889775.772676,968.2926829268292,48.7,1.355790138244629
1365889776.050199,805.4878048780488,48.7,1.330383062362671
1365889776.305506,976.219512195122,48.7,1.3380107879638672
1365889776.558761,799.3902439024391,49.2,1.3467118740081787
1365889776.826596,965.8536585365854,48.2,1.36002779006958
1365889777.100208,924.3902439024391,48.7,1.335880994796753
1365889777.357294,971.3414634146342,49.2,1.330758810043335
1365889777.611716,770.1219512195122,48.7,1.3751087188720703
1365889777.891743,926.219512195122,48.7,1.3365705013275146
1365889778.144843,912.1951219512196,49.2,1.332099199295044
1365889778.398087,978.0487804878048,48.7,1.3571248054504395
1365889778.669176,724.390243902439,48.7,1.3623735904693604
1365889778.949381,957.3170731707316,49.2,1.331009864807129
1365889779.205333,1168.9024390243903,49.2,1.3322100639343262
1365889779.462311,789.0243902439024,48.7,1.3581547737121582
1365889779.743639,832.3170731707316,49.2,1.33305025100708
1365889780.001494,840.2439024390244,48.7,1.3367619514465332
1365889780.262926,817.0731707317073,48.7,1.3615386486053467
1365889780.542119,985.9756097560976,48.7,1.3357489109039307
1365889780.7956538,879.2682926829268,49.2,1.3665454387664795
1365889781.050082,876.219512195122,49.2,1.3551859855651855
1365889781.3217962,758.5365853658536,48.7,1.3526480197906494
1365889781.5989141,801.219512195122,48.7,1.3325209617614746
1365889781.855933,783.5365853658537,49.2,1.3307933807373047
1365889782.11106,888.4146341463414,49.2,1.3437011241912842
1365889782.3786619,765.2439024390244,48.7,1.3508553504943848
1365889782.652603,1029.2682926829268,48.7,1.3321549892425537
1365889782.90801,846.951219512195,49.2,1.3326561450958252
1365889783.1647098,987.8048780487804,48.7,1.3583002090454102
1365889783.44705,915.2439024390244,49.2,1.334719181060791
1365889783.706702,968.9024390243902,49.2,1.3472130298614502
1365889783.962324,978.0487804878048,48.7,1.3624441623687744
1365889784.2439208,902.439024390244,48.7,1.331878900527954
1365889784.500536,990.8536585365854,48.7,1.375380516052246
1365889784.757463,912.1951219512196,48.7,1.3502168655395508
1365889785.0265028,780.4878048780488,48.7,1.3714604377746582
1365889785.301343,921.9512195121952,48.7,1.3351240158081055
1365889785.556417,984.1463414634146,49.8,1.3303298950195312
1365889785.8112278,982.9268292682926,49.2,1.5971672534942627
1365889786.084312,951.2195121951219,48.7,1.4608855247497559
1365889786.337783,1691.4634146341464,49.2,1.333508014678955
1365889786.593415,979.2682926829268,49.2,1.3402070999145508
1365889786.85253,775.0,48.7,1.3551788330078125
1365889787.1278741,967.0731707317073,49.2,1.335641622543335
1365889787.381343,918.2926829268293,48.7,1.3357632160186768
1365889787.642061,912.1951219512196,48.7,1.3544209003448486
1365889787.918559,898.1707317073171,49.2,1.338280439376831
1365889788.172457,877.439024390244,49.2,1.3339242935180664
1365889788.4296908,802.439024390244,48.7,1.3401591777801514
1365889788.695067,790.2439024390244,48.7,1.3547477722167969
1365889788.972895,798.1707317073171,49.2,1.3361830711364746
1365889789.228244,959.1463414634146,49.2,1.3416733741760254
1365889789.4822881,779.2682926829268,48.2,1.3535652160644531
1365889789.7611551,826.2195121951219,49.2,1.3355014324188232
1365889790.017866,953.0487804878048,49.2,1.428710699081421
1365889790.2813928,962.1951219512194,48.7,1.9022777080535889
1365889790.5542789,1757.3170731707316,49.2,1.906191349029541
1365889790.8077838,992.0731707317074,49.2,1.6536619663238525
1365889791.061118,1014.0243902439023,49.2,1.590104579925537
1365889791.319586,766.4634146341464,48.7,1.4709036350250244
1365889791.593705,892.0731707317074,49.2,1.3390684127807617
1365889791.8469372,996.9512195121952,48.7,1.3379802703857422
1365889792.101386,1017.0731707317074,49.2,1.3490185737609863
1365889792.363471,787.1951219512196,48.7,1.3549189567565918
1365889792.643414,1018.2926829268292,49.2,1.3375358581542969
1365889792.899445,990.8536585365854,48.7,1.333672285079956
1365889793.1539469,763.4146341463414,48.7,1.3533639907836914
1365889793.431947,823.170731707317,48.7,1.3348238468170166
1365889793.6897678,951.2195121951219,48.7,1.3346741199493408
1365889793.948119,1015.2439024390243,48.7,1.361792802810669
1365889794.227184,1089.0243902439024,48.7,1.338568925857544
1365889794.4827101,853.0487804878048,49.2,1.3459672927856445
1365889794.740923,860.9756097560976,48.7,1.3493142127990723
1365889795.0145888,965.2439024390244,49.2,1.3357131481170654
1365889795.2742379,1026.2195121951218,48.7,1.3354425430297852
1365889795.5338612,845.1219512195122,48.7,1.3435649871826172
1365889795.795237,728.0487804878048,48.7,1.3549511432647705
1365889796.07376,1118.9024390243903,48.7,1.3310534954071045
1365889796.328684,887.1951219512196,49.2,1.336287498474121
1365889796.588876,803.048780487805,49.2,1.3582637310028076
1365889796.870801,817.0731707317073,48.7,1.3355772495269775
1365889797.128277,1014.0243902439023,49.8,1.334712028503418
1365889797.388099,957.3170731707316,49.2,1.3557696342468262
1365889797.667159,1164.6341463414633,49.2,1.3405072689056396
1365889797.9222589,1007.3170731707318,49.2,1.3314988613128662
1365889798.178019,979.2682926829268,48.7,1.3522913455963135
1365889798.4465332,770.1219512195122,48.7,2.5102767944335938
1365889798.727531,1134.1463414634145,48.7,2.236699342727661
1365889798.9829109,882.3170731707318,49.2,1.9893913269042969
1365889799.241626,1079.2682926829268,49.2,1.7362024784088135
1365889799.5219169,830.4878048780488,49.2,1.4605023860931396
1365889799.7747169,809.1463414634147,49.2,1.336479902267456
1365889800.033897,813.4146341463414,49.2,1.3531725406646729
1365889800.3044071,756.0975609756098,48.7,1.356520175933838
1365889800.580023,951.2195121951219,48.7,1.3328564167022705
1365889800.837643,851.219512195122,49.8,1.3366115093231201
1365889801.0923588,785.3658536585366,49.2,1.3700191974639893
1365889801.369874,810.9756097560976,49.8,1.3345253467559814
1365889801.6232,976.219512195122,48.7,1.334010124206543
1365889801.880171,979.8780487804878,49.2,1.3419690132141113
1365889802.1411781,722.560975609756,48.7,1.3529763221740723
1365889802.417807,990.8536585365854,48.7,1.335824966430664
1365889802.6787589,982.3170731707316,49.8,1.3310484886169434
1365889802.934113,821.3414634146341,48.7,1.3563125133514404
1365889803.209911,1048.170731707317,48.7,1.331840991973877
1365889803.465462,960.3658536585366,49.2,1.3325245380401611
1365889803.720167,888.4146341463414,49.2,1.3399927616119385
1365889803.985217,760.9756097560976,48.7,1.3536207675933838
1365889804.263551,1157.9268292682927,49.2,1.3429367542266846
1365889804.523185,882.9268292682926,49.8,1.3562111854553223
1365889804.7765539,1528.6585365853657,48.7,1.3692305088043213
1365889805.055137,932.9268292682927,49.8,1.334993839263916
1365889805.3086238,934.1463414634147,49.8,1.338426113128662
1365889805.5642948,841.4634146341463,49.8,1.3437511920928955
1365889805.833355,815.2439024390243,49.2,1.3352196216583252
1365889806.091763,868.2926829268292,49.8,1.333085060119629
1365889806.348811,862.1951219512194,49.8,1.3386874198913574
1365889806.609014,726.219512195122,48.7,1.3636891841888428
1365889806.88857,805.4878048780488,49.8,1.3353791236877441
1365889807.142273,918.9024390243903,49.2,1.3373162746429443
1365889807.398637,1059.1463414634145,48.7,1.343186616897583
1365889807.666972,768.2926829268292,48.7,1.3562238216400146
1365889807.944185,892.0731707317074,48.7,1.3396077156066895
1365889808.19961,793.2926829268293,49.2,1.339629888534546
1365889808.454247,780.4878048780488,48.7,1.357818603515625
1365889808.731831,1089.0243902439024,49.2,1.3317618370056152
1365889808.987756,898.1707317073171,49.2,1.336717128753662
1365889809.243714,752.439024390244,48.7,1.3579306602478027
1365889809.525565,918.2926829268293,49.8,1.3726563453674316
1365889809.779306,1053.0487804878048,49.2,1.330780267715454
1365889810.035131,979.2682926829268,48.7,1.370194911956787
1365889810.308223,953.0487804878048,49.8,1.3308942317962646
1365889810.5644429,859.1463414634146,49.8,1.3319714069366455
1365889810.821768,815.2439024390243,49.8,1.353290319442749
1365889811.084696,763.4146341463414,48.7,1.3642170429229736
1365889811.361251,978.0487804878048,48.7,1.4054455757141113
1365889811.616169,992.0731707317074,49.2,1.3341069221496582
1365889811.871569,1014.0243902439023,49.8,1.3427588939666748
1365889812.133285,730.4878048780488,48.7,1.354804277420044
1365889812.413728,821.951219512195,49.2,1.3406829833984375
1365889812.669142,1067.0731707317075,48.7,1.3909296989440918
1365889812.926281,978.0487804878048,48.7,1.3574395179748535
1365889813.1982028,940.2439024390243,48.7,1.3500561714172363
1365889813.457016,805.4878048780488,49.2,1.3295724391937256
1365889813.712134,904.2682926829268,49.8,1.3450090885162354
1365889813.981206,760.3658536585366,49.2,1.3766953945159912
1365889814.2631822,1148.780487804878,48.7,1.3324551582336426
1365889814.5192268,971.3414634146342,49.2,1.334528923034668
1365889814.773087,943.9024390243902,49.2,1.3732192516326904
1365889815.054571,982.3170731707316,48.7,1.3331897258758545
1365889815.3131578,906.0975609756098,49.2,1.3362972736358643
1365889815.5684988,1012.1951219512196,48.7,1.350130319595337
1365889815.842623,802.439024390244,49.2,1.3353137969970703
1365889816.1025522,929.8780487804878,48.7,1.33388090133667
1365889816.357866,909.1463414634146,48.7,1.339876651763916
1365889816.622078,759.1463414634146,48.7,1.3577032089233398
1365889816.90518,1001.8292682926829,49.8,1.3331952095031738
1365889817.1598778,900.0,49.2,1.3305776119232178
1365889817.415338,835.3658536585366,48.7,1.360865831375122
1365889817.694724,853.0487804878048,49.2,1.3333654403686523
1365889817.9510982,995.1219512195122,49.2,1.334207534790039
1365889818.2045062,813.4146341463414,49.2,1.369459629058838
1365889818.479748,783.5365853658537,49.2,1.355618953704834
1365889818.75686,1532.3170731707316,49.8,1.3367154598236084
1365889819.013818,1186.5853658536585,49.2,1.3364312648773193
1365889819.274354,780.4878048780488,49.2,1.36043119430542
1365889819.555132,932.9268292682927,49.8,1.3884265422821045
1365889819.81462,866.4634146341464,49.8,1.3348946571350098
1365889820.0681841,932.3170731707318,49.2,1.3495330810546875
1365889820.336322,771.3414634146342,48.7,1.3913850784301758
1365889820.614149,1115.8536585365855,49.2,1.333221673965454
1365889820.872808,901.219512195122,49.2,1.3311257362365723
1365889821.129544,768.2926829268292,48.7,1.4802215099334717
1365889821.408244,960.9756097560976,49.2,1.3370060920715332
1365889821.6625128,893.9024390243902,49.8,1.3357441425323486
1365889821.923666,792.0731707317074,49.2,1.3625359535217285
1365889822.201382,815.2439024390243,49.2,1.3565752506256104
1365889822.4624178,950.0,49.8,1.33488130569458
1365889822.715795,904.2682926829268,49.2,1.3474247455596924
1365889822.982614,758.5365853658536,48.7,1.356623649597168
1365889823.261708,893.9024390243902,49.2,1.3434200286865234
1365889823.519069,821.3414634146341,49.8,1.4440267086029053
1365889823.772537,893.2926829268292,48.7,1.3961775302886963
1365889824.051661,884.1463414634146,49.8,1.336745262145996
1365889824.313108,904.8780487804878,49.8,1.3318021297454834
1365889824.5703151,987.8048780487804,49.8,1.3525090217590332
1365889824.847841,975.0,48.7,1.3884449005126953
1365889825.103669,1089.0243902439024,50.3,1.3355488777160645
1365889825.36379,852.4390243902438,49.8,1.3830540180206299
1365889825.636189,738.4146341463414,48.7,1.3778138160705566
1365889825.9103842,943.9024390243902,49.8,1.3444616794586182
1365889826.167997,978.0487804878048,49.8,1.3323795795440674
1365889826.4228349,773.1707317073171,48.7,1.357844352722168
1365889826.70199,1045.7317073170732,49.8,1.3401098251342773
1365889826.9633138,937.1951219512194,49.8,1.3369834423065186
1365889827.2178838,796.9512195121952,49.2,1.358461856842041
1365889827.497925,950.0,49.2,1.3325707912445068
1365889827.755496,860.9756097560976,49.8,1.3325762748718262
1365889828.013601,846.951219512195,49.8,1.3428301811218262
1365889828.2801988,766.4634146341464,48.7,1.3570420742034912
1365889828.56002,865.2439024390244,49.2,1.3407490253448486
1365889828.816291,849.390243902439,49.2,1.335353136062622
1365889829.0710132,824.390243902439,49.2,1.358715295791626
1365889829.355169,825.0,49.2,1.3296048641204834
1365889829.610125,868.2926829268292,49.8,1.3343405723571777
1365889829.867747,1009.7560975609756,49.8,1.3484618663787842
1365889830.1420548,1010.9756097560976,48.7,1.363175392150879
1365889830.418696,803.048780487805,48.7,1.3313467502593994
1365889830.675155,990.8536585365854,49.2,1.330484390258789
1365889830.9308941,856.0975609756098,49.2,1.3565680980682373
1365889831.203656,876.219512195122,48.7,1.336888313293457
1365889831.4614542,993.9024390243902,49.8,1.3373758792877197
1365889831.717849,1612.1951219512196,49.8,1.3425960540771484
1365889831.977776,812.1951219512194,48.7,1.355762243270874
1365889832.255193,960.3658536585366,49.2,1.337049961090088
1365889832.510475,850.0,49.8,1.3345434665679932
1365889832.763874,965.8536585365854,49.2,1.3513426780700684
1365889833.0338922,970.1219512195122,49.8,1.3427867889404297
1365889833.290248,1003.0487804878047,49.8,1.334456443786621
1365889833.546638,917.0731707317074,49.8,1.3365020751953125
1365889833.808976,790.2439024390244,48.7,2.81506609916687
1365889834.0853581,1444.5121951219512,49.8,2.5452911853790283
1365889834.3492742,993.2926829268292,49.8,2.2865068912506104
1365889834.602666,843.2926829268292,49.2,2.0407142639160156
1365889834.8814762,946.951219512195,49.2,1.7716898918151855
1365889835.137961,856.0975609756098,49.2,1.5239741802215576
1365889835.394794,893.2926829268292,49.8,1.3449583053588867
1365889835.664285,671.3414634146342,48.7,1.3521809577941895
1365889835.940282,854.8780487804878,49.2,1.3282482624053955
1365889836.1942542,1042.0731707317073,49.8,1.3662998676300049
1365889836.451516,721.3414634146342,49.2,1.3568115234375
1365889836.7277691,785.3658536585366,48.7,1.3308286666870117
1365889836.98451,859.1463414634146,49.2,1.3320848941802979
1365889837.2406762,806.0975609756098,49.8,1.3515725135803223
1365889837.511745,807.3170731707318,49.8,1.3346762657165527
1365889837.7650309,964.0243902439024,49.8,1.3361926078796387
1365889838.020611,835.3658536585366,49.8,1.3401851654052734
1365889838.2838888,757.3170731707318,48.7,1.3620402812957764
1365889838.558644,943.9024390243902,49.2,1.3325653076171875
1365889838.812433,960.3658536585366,49.8,1.328155755996704
1365889839.066325,982.9268292682926,48.7,1.3498268127441406
1365889839.337854,750.0,48.7,1.3615636825561523
1365889839.612478,865.2439024390244,49.2,1.3296589851379395
1365889839.867612,993.2926829268292,49.8,1.3359973430633545
1365889840.123858,1054.878048780488,49.2,1.3578462600708008
1365889840.402148,984.1463414634146,49.2,1.3335936069488525
1365889840.6551812,914.0243902439024,49.8,1.3331153392791748
1365889840.91049,840.2439024390244,49.8,1.344247817993164
1365889841.1777768,752.439024390244,48.7,1.354677438735962
1365889841.450763,985.9756097560976,49.2,1.3342514038085938
1365889841.7038138,879.2682926829268,49.8,1.3284823894500732
1365889841.957663,767.0731707317074,49.8,1.3548884391784668
1365889842.236484,806.0975609756098,49.8,1.3336589336395264
1365889842.4894762,904.8780487804878,49.2,1.3307695388793945
1365889842.7445261,995.1219512195122,49.2,1.3482484817504883
1365889843.018826,970.1219512195122,49.2,1.334061622619629
1365889843.274337,848.170731707317,49.8,1.3346397876739502
1365889843.528447,1021.9512195121952,49.8,1.3328101634979248
1365889843.787149,677.439024390244,49.2,1.4060306549072266
1365889844.066543,996.3414634146342,49.8,1.4340109825134277
1365889844.3228521,820.1219512195122,49.8,1.3317227363586426
1365889844.5778859,839.0243902439024,49.2,1.3444111347198486
1365889844.840953,767.0731707317074,49.2,1.3526530265808105
1365889845.118714,805.4878048780488,49.8,1.33255934715271
1365889845.374658,996.9512195121952,49.8,1.3355443477630615
1365889845.6294038,765.2439024390244,49.2,1.3591010570526123
1365889845.906991,828.0487804878048,49.8,1.3351435661315918
1365889846.160059,885.3658536585366,49.8,1.3293571472167969
1365889846.415115,1164.0243902439024,49.2,1.3517341613769531
1365889846.685775,776.219512195122,49.2,1.3322772979736328
1365889846.940904,920.1219512195122,49.2,1.329667329788208
1365889847.196227,899.390243902439,49.8,1.3354434967041016
1365889847.456343,784.1463414634146,49.8,1.3542819023132324
1365889847.735548,1017.0731707317074,49.8,1.3353347778320312
1365889847.98992,920.1219512195122,49.8,1.3323266506195068
1365889848.243978,1018.2926829268292,48.7,1.3549950122833252
1365889848.512864,828.0487804878048,49.2,1.335350751876831
1365889848.766253,970.1219512195122,49.8,1.335514783859253
1365889849.02288,915.8536585365854,49.2,1.3476636409759521
1365889849.2816808,782.3170731707318,49.2,1.3512892723083496
1365889849.557703,976.219512195122,49.8,1.330897331237793
1365889849.8126771,979.8780487804878,49.8,1.3401398658752441
1365889850.0691059,856.0975609756098,49.8,1.3396129608154297
1365889850.332507,834.1463414634146,48.7,1.3553664684295654
1365889850.61182,957.3170731707316,49.2,1.3327624797821045
1365889850.87039,816.4634146341463,49.8,1.3353149890899658
1365889851.125249,789.0243902439024,49.8,1.3471705913543701
1365889851.398101,921.3414634146342,49.8,1.3335363864898682
1365889851.6527202,981.0975609756098,49.8,1.3330357074737549
1365889851.911409,792.0731707317074,49.8,1.345836877822876
1365889852.175665,760.9756097560976,49.8,1.3563222885131836
1365889852.457957,962.1951219512194,49.2,1.331608772277832
1365889852.712566,819.5121951219512,49.2,1.3324623107910156
1365889852.969502,854.2682926829268,49.8,1.3537280559539795
1365889853.242233,1128.658536585366,49.8,1.3360137939453125
1365889853.49767,832.9268292682926,49.8,1.3322458267211914
1365889853.753878,987.8048780487804,49.2,1.3441007137298584
1365889854.021516,785.9756097560976,49.2,1.3540678024291992
1365889854.299692,968.2926829268292,49.2,1.3345215320587158
1365889854.552691,848.170731707317,49.8,1.3368330001831055
1365889854.80797,714.0243902439024,49.2,1.362466812133789
1365889855.089976,978.0487804878048,49.8,1.4098718166351318
1365889855.347332,915.2439024390244,49.8,1.3363616466522217
1365889855.602676,864.0243902439024,49.8,1.3521337509155273
1365889855.874083,1081.7073170731708,49.8,1.3360142707824707
1365889856.129437,807.3170731707318,49.8,1.330906867980957
1365889856.386378,837.1951219512194,49.8,1.3392024040222168
1365889856.651119,767.0731707317074,49.8,1.3631157875061035
1365889856.931401,973.780487804878,49.8,1.3336312770843506
1365889857.18458,838.4146341463414,49.8,1.3352842330932617
1365889857.444851,1683.5365853658536,48.7,1.3493921756744385
1365889857.7203772,923.1707317073171,49.8,1.3341741561889648
1365889857.9741068,1630.4878048780486,49.8,1.4673118591308594
1365889858.2294972,957.9268292682926,49.8,1.4131872653961182
1365889858.496614,942.0731707317073,49.2,1.3604652881622314
1365889858.774692,976.219512195122,49.8,1.3314497470855713
1365889859.031949,915.8536585365854,49.2,1.335796594619751
1365889859.2872682,767.0731707317074,48.7,1.355971097946167
1365889859.562496,810.3658536585366,49.8,1.3336842060089111
1365889859.815606,1048.780487804878,49.8,1.3347971439361572
1365889860.070076,853.0487804878048,49.8,1.3518755435943604
1365889860.3474638,840.2439024390244,49.8,1.3296399116516113
1365889860.602415,849.390243902439,49.8,1.336794137954712
1365889860.860137,948.170731707317,49.8,1.3422062397003174
1365889861.123178,785.3658536585366,48.7,1.355177879333496
1365889861.404316,937.1951219512194,49.8,1.335233449935913
1365889861.6580732,960.9756097560976,49.8,1.330843210220337
1365889861.914662,865.2439024390244,49.8,1.3493373394012451
1365889862.188294,1242.0731707317075,49.8,1.3335673809051514
1365889862.445594,868.2926829268292,50.3,1.337050437927246
1365889862.7020931,902.439024390244,49.8,1.3476600646972656
1365889862.962346,780.4878048780488,49.2,1.3568925857543945
1365889863.240502,840.2439024390244,49.8,1.3337626457214355
1365889863.49778,830.4878048780488,49.2,1.3322463035583496
1365889863.754497,935.3658536585366,49.2,1.3610730171203613
1365889864.031809,1000.0,49.8,1.3342783451080322
1365889864.2901309,854.8780487804878,49.8,1.3397698402404785
1365889864.548485,835.3658536585366,49.8,1.346299409866333
1365889864.820715,720.1219512195122,49.2,1.3530993461608887
1365889865.099911,1437.8048780487804,49.8,1.3349025249481201
1365889865.360797,907.3170731707318,49.8,1.3304741382598877
1365889865.6156118,699.390243902439,49.2,1.3592538833618164
1365889865.89797,903.048780487805,49.8,1.336228609085083
1365889866.159615,799.3902439024391,49.8,1.3359811305999756
1365889866.418043,678.048780487805,49.8,1.3590223789215088
1365889866.6969202,1081.7073170731708,49.8,1.3349814414978027
1365889866.951564,949.390243902439,49.8,1.3327422142028809
1365889867.2101629,1015.2439024390243,49.8,1.3503155708312988
1365889867.480351,802.439024390244,49.8,1.3345344066619873
1365889867.737229,1021.9512195121952,49.8,1.3329668045043945
1365889867.994115,875.0,49.8,1.3387081623077393
1365889868.258788,837.1951219512194,49.2,1.3573997020721436
1365889868.5375202,1020.7317073170732,49.8,1.335733413696289
1365889868.7924411,796.3414634146342,49.8,1.3374803066253662
1365889869.045686,1383.5365853658536,49.2,1.409193992614746
1365889869.3163981,990.8536585365854,49.8,1.4050464630126953
1365889869.571338,951.8292682926829,50.3,2.2230489253997803
1365889869.910523,735.3658536585366,49.8,1.8848512172698975
1365889870.181775,935.3658536585366,50.3,1.6142387390136719
1365889870.4362519,885.3658536585366,49.8,1.3603720664978027
1365889870.689239,746.3414634146342,49.8,1.3557884693145752
1365889870.963215,881.0975609756098,50.3,1.3341140747070312
1365889871.216599,1499.390243902439,50.3,1.3454523086547852
1365889871.4726999,960.9756097560976,50.3,1.354842185974121
1365889871.747317,914.0243902439024,49.8,1.3386049270629883
1365889872.006112,821.951219512195,50.3,1.3313243389129639
1365889872.2625458,1026.8292682926829,49.8,1.3536081314086914
1365889872.529092,655.4878048780488,49.2,1.3656117916107178
1365889872.8050282,837.1951219512194,49.8,1.3391709327697754
1365889873.058194,917.0731707317074,49.8,1.3313100337982178
1365889873.313462,1474.390243902439,49.8,1.3461225032806396
1365889873.585854,792.0731707317074,49.8,1.334841251373291
1365889873.839324,910.9756097560976,49.8,1.3434901237487793
1365889874.09691,828.0487804878048,50.3,1.3575222492218018
1365889874.35935,687.1951219512194,49.8,1.3642852306365967
1365889874.636545,785.9756097560976,48.7,1.3307840824127197
1365889874.893579,798.1707317073171,49.2,1.3306090831756592
1365889875.1487439,1541.4634146341464,49.8,1.3793280124664307
1365889875.408057,671.3414634146342,48.7,1.3568480014801025
1365889875.6837602,935.9756097560976,49.8,1.3568906784057617
1365889875.940883,882.9268292682926,49.8,1.3385183811187744
1365889876.196772,1018.2926829268292,49.8,1.3483507633209229
1365889876.4713159,940.2439024390243,49.8,1.333137035369873
1365889876.726984,882.9268292682926,49.8,1.3372507095336914
1365889876.980182,904.2682926829268,49.8,1.3429081439971924
1365889877.2352169,671.3414634146342,48.7,1.35990309715271
1365889877.514282,846.3414634146342,50.3,1.3342835903167725
1365889877.771177,924.3902439024391,49.8,1.3305115699768066
1365889878.02803,962.8048780487804,49.8,1.3368990421295166
1365889878.290775,762.1951219512196,48.7,1.359894037246704
1365889878.5681732,879.8780487804878,49.8,1.33241605758667
1365889878.8220139,1731.09756097561,49.8,1.3809173107147217
1365889879.0807931,762.1951219512196,49.8,1.4262111186981201
1365889879.359228,915.8536585365854,49.8,1.3343944549560547
1365889879.61249,864.0243902439024,49.8,1.3315620422363281
1365889879.8668642,992.0731707317074,49.8,1.3569927215576172
1365889880.1430259,1708.5365853658536,49.2,1.3296136856079102
1365889880.397491,1279.8780487804877,49.8,1.3470430374145508
1365889880.65286,867.0731707317074,49.8,1.3371975421905518
1365889880.916123,762.1951219512196,49.2,1.355696439743042
1365889881.1902971,816.4634146341463,49.8,1.330019474029541
1365889881.446024,907.9268292682927,49.8,1.337414026260376
1365889881.69919,867.0731707317074,49.8,1.3430297374725342
1365889881.9687371,769.5121951219512,49.2,1.3610401153564453
1365889882.241611,987.1951219512194,49.8,1.3291854858398438
1365889882.496796,881.0975609756098,49.8,1.3294546604156494
1365889882.751971,752.439024390244,48.7,1.361534833908081
1365889883.030333,843.2926829268292,49.8,1.3307693004608154
1365889883.285824,993.9024390243902,49.8,1.3331975936889648
1365889883.54085,957.9268292682926,49.8,1.3905954360961914
1365889883.8138418,987.1951219512194,50.3,1.3338088989257812
1365889884.0704892,1046.9512195121952,49.8,1.329761028289795
1365889884.326171,852.4390243902438,49.2,1.3387188911437988
1365889884.5882392,732.3170731707316,49.2,1.3793559074401855
1365889884.867573,996.3414634146342,49.8,1.3340985774993896
1365889885.126197,1018.2926829268292,49.8,1.3379409313201904
1365889885.3841689,1023.1707317073171,49.8,1.520427942276001
1365889885.653953,790.2439024390244,48.7,1.3619816303253174
1365889885.9355252,1707.3170731707316,50.3,1.4418115615844727
1365889886.193723,885.9756097560976,49.8,1.4082417488098145
1365889886.448597,921.3414634146342,49.8,1.354621171951294
1365889886.724031,1212.8048780487807,50.3,1.3331143856048584
1365889886.983264,987.8048780487804,49.8,1.3347890377044678
1365889887.2386198,809.1463414634147,49.8,1.610966682434082
1365889887.5046778,735.3658536585366,49.8,1.3831205368041992
1365889887.787385,935.3658536585366,49.8,1.3303086757659912
1365889888.0412102,846.3414634146342,50.3,1.3324217796325684
1365889888.2978728,765.2439024390244,49.2,1.3535993099212646
1365889888.575084,957.3170731707316,49.8,1.3331658840179443
1365889888.828115,846.3414634146342,49.8,1.3313496112823486
1365889889.0856478,1128.0487804878048,49.8,1.3481316566467285
1365889889.3566191,701.2195121951219,48.7,1.4090378284454346
1365889889.631927,860.9756097560976,49.8,1.3382811546325684
1365889889.889088,1823.1707317073171,49.2,1.339034080505371
1365889890.145134,752.439024390244,49.2,1.4015381336212158
1365889890.42548,816.4634146341463,50.3,1.3376743793487549
1365889890.680159,823.170731707317,49.8,1.332491397857666
1365889890.933792,921.9512195121952,49.8,1.3538134098052979
1365889891.2076328,950.0,49.8,1.3289830684661865
1365889891.462872,1018.2926829268292,49.8,1.3299331665039062
1365889891.719657,964.0243902439024,49.8,1.4345636367797852
1365889891.983689,862.1951219512194,49.2,1.3685874938964844
1365889892.261097,818.2926829268292,49.8,1.3346045017242432
1365889892.514109,881.0975609756098,49.8,1.3295700550079346
1365889892.7667909,873.170731707317,49.8,1.3481037616729736
1365889893.0346591,760.3658536585366,49.8,1.3462159633636475
1365889893.306756,903.048780487805,49.8,1.369123935699463
1365889893.562009,920.1219512195122,49.2,1.3468196392059326
1365889893.818274,779.2682926829268,49.8,1.5748374462127686
1365889894.0930061,979.2682926829268,50.3,1.4220106601715088
1365889894.349544,1386.5853658536585,49.2,1.3321385383605957
1365889894.60785,846.3414634146342,49.8,1.3899734020233154
1365889894.8679948,759.1463414634146,49.2,1.3564600944519043
1365889895.146761,1173.780487804878,49.8,1.3458263874053955
1365889895.40873,879.2682926829268,49.8,1.3290657997131348
1365889895.664072,785.9756097560976,49.8,1.356069803237915
1365889895.93772,946.951219512195,49.8,1.4290187358856201
1365889896.194164,1004.8780487804878,50.3,1.334385871887207
1365889896.448556,912.1951219512196,49.8,1.3466248512268066
1365889896.7124329,754.2682926829268,49.8,1.3662161827087402
1365889896.9888651,810.3658536585366,49.8,1.5831282138824463
1365889897.2424161,838.4146341463414,49.8,1.3424651622772217
1365889897.499007,764.0243902439024,49.8,1.3539681434631348
1365889897.7729962,890.2439024390244,49.8,1.3397955894470215
1365889898.028196,976.219512195122,49.8,1.34228515625
1365889898.281795,954.2682926829268,49.8,1.5669050216674805
1365889898.552117,758.5365853658536,49.8,1.7229669094085693
1365889898.828074,1093.9024390243903,49.8,1.4478785991668701
1365889899.082433,873.170731707317,49.8,1.4477736949920654
1365889899.336749,912.1951219512196,49.8,1.3600404262542725
1365889899.607778,918.2926829268293,49.8,1.3342418670654297
1365889899.861213,817.0731707317073,49.8,1.4716763496398926
1365889900.115947,820.1219512195122,50.3,1.4497685432434082
1365889900.379276,778.048780487805,49.2,1.3561532497406006
1365889900.661087,1327.439024390244,49.8,1.393549919128418
1365889900.9155369,951.2195121951219,49.8,1.3327646255493164
1365889901.169494,1329.8780487804877,50.3,1.3407821655273438
1365889901.4353259,1443.90243902439,48.7,1.3500392436981201
1365889901.712048,805.4878048780488,49.8,1.333528995513916
1365889901.965078,1207.9268292682927,50.3,1.3364264965057373
1365889902.220618,805.4878048780488,49.2,1.3516066074371338
1365889902.490535,757.3170731707318,49.8,1.351597547531128
1365889902.766164,862.1951219512194,49.8,1.3329484462738037
1365889903.0216582,884.1463414634146,49.8,1.3587400913238525
1365889903.27557,826.2195121951219,49.8,1.356576919555664
1365889903.546776,1162.8048780487804,49.8,1.3456745147705078
1365889903.804239,1001.219512195122,49.8,1.346083164215088
1365889904.068382,1006.0975609756098,49.8,1.3544743061065674
1365889904.3399339,976.8292682926829,49.8,1.331479549407959
1365889904.5951428,821.951219512195,49.8,1.3694136142730713
1365889904.851659,979.8780487804878,50.3,1.3377575874328613
1365889905.110917,756.0975609756098,49.2,1.353071689605713
1365889905.388674,885.3658536585366,49.8,1.3638203144073486
1365889905.64483,790.2439024390244,49.2,1.3313779830932617
1365889905.90111,929.2682926829269,49.8,1.3779253959655762
1365889906.168345,785.9756097560976,49.2,1.35805344581604
1365889906.447743,996.9512195121952,49.8,1.3912205696105957
1365889906.701279,926.219512195122,49.8,1.4810237884521484
1365889906.956867,772.5609756097562,49.8,1.390343189239502
1365889907.233572,890.8536585365854,49.8,1.330263376235962
1365889907.488819,948.170731707317,49.8,1.338108777999878
1365889907.744195,864.0243902439024,49.2,1.3542766571044922
1365889908.0152051,792.0731707317074,49.8,1.332853078842163
1365889908.2683241,2057.9268292682927,50.3,1.364070177078247
1365889908.523529,882.3170731707318,49.8,1.3356819152832031
1365889908.786186,785.3658536585366,49.2,1.3583624362945557
1365889909.0629408,928.048780487805,49.8,1.335754632949829
1365889909.316083,996.3414634146342,49.8,1.3343901634216309
1365889909.571275,831.0975609756097,49.8,1.345390796661377
1365889909.8367958,768.2926829268292,49.2,1.3518121242523193
1365889910.1119602,865.2439024390244,49.8,1.3295378684997559
1365889910.367153,837.1951219512194,49.8,1.33125901222229
1365889910.6224902,773.1707317073171,50.3,1.3557674884796143
1365889910.898283,801.219512195122,49.8,1.589500904083252
1365889911.153537,964.0243902439024,49.8,1.3498759269714355
1365889911.409205,1615.2439024390244,49.8,1.348440408706665
1365889911.683025,901.219512195122,49.2,1.445190191268921
1365889911.936548,1037.1951219512193,50.3,1.3866724967956543
1365889912.191753,865.2439024390244,50.3,1.3432106971740723
1365889912.45756,1456.7073170731708,49.8,1.3829340934753418
1365889912.734442,976.219512195122,49.8,1.3361530303955078
1365889912.989656,881.0975609756098,49.8,1.3399879932403564
1365889913.241932,932.9268292682927,49.8,1.3449721336364746
1365889913.5105312,720.1219512195122,48.7,1.3537721633911133
1365889913.785675,807.3170731707318,49.8,1.3322429656982422
1365889914.041527,989.0243902439024,50.3,1.3318848609924316
1365889914.29684,910.9756097560976,49.8,1.339038610458374
1365889914.5618649,769.5121951219512,49.8,1.3497848510742188
1365889914.838034,995.1219512195122,49.8,1.3323264122009277
1365889915.09309,949.390243902439,50.8,1.343027114868164
1365889915.350612,737.1951219512194,49.8,1.3563885688781738
1365889915.6273642,971.951219512195,49.8,1.3314764499664307
1365889915.8817239,798.1707317073171,49.8,1.3341846466064453
1365889916.136202,1026.8292682926829,49.8,1.4459428787231445
1365889916.40759,766.4634146341464,49.2,1.3723297119140625
1365889916.688127,959.1463414634146,49.8,1.3354518413543701
1365889916.9437969,989.0243902439024,50.3,1.3371400833129883
1365889917.199208,755.4878048780488,49.8,1.3616793155670166
1365889917.4802308,926.219512195122,49.8,1.390167236328125
1365889917.735273,959.1463414634146,49.8,1.342322826385498
1365889917.990827,865.2439024390244,49.8,1.3597450256347656
1365889918.270784,998.780487804878,49.8,1.3828957080841064
1365889918.527193,829.2682926829268,49.8,1.7492239475250244
1365889918.78111,901.219512195122,50.8,1.696747064590454
1365889919.0488782,765.2439024390244,49.8,1.447566032409668
1365889919.3238258,995.1219512195122,49.8,1.327974796295166
1365889919.578532,1532.3170731707316,49.8,1.331251621246338
1365889919.835205,714.0243902439024,49.8,1.3585586547851562
1365889920.116378,951.2195121951219,49.8,1.335430383682251
1365889920.374166,965.2439024390244,50.3,1.3372576236724854
1365889920.630354,962.8048780487804,49.8,1.586979866027832
1365889920.9040499,909.1463414634146,49.8,1.3533525466918945
1365889921.1571121,968.9024390243902,49.8,1.336390495300293
1365889921.41755,962.8048780487804,49.8,1.3388876914978027
1365889921.678873,765.2439024390244,49.2,1.3581962585449219
1365889921.954958,1001.8292682926829,50.3,1.4148640632629395
1365889922.209237,909.1463414634146,49.8,1.3316454887390137
1365889922.466345,1115.8536585365855,49.8,1.348191261291504
1365889922.735311,764.0243902439024,49.2,1.3507874011993408
1365889923.012235,949.390243902439,49.8,1.364365577697754
1365889923.269024,1721.3414634146343,49.8,1.3652892112731934
1365889923.52822,697.560975609756,49.8,1.4293413162231445
1365889923.80386,993.9024390243902,49.8,1.3314976692199707
1365889924.059087,943.9024390243902,49.8,1.337165117263794
1365889924.316133,767.0731707317074,49.8,1.3539071083068848
1365889924.593396,1004.8780487804878,49.8,1.3456649780273438
1365889924.850174,1056.7073170731708,49.8,1.3357446193695068
1365889925.106827,851.219512195122,49.8,1.4204070568084717
1365889925.367928,743.2926829268292,49.8,1.507598876953125
1365889925.647935,860.3658536585366,50.3,1.374720811843872
1365889925.9039419,937.1951219512194,49.8,1.4424524307250977
1365889926.156842,976.219512195122,50.3,1.8804957866668701
1365889926.4319968,935.9756097560976,49.8,1.6493844985961914
1365889926.6860108,962.1951219512194,49.8,1.3972556591033936
1365889926.940203,815.2439024390243,50.3,1.5797350406646729
1365889927.200632,724.390243902439,49.8,1.534080982208252
1365889927.474816,680.4878048780488,49.8,1.3811078071594238
1365889927.752741,976.219512195122,49.8,1.3296382427215576
1365889928.008859,915.8536585365854,50.3,1.3357956409454346
1365889928.26189,802.439024390244,49.8,1.3562726974487305
1365889928.531583,790.2439024390244,49.8,1.356745719909668
1365889928.808567,907.3170731707318,49.8,1.3297145366668701
1365889929.063814,965.8536585365854,49.8,1.353644847869873
1365889929.316896,788.4146341463415,49.8,1.4119737148284912
1365889929.5839748,755.4878048780488,49.2,1.8812453746795654
1365889929.862916,940.2439024390243,50.3,1.6035161018371582
1365889930.1156821,873.170731707317,50.3,1.3806736469268799
1365889930.372473,976.219512195122,49.8,1.3579556941986084
1365889930.651107,965.2439024390244,49.8,1.3648097515106201
1365889930.905731,1014.0243902439023,49.8,1.4187211990356445
1365889931.160712,965.2439024390244,49.8,1.3546533584594727
1365889931.430193,746.3414634146342,48.7,1.3555855751037598
1365889931.703051,868.9024390243902,49.8,1.415632724761963
1365889931.958387,906.0975609756098,49.8,1.329345941543579
1365889932.2140942,1609.7560975609756,49.8,1.3546438217163086
1365889932.490864,929.8780487804878,49.8,1.334606409072876
1365889932.7439969,990.8536585365854,50.3,1.33957839012146
1365889932.998883,864.0243902439024,50.3,1.3493964672088623
1365889933.269214,733.5365853658536,49.8,1.6146352291107178
1365889933.548655,781.0975609756098,49.8,1.3361291885375977
1365889933.801545,871.9512195121952,49.8,1.327989101409912
1365889934.056522,901.219512195122,49.8,1.3511736392974854
1365889934.3269491,750.0,49.2,1.353029489517212
1365889934.603604,940.2439024390243,49.8,1.3327836990356445
1365889934.85674,929.8780487804878,49.8,1.3360307216644287
1365889935.113596,993.2926829268292,49.8,1.3532185554504395
1365889935.387545,807.3170731707318,49.8,1.3339688777923584
1365889935.64106,888.4146341463414,49.8,1.3328049182891846
1365889935.894103,882.9268292682926,50.3,1.3425369262695312
1365889936.153889,756.0975609756098,49.8,1.5136117935180664
1365889936.431048,926.829268292683,49.8,1.370267629623413
1365889936.6864588,1025.0,50.3,1.3806896209716797
1365889936.940779,951.8292682926829,49.8,1.3442165851593018
1365889937.209074,1117.6829268292684,49.2,1.4044404029846191
1365889937.485955,799.3902439024391,49.2,1.3328988552093506
1365889937.745271,943.2926829268292,50.8,1.330343246459961
1365889937.9990919,970.1219512195122,50.3,1.4421887397766113
1365889938.276244,913.4146341463415,50.3,1.330963134765625
1365889938.5313659,984.7560975609756,49.8,1.334017038345337
1365889938.786054,1003.0487804878047,49.8,1.3444108963012695
1365889939.044857,770.1219512195122,49.8,1.44465970993042
1365889939.320748,979.8780487804878,49.8,1.3337647914886475
1365889939.573848,839.0243902439024,49.8,1.3987343311309814
1365889939.8290691,860.3658536585366,49.8,1.3519539833068848
1365889940.1018088,1059.1463414634145,49.8,1.4023103713989258
1365889940.35997,835.3658536585366,50.8,1.379636287689209
1365889940.6192489,1134.7560975609756,49.8,1.3468377590179443
1365889940.886921,749.390243902439,49.8,1.3975059986114502
1365889941.166346,1037.1951219512193,49.8,1.4428884983062744
1365889941.424305,954.8780487804878,49.8,1.3697521686553955
1365889941.6826298,896.9512195121952,50.3,1.3566091060638428
1365889941.955621,970.1219512195122,49.8,1.3331818580627441
1365889942.209849,990.2439024390244,50.8,1.3332154750823975
1365889942.468365,1021.9512195121952,49.8,1.3464112281799316
1365889942.7360508,657.3170731707318,49.8,1.3510832786560059
1365889943.010209,879.8780487804878,50.3,1.3411428928375244
1365889943.264118,942.0731707317073,50.3,1.4832334518432617
1365889943.518563,1023.7804878048779,50.3,1.4102709293365479
1365889943.7943108,1731.09756097561,50.3,1.3844940662384033
1365889944.049452,914.0243902439024,50.3,1.3338642120361328
1365889944.304291,1396.9512195121952,50.3,1.3445794582366943
1365889944.56372,1648.1707317073171,49.8,1.3608958721160889
1365889944.8393888,882.9268292682926,49.8,1.4370899200439453
1365889945.09408,982.9268292682926,49.8,1.3824684619903564
1365889945.3495412,1012.8048780487804,50.3,1.3626024723052979
1365889945.6103418,727.4390243902438,49.8,1.4225223064422607
1365889945.886288,912.1951219512196,49.8,1.3598787784576416
1365889946.1394382,857.9268292682926,49.8,1.336256980895996
1365889946.399565,830.4878048780488,49.8,1.398876428604126
1365889946.664345,666.4634146341464,49.8,1.3516240119934082
1365889946.941185,932.3170731707318,49.8,1.3280227184295654
1365889947.1964428,821.3414634146341,50.3,1.3306965827941895
1365889947.452998,758.5365853658536,49.8,1.3533451557159424
1365889947.727364,1012.1951219512196,49.8,1.3383212089538574
1365889947.983403,857.9268292682926,50.3,1.3313145637512207
1365889948.2401521,964.0243902439024,49.8,1.3487002849578857
1365889948.515192,928.048780487805,50.3,1.366483211517334
1365889948.77537,921.3414634146342,49.8,1.354783296585083
1365889949.029966,812.1951219512194,50.3,1.3469908237457275
1365889949.296205,1082.9268292682927,49.8,1.3558053970336914
1365889949.5776,879.8780487804878,49.8,1.327852725982666
1365889949.83249,893.2926829268292,49.8,1.382225751876831
1365889950.0884302,694.5121951219512,49.8,1.3589086532592773
1365889950.3692548,956.0975609756097,50.3,1.3320188522338867
1365889950.6241589,1256.7073170731705,50.3,1.33347749710083
1365889950.878528,807.9268292682927,49.8,1.5429348945617676
1365889951.153017,1004.8780487804878,49.8,1.3391039371490479
1365889951.4122171,888.4146341463414,49.8,1.3387870788574219
1365889951.667835,1284.7560975609756,50.3,1.4368526935577393
1365889951.929312,737.1951219512194,49.8,1.4606764316558838
1365889952.209059,862.1951219512194,49.8,1.3417766094207764
1365889952.464728,843.9024390243902,49.8,1.3626704216003418
1365889952.721053,1336.5853658536587,49.8,1.3576574325561523
1365889952.999725,979.2682926829268,49.8,1.334794044494629
1365889953.255988,901.219512195122,50.3,1.3356926441192627
1365889953.515456,807.9268292682927,49.8,1.342087745666504
1365889953.780394,1270.7317073170732,49.2,1.5264971256256104
1365889954.055104,879.2682926829268,50.3,1.3320512771606445
1365889954.311405,852.4390243902438,49.8,1.3711402416229248
1365889954.566998,776.219512195122,50.3,1.537766933441162
1365889954.8424141,802.439024390244,49.8,1.3305132389068604
1365889955.1001291,967.0731707317073,50.3,1.3713622093200684
1365889955.353236,821.3414634146341,50.3,1.3510048389434814
1365889955.625969,964.0243902439024,50.3,1.334991216659546
1365889955.879267,839.0243902439024,50.8,1.342303991317749
1365889956.133156,921.9512195121952,50.3,1.334667444229126
1365889956.3905358,785.3658536585366,49.8,1.3538093566894531
1365889956.669625,851.219512195122,49.8,1.5173611640930176
1365889956.92258,970.1219512195122,50.3,1.3401951789855957
1365889957.176571,940.2439024390243,49.8,1.495239496231079
1365889957.450454,893.9024390243902,49.8,1.3515310287475586
1365889957.704431,1242.6829268292684,49.8,1.355973720550537
1365889957.9584892,896.3414634146342,50.3,1.3382153511047363
1365889958.2199628,753.0487804878048,49.8,1.3588871955871582
1365889958.505592,1085.9756097560976,50.3,1.3416447639465332
1365889958.761908,879.8780487804878,50.3,1.3316636085510254
1365889959.016945,792.0731707317074,49.8,1.380856990814209
1365889959.286144,691.4634146341463,49.8,1.3941285610198975
1365889959.567551,818.2926829268292,49.8,1.3402085304260254
1365889959.821714,924.3902439024391,49.8,1.332763671875
1365889960.076629,954.2682926829268,50.3,1.3950703144073486
1365889960.352534,843.2926829268292,50.3,1.3952341079711914
1365889960.607275,868.2926829268292,50.3,1.3437883853912354
1365889960.8617249,904.8780487804878,49.8,1.6305036544799805
1365889961.13551,774.390243902439,49.8,1.6110191345214844
1365889961.4092941,982.9268292682926,50.3,1.520066499710083
1365889961.6631591,1443.90243902439,49.8,1.3470711708068848
1365889961.9209569,760.3658536585366,49.8,1.492271900177002
1365889962.1951182,924.3902439024391,49.8,1.3746190071105957
1365889962.452965,831.0975609756097,50.3,1.6336760520935059
1365889962.707773,925.0,49.8,1.4101290702819824
1365889962.9790661,677.439024390244,49.8,1.4626102447509766
1365889963.2541099,835.9756097560976,49.8,1.3440024852752686
1365889963.5097752,846.951219512195,50.3,1.4064180850982666
1365889963.763969,771.3414634146342,49.8,1.4564814567565918
1365889964.041333,857.9268292682926,50.3,1.3333148956298828
1365889964.297295,834.1463414634146,50.3,1.327878475189209
1365889964.5511942,906.0975609756098,50.3,1.3675224781036377
1365889964.819325,738.4146341463414,49.8,1.3606493473052979
1365889965.0941498,865.2439024390244,50.3,1.486546516418457
1365889965.348834,799.3902439024391,50.3,1.3823530673980713
1365889965.6088462,764.0243902439024,49.8,1.3530783653259277
1365889965.8857589,1264.6341463414635,50.3,1.6325585842132568
1365889966.142442,818.2926829268292,49.8,1.4135351181030273
1365889966.394925,1303.0487804878048,49.8,1.5224361419677734
1365889966.6714392,820.1219512195122,49.2,1.5097310543060303
1365889966.9483058,896.9512195121952,49.8,1.5692012310028076
1365889967.201453,918.2926829268293,49.8,1.5176758766174316
1365889967.458826,793.2926829268293,49.8,1.5137269496917725
1365889967.7303731,982.9268292682926,49.8,1.3604254722595215
1365889967.98688,841.4634146341463,49.8,1.367035150527954
1365889968.242213,1001.219512195122,50.3,1.3646650314331055
1365889968.5083442,760.3658536585366,49.8,1.4103596210479736
1365889968.787296,953.0487804878048,49.8,1.3374216556549072
1365889969.04227,981.0975609756098,50.3,1.3342783451080322
1365889969.299212,1379.878048780488,49.8,1.3517141342163086
1365889969.571368,967.0731707317073,50.3,1.3521318435668945
1365889969.82428,878.0487804878048,49.8,1.4601550102233887
1365889970.080748,888.4146341463414,50.8,1.4724388122558594
1365889970.344288,762.1951219512196,49.8,1.4374775886535645
1365889970.6226602,825.0,49.8,1.4197335243225098
1365889970.877247,837.1951219512194,50.3,1.7558975219726562
1365889971.1336389,996.3414634146342,50.3,1.509267807006836
1365889971.389163,772.5609756097562,49.8,1.4932339191436768
1365889971.673708,982.9268292682926,50.3,1.3573942184448242
1365889971.9273531,949.390243902439,50.8,1.3946495056152344
1365889972.181111,1004.8780487804878,50.3,1.3579800128936768
1365889972.456519,956.0975609756097,50.3,1.3503053188323975
1365889972.711415,1065.8536585365855,50.3,1.3292384147644043
1365889972.967785,1854.2682926829268,50.3,1.3502192497253418
1365889973.228332,691.4634146341463,49.2,1.3563141822814941
1365889973.5112162,867.0731707317074,49.8,1.331843614578247
1365889973.767236,945.1219512195122,49.8,1.3351373672485352
1365889974.02396,781.0975609756098,49.8,1.3507518768310547
1365889974.301193,879.2682926829268,49.8,1.3341419696807861
1365889974.558434,810.3658536585366,50.3,1.3299102783203125
1365889974.815147,881.0975609756098,50.3,1.3437457084655762
1365889975.075225,756.0975609756098,49.8,1.3764610290527344
1365889975.354464,968.9024390243902,49.8,1.3314974308013916
1365889975.6108532,920.1219512195122,50.3,1.333008050918579
1365889975.865126,821.3414634146341,49.8,1.3748812675476074
1365889976.141332,1110.9756097560976,49.8,1.3321311473846436
1365889976.40012,951.8292682926829,49.8,1.3338079452514648
1365889976.656281,859.1463414634146,50.3,1.3478269577026367
1365889976.915842,707.3170731707316,49.8,1.355611801147461
1365889977.1948538,1020.7317073170732,50.3,1.3317689895629883
1365889977.4508622,904.8780487804878,49.8,1.3580543994903564
1365889977.707278,854.2682926829268,50.3,1.3483400344848633
1365889977.980991,931.0975609756098,50.3,1.3328197002410889
1365889978.2373471,816.4634146341463,49.8,1.3317019939422607
1365889978.496182,888.4146341463414,50.3,1.358093023300171
1365889978.76001,727.4390243902438,48.7,1.5120477676391602
1365889979.041536,1037.1951219512193,49.8,1.3318169116973877
1365889979.2979531,849.390243902439,49.8,1.3939487934112549
1365889979.5552268,990.8536585365854,50.3,1.4611690044403076
1365889979.8295832,935.3658536585366,50.3,1.3324432373046875
1365889980.0826602,810.9756097560976,50.8,1.3390326499938965
1365889980.341453,1048.170731707317,50.3,1.3331243991851807
1365889980.60155,757.3170731707318,49.8,1.3600871562957764
1365889980.879412,824.390243902439,49.8,1.3319809436798096
1365889981.134163,871.3414634146342,50.8,1.3337154388427734
1365889981.3901372,828.0487804878048,49.8,1.3476133346557617
1365889981.6602151,748.170731707317,49.2,1.349837064743042
1365889981.936943,910.9756097560976,49.8,1.330794334411621
1365889982.1935859,859.1463414634146,50.3,1.3313064575195312
1365889982.451108,765.2439024390244,49.2,1.355804443359375
1365889982.726429,1031.7073170731708,49.8,1.3752381801605225
1365889982.983645,940.2439024390243,49.8,1.3326375484466553
1365889983.238663,857.9268292682926,49.8,1.3537533283233643
1365889983.515135,845.1219512195122,49.8,1.3321664333343506
1365889983.7711658,1023.1707317073171,50.3,1.3333797454833984
1365889984.02467,903.048780487805,50.3,1.3427338600158691
1365889984.2896562,791.4634146341464,49.8,1.3578104972839355
1365889984.5651178,929.8780487804878,50.3,1.3268046379089355
1365889984.8195798,806.0975609756098,50.3,1.6013827323913574
1365889985.0733771,942.0731707317073,49.8,1.457444429397583
1365889985.3468459,881.0975609756098,49.8,1.3344075679779053
1365889985.60142,810.9756097560976,50.3,1.3284289836883545
1365889985.8568141,990.8536585365854,50.3,1.3389651775360107
1365889986.11727,769.5121951219512,49.8,1.3515377044677734
1365889986.396883,935.3658536585366,50.3,1.3340342044830322
1365889986.650034,852.4390243902438,49.8,1.3306078910827637
1365889986.904914,765.2439024390244,49.8,1.355590581893921
1365889987.18116,881.0975609756098,49.8,1.3297619819641113
1365889987.435835,850.0,50.3,1.3327603340148926
1365889987.689955,1073.1707317073171,49.8,1.3475041389465332
1365889987.9599118,888.4146341463414,49.8,1.349980115890503
1365889988.2353978,964.0243902439024,50.3,1.3501667976379395
1365889988.492076,819.5121951219512,50.3,1.6345634460449219
1365889988.745354,763.4146341463414,50.3,1.5664787292480469
1365889989.020821,948.170731707317,49.8,1.3510558605194092
1365889989.278888,912.1951219512196,50.3,1.329737901687622
1365889989.535119,799.3902439024391,50.3,1.352137804031372
1365889989.80808,1015.2439024390243,50.3,1.342573881149292
1365889990.061959,803.048780487805,50.3,1.3336052894592285
1365889990.3158982,841.4634146341463,49.8,1.3312976360321045
1365889990.573768,778.048780487805,49.8,1.3538174629211426
1365889990.854647,1031.0975609756097,50.3,1.3525841236114502
1365889991.10874,990.8536585365854,49.8,1.3316614627838135
1365889991.3634949,900.0,50.3,1.3503408432006836
1365889991.6351628,827.4390243902438,50.8,1.3298146724700928
1365889991.888643,929.8780487804878,50.8,1.3287229537963867
1365889992.144008,918.9024390243903,49.8,1.3391883373260498
1365889992.404842,828.0487804878048,49.8,1.3612937927246094
1365889992.682118,954.2682926829268,49.8,1.3782775402069092
1365889992.934709,1009.1463414634145,50.3,1.33018159866333
1365889993.191283,1078.0487804878048,50.3,1.34476900100708
1365889993.456874,780.4878048780488,49.2,1.3961453437805176
1365889993.730846,910.9756097560976,49.8,1.3379483222961426
1365889993.988876,923.1707317073171,50.8,1.423823356628418
1365889994.243446,764.0243902439024,49.8,1.441175937652588
1365889994.52289,893.9024390243902,49.8,1.3332016468048096
1365889994.778058,979.2682926829268,50.3,1.3336231708526611
1365889995.0331562,1374.390243902439,49.8,1.4384970664978027
1365889995.310764,840.2439024390244,49.8,1.474839210510254
1365889995.5652459,964.0243902439024,49.8,1.3326680660247803
1365889995.821375,1009.7560975609756,49.8,1.35237717628479
1365889996.0847611,763.4146341463414,50.3,1.3503296375274658
1365889996.361516,807.9268292682927,50.3,1.3340861797332764
1365889996.61655,860.9756097560976,50.8,1.3338062763214111
1365889996.869859,882.9268292682926,49.8,1.3489265441894531
1365889997.146822,876.219512195122,49.8,1.3269884586334229
1365889997.400908,990.2439024390244,49.8,1.3306622505187988
1365889997.6547189,920.1219512195122,49.8,1.3357656002044678
1365889997.914751,760.9756097560976,49.8,1.3564748764038086
1365889998.198522,877.439024390244,49.8,1.3462669849395752
1365889998.454148,1062.8048780487804,50.3,1.3324644565582275
1365889998.707272,679.2682926829269,50.3,1.3980662822723389
1365889998.983545,907.3170731707318,50.3,1.3289732933044434
1365889999.236777,885.9756097560976,49.8,1.502967357635498
1365889999.4925618,937.8048780487804,49.8,1.3494658470153809
1365889999.764222,949.390243902439,50.3,1.331247329711914
1365890000.017904,857.3170731707316,49.8,1.3410000801086426
1365890000.271177,1691.4634146341464,49.8,1.3389520645141602
1365890000.5351412,854.8780487804878,49.8,1.3536198139190674
1365890000.8168619,830.4878048780488,49.8,1.3261451721191406
1365890001.0708559,920.1219512195122,49.8,1.3308820724487305
1365890001.325804,960.3658536585366,50.3,1.346792221069336
1365890001.598709,846.3414634146342,50.8,1.3363051414489746
1365890001.853191,834.1463414634146,50.8,1.3282158374786377
1365890002.10867,965.8536585365854,50.8,1.3317365646362305
1365890002.3643699,821.951219512195,49.2,1.353750467300415
1365890002.646126,1014.0243902439023,49.8,1.3325579166412354
1365890002.900007,913.4146341463415,49.8,1.3464999198913574
1365890003.155301,913.4146341463415,50.3,1.341491937637329
1365890003.424572,1608.5365853658539,49.8,1.3525290489196777
1365890003.698781,806.0975609756098,49.8,1.3316349983215332
1365890003.951936,976.219512195122,50.3,1.395425796508789
1365890004.206542,701.2195121951219,49.8,1.362295150756836
1365890004.485041,871.3414634146342,50.3,1.3309133052825928
1365890004.739325,906.0975609756098,49.8,1.3305583000183105
1365890004.994593,852.4390243902438,49.8,1.3508260250091553
1365890005.272541,1863.4146341463415,50.3,1.3361599445343018
1365890005.5332742,1946.9512195121952,50.3,1.3369264602661133
1365890005.7888908,903.048780487805,49.2,1.3378450870513916
1365890006.0537338,777.439024390244,50.3,1.370819091796875
1365890006.3308249,970.1219512195122,49.8,1.5031776428222656
1365890006.58583,874.390243902439,49.8,1.48982572555542
1365890006.838583,863.4146341463414,49.8,1.3915297985076904
1365890007.099526,744.5121951219512,49.8,1.3721542358398438
1365890007.373247,828.0487804878048,49.8,1.3673267364501953
1365890007.627024,803.048780487805,50.8,1.3316326141357422
1365890007.880331,756.0975609756098,49.8,1.3531274795532227
1365890008.1585002,875.0,49.8,1.3317155838012695
1365890008.417527,832.9268292682926,50.8,1.3732142448425293
1365890008.6732328,828.0487804878048,49.8,1.4739587306976318
1365890008.9444978,881.0975609756098,50.3,1.5465257167816162
1365890009.2020721,1021.9512195121952,50.8,1.3419036865234375
1365890009.4606059,835.3658536585366,49.8,1.368121862411499
1365890009.723526,750.0,49.8,1.6917495727539062
1365890010.007205,935.9756097560976,49.8,1.516228199005127
1365890010.260101,976.219512195122,49.8,1.333808183670044
1365890010.519774,790.2439024390244,49.2,1.3583121299743652
1365890010.805731,871.3414634146342,50.3,1.3378620147705078
1365890011.063127,1012.8048780487804,49.8,1.365663766860962
1365890011.3182411,960.9756097560976,50.8,1.3711671829223633
1365890011.593706,996.9512195121952,49.8,1.352994680404663
1365890011.851889,1582.3170731707316,49.8,1.3289408683776855
1365890012.1079838,843.2926829268292,50.3,1.3357164859771729
1365890012.368004,748.170731707317,49.8,1.364980936050415
1365890012.644744,783.5365853658537,49.8,1.4309272766113281
1365890012.90148,909.1463414634146,50.3,1.3345520496368408
1365890013.1576908,787.1951219512196,49.8,1.3452332019805908
1365890013.4309871,1092.0731707317073,50.3,1.3330190181732178
1365890013.690416,931.0975609756098,49.8,1.3306782245635986
1365890013.947865,900.0,50.3,1.3396594524383545
1365890014.2103832,750.0,49.8,1.366208791732788
1365890014.491491,873.170731707317,49.8,1.334003210067749
1365890014.7464252,1312.8048780487804,50.8,1.3336305618286133
1365890015.006848,976.8292682926829,49.8,1.345780849456787
1365890015.279536,768.2926829268292,49.8,1.3606147766113281
1365890015.561849,975.0,50.3,1.3350715637207031
1365890015.8181918,849.390243902439,49.8,1.338517427444458
1365890016.075061,1009.7560975609756,49.8,1.3529202938079834
1365890016.3498821,890.8536585365854,50.3,1.3353755474090576
1365890016.610819,1233.5365853658539,50.3,1.3329808712005615
1365890016.866936,837.1951219512194,50.3,1.3458945751190186
1365890017.129368,720.1219512195122,49.2,1.3580777645111084
1365890017.4093068,926.829268292683,49.8,1.332035779953003
1365890017.6630661,1012.1951219512196,49.8,1.3290340900421143
1365890017.9171069,942.0731707317073,49.8,1.3449876308441162
1365890018.189762,777.439024390244,49.8,1.356083869934082
1365890018.467702,984.7560975609756,50.3,1.3402864933013916
1365890018.7222662,929.8780487804878,50.3,1.334106683731079
1365890018.978293,981.0975609756098,49.8,1.3489270210266113
1365890019.252467,931.0975609756098,50.3,1.335174798965454
1365890019.51107,1009.7560975609756,50.3,1.328705072402954
1365890019.7666051,981.0975609756098,49.8,1.338878870010376
1365890020.0304298,778.048780487805,49.8,1.3882901668548584
1365890020.306093,821.3414634146341,50.8,1.3299694061279297
1365890020.563615,981.0975609756098,50.3,1.3370707035064697
1365890020.82054,778.048780487805,50.3,1.3549509048461914
1365890021.097332,845.1219512195122,50.8,1.3324875831604004
1365890021.351457,868.9024390243902,50.3,1.3457906246185303
1365890021.609338,796.9512195121952,50.3,1.3447027206420898
1365890021.880706,923.1707317073171,50.3,1.3265409469604492
1365890022.1345751,996.9512195121952,50.3,1.3307175636291504
1365890022.389782,899.390243902439,49.8,1.337188720703125
1365890022.654439,771.3414634146342,49.8,1.351536750793457
1365890022.931301,878.0487804878048,50.3,1.3283050060272217
1365890023.187378,962.8048780487804,49.8,1.3534462451934814
1365890023.444601,854.2682926829268,49.8,1.3511428833007812
1365890023.7166002,763.4146341463414,49.8,1.350050926208496
1365890023.9909608,1054.878048780488,50.3,1.331932783126831
1365890024.2447271,984.1463414634146,50.3,1.3312928676605225
1365890024.50078,769.5121951219512,49.8,1.3552768230438232
1365890024.775945,978.0487804878048,50.3,1.3345139026641846
1365890025.031072,850.0,50.3,1.3659892082214355
1365890025.284332,984.1463414634146,49.8,1.3474900722503662
1365890025.5594392,835.3658536585366,49.8,1.330944538116455
1365890025.812607,953.0487804878048,50.3,1.3250672817230225
1365890026.066068,918.9024390243903,49.8,1.3375093936920166
1365890026.3256938,773.1707317073171,49.8,1.352398157119751
1365890026.6027331,942.0731707317073,50.3,1.326941967010498
1365890026.857497,915.8536585365854,49.8,1.3278048038482666
1365890027.112523,968.2926829268292,49.8,1.350041389465332
1365890027.384355,996.3414634146342,49.8,1.338681697845459
1365890027.64047,960.9756097560976,50.8,1.3330755233764648
1365890027.893813,873.170731707317,50.3,1.3582053184509277
1365890028.153516,773.1707317073171,49.8,1.3773376941680908
1365890028.430942,1875.0,49.8,1.3602070808410645
1365890028.6859531,935.3658536585366,49.8,1.3580048084259033
1365890028.941259,1664.6341463414633,49.8,1.3829572200775146
1365890029.21152,782.3170731707318,49.2,1.352656364440918
1365890029.48633,856.0975609756098,49.8,1.3319857120513916
1365890029.7397661,973.780487804878,49.8,1.3411688804626465
1365890029.9957929,856.0975609756098,49.8,1.371124505996704
1365890030.27186,889.0243902439024,50.8,1.3382625579833984
1365890030.530559,830.4878048780488,50.3,1.3313932418823242
1365890030.783574,881.0975609756098,49.8,1.3678300380706787
1365890031.0549629,1607.3170731707319,49.8,1.3284194469451904
1365890031.3118699,1168.9024390243903,49.8,1.3423917293548584
1365890031.574924,823.170731707317,49.8,1.3362796306610107
1365890031.839602,792.0731707317074,49.8,1.389174222946167
1365890032.1178849,1915.2439024390244,49.8,1.3380699157714844
1365890032.378007,1076.219512195122,49.8,1.3302984237670898
1365890032.635822,976.219512195122,49.8,1.3445708751678467
1365890032.9035761,774.390243902439,50.3,1.3564777374267578
1365890033.183414,1070.7317073170732,49.8,1.3488917350769043
1365890033.4366112,851.219512195122,49.8,1.3291714191436768
1365890033.690707,968.9024390243902,49.8,1.5005507469177246
1365890033.965056,978.0487804878048,49.8,1.3345122337341309
1365890034.218285,814.0243902439024,50.3,1.3420753479003906
1365890034.473979,1868.2926829268295,50.8,1.3532860279083252
1365890034.731473,687.1951219512194,49.8,1.382307529449463
1365890035.007551,795.1219512195122,49.8,1.3496861457824707
1365890035.261533,1003.0487804878047,49.8,1.3344883918762207
1365890035.515671,1051.219512195122,49.8,1.3556084632873535
1365890035.789519,1092.0731707317073,49.8,1.3571724891662598
1365890036.065238,1050.0,49.8,1.3278043270111084
1365890036.31912,971.951219512195,49.8,1.3552956581115723
1365890036.578948,871.3414634146342,49.8,1.3526928424835205
1365890036.852621,940.2439024390243,49.8,1.331721305847168
1365890037.106723,800.0,50.3,1.334770679473877
1365890037.362324,929.2682926829269,49.8,1.3520941734313965
1365890037.6281621,1115.8536585365855,49.8,1.3779783248901367
1365890037.906527,926.219512195122,49.8,1.3764207363128662
1365890038.161775,796.3414634146342,50.3,1.361325979232788
1365890038.4180422,940.8536585365853,50.3,1.3510401248931885
1365890038.6928508,825.0,50.3,1.3269379138946533
1365890038.9480488,992.0731707317074,49.8,1.337209701538086
1365890039.2036679,819.5121951219512,49.8,1.3381390571594238
1365890039.4641001,660.3658536585366,49.2,1.3630931377410889
1365890039.7396538,923.1707317073171,50.3,1.661179542541504
1365890039.994484,960.9756097560976,49.8,1.4321050643920898
1365890040.247606,901.219512195122,50.3,1.3466911315917969
1365890040.508251,753.0487804878048,49.8,1.3659448623657227
1365890040.7842119,904.2682926829268,50.3,1.3326623439788818
1365890041.037872,976.219512195122,49.8,1.3318042755126953
1365890041.291363,1001.219512195122,49.8,1.3437297344207764
1365890041.5623941,776.219512195122,49.2,1.3767852783203125
1365890041.834763,853.0487804878048,49.8,1.3691818714141846
1365890042.0901709,810.9756097560976,49.8,1.331977128982544
1365890042.345849,764.0243902439024,49.8,1.3495843410491943
1365890042.622894,978.0487804878048,50.3,1.3352341651916504
1365890042.876864,939.0243902439024,49.8,1.3283302783966064
1365890043.132689,965.8536585365854,50.3,1.346545934677124
1365890043.3985422,780.4878048780488,49.8,1.3564424514770508
1365890043.678323,841.4634146341463,49.8,1.345810890197754
1365890043.932069,839.0243902439024,49.8,1.3261518478393555
1365890044.186576,968.9024390243902,49.8,1.3504464626312256
1365890044.4582322,819.5121951219512,49.8,1.3754479885101318
1365890044.7151191,795.1219512195122,49.8,1.3650751113891602
1365890044.970973,803.048780487805,50.3,1.3435876369476318
1365890045.237343,747.560975609756,49.8,1.355370283126831
1365890045.5144162,1110.9756097560976,49.8,1.3332538604736328
1365890045.769567,948.170731707317,49.8,1.3378064632415771
1365890046.0236511,787.1951219512196,49.2,1.4111990928649902
1365890046.299448,877.439024390244,50.3,1.3295032978057861
1365890046.5561779,780.4878048780488,50.3,1.333038568496704
1365890046.816021,956.0975609756097,49.8,1.342576503753662
1365890047.08731,757.3170731707318,49.2,1.3532018661499023
1365890047.3639932,854.2682926829268,49.8,1.3286511898040771
1365890047.620893,792.0731707317074,49.8,1.3292899131774902
1365890047.8784509,771.3414634146342,49.8,1.4130136966705322
1365890048.157727,976.8292682926829,50.3,1.3371703624725342
1365890048.411207,841.4634146341463,49.8,1.4004201889038086
1365890048.666757,976.219512195122,49.8,1.3496391773223877
1365890048.937875,946.3414634146341,50.3,1.3316149711608887
1365890049.194721,971.3414634146342,50.3,1.3305168151855469
1365890049.449246,854.2682926829268,50.3,1.3323206901550293
1365890049.7079098,763.4146341463414,49.8,1.3525004386901855
1365890049.980596,876.219512195122,50.3,1.3405704498291016
1365890050.2345998,1089.0243902439024,50.3,1.3322577476501465
1365890050.491311,989.0243902439024,50.3,1.4096767902374268
1365890050.769056,973.780487804878,49.8,1.3787271976470947
1365890051.022877,971.3414634146342,50.3,1.430952548980713
1365890051.2762911,838.4146341463414,49.8,1.360377550125122
1365890051.543485,765.2439024390244,49.8,1.351527214050293
1365890051.8208032,976.219512195122,49.8,1.3294763565063477
1365890052.0758772,1018.2926829268292,49.8,1.3374404907226562
1365890052.330226,867.0731707317074,49.8,1.4099750518798828
1365890052.610376,962.8048780487804,49.8,1.329115390777588
1365890052.867937,866.4634146341464,50.3,1.3256583213806152
1365890053.1229131,1056.7073170731708,50.3,1.3543405532836914
1365890053.400353,863.4146341463414,49.8,1.3908212184906006
1365890053.655738,931.0975609756098,50.3,1.358241081237793
1365890053.913103,814.0243902439024,49.8,1.3485395908355713
1365890054.182592,769.5121951219512,49.8,1.3566114902496338
1365890054.460588,799.3902439024391,49.8,1.3259193897247314
1365890054.715104,917.0731707317074,50.3,1.331347942352295
1365890054.9687612,768.2926829268292,49.8,1.3503468036651611
1365890055.2448168,1090.2439024390244,49.8,1.334047794342041
1365890055.500555,1929.878048780488,50.3,1.3797714710235596
1365890055.754642,968.2926829268292,49.8,1.4136998653411865
1365890056.032505,1305.4878048780488,49.8,1.335663080215454
1365890056.2873979,884.1463414634146,50.3,1.3288674354553223
1365890056.542161,921.9512195121952,50.3,1.3376295566558838
1365890056.803634,776.219512195122,49.2,1.353043794631958
1365890057.082618,876.219512195122,49.8,1.330632209777832
1365890057.33741,867.0731707317074,49.8,1.3282346725463867
1365890057.593951,1043.9024390243903,50.3,1.355097770690918
1365890057.870199,973.170731707317,50.3,1.3403019905090332
1365890058.123799,998.170731707317,50.3,1.3325703144073486
1365890058.377158,851.219512195122,49.8,1.3645007610321045
1365890058.638463,953.0487804878048,49.8,1.3742969036102295
1365890058.913735,860.9756097560976,49.8,1.3348333835601807
1365890059.168303,1500.6097560975609,49.8,1.3843934535980225
1365890059.423608,984.7560975609756,49.8,1.3568377494812012
1365890059.700348,1007.3170731707318,49.8,1.3703858852386475
1365890059.959095,796.9512195121952,49.8,1.348463773727417
1365890060.22064,874.390243902439,50.3,1.3934476375579834
1365890060.491447,807.3170731707318,49.8,1.3258819580078125
1365890060.746835,984.1463414634146,49.8,1.3327045440673828
1365890061.0028448,973.170731707317,50.3,1.3335402011871338
1365890061.261216,762.1951219512196,49.2,1.3577895164489746
1365890061.5352352,946.951219512195,49.8,1.3314683437347412
1365890061.789099,900.0,49.8,1.3258895874023438
1365890062.0437691,1373.780487804878,49.8,1.421729326248169
1365890062.314613,762.1951219512196,49.8,1.4644997119903564
1365890062.590975,921.9512195121952,49.8,1.3788683414459229
1365890062.846606,804.2682926829269,49.8,1.3548455238342285
1365890063.104774,775.0,49.2,1.3565101623535156
1365890063.385282,824.390243902439,49.8,1.3366055488586426
1365890063.64139,820.1219512195122,49.8,1.3317370414733887
1365890063.89485,842.0731707317073,49.8,1.358992338180542
1365890064.16176,764.0243902439024,49.2,1.3557682037353516
1365890064.439893,976.219512195122,49.8,1.3286597728729248
1365890064.696275,796.9512195121952,50.3,1.3301374912261963
1365890064.954609,752.439024390244,49.8,1.355330467224121
1365890065.238701,899.390243902439,50.3,1.3266396522521973
1365890065.494208,796.3414634146342,50.3,1.4673917293548584
1365890065.748302,1675.6097560975609,49.8,1.4903135299682617
