1365889764.9036384,1123.780487804878,59.1,0.04737520217895508
1365889765.1247709,917.0731707317074,58.5,0.020148277282714844
1365889765.344678,982.3170731707316,58.5,0.01773238182067871
1365889765.5620673,954.2682926829268,58.0,0.01779770851135254
1365889765.7794135,1089.0243902439024,58.0,0.020603179931640625
1365889765.9996743,943.9024390243902,58.0,0.02145981788635254
1365889766.220721,1035.9756097560976,59.1,0.01770639419555664
1365889766.4380825,902.439024390244,58.5,0.018725156784057617
1365889766.65646,1120.7317073170732,59.1,0.026786327362060547
1365889766.8826952,979.2682926829268,58.5,0.021552324295043945
1365889767.1038058,973.780487804878,58.0,0.020209550857543945
1365889767.323966,1170.7317073170732,58.0,0.03308582305908203
1365889767.5465887,1009.1463414634145,58.5,0.019446134567260742
1365889767.7655632,998.780487804878,59.1,0.024039745330810547
1365889767.9891193,1167.6829268292684,59.1,0.02816605567932129
1365889768.2168334,1007.3170731707318,59.1,0.024074792861938477
1365889768.43703,1076.219512195122,59.1,0.0202939510345459
1365889768.657088,1028.0487804878048,58.5,0.019971370697021484
1365889768.8770065,1021.9512195121952,58.5,0.019662857055664062
1365889769.096319,970.1219512195122,58.5,0.027183055877685547
1365889769.32089,1268.90243902439,58.5,0.02290177345275879
1365889769.5434275,1089.0243902439024,59.1,0.023285865783691406
1365889769.767305,1032.9268292682927,59.6,0.019750356674194336
1365889769.9873152,1139.0243902439024,59.6,0.028000354766845703
1365889770.2148561,992.0731707317074,59.6,0.021648883819580078
1365889770.436267,1081.0975609756097,60.1,0.02076411247253418
1365889770.656596,1029.8780487804877,60.1,0.05988311767578125
1365889770.886311,1379.878048780488,61.2,0.0359950065612793
1365889771.118835,1279.8780487804877,60.1,0.02776360511779785
1365889771.3460832,921.3414634146342,60.1,0.025336503982543945
1365889771.5691974,1034.1463414634147,60.1,0.025870084762573242
1365889771.79441,935.9756097560976,60.1,0.02062058448791504
1365889772.014498,946.951219512195,60.1,0.024162769317626953
1365889772.2384102,1081.7073170731708,60.1,0.021834135055541992
1365889772.4597785,1081.0975609756097,59.6,0.01975083351135254
1365889772.6789253,1020.7317073170732,59.6,0.02306365966796875
1365889772.9010248,1159.7560975609756,60.1,0.031768083572387695
1365889773.132371,943.9024390243902,60.1,0.025651931762695312
1365889773.357317,1054.2682926829268,59.1,0.02339029312133789
1365889773.580312,899.390243902439,60.1,0.027944087982177734
1365889773.8067312,942.0731707317073,60.1,0.02123117446899414
1365889774.0275977,1110.9756097560976,60.1,0.018514156341552734
1365889774.2457333,1271.9512195121952,60.1,0.03887224197387695
1365889774.4841368,929.2682926829269,60.1,0.019907474517822266
1365889774.7037127,1059.1463414634145,59.6,0.029367923736572266
1365889774.9329703,923.1707317073171,60.1,0.02504730224609375
1365889775.1574273,904.8780487804878,60.1,0.019998788833618164
1365889775.3769841,1264.0243902439024,60.1,0.038458824157714844
1365889775.6146412,1170.7317073170732,60.7,0.028362512588500977
1365889775.8427265,1300.0,60.7,0.030009746551513672
1365889776.0728393,1167.6829268292684,60.7,0.023966550827026367
1365889776.2962773,1107.9268292682927,61.2,0.04070711135864258
1365889776.5404372,1048.780487804878,61.2,0.024458885192871094
1365889776.7674882,1250.0,61.2,0.03105330467224121
1365889777.0000646,1029.8780487804877,61.2,0.027929067611694336
1365889777.2272918,1059.7560975609756,61.2,0.019398212432861328
1365889777.4462657,979.8780487804878,61.2,0.02014923095703125
1365889777.6659162,898.1707317073171,60.1,0.01948857307434082
1365889777.8850045,1329.8780487804877,60.7,0.028519153594970703
1365889778.113509,1060.9756097560976,60.7,0.023532390594482422
1365889778.337107,1085.9756097560976,60.7,0.02373647689819336
1365889778.560821,1140.8536585365853,60.1,0.023761510848999023
1365889778.7846897,1148.780487804878,60.7,0.020544052124023438
1365889779.0052633,1140.8536585365853,60.1,0.023137569427490234
1365889779.2283325,1110.9756097560976,60.7,0.02121710777282715
1365889779.4493866,973.170731707317,60.1,0.024571657180786133
1365889779.6733522,998.170731707317,60.7,0.021565914154052734
1365889779.8945012,957.3170731707316,60.1,0.02256035804748535
1365889780.116678,1171.9512195121952,60.1,0.025818824768066406
1365889780.341834,1037.8048780487804,61.2,0.024195194244384766
1365889780.5655706,1148.1707317073171,60.1,0.02406454086303711
1365889780.7896674,1247.560975609756,60.7,0.0350337028503418
1365889781.024383,1248.780487804878,60.7,0.02317047119140625
1365889781.2486222,1059.1463414634145,60.7,0.03470969200134277
1365889781.4855433,1451.829268292683,60.1,0.025882720947265625
1365889781.7110047,1279.8780487804877,60.7,0.02572941780090332
1365889781.9364457,1283.5365853658536,60.7,0.028306245803833008
1365889782.1642065,1112.1951219512196,61.2,0.023055553436279297
1365889782.388576,1112.1951219512196,61.8,0.021582841873168945
1365889782.6098254,940.8536585365853,61.8,0.0191495418548584
1365889782.8285818,960.3658536585366,61.2,0.01891350746154785
1365889783.0471284,918.2926829268293,61.2,0.021250009536743164
1365889783.2680242,984.7560975609756,60.7,0.022713899612426758
1365889783.4903388,978.0487804878048,61.2,0.019343137741088867
1365889783.7095082,1186.5853658536585,61.2,0.026427507400512695
1365889783.9353876,968.9024390243902,61.2,0.01989436149597168
1365889784.154774,1035.9756097560976,60.7,0.020558595657348633
1365889784.376635,1201.829268292683,61.2,0.026645898818969727
1365889784.6043382,1060.9756097560976,61.2,0.0249173641204834
1365889784.8281627,971.3414634146342,61.2,0.018076419830322266
1365889785.045795,1012.1951219512196,60.1,0.024496078491210938
1365889785.2699246,957.3170731707316,60.7,0.020931243896484375
1365889785.490535,1001.8292682926829,60.7,0.022569894790649414
1365889785.7126644,1018.9024390243901,60.1,0.025483369827270508
1365889785.935839,1280.4878048780488,61.2,0.027190685272216797
1365889786.1626525,1250.0,60.7,0.020584583282470703
1365889786.38303,1089.0243902439024,60.7,0.02774500846862793
1365889786.6107988,1056.7073170731708,60.7,0.028790950775146484
1365889786.8392,1131.7073170731705,61.2,0.020510196685791016
1365889787.0592391,1181.7073170731708,60.7,0.02792954444885254
1365889787.2884548,852.4390243902438,60.1,0.01855158805847168
1365889787.5077865,934.1463414634147,60.7,0.019995689392089844
1365889787.7277458,1148.780487804878,60.7,0.02272820472717285
1365889787.9501076,992.0731707317074,61.2,0.020450353622436523
1365889788.1701958,915.2439024390244,60.7,0.019182920455932617
1365889788.3889232,1231.09756097561,60.1,0.022713422775268555
1365889788.6111088,868.2926829268292,60.1,0.019797801971435547
1365889788.830521,914.0243902439024,60.7,0.019498825073242188
1365889789.0497549,1150.0,60.1,0.02526688575744629
1365889789.2746246,874.390243902439,60.1,0.020107746124267578
1365889789.4940934,989.0243902439024,60.7,0.026784181594848633
1365889789.7207859,965.8536585365854,60.7,0.03407025337219238
1365889789.9538634,1220.1219512195123,60.7,0.026691913604736328
1365889790.1781764,967.0731707317073,60.7,0.01928544044494629
1365889790.3972964,976.8292682926829,60.1,0.026842117309570312
1365889790.6238387,1109.7560975609756,60.7,0.025339365005493164
1365889790.8488262,1214.6341463414633,60.7,0.02630162239074707
1365889791.0747094,1131.7073170731705,61.2,0.026990175247192383
1365889791.301172,964.0243902439024,60.7,0.019418716430664062
1365889791.52027,937.1951219512194,60.1,0.018747568130493164
1365889791.7385352,951.8292682926829,60.1,0.019026517868041992
1365889791.9571505,1128.0487804878048,60.1,0.021078824996948242
1365889792.1778724,992.0731707317074,60.1,0.022771358489990234
1365889792.4003165,924.3902439024391,60.1,0.018367528915405273
1365889792.6182878,959.1463414634146,60.1,0.018367528915405273
1365889792.8363614,1203.6585365853657,60.1,0.030333518981933594
1365889793.0645761,948.170731707317,60.7,0.01976609230041504
1365889793.2844293,1090.2439024390244,60.1,0.018988609313964844
1365889793.5033846,1167.6829268292684,60.1,0.021886587142944336
1365889793.7247958,1004.8780487804878,60.1,0.021643400192260742
1365889793.9460583,1006.0975609756098,60.7,0.02579665184020996
1365889794.1714988,1120.7317073170732,60.1,0.019860267639160156
1365889794.3910954,1186.5853658536585,60.1,0.025287628173828125
1365889794.6158469,943.9024390243902,60.7,0.017956972122192383
1365889794.8333507,857.3170731707316,60.1,0.01811814308166504
1365889795.051542,1153.6585365853657,60.1,0.021895885467529297
1365889795.2726934,878.0487804878048,60.7,0.029332876205444336
1365889795.5017395,962.1951219512194,60.1,0.021346330642700195
1365889795.7220297,939.0243902439024,60.7,0.018155574798583984
1365889795.9397373,996.3414634146342,60.7,0.019791126251220703
1365889796.1597517,1007.9268292682925,61.2,0.023970842361450195
1365889796.383595,915.8536585365854,60.7,0.019747257232666016
1365889796.6035047,1143.90243902439,60.7,0.021210908889770508
1365889796.8243768,1135.9756097560976,61.2,0.025209426879882812
1365889797.049089,1018.9024390243901,60.7,0.03208136558532715
1365889797.2803721,900.0,60.7,0.030590057373046875
1365889797.5100975,885.3658536585366,60.7,0.020911216735839844
1365889797.7306497,1223.7804878048782,60.7,0.022357940673828125
1365889797.9525778,1168.9024390243903,60.7,0.023231983184814453
1365889798.1757216,1023.7804878048779,60.7,0.0287477970123291
1365889798.4041085,962.8048780487804,60.7,0.02446150779724121
1365889798.6269622,864.0243902439024,60.1,0.019515037536621094
1365889798.846014,848.170731707317,60.1,0.01999044418334961
1365889799.0656009,1018.9024390243901,60.7,0.019325733184814453
1365889799.2849114,871.3414634146342,60.1,0.018318653106689453
1365889799.5035613,1189.6341463414635,60.7,1.444610834121704
1365889799.7386193,1081.0975609756097,61.2,1.217003345489502
1365889799.9596832,1272.560975609756,61.2,1.0028696060180664
1365889800.182421,1001.219512195122,61.2,0.7844638824462891
1365889800.4041803,1171.9512195121952,60.7,0.5696470737457275
1365889800.6269634,945.1219512195122,61.2,0.3514218330383301
1365889800.8459811,960.3658536585366,60.7,0.13696718215942383
1365889801.0712807,1187.8048780487804,61.2,0.0258786678314209
1365889801.2971659,910.9756097560976,61.2,0.020560503005981445
1365889801.5179722,1161.5853658536585,61.2,0.026491403579711914
1365889801.7445261,1012.8048780487804,60.7,0.020383119583129883
1365889801.9649315,1337.8048780487807,61.2,0.025485754013061523
1365889802.190505,1118.9024390243903,60.7,0.022097110748291016
1365889802.4126484,1042.0731707317073,60.7,0.024846792221069336
1365889802.6385894,1075.0,60.7,0.027798175811767578
1365889802.8665469,995.1219512195122,60.7,0.020519018173217773
1365889803.0866535,992.0731707317074,60.7,0.02559947967529297
1365889803.3117306,846.3414634146342,60.7,0.02224278450012207
1365889803.5332775,1081.0975609756097,61.2,0.025532007217407227
1365889803.7579732,909.1463414634146,60.7,0.031282663345336914
1365889803.989132,1023.7804878048779,60.7,0.019556760787963867
1365889804.2078876,943.9024390243902,60.7,0.01838374137878418
1365889804.425835,910.3658536585366,60.1,0.01846766471862793
1365889804.6441998,893.9024390243902,61.2,0.020290374755859375
1365889804.8642523,1198.780487804878,61.2,0.023842811584472656
1365889805.0892463,1015.2439024390243,60.7,0.02079463005065918
1365889805.3096826,934.1463414634147,60.7,0.026013851165771484
1365889805.5358603,1007.9268292682925,60.7,0.023132801055908203
1365889805.7592227,1182.9268292682925,61.2,0.020811080932617188
1365889805.980057,1010.9756097560976,60.7,0.024639606475830078
1365889806.2058182,1146.9512195121952,61.2,0.025506019592285156
1365889806.4309535,899.390243902439,61.2,0.02910017967224121
1365889806.6585054,1139.6341463414635,60.7,0.02625584602355957
1365889806.8847532,1112.1951219512196,60.7,0.02859663963317871
1365889807.1133752,1023.7804878048779,60.7,0.020227432250976562
1365889807.33369,1184.7560975609756,61.2,0.026447534561157227
1365889807.5600145,956.0975609756097,60.7,0.02260446548461914
1365889807.7818477,943.2926829268292,60.7,0.029791831970214844
1365889808.0117881,1001.219512195122,60.1,0.018219947814941406
1365889808.2295163,1098.7804878048782,60.7,0.02289128303527832
1365889808.4527137,1126.219512195122,61.2,0.030448436737060547
1365889808.6827173,1189.0243902439024,60.7,0.030280590057373047
1365889808.9127364,982.3170731707316,61.2,0.026121854782104492
1365889809.1387725,917.0731707317074,60.7,0.020132064819335938
1365889809.3586197,1189.6341463414635,61.2,0.02375173568725586
1365889809.5820582,853.0487804878048,61.2,0.06898617744445801
1365889809.8020742,954.2682926829268,61.2,0.02230668067932129
1365889810.0229745,1131.7073170731705,60.7,0.02075481414794922
1365889810.2438698,1186.5853658536585,61.2,0.0227811336517334
1365889810.467254,1162.8048780487804,60.7,0.026654958724975586
1365889810.6934748,951.2195121951219,61.2,0.02158641815185547
1365889810.9146652,901.219512195122,61.2,0.02092719078063965
1365889811.1354156,992.0731707317074,61.2,0.024599790573120117
1365889811.3602753,1006.0975609756098,61.2,0.018787860870361328
1365889811.578643,957.9268292682926,61.2,0.0187833309173584
1365889811.797334,1120.7317073170732,60.7,0.02304244041442871
1365889812.0193493,895.1219512195122,61.2,0.021979331970214844
1365889812.240251,1076.219512195122,61.2,0.022125244140625
1365889812.4619975,970.1219512195122,61.2,0.020508766174316406
1365889812.682163,1114.0243902439024,61.2,0.030987024307250977
1365889812.9128003,849.390243902439,60.7,0.024843454360961914
1365889813.1369526,896.3414634146342,61.2,0.022656917572021484
1365889813.3590586,970.1219512195122,60.7,0.021100759506225586
1365889813.5797462,896.9512195121952,61.2,0.030785560607910156
1365889813.810095,1131.7073170731705,60.7,0.01898479461669922
1365889814.028631,953.0487804878048,61.2,0.018408775329589844
1365889814.2466779,946.951219512195,61.8,0.02084207534790039
1365889814.467149,942.0731707317073,61.2,0.019405126571655273
1365889814.6865075,910.3658536585366,61.2,0.018496274948120117
1365889814.904642,850.0,60.7,0.019231081008911133
1365889815.123841,1020.7317073170732,60.7,0.022145509719848633
1365889815.3456035,1096.9512195121952,61.2,0.03353095054626465
1365889815.579099,962.1951219512194,61.2,0.02933812141418457
1365889815.8084457,885.3658536585366,60.7,0.02410411834716797
1365889816.0321398,1007.3170731707318,61.2,0.023308992385864258
1365889816.255622,1053.0487804878048,60.7,0.020477771759033203
1365889816.4756777,960.9756097560976,61.2,0.019424915313720703
1365889816.694866,1098.7804878048782,60.7,0.02459406852722168
1365889816.9190137,1023.7804878048779,61.2,0.019739627838134766
1365889817.1383445,948.170731707317,61.2,0.02012944221496582
1365889817.3580606,870.1219512195122,61.2,0.02022075653076172
1365889817.5779145,884.1463414634146,61.2,0.02610921859741211
1365889817.8036926,846.951219512195,61.2,0.020554780960083008
1365889818.023777,1114.0243902439024,61.2,0.01897430419921875
1365889818.2423847,935.3658536585366,61.2,0.020227670669555664
1365889818.4622815,1123.1707317073171,61.2,0.01984882354736328
1365889818.6816905,932.3170731707318,61.2,0.018744707107543945
1365889818.9006128,970.1219512195122,61.2,0.028456449508666992
1365889819.128716,1051.219512195122,61.2,0.022684574127197266
1365889819.351133,1095.7317073170732,61.2,0.024634122848510742
1365889819.5753999,864.0243902439024,61.2,0.02756953239440918
1365889819.8038723,860.3658536585366,61.2,0.01844477653503418
1365889820.0221562,998.170731707317,61.2,0.0268399715423584
1365889820.248664,929.2682926829269,61.2,0.018956899642944336
1365889820.467456,871.9512195121952,61.2,0.018848657608032227
1365889820.6859324,946.3414634146341,60.7,0.018495559692382812
1365889820.904005,987.1951219512194,60.7,0.019601106643676758
1365889821.123263,906.0975609756098,60.7,0.01836538314819336
1365889821.341496,1101.8292682926829,60.7,0.026040315628051758
1365889821.5674977,1096.9512195121952,61.2,0.024278640747070312
1365889821.792054,1096.9512195121952,61.2,0.02511906623840332
1365889822.0170877,1039.0243902439024,61.2,0.024338483810424805
1365889822.241393,852.4390243902438,60.7,0.020295143127441406
1365889822.4615755,859.1463414634146,61.2,0.026094675064086914
1365889822.686544,928.048780487805,61.2,0.019334793090820312
1365889822.9054837,1081.0975609756097,61.2,0.0228421688079834
1365889823.1278605,920.1219512195122,61.2,0.019362211227416992
1365889823.3466742,960.9756097560976,60.7,0.023804664611816406
1365889823.571368,909.1463414634146,61.2,0.022628068923950195
1365889823.7933419,937.1951219512194,60.1,0.022797822952270508
1365889824.0157552,1126.8292682926829,61.2,0.023288488388061523
1365889824.2386303,1112.8048780487804,61.2,0.02019357681274414
1365889824.4583466,882.9268292682926,60.7,0.02022552490234375
1365889824.6780984,954.8780487804878,61.2,0.02730417251586914
1365889824.9055095,979.2682926829268,60.7,0.019154071807861328
1365889825.1245837,1037.1951219512193,61.2,0.01908278465270996
1365889825.343311,1079.8780487804877,61.2,0.02526259422302246
1365889825.568384,1123.1707317073171,61.2,0.026717424392700195
1365889825.7941344,1040.2439024390244,61.2,0.027801513671875
1365889826.0213354,1186.5853658536585,61.2,0.02376246452331543
1365889826.244527,937.8048780487804,60.7,0.02198505401611328
1365889826.467618,1073.1707317073171,61.2,0.01958918571472168
1365889826.6878543,1081.0975609756097,61.2,0.020897626876831055
1365889826.9078045,848.170731707317,61.2,0.019570350646972656
1365889827.1270418,1098.7804878048782,61.2,0.020580291748046875
1365889827.3472614,1146.9512195121952,61.2,0.026912689208984375
1365889827.5737762,1170.7317073170732,61.2,0.024732112884521484
1365889827.798076,1067.0731707317075,61.2,0.026196718215942383
1365889828.023986,1123.780487804878,60.7,0.02820420265197754
1365889828.251369,950.0,61.2,0.030738115310668945
1365889828.4814458,928.048780487805,61.2,0.021763086318969727
1365889828.7028935,863.4146341463414,61.2,0.019026517868041992
1365889828.9219272,921.9512195121952,61.2,0.019442319869995117
1365889829.1413486,1175.0,61.2,0.020635366439819336
1365889829.362574,1139.6341463414635,61.2,0.025460004806518555
1365889829.587776,1189.6341463414635,61.2,0.02408909797668457
1365889829.811572,992.0731707317074,60.7,0.025452852249145508
1365889830.0363648,903.048780487805,61.2,0.019298791885375977
1365889830.255211,1009.7560975609756,60.7,0.019784927368164062
1365889830.474653,1092.0731707317073,61.2,0.021001338958740234
1365889830.6950824,1217.0731707317073,60.7,0.021743059158325195
1365889830.9165778,1095.1219512195123,61.2,0.026304006576538086
1365889831.1425545,1185.9756097560976,61.2,0.03157806396484375
1365889831.3740296,987.1951219512194,61.2,0.03117966651916504
1365889831.6049008,1159.7560975609756,61.2,0.02257847785949707
1365889831.8270192,1012.8048780487804,61.8,0.02098536491394043
1365889832.0476606,896.3414634146342,61.8,0.01926898956298828
1365889832.2665997,913.4146341463415,61.2,0.018718242645263672
1365889832.4849157,985.9756097560976,60.7,0.02177262306213379
1365889832.7063515,987.1951219512194,61.8,0.02624964714050293
1365889832.9323788,996.3414634146342,61.2,0.02123093605041504
1365889833.153418,1117.0731707317075,61.2,0.019473791122436523
1365889833.3727403,1009.7560975609756,61.2,0.02702188491821289
1365889833.5990407,996.9512195121952,61.2,0.02642989158630371
1365889833.8250544,926.219512195122,60.7,0.018880128860473633
1365889834.0431828,1001.219512195122,61.2,0.01984262466430664
1365889834.2628944,1059.7560975609756,61.2,0.01928400993347168
1365889834.4820795,1153.6585365853657,61.2,0.022009611129760742
1365889834.7039647,871.9512195121952,60.7,0.022561073303222656
1365889834.926143,887.1951219512196,60.7,0.018639564514160156
1365889835.14437,1065.2439024390244,61.2,0.01903367042541504
1365889835.3629897,1159.1463414634147,61.2,1.2653577327728271
1365889835.5854747,937.8048780487804,61.2,1.049795389175415
1365889835.8134298,1092.0731707317073,61.2,0.8264834880828857
1365889836.0368261,1175.6097560975609,61.2,0.6109714508056641
1365889836.2572455,1195.7317073170732,61.2,0.3970341682434082
1365889836.475553,1048.780487804878,61.2,0.18750619888305664
1365889836.701965,971.951219512195,61.2,0.018952369689941406
1365889836.9205387,1184.1463414634145,61.8,0.024311304092407227
1365889837.1444771,1004.2682926829267,61.8,0.025315046310424805
1365889837.368792,931.0975609756098,61.2,0.01929640769958496
1365889837.587594,960.3658536585366,60.7,0.025621891021728516
1365889837.8143482,1195.7317073170732,61.2,0.023191452026367188
1365889838.0372024,889.0243902439024,61.2,0.019362926483154297
1365889838.25619,1065.8536585365855,61.8,0.02039504051208496
1365889838.4762168,1164.6341463414633,61.2,0.02047872543334961
1365889838.6962895,1150.0,61.2,0.023398876190185547
1365889838.9200892,971.3414634146342,61.8,0.022111177444458008
1365889839.1420684,903.048780487805,61.2,0.03243446350097656
1365889839.3734052,1073.780487804878,61.2,0.025357484817504883
1365889839.5982761,896.9512195121952,61.2,0.019421100616455078
1365889839.8173769,1034.7560975609756,61.2,0.018830060958862305
1365889840.0358431,968.9024390243902,61.2,0.018575191497802734
1365889840.2541454,1150.0,61.2,0.021140098571777344
1365889840.4749584,1092.6829268292684,61.2,0.027706623077392578
1365889840.7019908,854.2682926829268,61.2,0.021632909774780273
1365889840.9232426,979.2682926829268,61.8,0.024066686630249023
1365889841.1469624,1020.7317073170732,60.7,0.02911520004272461
1365889841.374596,957.3170731707316,61.8,0.025710582733154297
1365889841.5998294,943.9024390243902,61.2,0.018318891525268555
1365889841.817751,888.4146341463414,61.2,0.017904043197631836
1365889842.0353088,1076.829268292683,61.2,0.023313283920288086
1365889842.259815,973.780487804878,61.8,0.02070474624633789
1365889842.4815786,1012.8048780487804,61.2,0.025562047958374023
1365889842.7068186,1110.9756097560976,61.2,0.023644685745239258
1365889842.9298475,1009.1463414634145,61.2,0.022353410720825195
1365889843.1521108,1196.9512195121952,61.2,0.022736072540283203
1365889843.3744638,859.1463414634146,61.2,0.022127389907836914
1365889843.5962298,968.2926829268292,61.2,0.02396988868713379
1365889843.8194432,1181.7073170731708,61.2,0.021887779235839844
1365889844.040646,1026.8292682926829,61.2,0.019748926162719727
1365889844.2600682,929.2682926829269,61.8,0.022530555725097656
1365889844.482529,1078.0487804878048,61.2,0.020508289337158203
1365889844.7023883,1087.1951219512196,61.8,0.02557516098022461
1365889844.9275348,965.8536585365854,61.2,0.02286362648010254
1365889845.150011,978.0487804878048,61.2,0.02839946746826172
1365889845.3784537,1197.560975609756,61.8,0.022119998931884766
1365889845.6007638,948.170731707317,61.2,0.019109725952148438
1365889845.8197591,940.2439024390243,61.2,0.02514338493347168
1365889846.0448089,943.9024390243902,61.8,0.02955484390258789
1365889846.2744668,1076.219512195122,61.2,0.025770187377929688
1365889846.4998722,932.3170731707318,61.2,0.027074813842773438
1365889846.7265146,874.390243902439,61.2,0.020585298538208008
1365889846.9466448,904.8780487804878,61.2,0.021516799926757812
1365889847.1658354,857.3170731707316,61.8,0.019471168518066406
1365889847.3848853,993.9024390243902,61.2,0.022450685501098633
1365889847.6068156,918.2926829268293,61.2,0.017974853515625
1365889847.8244185,950.0,61.2,0.023749589920043945
1365889848.0495422,1126.8292682926829,61.2,0.030521631240844727
1365889848.2800994,906.0975609756098,61.2,0.01858663558959961
1365889848.4982853,1001.219512195122,61.8,0.02134990692138672
1365889848.7181742,998.780487804878,60.7,0.0194089412689209
1365889848.9375806,1178.658536585366,61.2,0.020914077758789062
1365889849.1578605,959.1463414634146,61.2,0.018947362899780273
1365889849.376463,1410.3658536585367,61.2,0.031040430068969727
1365889849.6032972,901.219512195122,61.8,0.02173328399658203
1365889849.8245883,898.1707317073171,61.2,0.017809152603149414
1365889850.0419927,1009.1463414634145,61.2,0.025037765502929688
1365889850.2665555,932.3170731707318,62.3,0.020719051361083984
1365889850.4868438,1078.0487804878048,61.2,0.02044677734375
1365889850.706955,973.780487804878,61.8,0.019951581954956055
1365889850.9262145,929.2682926829269,61.2,0.018956661224365234
1365889851.1458457,945.1219512195122,61.2,0.02104973793029785
1365889851.3664856,957.9268292682926,61.2,0.025563478469848633
1365889851.590931,1078.0487804878048,61.2,0.024451017379760742
1365889851.815081,1079.2682926829268,61.2,0.021022319793701172
1365889852.035719,976.8292682926829,61.8,0.034883975982666016
1365889852.2688034,1012.1951219512196,61.2,0.0202634334564209
1365889852.488331,876.219512195122,61.8,0.02052450180053711
1365889852.7080262,954.8780487804878,61.8,0.01893758773803711
1365889852.926487,845.1219512195122,61.8,0.020700693130493164
1365889853.1466815,907.3170731707318,61.8,0.021828174591064453
1365889853.3675451,875.0,61.2,0.028554439544677734
1365889853.5956588,1106.7073170731708,61.8,0.023406982421875
1365889853.8186905,1126.8292682926829,61.2,0.023926734924316406
1365889854.0422845,1220.7317073170732,61.8,0.02600407600402832
1365889854.2678523,943.2926829268292,61.8,0.0183870792388916
1365889854.4858367,943.9024390243902,61.8,0.024683237075805664
1365889854.7085943,876.219512195122,61.2,0.02029252052307129
1365889854.9285524,1018.2926829268292,61.8,0.02230525016784668
1365889855.1503956,1093.9024390243903,61.8,0.025517702102661133
1365889855.3755155,1140.8536585365853,61.8,0.02725839614868164
1365889855.5989306,854.2682926829268,61.8,0.018798828125
1365889855.8173788,943.9024390243902,62.3,0.018779993057250977
1365889856.035757,873.170731707317,61.8,0.02794027328491211
1365889856.2634652,854.2682926829268,61.2,0.01963663101196289
1365889856.482655,849.390243902439,61.2,0.029999732971191406
1365889856.712269,929.2682926829269,62.3,0.024034738540649414
1365889856.935601,1089.0243902439024,61.2,0.027912378311157227
1365889857.1629865,921.9512195121952,61.2,0.024110794067382812
1365889857.386053,1192.0731707317075,61.2,0.03354620933532715
1365889857.618847,902.439024390244,61.2,0.017835378646850586
1365889857.8368547,1059.1463414634145,61.2,0.02999424934387207
1365889858.0683491,1037.8048780487804,61.2,0.022065162658691406
1365889858.2903988,920.1219512195122,61.2,0.0254514217376709
1365889858.5153623,1217.0731707317073,61.2,0.026813030242919922
1365889858.7414896,1026.8292682926829,61.8,0.019339799880981445
1365889858.9604156,1092.0731707317073,61.2,0.030742883682250977
1365889859.1908698,989.0243902439024,61.8,0.01935577392578125
1365889859.4098656,924.3902439024391,61.2,0.01835012435913086
1365889859.627822,935.3658536585366,61.2,0.02388787269592285
1365889859.8508255,990.8536585365854,61.2,0.02166271209716797
1365889860.0718153,1023.7804878048779,62.3,0.023791074752807617
1365889860.2948842,1145.7317073170732,61.2,0.019032001495361328
1365889860.5138214,1159.7560975609756,61.2,0.02165842056274414
1365889860.7349908,1112.8048780487804,61.2,0.025090932846069336
1365889860.9595068,1110.9756097560976,61.2,0.024547815322875977
1365889861.1835034,1015.8536585365854,62.3,0.02875995635986328
1365889861.4118142,904.8780487804878,61.8,0.027374267578125
1365889861.6388662,1089.0243902439024,61.2,0.022345542907714844
1365889861.8606844,1050.0,61.2,0.025707483291625977
1365889862.086127,1043.2926829268292,61.2,0.02151966094970703
1365889862.307133,945.1219512195122,61.8,0.019603967666625977
1365889862.5263207,1062.1951219512196,61.8,0.02446746826171875
1365889862.7503998,1129.878048780488,61.2,0.021427631378173828
1365889862.9714484,937.1951219512194,61.2,0.02133464813232422
1365889863.1923978,896.9512195121952,61.2,0.018848896026611328
1365889863.4110665,1117.0731707317075,61.8,0.021669387817382812
1365889863.6323779,882.9268292682926,62.3,0.020776987075805664
1365889863.8529973,929.8780487804878,61.2,0.020577430725097656
1365889864.0732164,1012.8048780487804,61.2,0.01942133903503418
1365889864.2926097,939.0243902439024,61.8,0.02144789695739746
1365889864.5136437,943.9024390243902,61.8,0.0338902473449707
1365889864.74718,951.8292682926829,61.8,0.019144535064697266
1365889864.9659874,951.8292682926829,61.2,0.02029275894165039
1365889865.1860156,1182.9268292682925,61.2,0.024796247482299805
1365889865.4121687,1164.6341463414633,61.8,0.021488189697265625
1365889865.6336215,931.0975609756098,61.2,0.02672290802001953
1365889865.8596363,1054.878048780488,61.2,0.025767803192138672
1365889866.08423,940.8536585365853,61.2,0.019391536712646484
1365889866.3031292,907.9268292682927,61.8,0.018653154373168945
1365889866.5214078,1109.1463414634147,61.8,0.019829750061035156
1365889866.7411842,998.170731707317,61.8,0.019225597381591797
1365889866.9603264,976.219512195122,61.8,0.023222684860229492
1365889867.1827621,1209.7560975609756,62.3,0.032540321350097656
1365889867.414434,1032.9268292682927,61.8,0.02010178565979004
1365889867.6341906,1012.8048780487804,61.8,0.02536773681640625
1365889867.8588855,856.0975609756098,61.8,0.01987433433532715
1365889868.0784461,1125.0,61.2,0.021927833557128906
1365889868.3000515,866.4634146341464,61.2,0.021902084350585938
1365889868.5214276,1028.0487804878048,61.2,0.022050142288208008
1365889868.7431128,937.1951219512194,61.2,0.019692659378051758
1365889868.9624906,887.1951219512196,61.2,0.024680614471435547
1365889869.186335,1128.658536585366,62.3,0.03164362907409668
1365889869.417344,959.1463414634146,61.8,0.020802974700927734
1365889869.6373887,968.9024390243902,61.2,0.019434690475463867
1365889869.8565288,1371.9512195121952,62.3,0.023479461669921875
1365889870.0809999,918.9024390243903,61.8,0.019416332244873047
1365889870.3016055,943.9024390243902,61.2,0.022189855575561523
1365889870.5234709,1090.2439024390244,62.3,0.021480560302734375
1365889870.7444582,957.9268292682926,61.2,0.01899862289428711
1365889870.963063,971.3414634146342,61.2,0.026890993118286133
1365889871.1894681,893.9024390243902,61.2,0.01881265640258789
1365889871.408213,914.0243902439024,61.2,0.01807260513305664
1365889871.6259418,971.3414634146342,61.2,0.018766164779663086
1365889871.845349,1028.0487804878048,60.7,0.02572035789489746
1365889872.0704587,1265.8536585365853,61.8,0.020400524139404297
1365889872.290407,1009.7560975609756,61.2,0.02288079261779785
1365889872.512756,1098.1707317073171,61.2,0.02478647232055664
1365889872.7375546,1223.7804878048782,61.2,0.023232460021972656
1365889872.9604068,951.2195121951219,61.2,0.01846599578857422
1365889873.1802363,1151.8292682926829,61.2,0.021992206573486328
1365889873.4025033,1173.780487804878,61.8,0.020602703094482422
1365889873.6229377,943.9024390243902,61.2,0.019039630889892578
1365889873.8424788,1065.2439024390244,61.8,0.03060150146484375
1365889874.072478,1118.9024390243903,61.2,0.020664215087890625
1365889874.2927043,940.2439024390243,61.2,0.01944756507873535
1365889874.5117517,970.1219512195122,61.2,0.018837928771972656
1365889874.7305033,873.170731707317,61.2,0.019179344177246094
1365889874.9491854,979.2682926829268,61.2,0.021323204040527344
1365889875.1698596,889.0243902439024,61.2,0.021001338958740234
1365889875.3919592,1132.9268292682925,61.2,0.021503686904907227
1365889875.6130476,1065.2439024390244,61.8,0.02024555206298828
1365889875.8330417,1126.8292682926829,62.3,0.025350093841552734
1365889876.057738,860.3658536585366,61.2,0.029915332794189453
1365889876.2869387,1018.2926829268292,61.2,0.026540517807006836
1365889876.512905,1109.1463414634147,61.2,0.01964545249938965
1365889876.7320325,879.8780487804878,61.8,0.018828868865966797
1365889876.9507105,935.9756097560976,61.8,0.01946258544921875
1365889877.1697667,931.0975609756098,61.2,0.018897056579589844
1365889877.3881853,1084.1463414634147,61.2,0.028970718383789062
1365889877.6165156,907.3170731707318,61.2,0.017739534378051758
1365889877.833971,1092.6829268292684,62.3,0.024539709091186523
1365889878.0580223,943.2926829268292,62.3,0.01891183853149414
1365889878.2765734,1031.0975609756097,61.8,0.019657373428344727
1365889878.4962223,1181.09756097561,62.3,0.021925926208496094
1365889878.7177296,984.7560975609756,61.8,0.019327163696289062
1365889878.9366415,899.390243902439,61.2,0.02010822296142578
1365889879.1562195,990.8536585365854,61.8,0.025046110153198242
1365889879.3808162,1278.0487804878048,61.8,0.025264501571655273
1365889879.605433,852.4390243902438,61.8,0.01932048797607422
1365889879.8243823,1059.1463414634145,62.3,0.02369070053100586
1365889880.0476263,878.0487804878048,61.2,0.02214837074279785
1365889880.2694888,1237.8048780487804,61.8,0.021649837493896484
1365889880.4906332,1018.9024390243901,61.2,0.020516633987426758
1365889880.7107,968.9024390243902,61.8,0.018144845962524414
1365889880.9284456,940.2439024390243,61.8,0.02258014678955078
1365889881.1504972,852.4390243902438,61.8,0.02338409423828125
1365889881.3732576,965.2439024390244,61.8,0.028049468994140625
1365889881.597503,984.7560975609756,61.8,0.018455028533935547
1365889881.8156483,1064.0243902439024,61.8,0.018703222274780273
1365889882.033838,917.0731707317074,61.8,0.020592212677001953
1365889882.2539883,913.4146341463415,61.8,0.0192263126373291
1365889882.4729245,978.0487804878048,61.2,0.018989086151123047
1365889882.6916497,1051.219512195122,61.2,0.02048349380493164
1365889882.911965,1053.0487804878048,61.8,0.019526243209838867
1365889883.1311278,1026.8292682926829,61.8,0.01963186264038086
1365889883.350387,962.1951219512194,61.2,0.01848316192626953
1365889883.568537,909.1463414634146,61.8,0.022348642349243164
1365889883.7903965,1085.9756097560976,61.2,0.0236361026763916
1365889884.0129404,882.9268292682926,61.2,0.02255845069885254
1365889884.2348208,970.1219512195122,61.2,0.02675628662109375
1365889884.4612854,962.8048780487804,62.3,0.02285933494567871
1365889884.6838982,1037.1951219512193,62.3,0.018928050994873047
1365889884.9024603,926.219512195122,61.2,0.020601987838745117
1365889885.122589,1145.7317073170732,61.2,0.024080753326416016
1365889885.346146,1200.609756097561,61.2,0.02223062515258789
1365889885.5680096,1142.6829268292681,62.3,0.0220489501953125
1365889885.7891915,993.2926829268292,62.3,0.02152419090270996
1365889886.0105293,1114.6341463414635,61.2,0.022474288940429688
1365889886.2326028,895.1219512195122,61.8,0.018770933151245117
1365889886.4510238,1168.9024390243903,61.2,0.025841474533081055
1365889886.676608,1114.6341463414635,62.3,0.02018880844116211
1365889886.8977613,1129.878048780488,61.2,0.024840593338012695
1365889887.1221325,956.0975609756097,61.2,0.01892566680908203
1365889887.3405929,876.219512195122,61.2,0.018457651138305664
1365889887.5587173,835.3658536585366,61.2,0.0181734561920166
1365889887.7765594,1338.4146341463415,61.2,0.02371358871459961
1365889887.999844,932.9268292682927,61.8,0.019852399826049805
1365889888.2190967,1325.0,61.2,0.01873946189880371
1365889888.4391708,1135.9756097560976,61.2,0.020299911499023438
1365889888.658818,951.2195121951219,61.2,0.01905989646911621
1365889888.877762,1486.5853658536585,61.2,0.035344839096069336
1365889889.1127064,979.8780487804878,61.2,0.02487349510192871
1365889889.3371353,962.1951219512194,61.8,0.0272219181060791
1365889889.5637949,1153.6585365853657,61.8,0.023504257202148438
1365889889.7888756,956.0975609756097,61.8,0.022006750106811523
1365889890.009075,1203.6585365853657,61.8,0.021849870681762695
1365889890.230611,1131.7073170731705,61.2,0.02484869956970215
1365889890.4532278,1043.2926829268292,61.8,0.025508403778076172
1365889890.6787443,873.170731707317,61.8,0.023346900939941406
1365889890.902074,910.3658536585366,61.2,0.01895880699157715
1365889891.1211045,1043.2926829268292,61.2,0.02738189697265625
1365889891.3474722,912.1951219512196,61.8,0.025484323501586914
1365889891.5716023,1004.2682926829267,62.3,0.01949596405029297
1365889891.7906044,1168.9024390243903,61.8,0.025976181030273438
1365889892.0159261,921.9512195121952,61.2,0.018793344497680664
1365889892.2342992,928.048780487805,61.2,0.020681381225585938
1365889892.455346,1150.0,62.3,0.02600693702697754
1365889892.6808965,950.0,61.2,0.019590139389038086
1365889892.9000645,945.1219512195122,62.3,0.018419265747070312
1365889893.118047,915.8536585365854,61.2,0.018504858016967773
1365889893.33614,915.8536585365854,61.2,0.019189119338989258
1365889893.5557094,1132.9268292682925,61.8,0.024339675903320312
1365889893.7800205,946.3414634146341,61.8,0.024988651275634766
1365889894.0046117,940.2439024390243,61.2,0.01841902732849121
1365889894.222966,900.0,61.2,0.018657684326171875
1365889894.4412515,1006.0975609756098,61.2,0.023241281509399414
1365889894.6646852,1051.219512195122,60.7,0.023599863052368164
1365889894.887936,1095.1219512195123,61.2,0.02259063720703125
1365889895.110068,851.219512195122,61.2,0.018680095672607422
1365889895.3283622,915.2439024390244,61.2,0.018781661987304688
1365889895.5467818,973.170731707317,61.2,0.026294469833374023
1365889895.7733936,1148.1707317073171,61.2,0.02444148063659668
1365889895.997494,1150.609756097561,61.2,0.02067732810974121
1365889896.2177305,950.0,62.3,0.018754959106445312
1365889896.4361498,1087.1951219512196,61.8,0.028357505798339844
1365889896.6641629,1021.9512195121952,61.8,0.01868414878845215
1365889896.8824248,935.3658536585366,61.2,0.019933223724365234
1365889897.1019459,913.4146341463415,61.2,0.019197463989257812
1365889897.3206866,901.219512195122,61.2,0.018971920013427734
1365889897.5390947,1054.2682926829268,61.2,0.023175954818725586
1365889897.761967,1120.7317073170732,61.2,0.02070021629333496
1365889897.9822524,1059.1463414634145,61.2,0.01966238021850586
1365889898.2016234,992.0731707317074,60.7,0.01883530616760254
1365889898.4199843,953.0487804878048,61.2,0.018616676330566406
1365889898.6381185,904.8780487804878,61.2,0.01909351348876953
1365889898.8571377,917.0731707317074,61.2,0.020167112350463867
1365889899.0769265,1109.1463414634147,61.2,0.02380657196044922
1365889899.3004296,1121.9512195121952,61.2,0.021945953369140625
1365889899.521887,932.9268292682927,61.2,0.02094435691833496
1365889899.7418337,926.219512195122,61.2,0.01901388168334961
1365889899.9603596,913.4146341463415,61.2,0.021039247512817383
1365889900.1812043,879.2682926829268,61.2,0.019231557846069336
1365889900.4003806,882.3170731707318,61.2,0.019351720809936523
1365889900.6191099,928.048780487805,61.2,0.01910400390625
1365889900.8376756,954.8780487804878,61.2,0.025182247161865234
1365889901.0624537,1015.2439024390243,61.2,0.01962733268737793
1365889901.281418,951.8292682926829,61.2,0.01990675926208496
1365889901.5010324,1131.7073170731705,61.8,0.020545482635498047
1365889901.7213967,987.8048780487804,61.8,0.026926755905151367
1365889901.9478748,998.780487804878,61.2,0.02679586410522461
1365889902.1742778,940.8536585365853,61.2,0.022137165069580078
1365889902.3978364,984.7560975609756,61.2,0.01883101463317871
1365889902.6162512,907.3170731707318,61.2,0.018080949783325195
1365889902.834235,1106.09756097561,61.2,0.020847558975219727
1365889903.0548294,1295.7317073170732,61.8,0.022703170776367188
1365889903.2770343,851.219512195122,61.2,0.0295407772064209
1365889903.5057273,1075.0,61.2,0.02545762062072754
1365889903.7305403,971.3414634146342,61.2,0.019465208053588867
1365889903.9494767,943.2926829268292,61.2,0.01930546760559082
1365889904.16838,904.8780487804878,61.8,0.019984960556030273
1365889904.388063,926.829268292683,61.2,0.020893573760986328
1365889904.6086311,932.9268292682927,61.2,0.018018722534179688
1365889904.826243,871.3414634146342,61.2,0.022029876708984375
1365889905.0479398,973.170731707317,61.2,0.021919727325439453
1365889905.2698195,874.390243902439,61.2,0.019975900650024414
1365889905.4898734,1096.9512195121952,61.2,0.024523258209228516
1365889905.7140124,1121.9512195121952,61.8,0.020579099655151367
1365889905.9348464,960.9756097560976,61.2,0.020241260528564453
1365889906.1550667,957.9268292682926,61.8,0.020277738571166992
1365889906.375054,956.0975609756097,61.2,0.020119667053222656
1365889906.5953884,1142.6829268292681,61.8,0.02244853973388672
1365889906.8177056,923.1707317073171,61.2,0.018132925033569336
1365889907.03585,1217.0731707317073,61.2,0.025187969207763672
1365889907.2609558,964.0243902439024,61.8,0.029370546340942383
1365889907.4904308,904.8780487804878,61.8,0.01895618438720703
1365889907.7093172,859.1463414634146,60.7,0.018795013427734375
1365889907.9280841,934.1463414634147,61.2,0.019441604614257812
1365889908.1475475,907.3170731707318,61.2,0.019370555877685547
1365889908.3665447,925.0,61.8,0.024811267852783203
1365889908.5904043,1203.6585365853657,61.2,0.020374536514282227
1365889908.8104253,956.0975609756097,61.2,0.019732236862182617
1365889909.0298247,890.2439024390244,61.8,0.02271127700805664
1365889909.2515228,1054.878048780488,60.7,0.020114898681640625
1365889909.4713316,989.0243902439024,61.8,0.0247650146484375
1365889909.695732,865.2439024390244,61.8,0.020394325256347656
1365889909.9161878,1153.0487804878048,61.2,0.0221860408782959
1365889910.1383526,965.8536585365854,61.2,0.025055408477783203
1365889910.3648195,926.219512195122,61.8,0.01903057098388672
1365889910.5831654,1081.0975609756097,61.2,0.02180957794189453
1365889910.8051145,1225.0,61.2,0.024676799774169922
1365889911.0293233,854.2682926829268,61.2,0.01948380470275879
1365889911.2482908,870.1219512195122,61.2,0.019303560256958008
1365889911.4672773,1076.219512195122,61.8,0.02862381935119629
1365889911.6948812,934.1463414634147,61.2,0.020806550979614258
1365889911.9157066,1089.0243902439024,61.2,0.023003101348876953
1365889912.1381881,1145.121951219512,61.8,0.020818233489990234
1365889912.3586264,856.0975609756098,61.2,0.01828908920288086
1365889912.5764704,892.0731707317074,60.7,0.02569890022277832
1365889912.8016348,1062.8048780487804,61.8,0.02167034149169922
1365889913.0227947,904.8780487804878,61.2,0.018558979034423828
1365889913.2405427,1189.0243902439024,61.2,0.02294015884399414
1365889913.4645574,951.2195121951219,61.2,0.018886566162109375
1365889913.6833894,1143.90243902439,61.8,0.019942522048950195
1365889913.9032972,950.0,61.2,0.018629789352416992
1365889914.121577,864.0243902439024,61.2,0.019025802612304688
1365889914.3410568,1107.9268292682927,61.2,0.019977092742919922
1365889914.5606802,882.9268292682926,61.2,0.018271923065185547
1365889914.7786658,1039.0243902439024,61.2,0.023603439331054688
1365889915.001786,879.2682926829268,61.2,0.021759748458862305
1365889915.222957,900.0,61.2,0.0196840763092041
1365889915.442285,1090.2439024390244,61.8,0.02157735824584961
1365889915.6649196,1131.0975609756097,61.8,0.020886898040771484
1365889915.8854878,982.9268292682926,61.2,0.022287607192993164
1365889916.1072576,962.1951219512194,61.2,0.03582453727722168
1365889916.342686,932.3170731707318,61.2,0.029713153839111328
1365889916.5710733,1001.219512195122,61.8,0.026726245880126953
1365889916.797474,913.4146341463415,61.2,0.0189821720123291
1365889917.0159867,917.0731707317074,61.2,0.024595260620117188
1365889917.2389846,1065.8536585365855,61.8,0.019608736038208008
1365889917.4582784,1173.780487804878,61.8,0.02025318145751953
1365889917.6780987,951.2195121951219,61.2,0.01889514923095703
1365889917.8966124,867.0731707317074,61.8,0.022112369537353516
1365889918.118523,1043.9024390243903,61.8,0.02183246612548828
1365889918.3399737,885.9756097560976,61.2,0.01862359046936035
1365889918.5585587,973.780487804878,61.2,0.025529146194458008
1365889918.7835484,892.0731707317074,60.7,0.018682003021240234
1365889919.0018299,962.8048780487804,61.8,0.026613712310791016
1365889919.228078,1031.7073170731708,61.8,0.022452116012573242
1365889919.4501655,935.9756097560976,61.2,0.0192868709564209
1365889919.6689541,995.1219512195122,61.2,0.018804550170898438
1365889919.887276,871.9512195121952,61.8,0.019338369369506836
1365889920.1062613,921.9512195121952,61.2,0.018787622451782227
1365889920.3247454,1014.0243902439023,61.2,0.021770954132080078
1365889920.5461276,989.0243902439024,61.2,0.02398681640625
1365889920.7693837,1040.8536585365853,60.7,0.024966955184936523
1365889920.9933279,852.4390243902438,61.2,0.026882410049438477
1365889921.2199821,1106.7073170731708,62.3,0.021637678146362305
1365889921.44118,1081.0975609756097,62.3,0.021101713180541992
1365889921.6616466,989.0243902439024,61.8,0.023321866989135742
1365889921.8842764,1076.829268292683,61.8,0.019365787506103516
1365889922.103224,957.3170731707316,61.2,0.028229951858520508
1365889922.3310425,881.0975609756098,61.8,0.020096540451049805
1365889922.550939,1156.7073170731708,61.8,0.02199077606201172
1365889922.7725534,879.2682926829268,61.8,0.023148059844970703
1365889922.9948757,863.4146341463414,61.2,0.022989988327026367
1365889923.2171998,903.048780487805,61.2,0.025869131088256836
1365889923.4430256,978.0487804878048,61.2,0.019138813018798828
1365889923.6618223,920.1219512195122,61.2,0.019893169403076172
1365889923.8813057,934.1463414634147,61.8,0.0191953182220459
1365889924.1000376,948.170731707317,61.8,0.023768901824951172
1365889924.3230276,1065.8536585365855,61.8,0.054558515548706055
1365889924.5574245,1028.0487804878048,61.8,0.022829771041870117
1365889924.7793562,1039.0243902439024,61.8,0.01944732666015625
1365889924.9983385,885.9756097560976,62.3,0.018376588821411133
1365889925.2164407,1001.8292682926829,62.3,0.018118619918823242
1365889925.4341433,918.2926829268293,61.8,0.026170730590820312
1365889925.6604621,1215.8536585365853,61.8,0.029289960861206055
1365889925.8889441,1062.8048780487804,61.2,0.0219571590423584
1365889926.1101937,967.0731707317073,61.8,0.018480300903320312
1365889926.3286824,1117.0731707317075,61.8,0.026346206665039062
1365889926.5550315,1048.780487804878,61.8,0.01883244514465332
1365889926.7738543,943.9024390243902,61.2,0.023246288299560547
1365889926.9975293,864.0243902439024,61.8,0.01804351806640625
1365889927.2155178,907.3170731707318,61.2,0.01809525489807129
1365889927.4336138,860.3658536585366,61.8,0.01961374282836914
1365889927.6532133,1067.6829268292684,61.8,0.01995539665222168
1365889927.8729472,909.1463414634146,61.2,0.019125699996948242
1365889928.0920587,1109.7560975609756,61.8,0.029137372970581055
1365889928.3210478,1028.0487804878048,61.8,0.01956009864807129
1365889928.5406392,1018.2926829268292,61.8,0.019179344177246094
1365889928.7599347,1123.1707317073171,61.2,0.023126840591430664
1365889928.9831383,1197.560975609756,62.3,0.02221989631652832
1365889929.2054613,1089.0243902439024,61.2,0.018555402755737305
1365889929.4240375,1051.219512195122,61.2,0.020032167434692383
1365889929.6440504,951.2195121951219,61.2,0.019576072692871094
1365889929.8635879,946.951219512195,61.2,0.022997140884399414
1365889930.0870886,1118.9024390243903,61.2,0.024344205856323242
1365889930.3113887,917.0731707317074,61.2,0.018463611602783203
1365889930.5296993,1073.1707317073171,62.3,0.022956132888793945
1365889930.752282,1142.0731707317073,61.2,0.026841402053833008
1365889930.9784136,1184.7560975609756,61.2,0.022600889205932617
1365889931.2006073,998.170731707317,61.2,0.018585681915283203
1365889931.4191542,1034.7560975609756,61.2,0.023760557174682617
1365889931.642668,1117.6829268292684,61.2,0.039464712142944336
1365889931.881545,1064.0243902439024,61.2,0.031239986419677734
1365889932.1123602,1034.1463414634147,61.2,0.028379440307617188
1365889932.3404772,1067.0731707317075,61.2,0.019801855087280273
1365889932.5597117,921.3414634146342,61.2,0.020610332489013672
1365889932.7804754,932.9268292682927,61.2,0.023579120635986328
1365889933.0036702,1065.2439024390244,61.2,0.023466110229492188
1365889933.2267783,978.0487804878048,61.2,0.01941967010498047
1365889933.4454608,1383.5365853658536,61.8,0.027462244033813477
1365889933.6743407,1065.2439024390244,61.8,0.025116920471191406
1365889933.8989685,1134.1463414634145,62.3,0.024053096771240234
1365889934.1226115,895.1219512195122,61.2,0.026809215545654297
1365889934.3490462,1164.6341463414633,61.8,0.02698040008544922
1365889934.5750995,943.9024390243902,61.2,0.02856159210205078
1365889934.8030915,962.8048780487804,61.2,0.01815962791442871
1365889935.0224218,1095.1219512195123,61.8,0.020940303802490234
1365889935.2428215,882.3170731707318,61.2,0.019124746322631836
1365889935.461975,943.9024390243902,61.2,0.018470048904418945
1365889935.680364,1079.8780487804877,61.8,0.021329641342163086
1365889935.9015815,1126.8292682926829,61.8,0.02654099464416504
1365889936.1277766,957.3170731707316,61.8,0.01999688148498535
1365889936.3477218,1203.0487804878048,61.8,0.020952463150024414
1365889936.5685432,904.8780487804878,61.2,0.021631240844726562
1365889936.790115,852.4390243902438,61.2,0.01879429817199707
1365889937.0088134,885.9756097560976,61.2,0.024094820022583008
1365889937.232809,1018.9024390243901,61.2,0.020763874053955078
1365889937.4532835,925.0,61.2,0.01906442642211914
1365889937.6719542,1009.7560975609756,61.2,0.02229022979736328
1365889937.8938227,854.2682926829268,61.8,0.018786907196044922
1365889938.1123219,1114.6341463414635,61.2,0.022850751876831055
1365889938.3347864,1148.1707317073171,61.2,0.023354291915893555
1365889938.5578558,1170.1219512195123,61.2,0.021009206771850586
1365889938.7784553,879.8780487804878,61.2,0.01925373077392578
1365889938.9976494,885.3658536585366,61.2,0.018405914306640625
1365889939.2160125,1009.7560975609756,61.8,0.019186019897460938
1365889939.435173,939.0243902439024,61.8,0.019999265670776367
1365889939.6544309,887.1951219512196,61.2,0.01965808868408203
1365889939.8736734,1010.9756097560976,61.8,0.020798444747924805
1365889940.093962,866.4634146341464,61.8,0.02228093147277832
1365889940.3157656,912.1951219512196,61.2,0.024781227111816406
1365889940.5387836,1272.560975609756,61.8,0.02984786033630371
1365889940.768064,860.3658536585366,61.2,0.03031754493713379
1365889940.998581,987.1951219512194,61.2,0.018303632736206055
1365889941.2168555,856.0975609756098,61.2,0.024322032928466797
1365889941.4411583,877.439024390244,61.2,0.019397258758544922
1365889941.6601725,1170.1219512195123,61.2,0.024878978729248047
1365889941.8846688,896.3414634146342,61.8,0.020400524139404297
1365889942.1059272,985.9756097560976,61.2,0.019212722778320312
1365889942.3246648,950.0,61.2,0.026720285415649414
1365889942.5509648,959.1463414634146,61.2,0.018179655075073242
1365889942.768707,1035.9756097560976,60.7,0.019449710845947266
1365889942.9876995,909.1463414634146,61.2,0.01877760887145996
1365889943.2060385,978.0487804878048,61.2,0.023085594177246094
1365889943.4287438,1128.0487804878048,61.2,0.02330636978149414
1365889943.6510246,881.0975609756098,61.8,0.01942586898803711
1365889943.8705971,1040.2439024390244,61.8,0.020617008209228516
1365889944.0907304,1029.8780487804877,61.2,0.02032017707824707
1365889944.310607,1037.1951219512193,61.2,0.01904296875
1365889944.5293424,859.1463414634146,61.2,0.019130945205688477
1365889944.7490382,1145.121951219512,61.8,0.024972200393676758
1365889944.9736564,998.780487804878,61.8,0.022979259490966797
1365889945.1974776,1159.7560975609756,60.7,0.02228689193725586
1365889945.419471,1059.7560975609756,61.8,0.02200460433959961
1365889945.641035,954.2682926829268,61.8,0.020692825317382812
1365889945.8609116,940.2439024390243,61.2,0.0191953182220459
1365889946.0801923,954.2682926829268,61.2,0.020893573760986328
1365889946.3011503,1134.1463414634145,61.8,0.02032184600830078
1365889946.5210893,1056.09756097561,61.2,0.024016857147216797
1365889946.7449625,965.8536585365854,61.2,0.026315689086914062
1365889946.970884,859.1463414634146,61.2,0.019403934478759766
1365889947.1902952,973.170731707317,61.2,0.018785715103149414
1365889947.4089992,865.2439024390244,60.7,0.017923593521118164
1365889947.6266162,1345.7317073170732,60.7,0.022601604461669922
1365889947.8491015,1247.560975609756,61.2,0.022238731384277344
1365889948.0708058,913.4146341463415,61.8,0.018782377243041992
1365889948.2889934,1065.2439024390244,61.2,0.023097515106201172
1365889948.5115952,899.390243902439,61.2,0.021305561065673828
1365889948.7324994,990.2439024390244,61.2,0.022216081619262695
1365889948.95425,856.0975609756098,61.8,0.019151926040649414
1365889949.1729755,1065.8536585365855,61.2,0.019562482833862305
1365889949.3922567,854.8780487804878,61.2,0.020003795623779297
1365889949.611544,937.1951219512194,61.8,0.020321369171142578
1365889949.831244,1250.0,61.2,0.021340608596801758
1365889950.0527043,849.390243902439,61.2,0.019306182861328125
1365889950.2718735,976.8292682926829,61.8,0.022544145584106445
1365889950.4940665,1051.8292682926829,61.8,0.02028369903564453
1365889950.7145538,1051.8292682926829,62.3,0.0289003849029541
1365889950.9432309,1156.7073170731708,61.2,0.024657249450683594
1365889951.1675367,1159.1463414634147,61.8,0.02509450912475586
1365889951.392245,970.1219512195122,61.2,0.0265805721282959
1365889951.6185868,1142.6829268292681,61.8,0.021880388259887695
1365889951.8415327,888.4146341463414,61.2,0.025440216064453125
1365889952.0718255,982.3170731707316,61.8,0.02680802345275879
1365889952.2977915,893.2926829268292,61.2,0.01998138427734375
1365889952.5173738,1092.6829268292684,61.2,0.024848461151123047
1365889952.7418528,950.0,61.2,0.019327163696289062
1365889952.9607332,960.3658536585366,61.2,0.02359461784362793
1365889953.1834555,1137.8048780487804,61.8,0.024013042449951172
1365889953.4070556,975.0,61.8,0.030476808547973633
1365889953.6370082,1178.658536585366,61.8,0.02527928352355957
1365889953.8621552,929.2682926829269,61.2,0.026549816131591797
1365889954.088812,849.390243902439,61.2,0.020567893981933594
1365889954.310028,989.0243902439024,62.3,0.01940464973449707
1365889954.528929,1092.0731707317073,61.8,0.020627975463867188
1365889954.748795,940.2439024390243,61.2,0.019507646560668945
1365889954.9678824,990.2439024390244,61.8,0.02056431770324707
1365889955.188245,879.8780487804878,61.8,0.019600629806518555
1365889955.4078014,973.170731707317,61.2,0.018445968627929688
1365889955.6261723,1084.1463414634147,61.2,0.0186007022857666
1365889955.8449473,971.3414634146342,62.3,0.02001357078552246
1365889956.0648012,949.390243902439,61.8,0.018513917922973633
1365889956.2835722,1001.8292682926829,61.8,0.02598428726196289
1365889956.508681,895.1219512195122,61.8,0.027729511260986328
1365889956.7345974,965.8536585365854,61.8,0.020637989044189453
1365889956.9550202,1009.7560975609756,61.2,0.02026200294494629
1365889957.1746085,874.390243902439,61.2,0.02025890350341797
1365889957.394522,868.9024390243902,61.8,0.019858598709106445
1365889957.6139536,1057.9268292682925,62.3,0.019061803817749023
1365889957.8325603,895.1219512195122,61.8,0.021376848220825195
1365889958.0535355,964.0243902439024,61.2,0.019011497497558594
1365889958.2721856,1114.0243902439024,61.8,0.019895553588867188
1365889958.4916728,975.0,61.8,0.019829273223876953
1365889958.7111354,899.390243902439,61.2,0.02852606773376465
1365889958.9386477,901.219512195122,61.2,0.023036956787109375
1365889959.1608267,1123.780487804878,61.2,0.024330854415893555
1365889959.3848152,962.8048780487804,61.2,0.020480632781982422
1365889959.605023,1120.121951219512,61.8,0.019385337829589844
1365889959.8239834,973.170731707317,62.3,0.018622875213623047
1365889960.042108,978.0487804878048,61.8,0.019965648651123047
1365889960.2615469,1369.5121951219514,62.3,0.022643327713012695
1365889960.483635,878.0487804878048,61.8,0.021512269973754883
1365889960.7046325,1090.2439024390244,61.8,0.020856142044067383
1365889960.9249976,888.4146341463414,61.8,0.01992487907409668
1365889961.1444833,937.1951219512194,61.2,0.029221057891845703
1365889961.3733141,960.9756097560976,61.8,0.0192413330078125
1365889961.5921974,1128.0487804878048,61.8,0.019621610641479492
1365889961.8115911,1178.658536585366,61.8,0.021132230758666992
1365889962.032362,993.2926829268292,61.8,0.019427061080932617
1365889962.2512171,857.9268292682926,61.2,0.020259857177734375
1365889962.4710727,882.9268292682926,61.2,0.02191019058227539
1365889962.6913488,890.8536585365854,61.2,0.019157886505126953
1365889962.9100912,1037.1951219512193,61.2,0.020305395126342773
1365889963.1294448,1045.7317073170732,61.2,0.02000880241394043
1365889963.3490276,996.9512195121952,60.7,0.018611431121826172
1365889963.567252,904.8780487804878,61.2,0.030617237091064453
1365889963.797369,898.1707317073171,61.8,0.01844310760498047
1365889964.0154464,920.1219512195122,61.2,0.018283367156982422
1365889964.2333825,1450.609756097561,62.3,0.022782564163208008
1365889964.4558113,1089.0243902439024,61.2,0.019156455993652344
1365889964.6746352,1143.90243902439,61.8,0.020261287689208984
1365889964.894546,900.0,61.8,0.018953323364257812
1365889965.113083,946.3414634146341,61.8,0.01925373077392578
1365889965.3317358,957.3170731707316,61.8,0.021930217742919922
1365889965.5518022,896.3414634146342,61.2,0.022655010223388672
1365889965.7736826,979.8780487804878,62.3,0.019674301147460938
1365889965.9932065,885.9756097560976,61.2,0.018480300903320312
1365889966.2112565,1098.7804878048782,61.8,0.02047276496887207
1365889966.4310617,871.9512195121952,61.2,0.019777297973632812
1365889966.6504896,1203.0487804878048,62.3,0.030107736587524414
1365889966.8802452,939.0243902439024,61.2,0.02170276641845703
1365889967.1016142,1051.8292682926829,61.8,0.01914811134338379
1365889967.3202841,851.219512195122,61.2,0.018691301345825195
1365889967.5385811,990.2439024390244,61.2,0.018982887268066406
1365889967.7572773,890.8536585365854,61.2,0.021146297454833984
1365889967.977917,957.3170731707316,61.2,0.019469738006591797
1365889968.1969743,1126.219512195122,61.2,0.026527881622314453
1365889968.4234366,960.9756097560976,61.2,0.018756866455078125
1365889968.6422205,924.3902439024391,62.3,0.019196033477783203
1365889968.861095,907.9268292682927,61.2,0.019194841384887695
1365889969.080355,1079.8780487804877,61.8,0.02835702896118164
1365889969.3083408,1120.121951219512,61.2,0.01919841766357422
1365889969.5271986,1012.1951219512196,62.3,0.02065730094909668
1365889969.7474787,965.2439024390244,61.2,0.019350767135620117
1365889969.966798,1073.1707317073171,61.8,0.022201061248779297
1365889970.1889243,1045.1219512195123,62.3,0.02189469337463379
1365889970.4110987,1092.0731707317073,61.8,0.023479461669921875
1365889970.6340852,985.9756097560976,60.7,0.021230220794677734
1365889970.8549461,1112.1951219512196,61.2,0.019209623336791992
1365889971.0741014,892.0731707317074,61.2,0.0212557315826416
1365889971.295032,1046.9512195121952,61.2,0.02110433578491211
1365889971.5157325,967.0731707317073,61.2,0.018904447555541992
1365889971.734401,973.780487804878,61.2,0.02555561065673828
1365889971.9590976,1029.8780487804877,61.8,0.022475719451904297
1365889972.1808271,1135.9756097560976,61.2,0.025283098220825195
1365889972.4071968,923.1707317073171,61.2,0.018622398376464844
1365889972.626901,934.1463414634147,60.7,0.02833414077758789
1365889972.8548882,962.8048780487804,61.2,0.018822431564331055
1365889973.0733042,1032.9268292682927,61.2,0.024940967559814453
1365889973.2979035,929.2682926829269,61.2,0.018523216247558594
1365889973.5161288,1217.6829268292684,61.2,0.026421070098876953
1365889973.7421284,929.2682926829269,61.2,0.019023895263671875
1365889973.9608815,892.0731707317074,61.2,0.0188596248626709
1365889974.1791134,867.0731707317074,61.8,0.02089548110961914
1365889974.399778,960.3658536585366,61.8,0.018320322036743164
1365889974.617693,996.3414634146342,61.2,0.019372224807739258
1365889974.8367486,1231.7073170731708,61.2,0.02661919593811035
1365889975.0630136,1021.9512195121952,61.2,0.036879539489746094
1365889975.2985528,954.8780487804878,61.8,0.018224000930786133
1365889975.516374,960.9756097560976,61.2,0.019556045532226562
1365889975.7355857,939.0243902439024,61.2,0.0211184024810791
1365889975.956358,915.2439024390244,62.3,0.02037358283996582
1365889976.176227,984.7560975609756,61.8,0.02890467643737793
1365889976.4041424,939.0243902439024,61.2,0.0181729793548584
1365889976.6220286,1157.9268292682927,62.3,0.02014899253845215
1365889976.841925,1075.0,61.8,0.023616313934326172
1365889977.0647092,1004.2682926829267,61.2,0.018529415130615234
1365889977.283139,1064.0243902439024,61.2,0.02529120445251465
1365889977.5080135,1187.8048780487804,61.8,0.024819374084472656
1365889977.7323759,1181.7073170731708,62.3,0.027201414108276367
1365889977.9590538,1057.9268292682925,61.8,0.01892232894897461
1365889978.1773589,912.1951219512196,61.2,0.021380901336669922
1365889978.3984241,962.1951219512194,61.2,0.0183866024017334
1365889978.6164372,1112.8048780487804,61.8,0.021893739700317383
1365889978.837923,1171.9512195121952,61.2,0.024020671844482422
1365889979.0635972,904.2682926829268,62.3,0.019027233123779297
1365889979.2822084,929.2682926829269,62.3,0.020092010498046875
1365889979.501835,1186.5853658536585,62.3,0.023436546325683594
1365889979.7246866,1020.7317073170732,62.3,0.02474355697631836
1365889979.9488192,945.1219512195122,62.3,0.019548654556274414
1365889980.1699893,942.0731707317073,61.2,0.02701401710510254
1365889980.3982768,904.8780487804878,62.3,0.019385337829589844
1365889980.6173594,1090.2439024390244,62.3,0.023419618606567383
1365889980.8410306,1092.6829268292684,61.2,0.022744417190551758
1365889981.063825,1095.7317073170732,61.8,0.024791955947875977
1365889981.2911751,923.1707317073171,61.2,0.023845434188842773
1365889981.5143476,993.9024390243902,62.3,0.02656269073486328
1365889981.7405968,1239.0243902439024,61.2,0.02265453338623047
1365889981.9628885,1143.90243902439,61.2,0.021482467651367188
1365889982.1838691,1048.170731707317,62.3,0.030000686645507812
1365889982.4131842,876.219512195122,61.8,0.021399497985839844
1365889982.634198,968.9024390243902,62.3,0.021785974502563477
1365889982.8544405,1053.0487804878048,62.3,0.01986551284790039
1365889983.0739298,1037.8048780487804,62.3,0.02160167694091797
1365889983.2953992,1145.7317073170732,62.3,0.02185821533203125
1365889983.517209,1017.0731707317074,62.3,0.0208890438079834
1365889983.7379372,960.3658536585366,61.8,0.021271944046020508
1365889983.9591427,965.2439024390244,61.8,0.028206825256347656
1365889984.1873758,904.8780487804878,61.8,0.026613473892211914
1365889984.4136999,1031.0975609756097,62.3,0.022588253021240234
1365889984.6358092,1192.6829268292684,62.3,0.024902820587158203
1365889984.8602188,876.219512195122,62.3,0.024643898010253906
1365889985.0840697,973.170731707317,62.3,0.01935887336730957
1365889985.3027513,900.0,62.3,0.022321224212646484
1365889985.5242085,932.3170731707318,61.8,0.01951122283935547
1365889985.743314,1123.1707317073171,62.3,0.024538516998291016
1365889985.9673762,881.0975609756098,62.3,0.019618749618530273
1365889986.1865993,1107.9268292682927,61.8,0.023511648178100586
1365889986.409501,909.1463414634146,61.8,0.018872499465942383
1365889986.6278734,885.9756097560976,61.8,0.020842552185058594
1365889986.8486753,1079.2682926829268,62.3,0.025015830993652344
1365889987.0747006,921.3414634146342,62.3,0.022207260131835938
1365889987.29598,948.170731707317,62.3,0.025695323944091797
1365889987.5210624,1050.0,62.3,0.024458885192871094
1365889987.74509,1067.6829268292684,61.2,0.019559860229492188
1365889987.9642541,900.0,61.8,0.020151376724243164
1365889988.1840763,975.0,62.3,0.02891993522644043
1365889988.4119833,903.048780487805,62.3,0.0184175968170166
1365889988.6301067,1067.0731707317075,62.3,0.02029871940612793
1365889988.8499131,1023.1707317073171,61.8,0.01887226104736328
1365889989.0684443,896.9512195121952,62.3,0.0211489200592041
1365889989.2909913,957.9268292682926,62.3,0.028928756713867188
1365889989.5188682,996.3414634146342,62.3,0.01871800422668457
1365889989.737488,917.0731707317074,62.3,0.01860666275024414
1365889989.955676,965.8536585365854,61.8,0.01849842071533203
1365889990.174123,1150.0,61.8,0.023862123489379883
1365889990.3976126,912.1951219512196,61.8,0.020652055740356445
1365889990.6176445,1100.0,62.3,0.028921127319335938
1365889990.846535,853.0487804878048,61.8,0.02017045021057129
1365889991.0666206,1101.219512195122,61.8,0.024235248565673828
1365889991.2921073,940.8536585365853,62.3,0.020336389541625977
1365889991.511784,990.2439024390244,61.8,0.019741535186767578
1365889991.7311347,859.1463414634146,61.8,0.02290487289428711
1365889991.9524167,917.0731707317074,61.8,0.025814056396484375
1365889992.177278,989.0243902439024,62.3,0.019318103790283203
1365889992.3961232,1204.8780487804877,61.8,0.021507978439331055
1365889992.6173532,1139.6341463414635,61.8,0.026622772216796875
1365889992.8440812,1185.9756097560976,61.8,0.026200056076049805
1365889993.0693936,965.2439024390244,62.3,0.021494150161743164
1365889993.2904725,932.9268292682927,61.8,0.02195882797241211
1365889993.5120375,937.1951219512194,62.3,0.024096012115478516
1365889993.7359803,948.170731707317,62.3,0.019111156463623047
1365889993.955078,921.3414634146342,61.8,0.018531084060668945
1365889994.1736064,982.3170731707316,62.3,0.022497892379760742
1365889994.3982382,924.3902439024391,62.3,0.020055532455444336
1365889994.6182745,853.0487804878048,62.3,0.018879175186157227
1365889994.8367121,987.8048780487804,61.8,0.020893573760986328
1365889995.0580242,1192.6829268292684,62.3,0.028333663940429688
1365889995.2872925,871.3414634146342,62.3,0.0203094482421875
1365889995.5072527,1134.7560975609756,61.8,0.02425074577331543
1365889995.731122,992.0731707317074,62.3,0.02971172332763672
1365889995.9594486,877.439024390244,61.8,0.021370649337768555
1365889996.1804662,1075.0,61.8,0.025708913803100586
1365889996.405868,884.1463414634146,62.3,0.017987489700317383
1365889996.6235657,945.1219512195122,61.8,0.019366979598999023
1365889996.8428023,1095.1219512195123,62.3,0.021085500717163086
1365889997.06373,1003.0487804878047,61.2,0.021309852600097656
1365889997.290271,1220.1219512195123,62.3,0.02100682258605957
1365889997.5112236,962.8048780487804,62.3,0.01889777183532715
1365889997.7300932,931.0975609756098,62.3,0.0252072811126709
1365889997.9549766,954.2682926829268,62.3,0.020838499069213867
1365889998.1770298,1060.9756097560976,62.3,0.02091240882873535
1365889998.3991125,923.1707317073171,61.8,0.023347854614257812
1365889998.623748,962.8048780487804,61.8,0.0227048397064209
1365889998.8459918,1009.7560975609756,62.3,0.02034783363342285
1365889999.0658293,965.2439024390244,62.3,0.022772550582885742
1365889999.2880266,1189.0243902439024,62.3,0.025898456573486328
1365889999.5134916,893.2926829268292,62.3,0.020106077194213867
1365889999.73317,1150.0,61.2,0.020844221115112305
1365889999.9535642,857.9268292682926,62.3,0.020012855529785156
1365890000.1735916,1132.9268292682925,62.3,0.021294593811035156
1365890000.3948455,868.9024390243902,62.3,0.018110990524291992
1365890000.612962,1245.7317073170732,62.3,0.019858360290527344
1365890000.8328197,885.9756097560976,61.8,0.022472381591796875
1365890001.0548599,1009.1463414634145,62.3,0.018934249877929688
1365890001.2732878,1107.9268292682927,62.3,0.022882461547851562
1365890001.4956625,1096.9512195121952,61.8,0.01967477798461914
1365890001.7151675,1107.9268292682927,62.3,0.0198514461517334
1365890001.934576,864.0243902439024,62.3,0.01907944679260254
1365890002.1530452,1040.8536585365853,62.3,0.02097344398498535
1365890002.3736455,873.170731707317,62.3,0.02023148536682129
1365890002.595145,1039.0243902439024,61.8,0.019144535064697266
1365890002.8137438,1053.0487804878048,62.3,0.01970219612121582
1365890003.03311,1093.9024390243903,62.3,0.02297067642211914
1365890003.2557204,1073.1707317073171,62.3,0.025609493255615234
1365890003.4805963,1145.7317073170732,62.3,0.02948474884033203
1365890003.709506,1028.0487804878048,61.8,0.022727489471435547
1365890003.9319282,1165.8536585365853,61.8,0.021427154541015625
1365890004.1529775,857.3170731707316,61.8,0.04750847816467285
1365890004.3730974,867.0731707317074,61.8,0.02168583869934082
1365890004.5939436,954.2682926829268,62.3,0.02211165428161621
1365890004.8154845,934.1463414634147,62.3,0.018677711486816406
1365890005.033718,946.951219512195,61.8,0.020446062088012695
1365890005.253751,937.8048780487804,61.8,0.0186922550201416
1365890005.4719484,1185.9756097560976,62.3,0.025364160537719727
1365890005.6969316,915.2439024390244,61.8,0.019118309020996094
1365890005.9155056,970.1219512195122,62.3,0.01952981948852539
1365890006.134619,1064.0243902439024,62.3,0.020468711853027344
1365890006.3547583,1121.9512195121952,62.3,0.03152132034301758
1365890006.586251,1040.2439024390244,61.8,0.028494834899902344
1365890006.8143895,926.219512195122,62.3,0.018102645874023438
1365890007.0321672,962.8048780487804,62.3,0.019537925720214844
1365890007.2512538,1000.0,62.3,0.01908087730407715
1365890007.4699368,918.2926829268293,62.3,0.02298140525817871
1365890007.6927004,1150.609756097561,62.3,0.01989293098449707
1365890007.9118905,882.9268292682926,61.8,0.021486759185791016
1365890008.1329331,1098.7804878048782,61.8,0.02248358726501465
1365890008.3550458,946.951219512195,62.3,0.018465042114257812
1365890008.5734322,1060.9756097560976,61.2,0.021934032440185547
1365890008.7954373,907.3170731707318,61.8,0.024459123611450195
1365890009.0198784,1035.9756097560976,61.8,0.02578258514404297
1365890009.245694,1193.90243902439,62.3,0.027691364288330078
1365890009.4733298,1125.0,61.8,0.021577835083007812
1365890009.694853,946.951219512195,61.8,0.024935007095336914
1365890009.9191327,984.7560975609756,61.2,0.02073502540588379
1365890010.1393335,949.390243902439,61.8,0.019872426986694336
1365890010.3592489,1171.9512195121952,61.8,0.023057937622070312
1365890010.5822961,893.9024390243902,62.3,0.028299570083618164
1365890010.8100827,864.0243902439024,62.3,0.020163297653198242
1365890011.0299945,867.0731707317074,61.2,0.021366357803344727
1365890011.2509496,923.1707317073171,62.3,0.018720149993896484
1365890011.4690828,873.170731707317,61.8,0.0188906192779541
1365890011.6875937,990.2439024390244,62.3,0.01999044418334961
1365890011.907133,898.1707317073171,61.8,0.019121408462524414
1365890012.1259477,1073.780487804878,62.3,0.022684574127197266
1365890012.3483126,1090.2439024390244,62.3,0.019725322723388672
1365890012.5677571,1173.780487804878,62.3,0.021353960037231445
1365890012.7885234,1018.9024390243901,62.3,0.01955103874206543
1365890013.0080028,850.0,62.3,0.01824498176574707
1365890013.225853,901.219512195122,62.3,0.019344329833984375
1365890013.4448133,1123.780487804878,61.2,0.020498037338256836
1365890013.6649115,860.9756097560976,61.2,0.019617319107055664
1365890013.8841128,895.1219512195122,62.3,0.01957869529724121
1365890014.1033525,957.3170731707316,61.2,0.022330760955810547
1365890014.325679,923.1707317073171,61.2,0.027883529663085938
1365890014.553235,1089.0243902439024,62.3,0.02634286880493164
1365890014.7793727,1139.6341463414635,62.3,0.025359630584716797
1365890015.0047011,903.048780487805,62.3,0.026561260223388672
1365890015.2313185,1067.6829268292684,62.3,0.021800994873046875
1365890015.4520268,1131.0975609756097,61.8,0.019281625747680664
1365890015.6712143,1206.7073170731708,62.8,0.022223472595214844
1365890015.8931255,1150.0,62.3,0.021245956420898438
1365890016.114107,1126.219512195122,62.3,0.02275252342224121
1365890016.3364687,1067.6829268292684,62.3,0.024549245834350586
1365890016.5605447,1248.780487804878,62.3,0.022271156311035156
1365890016.782396,929.8780487804878,62.3,0.02016305923461914
1365890017.0021574,998.170731707317,62.3,0.021366357803344727
1365890017.2226624,973.780487804878,62.3,0.019861221313476562
1365890017.442039,993.2926829268292,62.3,0.021445751190185547
1365890017.6630552,1096.9512195121952,62.3,0.01982402801513672
1365890017.882213,1284.7560975609756,62.3,0.019160032272338867
1365890018.1011143,1043.2926829268292,62.3,0.020676851272583008
1365890018.321347,976.219512195122,61.8,0.0209043025970459
1365890018.5419888,1145.7317073170732,62.3,0.02801346778869629
1365890018.7693813,987.8048780487804,62.3,0.022271156311035156
1365890018.991256,1150.0,61.2,0.02704334259033203
1365890019.2179084,945.1219512195122,62.3,0.030761003494262695
1365890019.4475343,960.9756097560976,62.3,0.02155017852783203
1365890019.6687353,973.170731707317,62.3,0.02776336669921875
1365890019.8955438,953.0487804878048,62.3,0.018356800079345703
1365890020.1138062,1228.658536585366,62.3,0.027159690856933594
1365890020.3406408,1039.0243902439024,62.3,0.025794506072998047
1365890020.5658205,1123.780487804878,62.3,0.02715134620666504
1365890020.792723,1159.7560975609756,62.3,0.027998685836791992
1365890021.020349,926.219512195122,62.3,0.020944833755493164
1365890021.2408257,926.829268292683,62.3,0.02045893669128418
1365890021.4607666,970.1219512195122,62.3,0.030504465103149414
1365890021.6898205,951.8292682926829,61.8,0.02246546745300293
1365890021.9111214,870.1219512195122,62.3,0.022887706756591797
1365890022.1339061,1148.780487804878,62.3,0.028502464294433594
1365890022.362051,909.1463414634146,62.3,0.022412538528442383
1365890022.5840366,979.8780487804878,62.3,0.020247220993041992
1365890022.8040304,1114.6341463414635,62.3,0.019007444381713867
1365890023.0230384,1157.9268292682927,62.3,0.022773265838623047
1365890023.2452826,1067.0731707317075,62.3,0.024280309677124023
1365890023.468543,1171.9512195121952,62.3,0.020030498504638672
1365890023.688077,868.2926829268292,62.3,0.02930283546447754
1365890023.9164338,1248.780487804878,62.3,0.025820255279541016
1365890024.1418269,998.780487804878,62.3,0.018976926803588867
1365890024.3604555,850.0,62.3,0.020231962203979492
1365890024.580593,1253.0487804878048,62.3,0.021343708038330078
1365890024.8014874,1034.1463414634147,62.8,0.01982736587524414
1365890025.0208802,940.8536585365853,62.3,0.018934965133666992
1365890025.2395747,1157.9268292682927,62.3,0.023856639862060547
1365890025.462641,926.829268292683,62.3,0.026035308837890625
1365890025.688284,967.0731707317073,62.3,0.01986527442932129
1365890025.908088,1045.7317073170732,61.8,0.022474050521850586
1365890026.1302035,1131.7073170731705,62.3,0.02616739273071289
1365890026.3560514,935.3658536585366,62.3,0.019334077835083008
1365890026.5751772,1140.8536585365853,62.3,0.022319555282592773
1365890026.7973745,918.9024390243903,62.3,0.01807546615600586
1365890027.0153477,1034.1463414634147,62.3,0.02165699005126953
1365890027.2371154,1120.7317073170732,62.3,0.021047592163085938
1365890027.4580846,1040.2439024390244,62.3,0.02434682846069336
1365890027.6835082,857.3170731707316,62.3,0.02077937126159668
1365890027.9053395,995.1219512195122,61.2,0.019539594650268555
1365890028.125966,1081.7073170731708,62.3,0.021284818649291992
1365890028.3482475,835.3658536585366,61.8,0.018978595733642578
1365890028.5672786,871.3414634146342,62.3,0.019046545028686523
1365890028.78595,914.0243902439024,62.3,0.018607616424560547
1365890029.0041814,852.4390243902438,62.3,0.02809929847717285
1365890029.2322354,1103.0487804878048,62.3,0.028127670288085938
1365890029.4604144,866.4634146341464,62.3,0.019376516342163086
1365890029.6799157,939.0243902439024,62.3,0.01922440528869629
1365890029.8988006,857.3170731707316,62.3,0.018362760543823242
1365890030.1167634,907.3170731707318,62.3,0.01958322525024414
1365890030.3359191,1087.1951219512196,62.3,0.0201723575592041
1365890030.5557086,865.2439024390244,62.3,0.0211031436920166
1365890030.7762015,932.9268292682927,61.8,0.023534774780273438
1365890030.9988089,925.0,62.3,0.018880844116210938
1365890031.2171872,904.8780487804878,61.8,0.023485183715820312
1365890031.4407241,1142.0731707317073,62.3,0.020186424255371094
1365890031.659952,956.0975609756097,62.3,0.018587350845336914
1365890031.878177,929.8780487804878,62.3,0.019954442977905273
1365890032.0977814,895.1219512195122,62.3,0.01915454864501953
1365890032.316566,890.8536585365854,61.8,0.039275407791137695
1365890032.5532663,949.390243902439,62.3,0.019413471221923828
1365890032.772375,1032.9268292682927,62.3,0.0217742919921875
1365890032.9937491,923.1707317073171,61.8,0.017980098724365234
1365890033.2113392,946.3414634146341,61.8,0.020690441131591797
1365890033.4316828,976.8292682926829,61.8,0.021846294403076172
1365890033.6534204,1070.7317073170732,62.3,0.029280900955200195
1365890033.882193,909.1463414634146,61.8,0.019481658935546875
1365890034.1012795,940.2439024390243,62.3,0.018922805786132812
1365890034.3199797,924.3902439024391,62.3,0.019997596740722656
1365890034.5393977,970.1219512195122,62.3,0.020943880081176758
1365890034.759925,1051.8292682926829,62.3,0.020748615264892578
1365890034.980438,973.780487804878,62.3,0.020137786865234375
1365890035.200182,990.2439024390244,62.3,0.018687725067138672
1365890035.4185221,863.4146341463414,61.2,0.019618511199951172
1365890035.6377633,903.048780487805,61.8,0.028245925903320312
1365890035.86587,956.0975609756097,61.8,0.027894258499145508
1365890036.0934007,1012.8048780487804,62.3,0.019260168075561523
1365890036.3116994,904.2682926829268,62.3,0.0196530818939209
1365890036.5308485,1164.0243902439024,62.3,0.02050042152404785
1365890036.750968,902.439024390244,61.2,0.020509958267211914
1365890036.9727633,1092.6829268292684,62.3,0.020592451095581055
1365890037.1929994,1078.0487804878048,62.3,0.03372550010681152
1365890037.4263442,867.0731707317074,62.3,0.02725076675415039
1365890037.6556923,960.9756097560976,62.3,0.026983261108398438
1365890037.8820977,968.2926829268292,61.8,0.020239591598510742
1365890038.1020167,903.048780487805,61.2,0.018586397171020508
1365890038.3202293,1000.0,62.3,0.020530223846435547
1365890038.5407298,918.2926829268293,62.3,0.024954557418823242
1365890038.7653933,1190.8536585365855,61.2,0.023218870162963867
1365890038.9885833,917.0731707317074,62.3,0.018799543380737305
1365890039.206783,1054.878048780488,61.8,0.024709701538085938
1365890039.4315243,985.9756097560976,61.8,0.023917436599731445
1365890039.6555278,1192.0731707317075,61.2,0.02197742462158203
1365890039.8776057,892.0731707317074,62.3,0.01944875717163086
1365890040.0970068,904.8780487804878,61.8,0.018841981887817383
1365890040.3158185,852.4390243902438,62.3,0.027815818786621094
1365890040.542913,1001.219512195122,61.8,0.01995992660522461
1365890040.7624438,902.439024390244,61.8,0.01932525634765625
1365890040.9813344,940.8536585365853,61.8,0.01965022087097168
1365890041.2007546,1336.5853658536587,62.3,0.020066022872924805
1365890041.4203436,918.9024390243903,62.3,0.02991175651550293
1365890041.6498237,1143.90243902439,62.3,0.020366191864013672
1365890041.869838,957.3170731707316,61.8,0.022437095642089844
1365890042.091946,903.048780487805,61.2,0.018770933151245117
1365890042.3102982,975.0,61.8,0.019394397735595703
1365890042.5291874,992.0731707317074,62.3,0.020958662033081055
1365890042.7497995,1028.0487804878048,61.8,0.021567821502685547
1365890042.9699378,863.4146341463414,61.2,0.024838685989379883
1365890043.1936624,1120.121951219512,61.8,0.021084308624267578
1365890043.4142666,959.1463414634146,61.8,0.020799636840820312
1365890043.6349645,920.1219512195122,61.2,0.01896381378173828
1365890043.8535526,960.9756097560976,61.8,0.019202709197998047
1365890044.0723152,995.1219512195122,62.3,0.01903367042541504
1365890044.2912824,1178.0487804878048,62.3,0.020458698272705078
1365890044.5114074,1079.2682926829268,61.2,0.022658348083496094
1365890044.7340806,860.3658536585366,61.8,0.024578571319580078
1365890044.958191,1334.7560975609756,62.3,0.022966623306274414
1365890045.1811008,937.8048780487804,61.8,0.019031286239624023
1365890045.3998048,1048.780487804878,62.3,0.022330760955810547
1365890045.6217618,1018.2926829268292,61.2,0.021381378173828125
1365890045.8427832,996.9512195121952,61.8,0.020044326782226562
1365890046.062448,854.2682926829268,62.3,0.03514695167541504
1365890046.2973912,877.439024390244,61.8,0.02052617073059082
1365890046.518093,956.0975609756097,62.3,0.018902063369750977
1365890046.7374926,945.1219512195122,62.3,0.019837617874145508
1365890046.9569209,892.0731707317074,61.2,0.019925355911254883
1365890047.176517,1148.780487804878,61.8,0.02157902717590332
1365890047.397635,929.2682926829269,61.8,0.01852273941040039
1365890047.6160731,951.8292682926829,61.8,0.021651744842529297
1365890047.837214,875.0,61.8,0.019989013671875
1365890048.0568013,975.0,61.8,0.021074295043945312
1365890048.2775564,900.0,61.8,0.023751258850097656
1365890048.5005138,1029.8780487804877,62.3,0.025536775588989258
1365890048.7256885,1112.1951219512196,61.8,0.02512526512145996
1365890048.950562,993.2926829268292,62.3,0.025966405868530273
1365890049.176071,926.829268292683,61.2,0.018695831298828125
1365890049.394387,917.0731707317074,61.2,0.018538951873779297
1365890049.6126137,1098.7804878048782,61.2,0.02609729766845703
1365890049.838301,967.0731707317073,61.8,0.023110389709472656
1365890050.0609076,1065.8536585365855,62.3,0.028696775436401367
1365890050.2889235,1067.6829268292684,61.8,0.020116806030273438
1365890050.5090437,1031.7073170731708,61.8,0.01997828483581543
1365890050.7290626,1051.8292682926829,62.3,0.02445840835571289
1365890050.9531183,850.0,61.8,0.019185781478881836
1365890051.1720457,876.219512195122,61.8,0.02045726776123047
1365890051.3920987,946.951219512195,62.3,0.019495725631713867
1365890051.6112661,853.0487804878048,61.8,0.01887345314025879
1365890051.8297257,1304.878048780488,62.3,0.0229644775390625
1365890052.0523465,1106.09756097561,61.8,0.019008636474609375
1365890052.271507,1014.0243902439023,62.3,0.02557682991027832
1365890052.4970713,1112.8048780487804,62.3,0.023764848709106445
1365890052.7208066,931.0975609756098,61.8,0.01932358741760254
1365890052.9400918,971.3414634146342,62.3,0.018555402755737305
1365890053.158588,1148.780487804878,61.8,0.02539205551147461
1365890053.3838212,860.3658536585366,62.3,0.018558740615844727
1365890053.6023517,967.0731707317073,61.8,0.020079374313354492
1365890053.8222864,989.0243902439024,61.8,0.02173924446105957
1365890054.044114,918.2926829268293,61.8,0.018796682357788086
1365890054.2632425,1156.7073170731708,62.3,0.0231170654296875
1365890054.4862413,953.0487804878048,61.8,0.020114421844482422
1365890054.7059953,907.3170731707318,62.3,0.018976688385009766
1365890054.9246678,889.0243902439024,62.3,0.0214993953704834
1365890055.1460013,968.2926829268292,61.8,0.018645763397216797
1365890055.3642166,1126.219512195122,62.3,0.022185802459716797
1365890055.5862064,1123.780487804878,61.8,0.018941640853881836
1365890055.804739,975.0,61.8,0.019685029983520508
1365890056.0239499,925.0,62.3,0.019862890243530273
1365890056.243691,1007.3170731707318,61.8,0.02043938636779785
1365890056.4636407,910.9756097560976,61.8,0.020325183868408203
1365890056.6835053,1126.219512195122,62.3,0.02095794677734375
1365890056.9040973,1007.9268292682925,62.3,0.02297067642211914
1365890057.1266072,960.3658536585366,61.8,0.018765687942504883
1365890057.3448596,1051.8292682926829,62.3,0.021902799606323242
1365890057.5667622,1107.9268292682927,62.3,0.02606797218322754
1365890057.7927637,851.219512195122,61.8,0.01811075210571289
1365890058.0109327,1126.219512195122,62.3,0.021275043487548828
1365890058.2323735,1100.0,62.3,0.01972484588623047
1365890058.4520183,923.1707317073171,62.3,0.023700475692749023
1365890058.6756802,1159.7560975609756,62.3,0.021117210388183594
1365890058.8967688,929.2682926829269,62.3,0.020301103591918945
1365890059.1169672,1073.780487804878,62.3,0.020602703094482422
1365890059.3373907,956.0975609756097,61.8,0.020140409469604492
1365890059.5574472,950.0,61.8,0.02420663833618164
1365890059.7815242,925.0,62.3,0.030457019805908203
1365890060.0112379,1017.0731707317074,62.3,0.020865201950073242
1365890060.2317057,957.3170731707316,61.8,0.0223081111907959
1365890060.4540331,943.9024390243902,61.8,0.0188906192779541
1365890060.672918,1070.121951219512,62.3,0.02475738525390625
1365890060.8975515,921.9512195121952,62.3,0.0196530818939209
1365890061.1172407,1143.90243902439,61.2,0.020133256912231445
1365890061.3373013,913.4146341463415,61.8,0.018555879592895508
1365890061.5558045,909.1463414634146,61.8,0.01871204376220703
1365890061.7742023,1153.0487804878048,61.2,0.0227811336517334
1365890061.9965496,993.2926829268292,62.3,0.02379584312438965
1365890062.2198744,979.2682926829268,62.3,0.0257718563079834
1365890062.4435909,950.0,62.3,0.028581619262695312
1365890062.6718187,1167.0731707317073,62.3,0.030010461807250977
1365890062.9014707,913.4146341463415,62.3,0.02724313735961914
1365890063.1270597,1107.9268292682927,62.3,0.025705337524414062
1365890063.3523393,860.3658536585366,61.8,0.02166295051574707
1365890063.5730464,1018.9024390243901,62.3,0.01865410804748535
1365890063.7913973,979.2682926829268,61.8,0.019863367080688477
1365890064.0109112,959.1463414634146,62.3,0.027448654174804688
1365890064.2383697,879.8780487804878,62.3,0.024775981903076172
1365890064.4636521,1185.9756097560976,62.3,0.029790401458740234
1365890064.6933506,946.3414634146341,62.3,0.019461393356323242
