1365889806.5981178,935.9756097560976,40.1,7.748774528503418
1365889806.889527,960.9756097560976,40.1,7.740261554718018
1365889807.18919,943.2926829268292,40.1,7.740338325500488
1365889807.489198,946.951219512195,40.1,7.738179922103882
1365889807.7793741,935.3658536585366,39.5,7.755061626434326
1365889808.077846,914.0243902439024,40.1,7.755821228027344
1365889808.37737,915.2439024390244,40.1,7.749184846878052
1365889808.6705658,928.048780487805,40.1,7.764310359954834
1365889808.9773068,907.3170731707318,40.1,7.752819299697876
1365889809.289195,951.8292682926829,40.1,7.754727125167847
1365889809.589391,937.8048780487804,40.6,7.778482913970947
1365889809.8932428,954.2682926829268,40.1,7.761933088302612
1365889810.2092218,924.3902439024391,40.1,7.75765585899353
1365889810.5191948,935.9756097560976,40.1,7.771191120147705
1365889810.831203,935.3658536585366,40.1,7.7556233406066895
1365889811.148331,921.9512195121952,40.6,7.758839130401611
1365889811.469218,932.9268292682927,40.6,7.771192312240601
1365889811.7811918,946.951219512195,40.6,7.777792930603027
1365889812.095236,912.1951219512196,40.6,7.770915985107422
1365889812.429195,904.2682926829268,41.2,7.812033176422119
1365889812.749213,904.8780487804878,40.1,7.780357837677002
1365889813.074985,937.8048780487804,40.6,7.73516583442688
1365889813.351112,882.9268292682926,40.6,7.724237680435181
1365889813.62097,907.9268292682927,40.6,7.776364326477051
1365889813.947915,910.3658536585366,40.6,7.7727484703063965
1365889814.26811,758.5365853658536,41.2,7.717607021331787
1365889754.032639,945.1219512195122,40.1,12.83744192123413
1365889754.334861,956.0975609756097,40.6,12.828587293624878
1365889754.6261592,937.8048780487804,41.2,14.190670013427734
1365889754.922901,942.0731707317073,41.2,13.910948991775513
1365889755.214168,924.3902439024391,40.6,13.626818180084229
1365889755.5114062,1167.0731707317073,40.6,13.35276746749878
1365889755.81306,1807.3170731707316,40.1,13.064298868179321
1365889756.114657,918.9024390243903,41.2,12.912004947662354
1365889756.425955,932.9268292682927,40.6,12.846213579177856
1365889756.7359612,1810.3658536585365,41.2,12.850023746490479
1365889757.04458,954.2682926829268,41.2,12.837217092514038
1365889757.3559601,946.3414634146341,41.2,12.867525815963745
1365889757.675961,950.0,41.2,12.855966806411743
1365889757.996001,951.8292682926829,40.6,12.842387914657593
1365889758.305713,920.1219512195122,41.7,12.857635974884033
1365889758.6240919,920.1219512195122,41.2,12.862871408462524
1365889758.9468632,962.8048780487804,41.2,12.855468511581421
1365889759.2619,914.0243902439024,41.2,12.848022937774658
1365889759.585983,902.439024390244,41.2,14.846930980682373
1365889759.915967,935.9756097560976,41.2,14.53952693939209
1365889760.2321548,913.4146341463415,41.2,14.24294400215149
1365889760.566027,940.2439024390243,41.2,13.92109751701355
1365889760.895977,840.2439024390244,41.2,13.605064153671265
1365889761.1698291,924.3902439024391,41.2,13.344382762908936
1365889761.484313,929.8780487804878,41.7,13.04236650466919
1365889761.815992,742.0731707317074,41.2,12.858028888702393
1365889762.0865002,754.2682926829268,41.2,12.828960657119751
1365889762.374828,926.829268292683,41.2,12.873076438903809
1365889762.705965,842.0731707317073,41.2,12.819041728973389
1365889762.978886,867.0731707317074,41.7,13.188300371170044
1365889763.251074,1037.8048780487804,41.2,12.91752576828003
1365889763.5706072,926.829268292683,41.7,12.92150616645813
1365889763.8874822,921.3414634146342,41.2,12.821254014968872
1365889764.159919,921.9512195121952,41.2,12.85198426246643
1365889764.486061,912.1951219512196,41.2,12.927061319351196
1365889764.815997,909.1463414634146,41.2,12.804377555847168
1365889765.0876968,929.8780487804878,41.2,13.05289912223816
1365889765.385993,1538.4146341463413,41.7,12.86072850227356
1365889765.7166998,1242.6829268292684,41.2,12.806661128997803
1365889765.9900851,907.9268292682927,41.2,12.80638575553894
1365889766.2622778,925.0,41.2,12.884710788726807
1365889766.585997,926.829268292683,42.2,12.918358325958252
1365889766.9160268,849.390243902439,41.7,13.00890851020813
1365889767.187225,932.9268292682927,41.7,12.959683895111084
1365889767.5259929,907.9268292682927,41.2,12.86714506149292
1365889767.865834,802.439024390244,41.7,12.806218147277832
1365889768.1386728,923.1707317073171,41.2,12.855129480361938
1365889768.4658718,923.1707317073171,41.7,12.888968706130981
1365889768.795957,1025.0,41.2,12.936731338500977
1365889769.0715141,960.3658536585366,41.2,12.814587593078613
1365889769.3559911,924.3902439024391,41.2,12.873787641525269
1365889769.696008,910.3658536585366,42.2,12.872152328491211
1365889769.9672089,1071.9512195121952,41.2,12.81675934791565
1365889770.2394502,932.9268292682927,41.2,12.915361881256104
1365889770.576349,932.9268292682927,42.2,12.872373104095459
1365889770.905996,758.5365853658536,41.2,12.806702852249146
1365889771.175561,915.2439024390244,41.7,12.873029470443726
1365889771.513613,926.219512195122,41.7,12.864930629730225
1365889771.835979,907.9268292682927,41.2,12.811122179031372
1365889772.108913,810.3658536585366,41.2,12.838467836380005
1365889772.414434,1409.7560975609756,41.7,12.867869138717651
1365889772.740899,907.9268292682927,41.2,12.842024326324463
1365889773.013663,781.0975609756098,41.7,12.968018054962158
1365889773.2849228,921.3414634146342,42.2,12.862278938293457
1365889773.616617,910.9756097560976,41.7,12.857516288757324
1365889773.932598,954.8780487804878,41.2,12.807784795761108
1365889774.2027001,917.0731707317074,42.2,12.880533456802368
1365889774.536088,923.1707317073171,42.2,12.868399858474731
1365889774.8738291,752.439024390244,41.7,12.809935092926025
1365889775.155471,921.9512195121952,41.7,12.863859176635742
1365889775.4808261,925.0,42.2,13.14305067062378
1365889775.805962,925.0,42.2,12.84378957748413
1365889776.0772212,860.9756097560976,42.2,12.82101058959961
1365889776.356839,929.2682926829269,41.2,12.854938745498657
1365889776.6862779,807.3170731707318,41.7,12.816210508346558
1365889776.961653,921.3414634146342,41.7,12.806232213973999
1365889777.231789,913.4146341463415,41.7,12.850491285324097
1365889777.544242,928.048780487805,41.2,12.918979167938232
1365889777.876044,918.2926829268293,41.7,12.877725601196289
1365889778.155149,934.1463414634147,42.2,12.849160432815552
1365889778.476022,923.1707317073171,41.7,12.862213611602783
1365889778.8167198,764.0243902439024,41.7,12.808599948883057
1365889779.0899022,921.9512195121952,41.7,12.838270425796509
1365889779.386009,906.0975609756098,41.7,12.861546754837036
1365889779.7165859,1165.8536585365853,41.2,12.858754634857178
1365889779.989568,784.1463414634146,41.7,12.816364288330078
1365889780.2602491,914.0243902439024,41.7,12.962328672409058
1365889780.581789,915.2439024390244,42.2,12.85972785949707
1365889780.910152,890.2439024390244,42.2,12.806005716323853
1365889781.179754,998.170731707317,41.2,12.852231979370117
1365889781.496027,909.1463414634146,41.2,12.860059022903442
1365889781.8267572,871.9512195121952,41.2,12.917070865631104
1365889782.1018188,746.3414634146342,42.8,12.852501153945923
1365889782.395988,915.8536585365854,41.7,12.87153434753418
1365889782.721154,764.0243902439024,41.7,12.991089344024658
1365889782.994348,788.4146341463415,41.7,12.825520992279053
1365889783.265114,932.3170731707318,41.2,12.898970127105713
1365889783.5875552,909.1463414634146,42.2,12.886151790618896
1365889783.915992,918.9024390243903,41.7,12.805404901504517
1365889784.1885471,910.3658536585366,42.2,12.96207594871521
1365889784.516246,918.2926829268293,42.2,12.87425708770752
1365889784.840406,823.170731707317,42.2,12.805982112884521
1365889785.1150851,806.0975609756098,42.2,12.83161997795105
1365889785.425762,910.9756097560976,41.7,12.892321348190308
1365889785.754666,832.9268292682926,41.7,12.81144905090332
1365889786.0268779,882.3170731707318,41.7,12.804765462875366
1365889786.299547,929.2682926829269,42.2,12.873846769332886
1365889786.636331,968.9024390243902,42.2,12.9559965133667
1365889786.942847,781.0975609756098,41.2,12.823399305343628
1365889787.2169,918.2926829268293,42.2,13.073820114135742
1365889787.544838,910.9756097560976,42.2,12.861270666122437
1365889787.872129,860.3658536585366,42.2,12.816040277481079
1365889788.148288,778.048780487805,41.7,12.856751203536987
1365889788.4641721,904.2682926829268,42.2,12.929792642593384
1365889788.8060648,792.0731707317074,41.7,12.828987121582031
1365889789.078944,800.0,41.7,12.816750526428223
1365889789.3509061,926.829268292683,42.2,12.902221202850342
1365889789.676037,924.3902439024391,42.2,12.84363317489624
1365889789.96427,924.3902439024391,41.7,12.802181243896484
1365889790.2369401,915.8536585365854,42.2,12.866713285446167
1365889790.576009,932.3170731707318,42.2,12.874593734741211
1365889790.9018219,849.390243902439,42.2,12.89067268371582
1365889791.171606,1003.0487804878047,41.7,12.86805510520935
1365889791.506044,926.829268292683,42.2,12.86506700515747
1365889791.82779,1181.7073170731708,42.2,12.811678886413574
1365889792.099355,906.0975609756098,42.2,12.815088033676147
1365889792.386065,996.3414634146342,42.2,12.866939306259155
1365889792.714051,870.1219512195122,42.2,12.809166669845581
1365889792.986913,877.439024390244,42.2,12.816436290740967
1365889793.2575371,929.8780487804878,42.2,12.987133026123047
1365889793.5944479,943.2926829268292,42.2,12.991324424743652
1365889793.921171,769.5121951219512,42.2,12.811100721359253
1365889794.194575,926.219512195122,42.2,12.854496955871582
1365889794.526019,992.0731707317074,42.2,12.861780405044556
1365889794.855968,752.439024390244,41.7,12.80567216873169
1365889795.127318,727.4390243902438,42.2,12.838047742843628
1365889795.426141,926.219512195122,42.2,12.874429941177368
1365889795.7622342,918.9024390243903,42.2,12.82800841331482
1365889796.033857,848.170731707317,42.2,12.801687955856323
1365889796.306682,932.3170731707318,42.2,12.943761587142944
1365889796.632771,929.8780487804878,42.2,12.87788987159729
1365889796.9524622,875.0,42.2,12.8696129322052
1365889797.221699,914.0243902439024,42.2,12.918951034545898
1365889797.553014,915.2439024390244,42.8,12.889697313308716
1365889797.8860302,945.1219512195122,42.2,12.921392440795898
1365889798.160501,834.1463414634146,41.7,12.92395806312561
1365889798.47599,921.9512195121952,42.2,12.858506202697754
1365889798.8065999,984.1463414634146,42.2,12.839426040649414
1365889799.077696,796.9512195121952,42.2,12.818223714828491
1365889799.348164,934.1463414634147,42.2,12.855973720550537
1365889799.685171,924.3902439024391,42.2,12.835150957107544
1365889799.975378,859.1463414634146,42.2,12.816607475280762
1365889800.245143,915.2439024390244,41.7,12.863610744476318
1365889800.576373,910.9756097560976,42.2,12.876454830169678
1365889800.905976,893.9024390243902,42.8,12.80421495437622
1365889801.185205,929.2682926829269,41.7,12.951700210571289
1365889801.516018,929.8780487804878,42.2,12.893916368484497
1365889801.84596,801.219512195122,42.2,12.81356930732727
1365889802.119916,917.0731707317074,42.2,12.823805570602417
1365889802.404162,1993.2926829268295,42.2,12.873826503753662
1365889802.736047,928.048780487805,42.2,12.811737537384033
1365889803.012321,732.3170731707316,42.2,12.813558101654053
1365889803.286591,945.1219512195122,42.2,12.857763767242432
1365889803.6139772,923.1707317073171,42.8,12.859233140945435
1365889803.9459572,735.3658536585366,42.2,12.813468933105469
1365889804.219486,920.1219512195122,42.2,12.86969780921936
1365889804.5459971,926.829268292683,42.2,12.879351615905762
1365889804.8760362,982.3170731707316,42.2,12.88512110710144
1365889805.1447291,733.5365853658536,42.2,12.847549200057983
1365889805.445985,921.9512195121952,42.2,12.910826683044434
1365889805.776007,778.048780487805,42.8,12.804804563522339
1365889806.049495,738.4146341463414,42.2,12.900501012802124
1365889806.3228211,929.8780487804878,42.2,12.871818542480469
1365889806.646017,932.9268292682927,42.2,12.895622968673706
1365889806.976042,860.9756097560976,42.2,12.819788455963135
1365889807.247916,910.3658536585366,42.8,12.883701086044312
1365889807.586018,987.8048780487804,42.8,12.854913234710693
1365889807.9159591,736.5853658536586,42.8,12.805887699127197
1365889808.189483,951.2195121951219,42.2,12.865447998046875
1365889808.5160131,912.1951219512196,42.2,12.858431577682495
1365889808.845979,920.1219512195122,42.2,12.811652183532715
1365889809.118175,800.0,42.2,12.931347608566284
1365889809.405995,1134.1463414634145,42.2,12.869715690612793
1365889809.735976,993.9024390243902,42.2,12.802181243896484
1365889810.009202,918.9024390243903,42.2,12.81539273262024
1365889810.2817862,923.1707317073171,42.2,12.928924083709717
1365889810.604264,1021.9512195121952,42.2,12.861170530319214
1365889810.9359639,738.4146341463414,42.2,12.808319568634033
1365889811.2100322,1996.9512195121952,42.2,12.847933053970337
1365889811.536157,913.4146341463415,42.2,12.866950750350952
1365889811.8652449,792.0731707317074,42.2,12.80914831161499
1365889812.139519,907.9268292682927,42.2,12.8380446434021
1365889812.4346921,921.9512195121952,42.2,12.869255304336548
1365889812.765964,790.2439024390244,42.2,12.808169841766357
1365889813.038368,731.0975609756098,42.2,12.809841871261597
1365889813.309859,926.829268292683,42.2,12.87332820892334
1365889813.6460092,926.219512195122,43.3,12.866891860961914
1365889813.973781,924.3902439024391,42.2,12.811297416687012
1365889814.246179,920.1219512195122,43.3,12.881705284118652
1365889814.576771,920.1219512195122,42.8,12.85378909111023
1365889814.9059782,760.3658536585366,42.2,12.80806279182434
1365889815.179349,765.2439024390244,43.3,12.864316463470459
1365889815.5059872,904.8780487804878,42.8,12.927847862243652
1365889815.835974,895.1219512195122,42.2,12.83142614364624
1365889816.111431,871.9512195121952,42.2,12.815715074539185
1365889816.385045,987.1951219512194,42.8,12.8705153465271
1365889816.711523,924.3902439024391,42.2,12.823525428771973
1365889816.9900749,931.0975609756098,42.8,12.804346561431885
1365889817.262857,904.8780487804878,42.2,12.86199688911438
1365889817.596012,929.8780487804878,42.8,12.860337018966675
1365889817.9259572,759.1463414634146,42.8,12.824033498764038
1365889818.205157,925.0,42.2,12.866701126098633
1365889818.536012,924.3902439024391,42.8,12.857781171798706
1365889818.864195,885.9756097560976,42.2,12.827555179595947
1365889819.13643,739.0243902439024,42.2,13.030802965164185
1365889819.425987,1026.8292682926829,42.2,12.861302614212036
1365889819.744332,935.3658536585366,42.2,12.830135822296143
1365889820.0181298,884.1463414634146,42.8,12.816274642944336
1365889820.289221,904.2682926829268,42.8,13.063115119934082
1365889820.6264682,984.1463414634146,42.8,12.886330604553223
1365889820.940476,750.0,42.8,12.803770303726196
1365889821.213323,921.3414634146342,43.3,12.941354990005493
1365889821.5459998,920.1219512195122,42.2,12.928292512893677
1365889821.886015,744.5121951219512,42.2,12.813224077224731
1365889822.157326,794.5121951219512,42.8,12.8413827419281
1365889822.453131,926.219512195122,42.8,12.854921102523804
1365889822.775063,846.3414634146342,42.2,12.952758312225342
1365889823.0463638,849.390243902439,42.2,12.809934139251709
1365889823.31849,928.048780487805,42.8,12.856425523757935
1365889823.656039,907.3170731707318,42.8,12.863462924957275
1365889823.9783459,887.1951219512196,42.2,12.888152360916138
1365889824.249983,909.1463414634146,42.2,12.96733570098877
1365889824.586006,926.829268292683,42.8,12.868417024612427
1365889824.921265,827.4390243902438,42.2,12.832587957382202
1365889825.193242,884.1463414634146,42.2,12.917006969451904
1365889825.5096781,940.2439024390243,42.8,12.86442756652832
1365889825.834168,825.0,42.8,12.825695276260376
1365889826.107004,751.219512195122,42.8,12.829879522323608
1365889826.376441,924.3902439024391,42.8,12.85736870765686
1365889826.706016,907.9268292682927,42.8,12.849681854248047
1365889827.0047,895.1219512195122,42.8,12.87619400024414
1365889827.273899,910.9756097560976,42.2,12.88827657699585
1365889827.606345,928.048780487805,42.8,12.85908031463623
1365889827.935971,813.4146341463414,42.2,12.873619318008423
1365889828.206191,766.4634146341464,42.8,12.931802749633789
1365889828.536333,910.9756097560976,42.2,12.87542986869812
1365889828.875992,749.390243902439,42.8,12.80863332748413
1365889829.1472452,789.0243902439024,42.8,12.878823518753052
1365889829.435969,924.3902439024391,42.2,12.857457399368286
1365889829.7660701,915.2439024390244,42.2,12.810504913330078
1365889830.037602,896.9512195121952,42.8,12.806917905807495
1365889830.308267,928.048780487805,42.8,12.903532028198242
1365889830.636009,925.0,42.8,12.855972290039062
1365889830.9631848,752.439024390244,42.8,12.804935932159424
1365889831.234563,920.1219512195122,42.8,12.899367570877075
1365889831.55439,1225.0,42.8,12.87373161315918
1365889831.8867111,906.0975609756098,42.2,12.811896562576294
1365889832.159471,871.9512195121952,42.2,12.817842960357666
1365889832.456013,924.3902439024391,42.8,12.86943507194519
1365889832.7822871,1137.1951219512196,42.8,12.814746141433716
1365889833.056822,798.1707317073171,42.2,12.809100866317749
1365889833.32733,937.1951219512194,42.8,12.925616025924683
1365889833.656019,932.9268292682927,42.8,12.881948471069336
1365889833.996031,970.1219512195122,42.8,12.809961557388306
1365889834.269716,921.3414634146342,42.8,12.948626041412354
1365889834.596079,932.3170731707318,42.8,12.914012670516968
1365889834.925962,843.9024390243902,42.8,12.803094863891602
1365889835.199302,758.5365853658536,42.8,12.869296550750732
1365889835.5260181,917.0731707317074,42.2,13.016250848770142
1365889835.856072,787.1951219512196,43.3,12.817970752716064
1365889836.130037,823.170731707317,42.2,12.805352687835693
1365889836.400532,915.2439024390244,42.8,12.866436243057251
1365889836.7359931,789.0243902439024,43.3,12.813167095184326
1365889837.013024,741.4634146341464,42.8,12.810637950897217
1365889837.284794,906.0975609756098,42.8,12.857626676559448
1365889837.626058,910.3658536585366,42.8,12.882721185684204
1365889837.965951,782.3170731707318,42.8,12.81373143196106
1365889838.239041,1001.8292682926829,42.8,12.874382257461548
1365889838.56599,920.1219512195122,42.8,12.940206050872803
1365889838.905993,867.0731707317074,43.3,12.818888664245605
1365889839.18166,899.390243902439,42.8,12.831854581832886
1365889839.4859898,926.219512195122,43.3,12.909463167190552
1365889839.81598,906.0975609756098,42.8,12.808383703231812
1365889840.0870368,832.3170731707316,42.8,12.829205989837646
1365889840.35859,910.9756097560976,42.8,12.857191324234009
1365889840.686099,921.3414634146342,42.8,12.945570945739746
1365889841.0013282,781.0975609756098,42.8,12.817654848098755
1365889841.272646,915.8536585365854,42.2,12.858257293701172
1365889841.594713,1015.8536585365854,42.8,12.962205410003662
1365889841.925994,871.3414634146342,42.8,12.839189767837524
1365889842.200743,829.2682926829268,42.8,12.971593618392944
1365889842.510562,914.0243902439024,42.2,13.182725191116333
1365889842.831025,985.9756097560976,42.8,12.863357782363892
1365889843.10127,824.390243902439,42.8,12.852221488952637
1365889843.374431,926.829268292683,42.8,12.924671649932861
1365889843.7042692,929.8780487804878,42.2,12.841153383255005
1365889844.00973,898.1707317073171,42.8,12.83170747756958
1365889844.281276,907.9268292682927,43.3,12.84595251083374
1365889844.595832,1554.2682926829268,42.8,12.85319471359253
1365889844.9213371,823.170731707317,42.8,12.803931713104248
1365889845.1947572,868.9024390243902,42.8,12.840128183364868
1365889845.505972,942.0731707317073,42.8,12.867646217346191
1365889845.8348138,737.1951219512194,43.3,12.82583212852478
1365889846.108713,935.9756097560976,42.2,12.813288450241089
1365889846.381928,920.1219512195122,42.8,12.854076862335205
1365889846.706052,907.3170731707318,43.3,12.910966157913208
1365889847.015271,739.0243902439024,42.8,12.821720838546753
1365889847.287338,915.2439024390244,42.8,12.850156784057617
1365889847.6160982,926.829268292683,42.8,12.87356448173523
1365889847.955979,884.1463414634146,42.8,12.80937671661377
1365889848.235157,917.0731707317074,42.2,12.858241081237793
1365889848.5661252,1203.6585365853657,42.8,12.870720624923706
1365889848.895079,859.1463414634146,43.3,12.813146352767944
1365889849.166448,820.1219512195122,43.3,12.818491697311401
1365889849.45599,926.829268292683,42.8,12.876335144042969
1365889849.781758,915.8536585365854,43.3,12.80819034576416
1365889850.054444,795.1219512195122,43.3,12.827255725860596
1365889850.324805,1819.5121951219512,42.8,12.900865316390991
1365889850.665951,924.3902439024391,42.8,12.866461038589478
1365889850.994632,834.1463414634146,42.8,12.803454399108887
1365889851.267191,928.048780487805,42.8,13.112401008605957
1365889851.5935612,917.0731707317074,43.3,12.884263038635254
1365889851.926004,917.0731707317074,42.8,12.807098627090454
1365889852.199348,1046.9512195121952,43.3,12.872339963912964
1365889852.516017,918.2926829268293,42.8,12.911735534667969
1365889852.8342452,859.1463414634146,42.8,12.927891731262207
1365889853.10733,1020.1219512195121,42.8,12.81123948097229
1365889853.378507,910.3658536585366,43.3,12.864509582519531
1365889853.71349,921.3414634146342,43.3,12.858649969100952
1365889854.0247731,802.439024390244,43.3,12.886755466461182
1365889854.2948759,921.3414634146342,43.3,12.865138292312622
1365889854.626771,1460.3658536585367,42.8,12.895533800125122
1365889854.956768,910.9756097560976,43.3,12.827457904815674
1365889855.235189,1045.7317073170732,42.8,12.87902569770813
1365889855.564397,921.3414634146342,43.3,12.885802745819092
1365889855.8959732,912.1951219512196,42.8,12.818246603012085
1365889856.1675289,892.0731707317074,43.3,12.84512710571289
1365889856.45598,989.0243902439024,43.3,12.866307020187378
1365889856.78596,816.4634146341463,42.8,12.810708284378052
1365889857.0576441,732.3170731707316,43.3,12.805923461914062
1365889857.328864,925.0,42.8,12.91123914718628
1365889857.656011,990.8536585365854,43.3,12.869426012039185
1365889857.995996,1131.0975609756097,42.8,12.820834875106812
1365889858.2681978,1575.609756097561,43.3,12.88977599143982
1365889858.594402,932.3170731707318,42.8,12.872921228408813
1365889858.926305,752.439024390244,42.8,12.81394624710083
1365889859.196028,914.0243902439024,42.8,12.872064113616943
1365889859.504332,917.0731707317074,43.3,12.981464385986328
1365889859.8359811,879.2682926829268,42.8,12.843888282775879
1365889860.109032,787.1951219512196,43.3,12.816744804382324
1365889860.381264,925.0,42.8,12.856147766113281
1365889860.706063,925.0,43.3,12.99471640586853
1365889861.027143,906.0975609756098,42.8,12.81247091293335
1365889861.299256,925.0,43.3,12.858126401901245
1365889861.626015,943.2926829268292,43.3,12.8756422996521
1365889861.966311,910.9756097560976,42.8,12.804767608642578
1365889862.2388108,926.219512195122,42.8,12.857352256774902
1365889862.566006,926.219512195122,43.3,12.863565683364868
1365889862.893213,807.3170731707318,43.3,12.807856321334839
1365889863.1670542,912.1951219512196,43.3,12.822483777999878
1365889863.449743,931.0975609756098,43.3,12.85355806350708
1365889863.7759879,812.1951219512194,43.3,12.812191486358643
1365889864.0482519,913.4146341463415,42.8,12.816089391708374
1365889864.318262,1186.5853658536585,42.8,12.858810424804688
1365889864.6460412,914.0243902439024,43.3,12.858936548233032
1365889864.973707,787.1951219512196,43.3,12.81229281425476
1365889865.247396,1693.2926829268292,43.3,12.900995969772339
1365889865.576013,1185.9756097560976,42.8,12.868210077285767
1365889865.904382,772.5609756097562,42.8,12.811082601547241
1365889866.1765919,1160.9756097560976,42.8,12.827207088470459
1365889866.459758,918.9024390243903,43.3,12.955257654190063
1365889866.7867131,804.2682926829269,43.3,12.825549125671387
1365889867.0625448,846.3414634146342,43.3,12.806584358215332
1365889867.33615,924.3902439024391,43.3,12.85796594619751
1365889867.666173,928.048780487805,43.3,12.882150650024414
1365889867.994712,764.0243902439024,43.3,12.825536489486694
1365889868.268537,926.829268292683,42.8,12.886924266815186
1365889868.6060102,914.0243902439024,42.8,12.858300685882568
1365889868.934159,875.0,43.3,13.060264110565186
1365889869.210729,818.2926829268292,42.8,12.988372802734375
1365889869.521004,934.1463414634147,43.3,12.882192134857178
1365889869.85599,762.1951219512196,43.3,12.814433336257935
1365889870.12785,843.9024390243902,42.8,12.802711248397827
1365889870.399986,921.3414634146342,43.3,12.88753890991211
1365889870.7361898,970.1219512195122,43.3,12.824713230133057
1365889871.030779,878.0487804878048,42.8,12.936462879180908
1365889871.302297,1040.8536585365853,43.3,12.885876893997192
1365889871.622199,923.1707317073171,42.8,12.881814002990723
1365889871.955998,1131.0975609756097,43.3,12.804365634918213
1365889872.2297852,782.3170731707318,43.3,12.862879514694214
1365889872.555979,926.829268292683,42.8,12.920434713363647
1365889872.885986,946.3414634146341,42.8,12.832406282424927
1365889873.1590579,857.3170731707316,42.8,12.809084415435791
1365889873.4365609,924.3902439024391,43.3,12.87270712852478
1365889873.775989,932.9268292682927,43.3,13.066118478775024
1365889874.045839,745.1219512195122,43.3,12.850398778915405
1365889874.3213508,1173.170731707317,43.3,12.852444410324097
1365889874.6567318,926.829268292683,43.3,12.885327100753784
1365889874.9859579,763.4146341463414,43.3,12.804253816604614
1365889875.258498,929.8780487804878,42.8,12.869970560073853
1365889875.5960069,921.3414634146342,43.3,12.872409582138062
1365889875.924596,934.1463414634147,43.3,12.81402850151062
1365889876.1967978,779.2682926829268,43.3,12.823407173156738
1365889876.485984,914.0243902439024,43.3,12.887446880340576
1365889876.8153589,924.3902439024391,42.8,12.815829515457153
1365889877.087004,875.0,42.8,12.91460394859314
1365889877.35639,925.0,43.3,12.854366779327393
1365889877.6860049,928.048780487805,43.3,12.869619607925415
1365889878.012355,792.0731707317074,43.3,12.889330863952637
1365889878.2836108,935.9756097560976,43.3,12.924822568893433
1365889878.614749,1782.3170731707316,43.3,12.858604669570923
1365889878.9380229,835.3658536585366,43.3,12.81233549118042
1365889879.208422,868.9024390243902,43.3,12.823023796081543
1365889879.505981,929.8780487804878,43.3,12.855862140655518
1365889879.835968,740.2439024390244,42.8,12.821747779846191
1365889880.104907,832.3170731707316,42.8,12.800606727600098
1365889880.376551,932.3170731707318,43.3,12.873149156570435
1365889880.713941,931.0975609756098,43.3,12.906372785568237
1365889881.0376909,824.390243902439,43.3,12.831251621246338
1365889881.3066082,914.0243902439024,43.3,12.878783702850342
1365889881.6334841,929.2682926829269,42.8,12.869784832000732
1365889881.965245,740.2439024390244,43.3,12.81512451171875
1365889882.235688,743.2926829268292,43.3,12.849535465240479
1365889882.556,924.3902439024391,43.3,12.868663549423218
1365889882.884759,820.1219512195122,43.3,12.824633359909058
1365889883.158057,912.1951219512196,43.3,12.807108879089355
1365889883.429655,929.2682926829269,43.3,12.860141038894653
1365889883.756358,1226.8292682926829,43.3,12.853070735931396
1365889884.04831,751.219512195122,43.3,12.80277681350708
1365889884.31813,923.1707317073171,43.3,12.862394332885742
1365889884.646946,929.8780487804878,43.3,12.868366956710815
1365889884.9859872,875.0,43.3,12.817434072494507
1365889885.264543,926.219512195122,42.8,12.949347734451294
1365889885.595999,929.8780487804878,43.3,12.862224340438843
1365889885.925966,885.3658536585366,43.3,12.831790447235107
1365889886.200373,785.3658536585366,43.3,12.837501049041748
1365889886.4947891,915.2439024390244,43.3,12.995594263076782
1365889886.825967,739.0243902439024,43.3,12.903507947921753
1365889887.097343,743.2926829268292,42.8,12.860188722610474
1365889887.366082,923.1707317073171,43.3,12.866984367370605
1365889887.694741,915.8536585365854,43.9,12.855687141418457
1365889888.023614,792.0731707317074,43.3,12.900027990341187
1365889888.294454,918.9024390243903,43.3,12.865622520446777
1365889888.622057,1399.3902439024391,43.3,12.851061344146729
1365889888.946736,893.9024390243902,43.3,12.804268598556519
1365889889.219676,921.9512195121952,43.3,12.845520496368408
1365889889.52306,926.219512195122,43.3,12.85718560218811
1365889889.8446999,783.5365853658537,43.3,12.824408531188965
1365889890.11877,838.4146341463414,43.3,12.808136463165283
1365889890.390709,1018.9024390243901,43.3,12.889390468597412
1365889890.716002,904.8780487804878,43.3,13.173046827316284
1365889891.0483189,850.0,43.3,12.879180431365967
1365889891.319658,926.829268292683,43.3,12.889716863632202
1365889891.6560042,909.1463414634146,43.3,12.861911535263062
1365889891.98595,778.048780487805,43.9,12.816967725753784
1365889892.265193,1021.9512195121952,43.3,12.898848295211792
1365889892.587604,924.3902439024391,43.3,12.866918325424194
1365889892.911913,893.9024390243902,43.3,12.847577571868896
1365889893.182664,749.390243902439,43.3,12.889757871627808
1365889893.453807,934.1463414634147,43.3,12.85618281364441
1365889893.785971,760.3658536585366,43.3,12.96778130531311
1365889894.05995,932.3170731707318,43.3,12.850590467453003
1365889894.332368,915.2439024390244,43.3,12.923099517822266
1365889894.656087,1018.9024390243901,43.3,12.862146854400635
1365889894.996017,881.0975609756098,43.3,12.809674739837646
1365889895.2692292,918.2926829268293,44.4,12.911506414413452
1365889895.594749,926.829268292683,43.3,12.859856128692627
1365889895.920887,856.0975609756098,43.9,12.834096193313599
1365889896.1940448,751.219512195122,43.3,12.812355279922485
1365889896.476012,928.048780487805,43.3,12.871098041534424
1365889896.8063738,917.0731707317074,43.3,12.801369905471802
1365889897.078571,821.951219512195,43.3,12.807116746902466
1365889897.354315,918.9024390243903,43.3,12.853946924209595
1365889897.675637,923.1707317073171,42.8,12.867443799972534
1365889898.002084,876.219512195122,43.3,12.808977603912354
1365889898.2763221,918.2926829268293,43.3,12.949403285980225
1365889898.6160378,1026.8292682926829,43.3,12.86747121810913
1365889898.9436412,1070.7317073170732,42.8,12.813667297363281
1365889899.21412,772.5609756097562,43.3,13.090274333953857
1365889899.516002,924.3902439024391,43.3,12.861240148544312
1365889899.856009,736.5853658536586,43.9,12.817698955535889
1365889900.127863,890.8536585365854,43.3,12.884602785110474
1365889900.399155,934.1463414634147,43.3,12.991427659988403
1365889900.726061,921.3414634146342,43.3,12.888966083526611
1365889901.055137,879.2682926829268,43.3,12.826533794403076
1365889901.324521,913.4146341463415,43.3,12.864510774612427
1365889901.6660109,918.2926829268293,43.3,12.876128435134888
1365889901.9959629,787.1951219512196,43.3,12.814734935760498
1365889902.275157,935.3658536585366,43.3,12.961089134216309
1365889902.61604,926.829268292683,43.9,12.867427587509155
1365889902.945709,860.3658536585366,43.3,12.804862260818481
1365889903.2163682,742.0731707317074,43.3,12.857730150222778
1365889903.51013,923.1707317073171,43.3,12.87106704711914
1365889903.834167,878.0487804878048,43.3,12.970309495925903
1365889904.104927,741.4634146341464,43.3,12.824515342712402
1365889904.378158,920.1219512195122,43.3,12.875920534133911
1365889904.702865,942.0731707317073,43.3,12.93589735031128
1365889905.0347168,907.9268292682927,43.3,13.014233827590942
1365889905.303902,932.3170731707318,43.3,12.861794233322144
1365889905.6449192,929.8780487804878,43.3,12.86060905456543
1365889905.975976,799.3902439024391,43.3,12.80385947227478
1365889906.247932,875.0,43.9,12.844261169433594
1365889906.556579,925.0,43.3,12.856703758239746
1365889906.892976,899.390243902439,44.4,12.957218408584595
1365889907.163462,840.2439024390244,43.3,12.883599996566772
1365889907.432441,909.1463414634146,43.3,12.874092817306519
1365889907.76601,923.1707317073171,43.3,12.832319021224976
1365889908.069184,879.2682926829268,43.3,12.907322406768799
1365889908.338445,921.3414634146342,43.3,12.862326383590698
1365889908.676011,937.8048780487804,43.9,12.87738585472107
1365889909.0059688,914.0243902439024,43.3,12.834275960922241
1365889909.277267,914.0243902439024,43.3,12.857107162475586
1365889909.606004,923.1707317073171,43.3,13.069434404373169
1365889909.931408,860.3658536585366,43.3,13.383040189743042
1365889910.202122,722.560975609756,43.3,13.113185405731201
1365889910.472325,918.2926829268293,43.9,12.891534805297852
1365889910.7918239,925.0,43.9,12.81606149673462
1365889911.0664809,928.048780487805,43.3,12.816040754318237
1365889911.339751,909.1463414634146,43.9,12.855501174926758
1365889911.664285,926.829268292683,43.9,12.868403673171997
1365889911.995969,915.2439024390244,43.3,12.815045833587646
1365889912.278215,932.9268292682927,42.8,12.876012086868286
1365889912.614905,926.829268292683,43.3,12.872597694396973
1365889912.9559581,771.3414634146342,43.3,12.817020893096924
1365889913.2291121,912.1951219512196,43.3,12.838728666305542
1365889913.526221,910.9756097560976,43.9,12.85658311843872
1365889913.854402,759.1463414634146,43.3,12.82309889793396
1365889914.126657,796.9512195121952,43.9,13.084731340408325
1365889914.3982148,973.780487804878,43.3,13.047871112823486
1365889914.72073,979.8780487804878,43.3,12.913146495819092
1365889915.046046,935.3658536585366,43.3,12.828698635101318
1365889915.317833,926.829268292683,43.3,12.860965490341187
1365889915.646025,917.0731707317074,43.3,12.871483325958252
1365889915.975968,793.2926829268293,43.9,12.802197456359863
1365889916.2462,830.4878048780488,43.3,12.842888593673706
1365889916.546154,946.951219512195,43.3,12.872142314910889
1365889916.885972,841.4634146341463,43.3,12.82618236541748
1365889917.159382,893.9024390243902,43.3,12.816858530044556
1365889917.4300008,929.8780487804878,44.4,12.858999252319336
1365889917.746046,915.2439024390244,43.3,12.904979228973389
1365889918.071466,932.3170731707318,43.3,12.856447219848633
1365889918.345153,920.1219512195122,43.3,13.031947374343872
1365889918.667804,937.1951219512194,43.3,12.859680414199829
1365889918.9960299,781.0975609756098,43.9,12.817412614822388
1365889919.268002,945.1219512195122,43.3,12.854488372802734
1365889919.595962,918.9024390243903,43.3,12.999646186828613
1365889919.9248111,876.219512195122,43.3,12.805087089538574
1365889920.199779,926.219512195122,43.3,12.807868719100952
1365889920.470712,1551.219512195122,43.3,12.860363721847534
1365889920.8059871,876.219512195122,43.3,12.804172039031982
1365889921.0793002,758.5365853658536,43.9,12.831623792648315
1365889921.352418,928.048780487805,43.3,12.858254432678223
1365889921.686037,924.3902439024391,43.3,12.851314067840576
1365889922.015967,796.3414634146342,43.3,12.810377597808838
1365889922.2951958,934.1463414634147,43.3,12.85639476776123
1365889922.6260211,967.0731707317073,44.4,13.125966310501099
1365889922.952277,798.1707317073171,43.9,12.810465574264526
1365889923.2238789,860.3658536585366,43.3,12.827280521392822
1365889923.5148008,1068.90243902439,43.3,12.854382514953613
1365889923.840634,747.560975609756,43.3,12.816714525222778
1365889924.1112509,850.0,43.3,12.801031351089478
1365889924.3841012,915.8536585365854,43.9,12.860948085784912
1365889924.7114382,921.3414634146342,43.3,12.856029748916626
1365889925.034784,879.8780487804878,43.9,12.826623678207397
1365889925.30821,920.1219512195122,43.3,12.871007680892944
1365889925.636008,921.9512195121952,43.3,12.867439985275269
1365889925.965992,846.3414634146342,43.3,12.815760612487793
1365889926.23647,888.4146341463414,43.3,12.834970951080322
1365889926.536555,920.1219512195122,43.9,12.858798265457153
1365889926.875999,815.2439024390243,43.3,12.835996866226196
1365889927.147681,912.1951219512196,43.9,12.80202054977417
1365889927.419803,926.219512195122,43.3,12.872854232788086
1365889927.755614,918.9024390243903,43.3,12.872096538543701
1365889928.0848022,902.439024390244,43.9,12.815497636795044
1365889928.356274,1000.0,43.9,12.858062505722046
1365889928.696032,937.8048780487804,43.3,12.849958419799805
1365889929.0261278,912.1951219512196,43.3,12.814653396606445
1365889929.297548,928.048780487805,43.3,12.853257179260254
1365889929.6232388,942.0731707317073,43.3,12.861348867416382
1365889929.956144,802.439024390244,43.9,12.807474136352539
1365889930.2272372,860.3658536585366,43.3,12.819729804992676
1365889930.516043,931.0975609756098,43.9,12.860605955123901
1365889930.845139,913.4146341463415,43.9,12.804128408432007
1365889931.118094,940.2439024390243,43.3,12.83838438987732
1365889931.389496,918.9024390243903,43.3,12.860462665557861
1365889931.7160268,931.0975609756098,43.3,12.853938102722168
1365889932.045977,875.0,43.9,12.800138235092163
1365889932.3174121,907.3170731707318,43.3,12.872021913528442
1365889932.64607,915.2439024390244,43.9,12.856953382492065
1365889932.98695,746.3414634146342,43.3,12.813125371932983
1365889933.2575119,790.2439024390244,43.3,12.834235906600952
1365889933.565042,932.9268292682927,43.9,12.854077100753784
1365889933.895992,746.3414634146342,43.3,12.813673734664917
1365889934.16854,756.0975609756098,43.9,12.81531310081482
1365889934.439106,921.9512195121952,43.3,12.864538669586182
1365889934.766091,926.829268292683,43.9,12.8643958568573
1365889935.092354,807.9268292682927,43.3,12.807125806808472
1365889935.364753,929.2682926829269,43.3,12.861406326293945
1365889935.6960719,915.2439024390244,43.3,12.880486011505127
1365889936.025672,882.9268292682926,43.3,12.864969730377197
1365889936.297954,931.0975609756098,43.3,12.867353200912476
1365889936.6360168,926.829268292683,43.3,12.86077618598938
1365889936.962146,793.2926829268293,43.3,12.895930528640747
1365889937.236369,929.2682926829269,43.3,12.8129563331604
1365889937.52598,907.9268292682927,43.3,12.858525276184082
1365889937.864195,898.1707317073171,43.3,12.834139108657837
1365889938.1351192,770.1219512195122,43.9,12.901959657669067
1365889938.4046001,928.048780487805,43.3,12.853569269180298
1365889938.7301319,921.9512195121952,44.4,12.84755253791809
1365889939.0559978,946.3414634146341,43.3,12.802762031555176
1365889939.3291059,1123.780487804878,43.3,12.866669416427612
1365889939.657433,920.1219512195122,43.3,12.875068187713623
1365889939.985992,899.390243902439,43.3,12.813722133636475
1365889940.258682,913.4146341463415,43.9,12.850885152816772
1365889940.5645921,910.9756097560976,43.3,12.971405506134033
1365889940.8948832,857.3170731707316,43.9,12.82007908821106
1365889941.170836,914.0243902439024,43.3,12.81446385383606
1365889941.443285,1001.8292682926829,43.9,12.862865209579468
1365889941.77601,984.7560975609756,43.9,12.884532928466797
1365889942.092542,827.4390243902438,43.9,12.811712503433228
1365889942.363002,996.9512195121952,43.9,12.874220132827759
1365889942.689881,937.8048780487804,43.9,12.849948406219482
1365889943.015969,890.8536585365854,43.3,12.80929708480835
1365889943.288094,832.9268292682926,43.3,12.849779844284058
1365889943.6060429,923.1707317073171,43.9,12.889610767364502
1365889943.935979,805.4878048780488,43.3,12.948210954666138
1365889944.2076778,810.9756097560976,43.3,12.87345552444458
1365889944.480042,1154.8780487804877,43.9,12.908896923065186
1365889944.816023,1178.658536585366,43.9,12.814816951751709
1365889945.1024141,805.4878048780488,43.9,12.916958570480347
1365889945.372169,918.2926829268293,43.3,12.937078475952148
1365889945.695987,926.829268292683,43.9,12.881994009017944
1365889946.025971,857.3170731707316,43.9,12.807105541229248
1365889946.2999291,885.3658536585366,43.3,12.84661316871643
1365889946.625939,912.1951219512196,43.9,12.884701251983643
1365889946.954797,987.1951219512194,43.3,12.942097425460815
1365889947.229619,790.2439024390244,43.9,12.815341472625732
1365889947.5011232,946.951219512195,43.9,12.876333951950073
1365889947.8371892,926.219512195122,43.3,12.838981628417969
1365889948.109358,899.390243902439,44.4,12.804104566574097
1365889948.381304,931.0975609756098,43.9,12.852022171020508
1365889948.706014,920.1219512195122,43.9,12.859837532043457
1365889949.036027,740.2439024390244,44.4,12.808026552200317
1365889949.308455,744.5121951219512,43.3,12.942761659622192
1365889949.6259909,904.2682926829268,43.9,12.847777128219604
1365889949.95588,762.1951219512196,43.3,12.829320669174194
1365889950.228184,765.2439024390244,43.9,12.808286190032959
1365889950.503295,935.9756097560976,43.3,12.879828214645386
1365889950.83603,896.3414634146342,43.9,13.142906665802002
1365889951.1280372,943.9024390243902,43.3,13.003241062164307
1365889951.398535,921.3414634146342,43.9,12.88353157043457
1365889951.736047,929.8780487804878,43.3,12.88832950592041
1365889952.058721,915.8536585365854,43.3,12.80768871307373
1365889952.335149,1020.1219512195121,43.9,12.850263595581055
1365889952.656019,924.3902439024391,43.9,12.854415893554688
1365889952.985991,926.219512195122,43.9,12.802771806716919
1365889953.259862,851.219512195122,44.4,12.867507219314575
1365889953.546002,914.0243902439024,43.3,12.854943752288818
1365889953.870712,791.4634146341464,43.3,12.80400276184082
1365889954.143816,1167.0731707317073,43.9,12.827859878540039
1365889954.41697,929.8780487804878,43.3,12.866283416748047
1365889954.75606,929.2682926829269,43.9,12.9269380569458
1365889955.0867898,731.0975609756098,43.9,12.83007264137268
1365889955.359763,924.3902439024391,44.4,12.861083030700684
1365889955.696822,907.3170731707318,44.4,12.917801141738892
1365889956.0260181,742.0731707317074,43.3,12.81421160697937
1365889956.29789,899.390243902439,43.3,12.829204559326172
1365889956.604405,935.9756097560976,43.9,12.855846881866455
1365889956.9359732,780.4878048780488,44.4,12.807780742645264
1365889957.210133,907.3170731707318,44.4,12.8091881275177
1365889957.482601,909.1463414634146,43.3,12.897069692611694
1365889957.806088,926.219512195122,43.9,12.858161926269531
1365889958.127061,832.3170731707316,43.9,12.803677082061768
1365889958.398392,995.1219512195122,43.9,12.891602039337158
1365889958.736001,934.1463414634147,43.9,12.858057737350464
1365889959.0642529,740.2439024390244,44.4,12.869471073150635
1365889959.345233,920.1219512195122,43.3,12.862142562866211
1365889959.666634,921.9512195121952,43.9,12.853055238723755
1365889959.995989,746.3414634146342,43.9,12.820935487747192
1365889960.267355,932.3170731707318,43.3,12.819105386734009
1365889960.5537548,937.1951219512194,44.4,12.875895023345947
1365889960.885949,1034.7560975609756,44.4,12.817126274108887
1365889961.1593258,767.0731707317074,43.3,12.823063611984253
1365889961.4307368,942.0731707317073,43.3,12.851843357086182
1365889961.755999,928.048780487805,44.4,12.864211559295654
1365889962.0821278,767.0731707317074,44.4,12.816783428192139
1365889962.3531241,925.0,43.9,12.852240085601807
1365889962.676023,926.219512195122,44.4,12.863592147827148
1365889963.0159638,756.0975609756098,43.3,12.818031072616577
1365889963.288542,731.0975609756098,44.4,12.8397798538208
1365889963.58082,929.8780487804878,43.3,12.850516080856323
1365889963.906079,879.2682926829268,44.4,12.819345951080322
1365889964.176644,912.1951219512196,43.9,12.803123235702515
1365889964.448312,923.1707317073171,44.4,13.003973960876465
1365889964.776559,920.1219512195122,43.3,12.874814748764038
1365889965.110852,749.390243902439,43.9,12.818142414093018
1365889965.382848,1015.8536585365854,43.3,12.873262405395508
1365889965.704731,939.0243902439024,44.4,12.87681770324707
1365889966.042839,841.4634146341463,43.3,12.810465574264526
1365889966.314591,866.4634146341464,44.4,12.862771272659302
1365889966.626029,904.8780487804878,43.3,12.86569595336914
1365889966.9559848,789.0243902439024,44.4,12.804243087768555
1365889967.2285628,812.1951219512194,43.3,12.816670894622803
1365889967.4993331,921.3414634146342,43.9,12.84782361984253
1365889967.826102,926.219512195122,44.4,12.843142986297607
1365889968.1383739,747.560975609756,44.4,12.80225396156311
1365889968.410569,917.0731707317074,43.3,12.852249145507812
1365889968.726018,914.0243902439024,43.9,12.862196207046509
1365889969.05597,767.0731707317074,43.3,12.802414655685425
1365889969.32755,735.3658536585366,43.9,12.873409986495972
1365889969.6559832,932.9268292682927,43.9,12.853177547454834
1365889969.9859772,906.0975609756098,44.4,12.80911135673523
1365889970.260027,792.0731707317074,43.9,12.808640956878662
1365889970.531747,928.048780487805,44.4,12.853490829467773
1365889970.8560052,929.8780487804878,44.4,12.82199239730835
1365889971.144296,729.2682926829268,44.4,12.799475193023682
1365889971.4147341,923.1707317073171,43.3,12.857773542404175
1365889971.7460291,904.8780487804878,43.3,12.853140115737915
1365889972.07599,763.4146341463414,44.4,12.822367429733276
1365889972.349341,945.1219512195122,44.4,12.857824087142944
1365889972.667868,921.9512195121952,44.4,12.86476469039917
1365889973.006557,943.2926829268292,44.4,12.828931093215942
1365889973.2815602,807.9268292682927,43.3,12.825313568115234
1365889973.5661938,915.8536585365854,44.4,12.954576969146729
1365889973.8959842,846.951219512195,43.9,12.79991364479065
1365889974.167836,768.2926829268292,43.3,12.816174507141113
1365889974.43966,940.2439024390243,44.4,12.849426746368408
1365889974.766005,907.9268292682927,44.4,12.857514142990112
1365889975.095659,904.2682926829268,43.9,12.80753207206726
1365889975.368417,903.048780487805,43.3,12.853243589401245
1365889975.693818,935.9756097560976,44.4,12.858027935028076
1365889976.03212,752.439024390244,44.4,12.823246002197266
1365889976.305154,1399.3902439024391,44.4,12.840385913848877
1365889976.6059651,926.829268292683,43.9,12.853636980056763
1365889976.935957,826.2195121951219,43.9,12.799269437789917
1365889977.206732,885.3658536585366,43.3,12.81763768196106
1365889977.4804978,929.2682926829269,43.3,12.853934049606323
1365889977.806185,926.829268292683,44.4,12.852193593978882
1365889978.1360042,917.0731707317074,44.4,12.855382919311523
1365889978.408679,925.0,44.4,12.873512744903564
1365889978.746013,931.0975609756098,44.4,12.856987237930298
1365889979.076062,846.3414634146342,44.4,12.804491996765137
1365889979.355165,913.4146341463415,44.4,12.860162019729614
1365889979.6848562,907.9268292682927,44.4,12.886560201644897
1365889980.01597,745.1219512195122,43.3,12.804474115371704
1365889980.289152,921.3414634146342,44.4,12.822566032409668
1365889980.5860128,926.219512195122,44.4,12.858522176742554
1365889980.915976,910.9756097560976,44.4,12.808573484420776
1365889981.185426,840.2439024390244,44.4,13.064375400543213
1365889981.455604,917.0731707317074,43.9,12.877690076828003
1365889981.785544,1020.1219512195121,44.4,12.862836599349976
1365889982.125974,741.4634146341464,44.4,12.81259799003601
1365889982.397749,946.951219512195,43.3,12.868424654006958
1365889982.73437,957.3170731707316,44.4,12.871079444885254
1365889983.064606,889.0243902439024,44.4,12.803860425949097
1365889983.338036,900.0,43.3,12.846562385559082
1365889983.6606872,989.0243902439024,44.4,12.869674921035767
1365889983.978278,795.1219512195122,44.4,12.806015968322754
1365889984.24998,760.3658536585366,44.4,12.80118703842163
1365889984.520833,924.3902439024391,44.4,12.870429515838623
1365889984.855159,932.9268292682927,44.4,12.829162120819092
1365889985.1533709,756.0975609756098,43.9,12.8100905418396
1365889985.422879,940.8536585365853,44.4,12.853379249572754
1365889985.744677,917.0731707317074,44.4,12.866742849349976
1365889986.074799,928.048780487805,43.9,12.82249903678894
1365889986.348487,918.2926829268293,44.4,12.866773843765259
1365889986.675977,926.219512195122,43.9,12.942533254623413
1365889987.0014138,832.3170731707316,43.3,12.835087060928345
1365889987.2742999,867.0731707317074,43.9,12.808141946792603
1365889987.54834,925.0,43.9,12.884078025817871
1365889987.882089,923.1707317073171,44.4,12.819961547851562
1365889988.171704,924.3902439024391,44.4,12.819148063659668
1365889988.4432771,937.8048780487804,44.4,13.045836448669434
1365889988.76601,924.3902439024391,44.4,12.895861864089966
1365889989.0966258,747.560975609756,43.9,12.815110921859741
1365889989.375231,921.3414634146342,43.9,12.863402128219604
1365889989.697761,917.0731707317074,43.3,12.863189458847046
1365889990.035975,831.0975609756097,44.4,12.829534769058228
1365889990.3094668,806.0975609756098,43.3,12.844842433929443
1365889990.605986,993.9024390243902,43.9,12.843960523605347
1365889990.925964,918.9024390243903,44.4,12.831125259399414
1365889991.198974,743.2926829268292,44.4,12.816988945007324
1365889991.469922,929.8780487804878,43.9,12.89033317565918
1365889991.806019,928.048780487805,44.4,12.89127779006958
1365889992.131114,925.0,43.9,12.843250751495361
1365889992.4026308,924.3902439024391,44.4,12.867365598678589
1365889992.7212029,918.9024390243903,44.4,12.845629692077637
1365889993.045033,753.0487804878048,43.3,12.841184139251709
1365889993.315477,793.2926829268293,44.4,12.81968092918396
1365889993.60341,929.8780487804878,44.4,12.875929117202759
1365889993.93308,898.1707317073171,44.4,12.805674076080322
1365889994.206377,881.0975609756098,44.4,12.803708791732788
1365889994.4782898,935.9756097560976,44.4,12.864445686340332
1365889994.8160331,928.048780487805,43.9,12.893863677978516
1365889995.1459851,945.1219512195122,43.9,12.807801961898804
1365889995.4157739,924.3902439024391,44.4,13.12865424156189
1365889995.746017,928.048780487805,44.4,12.862772703170776
1365889996.086356,778.048780487805,43.9,13.07682991027832
1365889996.355598,802.439024390244,44.4,12.90163278579712
1365889996.6708102,912.1951219512196,44.4,12.861624002456665
1365889996.994796,889.0243902439024,43.9,12.848545789718628
1365889997.268623,917.0731707317074,43.9,12.79785704612732
1365889997.539366,918.9024390243903,44.4,12.90209150314331
1365889997.864244,929.2682926829269,44.4,12.871782302856445
1365889998.166079,803.048780487805,44.4,12.82858157157898
1365889998.438486,951.2195121951219,43.9,12.901445627212524
1365889998.772764,912.1951219512196,44.4,12.896628856658936
1365889999.09598,806.0975609756098,43.9,12.833036184310913
1365889999.3708951,917.0731707317074,44.4,12.872043371200562
1365889999.704858,912.1951219512196,44.4,12.858164072036743
1365890000.036505,929.8780487804878,44.4,12.836015701293945
1365890000.3102138,914.0243902439024,44.4,12.866561651229858
1365890000.596215,920.1219512195122,44.4,12.874022960662842
1365890000.919009,867.0731707317074,43.9,12.806517839431763
1365890001.1891131,901.219512195122,44.4,12.808968544006348
1365890001.461357,915.8536585365854,44.4,12.85266375541687
1365890001.786602,1234.7560975609756,44.4,12.862203359603882
1365890002.115285,917.0731707317074,44.4,12.806151390075684
1365890002.389473,940.8536585365853,44.4,12.862228870391846
1365890002.7143161,920.1219512195122,44.4,12.856107711791992
1365890003.045959,884.1463414634146,44.4,12.804396152496338
1365890003.317348,904.8780487804878,44.4,12.842118501663208
1365890003.604356,915.2439024390244,44.4,12.855821371078491
1365890003.926027,842.0731707317073,44.4,12.801637649536133
1365890004.196397,826.2195121951219,44.4,12.847114086151123
1365890004.470749,907.3170731707318,44.4,12.883421182632446
1365890004.802214,907.9268292682927,44.4,12.86593747138977
1365890005.1360111,929.2682926829269,44.4,12.821132898330688
1365890005.4106271,925.0,44.4,12.851423263549805
1365890005.724734,929.8780487804878,43.9,12.858597040176392
1365890006.0559812,885.9756097560976,44.4,12.80481505393982
1365890006.328615,923.1707317073171,44.4,12.827959537506104
1365890006.636012,931.0975609756098,44.4,12.856957912445068
1365890006.958297,772.5609756097562,44.4,12.945245265960693
1365890007.227168,821.951219512195,44.4,13.010531425476074
1365890007.49809,918.9024390243903,44.4,12.922859907150269
1365890007.818824,935.9756097560976,44.9,12.863748788833618
1365890008.156011,804.2682926829269,44.4,12.81435751914978
1365890008.426333,924.3902439024391,44.4,12.86203908920288
1365890008.756042,929.8780487804878,44.4,12.880892038345337
1365890009.0959659,1243.9024390243903,43.9,12.812758445739746
1365890009.368481,759.1463414634146,44.4,12.859387397766113
1365890009.6959848,926.829268292683,44.4,13.218282461166382
1365890010.016026,775.0,44.4,12.89939546585083
1365890010.2860632,780.4878048780488,44.4,12.804978132247925
1365890010.559082,924.3902439024391,44.4,12.863877534866333
1365890010.884297,912.1951219512196,44.4,13.234077453613281
1365890011.172833,804.2682926829269,43.3,13.157866716384888
1365890011.44227,921.9512195121952,44.4,13.012239456176758
1365890011.760972,932.9268292682927,44.4,12.866632223129272
1365890012.08597,727.4390243902438,43.9,12.815612316131592
1365890012.3570719,853.0487804878048,44.4,12.836722612380981
1365890012.6659892,931.0975609756098,44.4,13.006958246231079
1365890012.996002,851.219512195122,44.4,12.858687400817871
1365890013.268249,834.1463414634146,44.4,13.088457822799683
1365890013.53759,912.1951219512196,44.4,12.933730125427246
1365890013.863334,926.219512195122,44.4,13.062658309936523
1365890014.17469,1418.9024390243903,44.4,12.83137321472168
1365890014.4474251,921.3414634146342,44.4,12.870658874511719
1365890014.7844899,926.829268292683,44.4,12.92696762084961
1365890015.114618,772.5609756097562,44.4,12.814348697662354
1365890015.384313,912.1951219512196,44.4,12.851361274719238
1365890015.7132092,926.829268292683,44.4,12.869554996490479
1365890016.045961,838.4146341463414,43.9,12.804267406463623
1365890016.316202,1777.4390243902437,44.4,12.816014051437378
1365890016.587086,931.0975609756098,44.4,13.154191732406616
1365890016.917115,895.1219512195122,44.4,12.828793048858643
1365890017.186303,915.2439024390244,44.4,12.90627670288086
1365890017.455491,976.219512195122,44.4,12.935045957565308
1365890017.7860212,921.9512195121952,44.4,12.86419415473938
1365890018.117097,828.0487804878048,43.9,12.816729545593262
1365890018.3951821,1031.0975609756097,44.4,12.871836423873901
1365890018.7249439,924.3902439024391,44.4,12.881487369537354
1365890019.055975,913.4146341463415,44.4,12.87847375869751
1365890019.32698,953.0487804878048,44.4,12.81102442741394
1365890019.6062562,923.1707317073171,44.4,12.912459135055542
1365890019.933874,1386.5853658536585,44.4,12.826849937438965
1365890020.2063491,1987.8048780487804,43.3,12.802862882614136
1365890020.477858,902.439024390244,44.4,12.86038088798523
1365890020.806026,915.2439024390244,43.3,12.85914158821106
1365890021.1359968,851.219512195122,44.4,12.830119132995605
1365890021.405455,915.8536585365854,44.4,12.874062538146973
1365890021.729922,918.2926829268293,44.4,12.849669933319092
1365890022.05599,771.3414634146342,44.4,12.809417963027954
1365890022.328783,801.219512195122,43.9,12.823554277420044
1365890022.62297,925.0,44.4,12.860093116760254
1365890022.9557939,885.3658536585366,44.4,12.858433246612549
1365890023.22963,906.0975609756098,43.9,12.80251169204712
1365890023.49996,907.3170731707318,44.4,12.86391282081604
1365890023.818358,918.9024390243903,44.4,12.85496997833252
1365890024.1467562,787.1951219512196,44.4,12.965251684188843
1365890024.417098,921.3414634146342,44.4,12.866171836853027
1365890024.744668,1797.560975609756,44.4,12.865777015686035
1365890025.07422,904.2682926829268,44.4,12.817816257476807
1365890025.344469,819.5121951219512,44.4,12.904105424880981
1365890025.646049,925.0,44.4,12.990133285522461
1365890025.976002,918.2926829268293,44.4,12.807199954986572
1365890026.2495081,1982.3170731707319,43.9,12.80105972290039
1365890026.520108,928.048780487805,43.3,12.857494831085205
1365890026.848744,920.1219512195122,44.4,12.858479738235474
1365890027.173908,873.170731707317,44.4,12.816835403442383
1365890027.44322,914.0243902439024,44.4,12.859633684158325
1365890027.7647629,915.2439024390244,44.4,12.870316982269287
1365890028.084241,739.0243902439024,44.4,12.808285236358643
1365890028.3582232,879.8780487804878,44.4,12.820128679275513
1365890028.653776,1067.6829268292684,44.4,12.857187747955322
1365890028.9860082,817.0731707317073,44.4,12.800715684890747
1365890029.258113,796.9512195121952,44.4,12.810667276382446
1365890029.529989,1153.6585365853657,44.4,12.844749212265015
1365890029.855603,904.2682926829268,44.4,12.973116397857666
1365890030.182446,756.0975609756098,44.4,12.810485601425171
1365890030.456909,1003.0487804878047,44.4,12.875483751296997
1365890030.786062,921.9512195121952,44.4,12.87436318397522
1365890031.106196,837.1951219512194,43.3,12.80045199394226
1365890031.378765,810.3658536585366,44.4,12.928928136825562
1365890031.695989,912.1951219512196,44.4,12.890738248825073
1365890032.025954,854.2682926829268,44.4,12.9114990234375
1365890032.298348,898.1707317073171,43.3,12.839197874069214
1365890032.573235,925.0,44.4,12.867744445800781
1365890032.904416,920.1219512195122,44.4,12.970952033996582
1365890033.18672,929.2682926829269,44.4,12.830477237701416
1365890033.4612072,923.1707317073171,44.4,12.854757070541382
1365890033.782788,1017.0731707317074,43.9,12.851547956466675
1365890034.1010802,903.048780487805,44.4,12.806972026824951
1365890034.372949,815.2439024390243,44.9,12.835723638534546
1365890034.675474,910.3658536585366,44.4,12.854254007339478
1365890035.006001,903.048780487805,43.3,12.807445764541626
1365890035.27869,829.2682926829268,44.4,12.809795618057251
1365890035.553004,934.1463414634147,44.4,12.84846305847168
1365890035.8823411,921.3414634146342,44.4,12.8998544216156
1365890036.1935701,1700.609756097561,44.4,12.812314987182617
1365890036.463445,934.1463414634147,44.4,12.862577438354492
1365890036.796323,925.0,43.9,12.85879135131836
1365890037.124958,766.4634146341464,44.4,12.814888000488281
1365890037.396201,810.3658536585366,43.9,12.850645542144775
1365890037.726673,926.829268292683,43.3,12.856886625289917
1365890038.055993,912.1951219512196,44.4,12.831052780151367
1365890038.3273962,926.219512195122,43.9,12.835214376449585
1365890038.6011012,925.0,44.4,12.896630764007568
1365890038.926684,935.3658536585366,44.4,12.839840173721313
1365890039.210902,848.170731707317,44.4,12.881524801254272
1365890039.480486,926.829268292683,44.4,12.849948406219482
1365890039.80634,1020.1219512195121,44.4,12.85792088508606
1365890040.132514,900.0,44.4,12.87056851387024
1365890040.40491,900.0,44.4,12.888473987579346
1365890040.7334259,915.2439024390244,44.4,12.950035810470581
1365890041.066369,957.9268292682926,44.4,12.899286985397339
1365890041.336419,799.3902439024391,44.4,12.808013439178467
1365890041.6080482,926.829268292683,44.4,12.891565561294556
1365890041.942552,753.0487804878048,44.4,12.806085348129272
1365890042.214355,885.3658536585366,44.4,12.812477350234985
1365890042.483808,910.3658536585366,44.4,12.891041278839111
1365890042.813479,935.9756097560976,44.4,12.862814664840698
1365890043.15603,881.0975609756098,44.4,12.81149697303772
1365890043.426507,979.8780487804878,44.4,12.8656325340271
1365890043.755786,925.0,44.4,12.870936632156372
1365890044.09601,895.1219512195122,44.4,12.801340341567993
1365890044.368957,802.439024390244,44.4,12.867783784866333
1365890044.665985,921.3414634146342,44.4,12.85628604888916
1365890044.995979,746.3414634146342,44.4,12.810172080993652
1365890045.270002,888.4146341463414,44.4,12.899464845657349
1365890045.543514,915.2439024390244,44.4,12.863292694091797
1365890045.868293,935.9756097560976,44.4,12.849629402160645
1365890046.195977,779.2682926829268,43.9,12.85027813911438
1365890046.467485,926.219512195122,44.4,12.854337692260742
1365890046.796013,921.9512195121952,44.4,12.861715078353882
1365890047.135977,764.0243902439024,44.4,12.809583187103271
1365890047.411169,902.439024390244,44.4,12.849059820175171
1365890047.731885,923.1707317073171,44.4,12.857506513595581
1365890048.0569432,733.5365853658536,44.4,12.826931476593018
1365890048.328423,752.439024390244,44.4,12.83609914779663
1365890048.60006,926.829268292683,44.4,12.843997955322266
1365890048.9260008,929.2682926829269,44.4,12.831493139266968
1365890049.223357,741.4634146341464,44.4,12.804057598114014
1365890049.494881,910.9756097560976,44.4,12.914982557296753
1365890049.826004,915.2439024390244,44.4,12.86722207069397
1365890050.156,763.4146341463414,44.4,12.809906959533691
1365890050.4258912,960.9756097560976,44.4,13.00515341758728
1365890050.7651432,923.1707317073171,44.4,12.870355606079102
1365890051.095965,909.1463414634146,44.4,12.801254510879517
1365890051.371514,926.829268292683,44.4,12.835182905197144
1365890051.664181,989.0243902439024,44.4,12.888855218887329
1365890051.9946282,744.5121951219512,44.4,12.799665451049805
1365890052.267105,743.2926829268292,44.4,12.797125339508057
1365890052.538073,928.048780487805,44.4,12.847531080245972
1365890052.856024,932.9268292682927,44.4,12.85502028465271
1365890053.185979,789.0243902439024,44.4,12.832736253738403
1365890053.457443,910.9756097560976,44.4,13.060920476913452
1365890053.774432,920.1219512195122,44.4,12.905133724212646
