1365889767.655046,1798.170731707317,40.1,1.6759400367736816
1365889767.923676,956.0975609756097,40.1,1.9073138236999512
1365889768.208552,1670.1219512195123,40.1,1.759751558303833
1365889768.468995,1712.1951219512196,40.1,1.6611497402191162
1365889768.730826,835.3658536585366,40.1,1.7247483730316162
1365889769.051987,757.3170731707318,39.5,2.4098548889160156
1365889769.3390641,1170.7317073170732,40.1,2.136809825897217
1365889769.6250062,1203.6585365853657,39.5,2.0690383911132812
1365889769.942143,968.2926829268292,40.1,1.8665754795074463
1365889770.2017531,915.8536585365854,40.1,1.8074936866760254
1365889770.475175,1499.390243902439,40.1,1.9450666904449463
1365889770.756313,864.0243902439024,40.1,1.6765475273132324
1365889771.0237088,1528.6585365853657,40.1,1.873194694519043
1365889771.2934341,1148.780487804878,40.1,1.9257731437683105
1365889771.610805,871.9512195121952,40.1,1.6971728801727295
1365889771.86872,1755.4878048780486,40.1,1.9317162036895752
1365889772.124479,768.2926829268292,39.0,3.187049627304077
1365889772.475571,1456.7073170731708,40.1,2.840609312057495
1365889772.736435,818.2926829268292,40.1,2.590601682662964
1365889772.994529,1622.560975609756,40.1,2.3560287952423096
1365889773.379895,1057.9268292682925,40.1,1.9835996627807617
1365889773.6380658,1612.1951219512196,40.1,2.053356647491455
1365889773.9055219,743.2926829268292,40.1,1.7903614044189453
1365889774.1927192,918.2926829268293,40.1,1.9568719863891602
1365889774.452161,802.439024390244,40.1,2.000797986984253
1365889774.725152,951.2195121951219,40.1,1.8027634620666504
1365889775.022084,784.1463414634146,40.1,1.783325433731079
1365889775.2778208,920.1219512195122,40.1,1.9402515888214111
1365889775.547007,990.8536585365854,39.5,1.9983341693878174
1365889775.869045,815.2439024390243,40.1,2.1733179092407227
1365889776.165108,976.219512195122,40.1,2.101611375808716
1365889776.443976,1534.7560975609756,40.1,2.191763401031494
1365889776.765027,1798.170731707317,40.1,1.876645803451538
1365889777.0423832,796.9512195121952,40.1,1.8661689758300781
1365889777.309984,1528.6585365853657,40.1,1.8201236724853516
1365889777.598145,1648.1707317073171,40.1,1.6940128803253174
1365889777.8782248,957.3170731707316,40.1,2.0411956310272217
1365889778.13488,765.2439024390244,40.1,1.79435133934021
1365889778.4314911,1192.6829268292684,40.1,1.7229154109954834
1365889778.702104,1806.09756097561,40.6,1.9418630599975586
1365889778.971317,1472.5609756097563,40.1,1.7204623222351074
1365889779.2609558,1788.4146341463413,40.1,2.0102953910827637
1365889779.5274198,838.4146341463414,40.1,1.756648063659668
1365889779.790236,964.0243902439024,40.1,1.9004414081573486
1365889780.1054132,946.3414634146341,40.1,1.9994168281555176
1365889780.384798,948.170731707317,40.1,1.912590742111206
1365889780.6587,1437.8048780487804,40.1,1.811802625656128
1365889780.947781,1087.1951219512196,40.1,2.1051347255706787
1365889781.2337952,1101.8292682926829,40.6,1.8277342319488525
1365889781.5378199,1584.7560975609756,40.1,1.8226497173309326
1365889781.821226,1663.4146341463413,40.1,1.673583745956421
1365889782.081802,978.0487804878048,40.6,1.790881872177124
1365889782.383339,804.2682926829269,39.5,2.2030720710754395
1365889782.673932,815.2439024390243,41.2,1.9190664291381836
1365889782.979351,1816.4634146341464,40.1,1.794306993484497
1365889783.248683,1577.439024390244,40.1,2.08414888381958
1365889783.548219,987.8048780487804,40.1,1.7868072986602783
1365889783.80756,818.2926829268292,40.1,1.67954421043396
1365889784.0837471,956.0975609756097,40.1,1.7111661434173584
1365889784.366165,1029.8780487804877,40.6,2.0739433765411377
1365889784.640237,815.2439024390243,40.6,1.8041908740997314
1365889784.910113,641.4634146341464,40.1,1.7173397541046143
1365889785.205686,874.390243902439,40.6,1.6617255210876465
1365889785.4621131,1235.9756097560976,40.6,1.7676846981048584
1365889785.725715,1841.4634146341464,40.1,1.9512808322906494
1365889786.004971,978.0487804878048,40.6,1.780796766281128
1365889786.280258,1654.2682926829268,40.1,1.663985013961792
1365889786.543293,782.3170731707318,40.6,1.8025996685028076
1365889786.8549929,850.0,40.6,1.8227531909942627
1365889787.123472,1622.560975609756,40.6,2.0000858306884766
1365889787.385246,778.048780487805,40.1,1.744499921798706
1365889787.684735,1150.0,40.6,1.8725898265838623
1365889787.945986,1368.9024390243903,40.1,1.6628408432006836
1365889788.207387,731.0975609756098,40.1,1.8931338787078857
1365889788.493493,1548.780487804878,41.2,1.8071506023406982
1365889788.761508,1107.9268292682927,40.1,2.2049155235290527
1365889789.035189,741.4634146341464,40.1,1.9362678527832031
1365889789.324623,1650.609756097561,40.6,1.8756470680236816
1365889789.5863569,1616.4634146341464,40.6,1.9858438968658447
1365889789.8477728,1626.219512195122,40.1,1.7280356884002686
1365889790.14354,960.9756097560976,40.6,2.047419309616089
1365889790.4051058,824.390243902439,40.6,1.7897467613220215
1365889790.667944,747.560975609756,40.1,1.687988519668579
1365889790.947152,1201.829268292683,40.1,1.9386067390441895
1365889791.2329369,819.5121951219512,40.1,1.6636958122253418
1365889791.48864,937.1951219512194,40.1,1.6626014709472656
1365889791.751619,1289.6341463414633,40.1,1.8703482151031494
1365889792.0507221,1496.341463414634,40.6,2.480581760406494
1365889792.310039,881.0975609756098,41.2,2.2332382202148438
1365889792.5666409,724.390243902439,40.1,1.9797718524932861
1365889792.852906,948.170731707317,41.2,1.6997287273406982
1365889793.111433,1720.1219512195123,40.6,2.1870782375335693
1365889793.369688,725.0,40.6,1.9304473400115967
1365889793.675586,1078.0487804878048,40.1,3.22763729095459
1365889793.950507,853.0487804878048,40.6,2.9613845348358154
1365889794.211649,729.2682926829268,40.1,2.7050621509552
1365889794.512531,882.3170731707318,40.6,2.410397529602051
1365889794.783541,843.2926829268292,40.6,2.1439781188964844
1365889795.0477262,993.9024390243902,40.1,2.318873167037964
1365889795.37425,1787.1951219512193,40.6,2.014289617538452
1365889795.649794,817.0731707317073,41.2,1.7460722923278809
1365889795.929386,748.170731707317,40.1,1.8229773044586182
1365889796.2068422,787.1951219512196,40.6,2.0379624366760254
1365889796.481981,937.8048780487804,40.1,1.7746086120605469
1365889796.7456288,721.3414634146342,40.1,1.9241111278533936
1365889797.0194838,1210.9756097560976,40.1,1.8872809410095215
1365889797.314164,965.8536585365854,41.2,1.7040867805480957
1365889797.570055,782.3170731707318,40.1,1.7024040222167969
1365889797.865379,857.3170731707316,40.1,1.7622532844543457
1365889798.142234,843.9024390243902,40.1,1.9588594436645508
1365889798.3989,1112.1951219512196,41.2,1.7094662189483643
1365889798.690163,1771.341463414634,40.6,1.6648929119110107
1365889798.954429,775.0,41.2,1.830841064453125
1365889799.2282372,712.1951219512194,40.6,1.9467036724090576
1365889799.501972,800.0,40.6,1.6769969463348389
1365889799.763385,971.3414634146342,40.6,1.7010042667388916
1365889800.0438762,743.2926829268292,40.6,1.987879753112793
1365889800.317128,929.2682926829269,40.6,1.7482852935791016
1365889800.5933812,790.2439024390244,41.2,2.951136350631714
1365889800.8572109,745.1219512195122,41.2,2.6912596225738525
1365889801.14818,1031.0975609756097,40.6,2.4050662517547607
1365889801.441777,899.390243902439,41.2,2.122260093688965
1365889801.70113,740.2439024390244,40.1,1.8861958980560303
1365889802.013848,845.1219512195122,41.2,1.8052177429199219
1365889802.303864,962.8048780487804,41.2,1.664536952972412
1365889802.569658,1291.4634146341464,40.6,1.8451902866363525
1365889802.8531148,1131.7073170731705,40.6,2.005185127258301
1365889803.114999,1171.9512195121952,41.2,1.7444453239440918
1365889803.3725498,853.0487804878048,41.2,2.0254619121551514
1365889803.68223,2018.292682926829,41.2,1.7937307357788086
1365889803.962443,2001.829268292683,41.2,1.7522988319396973
1365889804.222601,1594.5121951219512,40.1,1.7165231704711914
1365889804.505196,1048.170731707317,40.6,1.872140884399414
1365889804.783102,885.3658536585366,41.2,1.704483985900879
1365889805.0648441,754.2682926829268,40.6,1.9434819221496582
1365889805.385178,1635.3658536585365,41.2,1.7813129425048828
1365889805.6713972,918.9024390243903,41.2,1.9535183906555176
1365889805.936793,743.2926829268292,40.1,1.7080938816070557
1365889806.2433019,864.0243902439024,40.6,1.7666242122650146
1365889806.509213,785.9756097560976,40.6,2.0183961391448975
1365889806.764234,900.0,40.6,1.7832162380218506
1365889807.084821,1694.5121951219512,41.2,2.164062023162842
1365889807.3488371,959.1463414634146,41.2,1.9101660251617432
1365889807.611203,1586.5853658536587,40.6,1.7478916645050049
1365889807.907816,1435.3658536585365,41.2,1.6907987594604492
1365889808.197869,1062.8048780487804,41.2,1.9092016220092773
1365889808.474912,767.0731707317074,40.6,1.7823219299316406
1365889808.82022,882.9268292682926,41.7,1.7210772037506104
1365889809.104356,940.8536585365853,41.2,1.6610980033874512
1365889809.3604548,718.2926829268292,40.6,1.7550976276397705
1365889809.6838138,1025.0,41.2,1.6588404178619385
1365889809.9436958,1738.4146341463415,41.2,1.9257464408874512
1365889810.205548,1755.4878048780486,41.2,1.7070093154907227
1365889810.493936,924.3902439024391,41.2,1.6915669441223145
1365889810.77263,1506.7073170731705,41.2,1.770353078842163
1365889811.028769,1129.878048780488,40.6,1.7432470321655273
1365889811.348355,1615.2439024390244,41.2,1.6638753414154053
1365889811.608481,1766.4634146341461,41.7,1.6811695098876953
1365889811.865382,728.0487804878048,40.6,1.682919979095459
1365889812.148884,1868.2926829268295,41.2,1.7814011573791504
1365889812.408802,812.1951219512194,40.6,1.7925739288330078
1365889812.682297,748.170731707317,41.2,2.0435993671417236
1365889812.996428,990.2439024390244,41.2,1.7316839694976807
1365889813.257167,909.1463414634146,41.2,1.7251474857330322
1365889813.538101,1527.4390243902437,40.6,1.6686325073242188
1365889813.807063,898.1707317073171,41.2,1.6616549491882324
1365889814.08209,877.439024390244,41.2,1.6564970016479492
1365889814.339776,1574.3902439024391,40.1,1.717151165008545
1365889814.611993,904.2682926829268,41.2,1.6771230697631836
1365889814.8937118,788.4146341463415,41.2,1.685964584350586
1365889815.152401,1290.8536585365853,40.6,1.6713950634002686
1365889815.424899,1605.4878048780488,41.2,1.7997329235076904
1365889815.691566,950.0,41.2,1.7489118576049805
1365889815.968239,1126.219512195122,40.1,1.7798817157745361
1365889816.2366211,899.390243902439,41.2,1.6919801235198975
1365889816.4951491,879.2682926829268,41.2,2.1579678058624268
1365889816.753888,630.4878048780488,41.2,2.066751003265381
1365889817.052036,1264.6341463414635,41.7,1.7717633247375488
1365889817.322707,1706.0975609756097,41.2,1.730193853378296
1365889817.60114,727.4390243902438,41.2,1.9896714687347412
1365889817.8728662,1688.4146341463415,41.2,1.7898526191711426
1365889818.130454,1857.9268292682927,41.7,1.7056658267974854
1365889818.391835,734.1463414634146,40.6,1.6864070892333984
1365889818.680554,1056.7073170731708,41.2,1.7133126258850098
1365889818.965138,942.0731707317073,41.2,1.6884260177612305
1365889819.2329001,753.0487804878048,40.1,2.069432258605957
1365889819.509595,1616.4634146341464,41.2,2.0598669052124023
1365889819.768766,1800.0,41.7,1.8311936855316162
1365889820.029355,725.0,40.6,1.799781322479248
1365889820.336024,898.1707317073171,41.2,2.009295701980591
1365889820.608205,917.0731707317074,41.7,1.7785437107086182
1365889820.882198,1587.1951219512196,41.2,1.7121284008026123
1365889821.174197,960.3658536585366,41.2,1.9442310333251953
1365889821.454238,1705.4878048780488,41.2,1.7824454307556152
1365889821.732361,768.2926829268292,40.6,1.844801902770996
1365889822.0640068,1721.3414634146343,41.2,1.6764872074127197
1365889822.321065,818.2926829268292,41.7,1.6753408908843994
1365889822.581595,1595.7317073170732,41.2,1.7441141605377197
1365889822.898603,1473.7804878048782,41.2,1.710456371307373
1365889823.155929,959.1463414634146,41.2,2.110260248184204
1365889823.456196,1040.8536585365853,41.2,1.844177484512329
1365889823.746492,1398.780487804878,41.2,2.193222761154175
1365889824.0220952,1815.2439024390244,41.2,2.468036651611328
1365889824.28074,1628.658536585366,41.2,2.2177681922912598
1365889824.56899,772.5609756097562,41.2,2.297234058380127
1365889824.831285,1778.0487804878048,41.2,2.0374910831451416
1365889825.088923,745.1219512195122,40.6,1.8105895519256592
1365889825.3798559,1457.3170731707316,41.2,2.194523334503174
1365889825.653295,854.2682926829268,41.2,2.2454590797424316
1365889825.913532,774.390243902439,41.2,1.9892654418945312
1365889826.195991,1648.1707317073171,41.2,1.9532215595245361
1365889826.473968,863.4146341463414,41.2,1.9354450702667236
1365889826.73238,1501.8292682926829,41.2,2.3425004482269287
1365889827.0083818,830.4878048780488,41.2,2.3079092502593994
1365889827.2694058,1608.5365853658539,41.2,2.0514307022094727
1365889827.5260491,743.2926829268292,41.2,2.136159658432007
1365889827.819784,1054.878048780488,41.2,2.6605920791625977
1365889828.098028,1348.7804878048782,41.7,2.3893589973449707
1365889828.362953,1584.7560975609756,40.6,2.1349923610687256
1365889828.658965,871.9512195121952,41.2,2.2735064029693604
1365889828.9173398,1121.9512195121952,40.6,2.3112432956695557
1365889829.175636,815.2439024390243,41.2,2.0591301918029785
1365889829.4486248,1790.2439024390244,41.2,4.9308319091796875
1365889829.705083,942.0731707317073,41.2,4.6801369190216064
1365889829.9707782,1606.7073170731708,41.2,4.4176905155181885
1365889830.2473001,1128.658536585366,41.2,4.144400358200073
1365889830.505731,921.3414634146342,41.2,3.8872339725494385
1365889830.7719429,748.170731707317,40.6,3.6310176849365234
1365889831.061196,810.9756097560976,41.2,3.345418930053711
1365889831.316541,853.0487804878048,41.2,3.0966179370880127
1365889831.594387,743.2926829268292,40.6,2.8198697566986084
1365889831.87556,1287.8048780487804,41.2,2.5478923320770264
1365889832.1425622,1775.0,42.2,2.2825071811676025
1365889832.4005818,751.219512195122,41.2,2.029299259185791
1365889832.703818,1444.5121951219512,41.2,1.9738686084747314
1365889832.9671628,1783.5365853658536,41.7,1.941190481185913
1365889833.237379,1586.5853658536587,40.6,3.160712480545044
1365889833.518112,996.3414634146342,41.2,2.885098457336426
1365889833.7935512,962.8048780487804,41.7,2.6179778575897217
1365889834.05616,864.0243902439024,41.2,2.3596906661987305
1365889834.357837,1817.0731707317075,41.2,2.0662474632263184
1365889834.6185322,1696.341463414634,41.2,2.1114614009857178
1365889834.879318,828.0487804878048,41.7,2.1761226654052734
1365889835.155488,960.3658536585366,41.2,4.435366630554199
1365889835.4139159,1738.4146341463415,41.2,4.177794694900513
1365889835.672024,1710.3658536585367,41.2,3.9223992824554443
1365889835.941649,1604.2682926829268,40.6,3.668799877166748
1365889836.237083,1662.1951219512193,41.2,3.7685840129852295
1365889836.5191061,1602.439024390244,41.2,3.4920568466186523
1365889836.7841809,854.2682926829268,41.2,3.2324271202087402
1365889837.062784,1812.1951219512196,41.2,2.9559812545776367
1365889837.32215,1629.2682926829268,41.2,2.701789617538452
1365889837.580215,1592.6829268292684,41.2,2.444955825805664
1365889837.864508,1835.9756097560976,41.7,2.1673784255981445
1365889838.122258,1279.8780487804877,41.2,3.402404546737671
1365889838.3845818,738.4146341463414,41.2,3.1414060592651367
1365889838.663729,1372.560975609756,41.7,2.8645215034484863
1365889838.918467,950.0,41.2,2.6113083362579346
1365889839.176102,1472.5609756097563,41.2,2.355417013168335
1365889839.446004,1570.7317073170732,40.6,3.578388214111328
1365889839.7375438,926.219512195122,41.2,3.2896008491516113
1365889839.99567,979.8780487804878,41.2,3.0390939712524414
1365889840.255261,709.1463414634146,41.2,6.629284858703613
1365889840.538927,1782.3170731707316,41.2,6.350059747695923
1365889840.7944179,1813.4146341463415,41.2,6.112046003341675
1365889841.051859,1536.5853658536585,41.2,5.859538316726685
1365889841.3585038,758.5365853658536,41.7,5.559267282485962
1365889841.6181529,848.170731707317,41.2,5.301045656204224
1365889841.8734279,1256.0975609756097,41.2,5.047066688537598
1365889842.153145,1727.439024390244,41.2,4.768527984619141
1365889842.4086359,954.2682926829268,41.2,4.514412879943848
1365889842.664187,960.9756097560976,41.2,4.286369323730469
1365889842.942639,1615.2439024390244,42.2,4.009054183959961
1365889843.1980329,806.0975609756098,41.2,3.7559964656829834
1365889843.454156,1306.7073170731708,41.7,3.5020556449890137
1365889843.734943,687.1951219512194,41.2,3.2226686477661133
1365889844.014967,1625.6097560975609,41.2,2.958669662475586
1365889844.290417,885.3658536585366,41.2,2.684476852416992
1365889844.5492392,1592.6829268292684,41.2,2.427736520767212
1365889844.825821,957.9268292682926,41.2,2.152164936065674
1365889845.082865,823.170731707317,41.2,1.971400499343872
1365889845.341627,686.5853658536586,41.2,1.7245373725891113
1365889845.622022,1796.3414634146343,41.7,1.8822691440582275
1365889845.8815842,1742.0731707317075,42.2,3.393333911895752
1365889846.139775,1627.439024390244,41.7,3.1595141887664795
1365889846.419266,913.4146341463415,41.2,2.8818752765655518
1365889846.678704,865.2439024390244,41.7,2.6231536865234375
1365889846.935725,937.8048780487804,41.2,2.3765032291412354
1365889847.252038,1530.4878048780488,41.7,26.433652639389038
1365889847.526378,1732.3170731707319,42.2,26.16184663772583
1365889847.816614,728.0487804878048,42.2,25.873902559280396
1365889848.105364,790.2439024390244,41.7,25.58693218231201
1365889848.362102,890.8536585365854,41.2,25.337326049804688
1365889848.637703,740.2439024390244,41.7,25.073923110961914
1365889848.908708,1835.9756097560976,42.2,24.812567949295044
1365889849.181031,1164.0243902439024,41.7,24.55044674873352
1365889849.475578,1381.7073170731705,41.2,24.26577663421631
1365889849.7437088,954.8780487804878,41.7,24.00216579437256
1365889850.021056,1821.341463414634,41.2,23.728080987930298
1365889850.2963352,1582.3170731707316,41.7,23.45727777481079
1365889850.602846,1747.560975609756,41.7,23.151842832565308
1365889850.858284,865.2439024390244,41.2,22.89954710006714
1365889851.1190348,1559.7560975609756,41.7,22.785233736038208
1365889851.405264,937.1951219512194,41.2,22.502065420150757
1365889851.660099,810.3658536585366,41.7,22.249506950378418
1365889851.914943,932.9268292682927,41.2,21.99675703048706
1365889852.223361,1259.7560975609756,42.2,21.689687490463257
1365889852.478505,979.8780487804878,41.7,21.437898874282837
1365889852.740893,740.2439024390244,41.2,21.188119888305664
1365889853.050263,772.5609756097562,42.2,20.88387179374695
1365889853.310348,968.9024390243902,41.7,20.626941204071045
1365889853.5685709,1705.4878048780488,41.7,20.37862515449524
1365889853.900985,946.3414634146341,42.2,20.053096055984497
1365889854.179231,1001.219512195122,42.2,20.00112271308899
1365889854.443475,1360.9756097560976,42.2,19.74723196029663
1365889854.7393322,942.0731707317073,42.2,19.465027809143066
1365889855.0658402,949.390243902439,42.2,19.141565084457397
1365889855.336214,950.0,42.2,18.87706685066223
1365889855.630134,979.2682926829268,42.8,18.58811068534851
1365889855.9133701,788.4146341463415,42.8,18.310815811157227
1365889856.185717,834.1463414634146,42.2,18.045126914978027
1365889856.441847,967.0731707317073,42.8,17.791496753692627
1365889856.705458,696.3414634146341,41.2,17.53702712059021
1365889857.028358,785.9756097560976,42.2,17.21518325805664
1365889857.290103,887.1951219512196,42.2,16.957803964614868
1365889857.5473301,1582.3170731707316,42.2,16.70730209350586
1365889857.819757,1135.9756097560976,42.2,16.436459064483643
1365889858.075386,1798.170731707317,42.2,16.19480323791504
1365889858.333968,772.5609756097562,42.2,15.940344333648682
1365889858.6286469,1634.1463414634145,42.2,15.650631666183472
1365889858.885317,828.0487804878048,42.2,15.395564079284668
1365889859.141143,738.4146341463414,42.2,15.145050764083862
1365889859.420955,1699.3902439024391,42.2,14.866597175598145
1365889859.677939,1742.0731707317075,42.2,14.613334894180298
1365889859.932807,843.9024390243902,41.2,14.359633922576904
1365889860.234406,789.0243902439024,41.2,14.05903959274292
1365889860.4898372,1801.219512195122,42.2,13.80465054512024
1365889860.7479098,1039.0243902439024,41.2,13.547633409500122
1365889861.024848,1770.121951219512,42.2,13.271833181381226
1365889861.280303,909.1463414634146,42.2,13.264051914215088
1365889861.5348392,1232.9268292682927,42.2,13.019361734390259
1365889861.795008,1162.8048780487804,41.2,12.761474370956421
1365889862.072982,895.1219512195122,42.2,12.491098403930664
1365889862.329982,1708.5365853658536,42.2,12.241250038146973
1365889862.5849311,646.3414634146342,41.7,11.987571477890015
1365889862.868226,935.9756097560976,42.2,11.706679582595825
1365889863.124331,1619.5121951219514,41.7,11.456292390823364
1365889863.380658,1676.219512195122,41.7,11.203843832015991
1365889863.651102,1587.1951219512196,41.2,10.935033559799194
1365889863.928658,1029.2682926829268,42.2,10.662195205688477
1365889864.187934,1256.7073170731705,42.2,10.40445351600647
1365889864.460259,1593.2926829268292,41.2,10.17455530166626
1365889864.739008,948.170731707317,41.2,9.900373697280884
1365889864.9945621,957.9268292682926,42.2,9.649410247802734
1365889865.251151,903.048780487805,42.2,9.39470386505127
1365889865.521285,766.4634146341464,41.2,9.127996444702148
1365889865.811074,877.439024390244,42.2,8.839203119277954
1365889866.0661361,1599.390243902439,42.2,8.586535930633545
1365889866.3257,984.1463414634146,42.2,8.328277826309204
1365889866.605477,1828.0487804878048,42.2,8.05077862739563
1365889866.863437,826.2195121951219,41.7,7.842324256896973
1365889867.120519,950.0,41.7,7.586207628250122
1365889867.3954618,1776.2195121951218,42.2,7.3482561111450195
1365889867.658674,1447.560975609756,42.2,7.086227178573608
1365889867.9136121,975.0,42.2,6.8324737548828125
1365889868.1857579,755.4878048780488,41.2,6.561524391174316
1365889868.459836,937.8048780487804,41.2,6.292058944702148
1365889868.71938,1012.1951219512196,42.2,6.039034128189087
1365889869.0193741,735.3658536585366,41.7,5.742500066757202
1365889869.296832,856.0975609756098,42.2,5.470277547836304
1365889869.560422,1725.6097560975609,42.8,5.20789098739624
1365889869.816755,755.4878048780488,42.2,4.954004764556885
1365889870.095694,748.170731707317,41.2,4.933291435241699
1365889870.3732212,792.0731707317074,41.7,4.659121513366699
1365889870.659395,921.3414634146342,42.8,4.376500844955444
1365889870.919053,750.0,42.2,4.169792890548706
1365889871.277187,979.2682926829268,42.2,3.815732717514038
1365889871.553757,909.1463414634146,42.2,3.5401275157928467
1365889871.8091059,1600.6097560975609,42.2,3.2867374420166016
1365889872.086091,1751.219512195122,42.2,3.0107526779174805
1365889872.3464231,957.9268292682926,42.2,2.9879236221313477
1365889872.623276,1645.121951219512,41.7,2.713702917098999
1365889872.903231,1623.1707317073171,42.2,2.4350061416625977
1365889873.174885,1273.780487804878,42.8,2.1645472049713135
1365889873.43054,1387.8048780487804,42.2,2.211679697036743
1365889873.707402,756.0975609756098,41.2,2.090965747833252
1365889873.987089,865.2439024390244,42.2,1.8223769664764404
1365889874.244446,942.0731707317073,42.2,1.8975257873535156
1365889874.5005262,684.1463414634147,41.2,1.844757318496704
1365889874.789321,2034.7560975609756,42.2,1.9989595413208008
1365889875.047183,1804.2682926829268,42.2,2.032121419906616
1365889875.3023858,1362.8048780487804,42.2,2.0495686531066895
1365889875.576166,1804.2682926829268,42.2,1.8860812187194824
1365889875.832442,1946.9512195121952,42.2,1.7523219585418701
1365889876.094075,1178.658536585366,42.2,1.70172119140625
1365889876.3681479,976.219512195122,42.2,2.387699604034424
1365889876.653176,2026.219512195122,42.2,2.115983724594116
1365889876.912866,1786.5853658536585,42.2,1.8596010208129883
1365889877.176686,898.1707317073171,41.2,1.7806541919708252
1365889877.462585,1020.1219512195121,42.2,1.845365285873413
1365889877.742172,1509.7560975609756,42.8,2.1226139068603516
1365889878.023629,751.219512195122,42.2,2.0223822593688965
1365889878.3053179,1660.3658536585367,42.2,1.9499170780181885
1365889878.566473,1291.4634146341464,42.2,1.7589447498321533
1365889878.83949,929.2682926829269,41.7,1.9269235134124756
1365889879.127506,1651.2195121951218,42.2,2.409783124923706
1365889879.387818,909.1463414634146,42.2,2.174489974975586
1365889879.648,817.0731707317073,42.2,1.9186923503875732
1365889879.91347,1591.4634146341464,41.7,1.760056734085083
1365889880.2015512,973.170731707317,42.2,2.2821249961853027
1365889880.461942,1546.3414634146343,42.2,2.028313159942627
1365889880.748353,821.951219512195,41.7,1.8035662174224854
1365889881.051727,996.3414634146342,42.2,1.7266490459442139
1365889881.310509,1631.7073170731705,42.8,1.8496527671813965
1365889881.5952551,748.170731707317,42.2,2.274529457092285
1365889881.9020329,1178.0487804878048,42.2,1.9699819087982178
1365889882.160017,1198.780487804878,42.2,2.023254156112671
1365889882.4206889,1303.658536585366,41.7,1.9721016883850098
1365889882.738525,866.4634146341464,42.2,1.8059141635894775
1365889883.012287,1699.3902439024391,42.2,2.5041635036468506
1365889883.298374,921.9512195121952,42.2,2.220200538635254
1365889883.579923,1619.5121951219514,42.2,1.9436609745025635
1365889883.838773,1466.4634146341464,42.2,2.1544957160949707
1365889884.097152,1609.7560975609756,42.2,2.130470037460327
1365889884.380149,1664.6341463414633,42.8,2.1786036491394043
1365889884.640772,951.8292682926829,42.2,1.9339697360992432
1365889884.900254,1507.3170731707316,42.2,2.067568302154541
1365889885.1800692,1134.1463414634145,42.8,1.7887134552001953
1365889885.4363399,1712.1951219512196,42.2,1.7332398891448975
1365889885.693493,743.2926829268292,42.2,1.827223539352417
1365889885.994495,1744.5121951219514,42.2,1.821514368057251
1365889886.2701209,2025.0,42.8,2.054720401763916
1365889886.545016,1627.439024390244,42.2,2.334562063217163
1365889886.840008,1985.9756097560976,42.2,2.0456607341766357
1365889887.098589,1000.0,42.8,2.3980026245117188
1365889887.394187,737.1951219512194,42.8,2.1061489582061768
1365889887.725904,967.0731707317073,42.2,1.9980294704437256
1365889887.981235,960.3658536585366,42.2,1.883230209350586
1365889888.2380428,752.439024390244,42.8,1.782301664352417
1365889888.522499,1696.341463414634,42.8,1.9221925735473633
1365889888.781973,959.1463414634146,42.2,1.914193868637085
1365889889.0397282,733.5365853658536,42.2,1.8516578674316406
1365889889.325713,1617.6829268292684,42.8,2.5566256046295166
1365889889.586248,780.4878048780488,42.8,2.2983689308166504
1365889889.843217,1023.1707317073171,42.2,2.3279452323913574
1365889890.147899,1669.5121951219512,42.2,2.4335930347442627
1365889890.403295,846.951219512195,42.2,2.1806812286376953
1365889890.6619651,1534.7560975609756,42.2,2.227678060531616
1365889890.9531531,960.3658536585366,42.8,2.3417060375213623
1365889891.2202601,1742.0731707317075,42.2,2.0869317054748535
1365889891.475574,1724.390243902439,42.2,1.9664623737335205
1365889891.7576551,870.1219512195122,42.2,1.9482951164245605
1365889892.014828,1037.8048780487804,42.2,1.7068307399749756
1365889892.2724538,852.4390243902438,42.8,2.719055414199829
1365889892.5718222,926.219512195122,42.2,2.4211666584014893
1365889892.830816,1685.3658536585365,42.2,2.166093349456787
1365889893.104445,817.0731707317073,42.2,2.1807518005371094
1365889893.387604,1392.6829268292681,42.8,2.9298300743103027
1365889893.64796,895.1219512195122,42.2,2.676903486251831
1365889893.910166,1006.0975609756098,42.2,2.453099489212036
1365889894.186995,1793.2926829268292,42.2,2.180614709854126
1365889894.445152,1618.2926829268295,42.2,1.924164056777954
1365889894.701565,1154.8780487804877,42.2,1.9384956359863281
1365889895.0089128,973.780487804878,42.8,4.512840986251831
1365889895.272994,814.0243902439024,42.8,4.26228141784668
1365889895.557694,942.0731707317073,42.2,3.9903016090393066
1365889895.868605,1674.390243902439,42.8,3.6924824714660645
1365889896.170432,842.0731707317073,42.8,7.094904661178589
1365889896.433546,1206.0975609756097,42.2,6.834242582321167
1365889896.753082,810.9756097560976,42.2,6.517569303512573
1365889897.0317519,1803.0487804878048,42.2,6.24574613571167
1365889897.294868,879.2682926829268,42.2,5.986564636230469
1365889897.578938,915.8536585365854,42.8,5.706628799438477
1365889897.8369439,1065.2439024390244,42.8,5.450737953186035
1365889898.099297,688.4146341463414,42.2,5.202876091003418
1365889898.3949828,1756.0975609756097,42.8,4.9165966510772705
1365889898.65462,954.8780487804878,42.8,4.660869359970093
1365889898.9167,1532.3170731707316,42.2,4.40202784538269
1365889899.216216,1031.0975609756097,42.8,4.105116128921509
1365889899.476463,1840.2439024390244,42.8,3.848271369934082
1365889899.7533529,704.2682926829268,42.2,3.6859230995178223
1365889900.044279,1711.5853658536587,42.8,3.3972182273864746
1365889900.300216,1084.1463414634147,42.8,3.14241623878479
1365889900.558625,749.390243902439,42.2,2.8870255947113037
1365889900.8529239,934.1463414634147,42.2,2.595034122467041
1365889901.112143,1686.5853658536585,42.8,2.3368444442749023
1365889901.3705862,755.4878048780488,42.2,2.084916830062866
1365889901.663088,1206.7073170731708,42.8,1.7989366054534912
1365889901.919826,940.2439024390243,42.8,2.513523817062378
1365889902.1793358,1112.8048780487804,42.8,2.3024771213531494
1365889902.454955,895.1219512195122,42.2,2.029885768890381
1365889902.739649,1792.0731707317073,42.2,1.9742310047149658
1365889903.001608,1608.5365853658539,42.2,1.995845079421997
1365889903.291187,946.951219512195,42.8,1.7095389366149902
1365889903.552063,1738.4146341463415,42.8,1.7260236740112305
1365889903.810841,739.0243902439024,42.8,1.7620720863342285
1365889904.1204429,1809.1463414634145,42.8,1.814762830734253
1365889904.380254,887.1951219512196,42.8,1.8833379745483398
1365889904.653474,1593.2926829268292,42.2,2.04286527633667
1365889904.963989,878.0487804878048,42.8,1.8631501197814941
1365889905.230259,1917.0731707317073,42.2,2.3366384506225586
1365889905.4878132,728.0487804878048,42.8,2.0823967456817627
1365889905.763264,990.8536585365854,42.2,1.81134033203125
1365889906.042028,1101.219512195122,42.8,1.759042501449585
1365889906.303272,1323.780487804878,42.2,1.679452896118164
1365889906.596737,1632.3170731707316,43.3,1.6895334720611572
1365889906.862655,1746.341463414634,43.3,1.7462100982666016
1365889907.133912,1620.7317073170732,42.2,1.7416036128997803
1365889907.42094,1650.609756097561,42.2,1.6958611011505127
1365889907.6861389,1786.5853658536585,42.8,1.707463264465332
1365889907.948342,1225.0,42.2,1.8437011241912842
1365889908.267031,984.7560975609756,42.8,1.821096420288086
1365889908.594639,1007.3170731707318,42.8,2.008572816848755
1365889908.9604979,1774.3902439024391,42.8,1.9328796863555908
1365889909.217275,1669.5121951219512,43.3,1.796987771987915
1365889909.5065799,890.2439024390244,42.2,1.8487956523895264
1365889909.832163,964.0243902439024,42.8,1.6554679870605469
1365889910.0890088,1633.5365853658536,43.3,1.7463195323944092
1365889910.344573,720.1219512195122,42.8,1.6809163093566895
1365889910.6275818,1004.8780487804878,42.8,1.6624679565429688
1365889910.885521,1617.6829268292684,43.3,1.755476713180542
1365889911.167727,749.390243902439,42.8,1.6826200485229492
1365889911.4459252,785.9756097560976,42.8,1.6670048236846924
1365889911.710349,953.0487804878048,43.3,1.8307032585144043
1365889911.966602,749.390243902439,42.2,1.811051368713379
1365889912.27512,964.0243902439024,42.8,1.756695032119751
1365889912.578822,993.9024390243902,43.3,1.7238986492156982
1365889912.8814552,982.9268292682926,42.8,1.6644487380981445
1365889913.148213,890.8536585365854,43.3,1.661581039428711
1365889913.410975,1062.1951219512196,43.3,1.7852370738983154
1365889913.725517,1104.878048780488,42.8,1.709151268005371
1365889913.988087,1576.219512195122,43.3,1.916759967803955
1365889914.254115,1344.5121951219512,42.8,1.6815671920776367
1365889914.5369658,909.1463414634146,42.8,1.680720567703247
1365889914.7950232,814.0243902439024,42.8,1.7781848907470703
1365889915.0590131,964.0243902439024,42.8,1.6684916019439697
1365889915.321981,843.9024390243902,42.8,1.749072551727295
1365889915.5821068,921.9512195121952,42.8,1.6917164325714111
1365889915.844141,866.4634146341464,42.8,1.6677987575531006
1365889916.114107,656.0975609756098,42.8,1.6923370361328125
1365889916.404331,926.829268292683,42.8,1.758497714996338
1365889916.661674,1101.8292682926829,42.8,1.7192013263702393
1365889916.9382908,744.5121951219512,42.8,1.7943649291992188
1365889917.220567,976.219512195122,42.8,1.6612365245819092
1365889917.484528,871.9512195121952,42.8,1.676581621170044
1365889917.7557461,753.0487804878048,42.8,1.7038984298706055
1365889918.043616,1641.4634146341461,42.2,1.6749398708343506
1365889918.304127,901.219512195122,42.8,1.7552614212036133
1365889918.601069,852.4390243902438,42.8,1.7696235179901123
1365889918.895169,848.170731707317,42.8,1.9048349857330322
1365889919.192867,1101.8292682926829,42.8,1.7153644561767578
1365889919.449334,743.2926829268292,42.2,1.6889088153839111
1365889919.734061,862.1951219512194,42.2,1.913444995880127
1365889920.0153542,1718.2926829268292,43.3,1.6620097160339355
1365889920.276341,993.9024390243902,42.8,1.714021921157837
1365889920.5559502,948.170731707317,42.2,1.6743195056915283
1365889920.8132322,1139.0243902439024,42.8,1.701819658279419
1365889921.0813498,1345.7317073170732,42.8,1.666104793548584
1365889921.348566,760.9756097560976,42.2,1.7641489505767822
1365889921.653044,904.2682926829268,42.8,1.726555347442627
1365889921.932949,949.390243902439,42.8,1.6625134944915771
1365889922.197006,744.5121951219512,42.2,1.681908130645752
1365889922.472136,1907.3170731707316,42.8,1.706801176071167
1365889922.7368908,1259.7560975609756,43.3,1.7409813404083252
1365889923.0262542,1582.3170731707316,43.3,1.6979560852050781
1365889923.299327,987.1951219512194,42.8,1.7566475868225098
1365889923.557317,1043.9024390243903,42.2,1.6631579399108887
1365889923.8160572,1015.8536585365854,42.2,1.8218610286712646
1365889924.108333,896.9512195121952,42.8,1.6617441177368164
1365889924.3657348,1056.09756097561,43.3,1.7991843223571777
1365889924.6501088,731.0975609756098,42.2,1.6798021793365479
1365889924.929524,700.6097560975609,42.8,1.7523419857025146
1365889925.2128341,957.9268292682926,42.8,1.7040433883666992
1365889925.478858,987.1951219512194,42.8,1.6591508388519287
1365889925.736036,749.390243902439,42.2,1.6904857158660889
1365889926.0316842,1467.6829268292684,43.3,1.7723197937011719
1365889926.309055,901.219512195122,43.3,1.7855758666992188
1365889926.586945,748.170731707317,42.2,1.7971243858337402
1365889926.890516,860.9756097560976,42.8,1.684488296508789
1365889927.155901,946.951219512195,42.2,1.873234510421753
1365889927.421054,754.2682926829268,42.2,1.7680151462554932
1365889927.74574,801.219512195122,42.8,1.6713407039642334
1365889928.004731,929.2682926829269,43.3,1.6632306575775146
1365889928.2619898,1373.780487804878,42.2,1.8036606311798096
1365889928.567573,968.2926829268292,42.8,1.80843186378479
1365889928.844152,881.0975609756098,43.3,1.661524772644043
1365889929.108293,1415.8536585365853,42.8,1.6856110095977783
1365889929.391776,1195.121951219512,42.8,1.6880791187286377
1365889929.660907,1365.8536585365855,43.3,1.7649271488189697
1365889929.938665,698.170731707317,42.8,1.8839056491851807
1365889930.247027,837.1951219512194,42.8,1.9103052616119385
1365889930.525176,1314.6341463414635,43.3,1.7523975372314453
1365889930.790453,747.560975609756,42.2,1.7617018222808838
1365889931.113374,859.1463414634146,43.3,1.7539446353912354
1365889931.4147809,799.3902439024391,42.8,1.7721312046051025
1365889931.670589,937.8048780487804,42.8,1.976360559463501
1365889931.964072,896.9512195121952,43.3,1.8040764331817627
1365889932.222244,892.0731707317074,42.8,1.6625561714172363
1365889932.4851751,892.0731707317074,43.3,1.735412359237671
1365889932.7562711,1626.219512195122,42.2,1.6969561576843262
1365889933.0468538,956.0975609756097,42.8,1.8076121807098389
1365889933.321502,1007.9268292682925,42.8,2.0202536582946777
1365889933.582447,720.1219512195122,42.8,1.7681872844696045
1365889933.870975,992.0731707317074,42.8,1.6564445495605469
1365889934.129694,953.0487804878048,42.8,1.6761729717254639
1365889934.3882098,763.4146341463414,42.2,2.0145492553710938
1365889934.668084,843.9024390243902,42.8,1.7392640113830566
1365889934.9310532,835.9756097560976,42.8,2.0196352005004883
1365889935.190197,740.2439024390244,43.3,1.775503396987915
1365889935.5071201,1793.2926829268292,42.8,1.7186436653137207
1365889935.782457,893.9024390243902,42.8,1.6617701053619385
1365889936.0463831,1257.9268292682925,42.8,1.8054211139678955
1365889936.351875,870.1219512195122,42.8,1.685638666152954
1365889936.635293,864.0243902439024,42.8,1.6970598697662354
1365889936.890684,854.2682926829268,42.8,1.7442262172698975
1365889937.189312,931.0975609756098,42.8,1.6589405536651611
1365889937.4474308,967.0731707317073,43.3,1.7330021858215332
1365889937.7187378,745.1219512195122,42.2,1.7370460033416748
1365889938.0278468,804.2682926829269,42.8,1.6649844646453857
1365889938.288704,854.8780487804878,43.3,1.7258822917938232
1365889938.5479512,1594.5121951219512,42.2,1.9358611106872559
1365889938.823339,965.2439024390244,43.3,1.7242681980133057
1365889939.1074371,960.3658536585366,43.3,1.8729500770568848
1365889939.368444,654.2682926829268,42.8,3.5276575088500977
1365889939.642262,979.2682926829268,43.3,3.257352113723755
1365889939.9323678,925.0,43.3,2.968226671218872
1365889940.216164,751.219512195122,42.8,2.6919145584106445
1365889940.5115929,1658.5365853658536,43.3,2.402212142944336
1365889940.7697668,1312.8048780487804,43.3,2.1549317836761475
1365889941.025113,719.5121951219512,42.8,1.9038033485412598
1365889941.304471,796.3414634146342,42.8,1.7184131145477295
1365889941.559299,1574.3902439024391,42.8,1.7017748355865479
1365889941.825669,1761.5853658536585,43.3,2.183913230895996
1365889942.098397,805.4878048780488,42.8,1.9145278930664062
1365889942.38348,1497.560975609756,43.3,2.1610403060913086
1365889942.64433,902.439024390244,43.3,1.902217149734497
1365889942.9044878,1597.5609756097563,42.8,1.7760376930236816
1365889943.192689,863.4146341463414,43.3,1.726487159729004
1365889943.457301,832.9268292682926,43.3,1.6897246837615967
1365889943.730595,857.3170731707316,42.8,1.7745308876037598
1365889944.030375,1004.8780487804878,42.8,1.6631226539611816
1365889944.291042,953.0487804878048,43.3,1.6621110439300537
1365889944.554209,752.439024390244,43.3,1.6984460353851318
1365889944.843696,1123.1707317073171,42.8,1.664691686630249
1365889945.104752,882.9268292682926,43.3,1.7470993995666504
1365889945.384722,758.5365853658536,42.8,1.8400142192840576
1365889945.7196732,1785.3658536585367,43.3,1.7268147468566895
1365889945.9780538,1679.2682926829268,42.8,1.7376813888549805
1365889946.238213,755.4878048780488,42.2,1.8330214023590088
1365889946.5529752,1407.9268292682927,43.3,1.6983437538146973
1365889946.809355,915.2439024390244,43.3,1.689485788345337
1365889947.074626,741.4634146341464,43.3,1.6842763423919678
1365889947.349725,1596.3414634146343,43.3,1.80012845993042
1365889947.613821,843.2926829268292,42.8,1.6593599319458008
1365889947.878538,945.1219512195122,42.8,1.862837791442871
1365889948.1785998,951.2195121951219,42.8,1.7043190002441406
1365889948.452304,957.3170731707316,43.3,1.6744470596313477
1365889948.70847,1473.7804878048782,43.3,1.8340706825256348
1365889949.026456,998.780487804878,43.3,1.6589562892913818
1365889949.286935,1045.7317073170732,43.3,1.7169256210327148
1365889949.550752,744.5121951219512,42.8,1.750678300857544
1365889949.865161,957.3170731707316,42.2,1.7638437747955322
1365889950.1661491,967.0731707317073,43.3,1.6863512992858887
1365889950.427412,743.2926829268292,42.8,1.695246934890747
1365889950.719258,824.390243902439,42.8,1.7070395946502686
1365889950.998037,1650.609756097561,43.3,1.7798972129821777
1365889951.2710872,664.6341463414634,42.2,1.874159574508667
1365889951.6343,1128.658536585366,43.3,1.7848386764526367
1365889951.898392,996.9512195121952,43.3,1.7132017612457275
1365889952.165354,831.0975609756097,43.3,1.8964869976043701
1365889952.4490108,1023.1707317073171,43.3,1.6985135078430176
1365889952.719925,1065.2439024390244,42.8,1.7714622020721436
1365889953.038087,1220.7317073170732,42.2,1.7453646659851074
1365889953.349036,868.2926829268292,43.3,1.8000543117523193
1365889953.677203,896.9512195121952,43.3,1.6753172874450684
1365889953.9423091,741.4634146341464,42.8,1.7350597381591797
1365889954.234814,973.170731707317,43.3,1.7895400524139404
1365889954.549716,1223.7804878048782,43.3,1.6872289180755615
1365889954.833895,1015.2439024390243,42.8,1.7298190593719482
1365889955.11813,979.8780487804878,43.3,1.8858842849731445
1365889955.4352052,735.3658536585366,43.3,1.7792975902557373
1365889955.719826,1060.9756097560976,43.3,1.9019737243652344
1365889956.0565062,882.9268292682926,43.3,1.7287898063659668
1365889956.330795,877.439024390244,42.8,1.8304824829101562
1365889956.6959438,1965.2439024390244,43.3,1.6709585189819336
1365889956.959357,699.390243902439,43.3,1.8358829021453857
1365889957.2368572,764.0243902439024,42.8,1.8022129535675049
1365889957.584446,1015.8536585365854,43.3,1.850205898284912
1365889957.9200902,1841.4634146341464,43.3,1.7747721672058105
1365889958.204243,1779.2682926829268,43.3,1.780973196029663
1365889958.503187,1079.8780487804877,43.3,1.9438388347625732
1365889958.815077,904.2682926829268,43.3,1.6947834491729736
1365889959.070803,935.9756097560976,44.4,1.9159972667694092
1365889959.335089,1567.6829268292684,42.8,1.960876226425171
1365889959.607504,729.2682926829268,42.8,1.732111930847168
1365889959.899047,973.780487804878,43.3,2.1366357803344727
1365889960.1812742,1001.219512195122,43.3,1.9663772583007812
1365889960.478799,678.048780487805,43.3,1.7327113151550293
1365889960.7663639,1023.7804878048779,43.3,1.7352147102355957
1365889961.034583,1031.7073170731708,42.8,1.6694276332855225
1365889961.299264,738.4146341463414,43.9,1.796513319015503
1365889961.594608,846.3414634146342,43.3,1.6799893379211426
1365889961.870593,1835.9756097560976,43.3,1.778761863708496
1365889962.136489,779.2682926829268,43.3,1.9846832752227783
1365889962.550695,1018.2926829268292,43.3,1.84340238571167
1365889962.854051,1034.1463414634147,43.3,3.3762948513031006
1365889963.130909,976.219512195122,43.3,3.10455060005188
1365889963.389899,984.1463414634146,44.4,2.867400646209717
1365889963.657023,892.0731707317074,43.3,2.6154072284698486
1365889963.9979048,996.3414634146342,43.3,2.2774505615234375
1365889964.257905,1350.0,43.3,2.0285143852233887
1365889964.518898,1401.8292682926829,43.3,1.8323864936828613
1365889964.827219,964.0243902439024,43.3,1.7833168506622314
1365889965.122945,990.2439024390244,43.3,1.8937671184539795
1365889965.451815,1428.658536585366,43.9,1.7153172492980957
1365889965.723058,859.1463414634146,43.3,1.849799633026123
1365889966.006918,1476.8292682926829,43.3,1.7668943405151367
1365889966.319974,854.8780487804878,43.3,1.7801473140716553
1365889966.594517,832.3170731707316,43.3,1.6617817878723145
1365889966.8533812,752.439024390244,43.3,1.8111827373504639
1365889967.204869,887.1951219512196,43.9,1.7229137420654297
1365889967.4806452,845.1219512195122,43.3,1.6804962158203125
1365889967.755028,849.390243902439,43.3,1.681837797164917
1365889968.012684,1007.3170731707318,44.4,1.6797947883605957
1365889968.290116,928.048780487805,43.9,1.7224311828613281
1365889968.569705,744.5121951219512,43.3,1.7224555015563965
1365889968.874312,956.0975609756097,43.3,1.6825482845306396
1365889969.140804,823.170731707317,43.3,1.672344446182251
1365889969.397697,755.4878048780488,43.3,1.682328224182129
1365889969.68191,788.4146341463415,43.3,1.6600492000579834
1365889969.942702,900.0,43.9,1.6646537780761719
1365889970.208412,1593.2926829268292,43.3,1.684410810470581
1365889970.495229,1686.5853658536585,43.3,1.7610790729522705
1365889970.752299,970.1219512195122,43.3,1.7323853969573975
1365889971.052431,738.4146341463414,42.8,1.7856559753417969
1365889971.3589299,964.0243902439024,43.3,1.6694953441619873
1365889971.6289668,865.2439024390244,43.3,1.6593017578125
1365889971.896089,1714.6341463414633,43.9,1.8124189376831055
1365889972.207157,971.951219512195,43.9,1.7167537212371826
1365889972.4837508,910.9756097560976,43.3,1.8059542179107666
1365889972.759318,748.170731707317,43.3,1.6756627559661865
1365889973.033578,946.951219512195,43.3,1.7309014797210693
1365889973.293281,970.1219512195122,43.3,1.9280216693878174
1365889973.586316,754.2682926829268,43.3,1.8120896816253662
1365889973.87903,1192.6829268292684,43.3,1.8119421005249023
1365889974.17837,976.219512195122,43.9,1.7467968463897705
1365889974.448145,814.0243902439024,43.3,1.7653627395629883
1365889974.735785,1268.90243902439,43.9,1.8298759460449219
1365889974.996663,932.3170731707318,43.3,1.7526540756225586
1365889975.252092,793.2926829268293,43.3,1.778315544128418
1365889975.551863,910.3658536585366,43.9,1.7006959915161133
1365889975.822206,1760.3658536585365,43.3,1.7755160331726074
1365889976.078159,759.1463414634146,43.3,1.7087831497192383
1365889976.363699,1207.9268292682927,43.9,1.6747193336486816
1365889976.6248891,960.9756097560976,43.3,1.895409345626831
1365889976.896956,1616.4634146341464,43.3,1.778074026107788
1365889977.1761541,787.1951219512196,43.3,1.6631510257720947
1365889977.4319339,1758.5365853658536,42.8,1.8053526878356934
1365889977.692223,1581.7073170731708,43.9,2.1976258754730225
1365889977.984286,780.4878048780488,43.3,1.9133265018463135
1365889978.2829928,1276.8292682926829,44.4,1.8154184818267822
1365889978.578943,746.3414634146342,43.3,2.0420618057250977
1365889978.863463,1634.1463414634145,43.3,2.079176187515259
1365889979.121294,1677.439024390244,43.3,1.9314424991607666
1365889979.379298,1514.6341463414635,43.3,1.8108549118041992
1365889979.654879,921.9512195121952,43.3,1.685351848602295
1365889979.914227,951.8292682926829,43.3,1.7321484088897705
1365889980.1759229,805.4878048780488,43.3,1.671816349029541
1365889980.439368,1126.8292682926829,43.3,1.9522428512573242
1365889980.747602,998.170731707317,43.3,1.7167835235595703
1365889981.006885,783.5365853658537,43.3,1.8044252395629883
1365889981.3151429,809.1463414634147,43.3,1.7063968181610107
1365889981.592223,1078.0487804878048,43.9,1.961564064025879
1365889981.864803,1510.3658536585365,43.3,1.738358736038208
1365889982.156806,878.0487804878048,43.3,1.9108266830444336
1365889982.423442,1498.780487804878,43.3,1.6730303764343262
1365889982.684757,695.1219512195122,43.3,1.9617152214050293
1365889982.9902132,968.2926829268292,43.9,2.3408753871917725
1365889983.278079,956.0975609756097,43.3,2.0596680641174316
1365889983.54543,744.5121951219512,43.3,1.7963197231292725
1365889983.8403358,926.829268292683,43.3,1.712646722793579
1365889984.101921,940.2439024390243,43.3,2.152148962020874
1365889984.3616261,950.0,43.3,1.9003655910491943
1365889984.6632378,910.9756097560976,43.3,1.7080235481262207
1365889984.923251,946.3414634146341,43.9,1.6630072593688965
1365889985.183189,805.4878048780488,43.3,2.016702175140381
1365889985.480226,957.9268292682926,43.9,1.807875156402588
1365889985.7645152,984.7560975609756,43.3,1.777073860168457
1365889986.0527968,749.390243902439,43.3,1.8680543899536133
1365889986.358898,830.4878048780488,43.3,1.6557860374450684
1365889986.6164942,800.0,43.9,1.9557774066925049
1365889986.8735628,750.0,43.3,1.7023212909698486
1365889987.153387,865.2439024390244,43.3,1.6619880199432373
1365889987.417554,962.8048780487804,43.3,1.8829684257507324
1365889987.690523,1310.9756097560976,43.3,1.7056348323822021
1365889987.959797,907.3170731707318,43.9,2.0190892219543457
1365889988.229293,838.4146341463414,43.3,1.7638978958129883
1365889988.5021288,796.9512195121952,43.9,1.7226996421813965
1365889988.790922,755.4878048780488,43.3,1.6877825260162354
1365889989.0632262,895.1219512195122,43.9,1.658921480178833
1365889989.3237572,754.2682926829268,43.3,1.7605018615722656
1365889989.618122,902.439024390244,43.3,1.663564920425415
1365889989.878494,1795.1219512195123,43.3,1.909334659576416
1365889990.158966,767.0731707317074,43.3,2.155928373336792
1365889990.484163,965.8536585365854,43.3,1.8366925716400146
1365889990.7626638,1134.7560975609756,43.3,1.7159743309020996
1365889991.021322,787.1951219512196,43.3,1.9217901229858398
1365889991.30179,984.1463414634146,43.3,2.0997421741485596
1365889991.557735,860.3658536585366,43.3,1.8508896827697754
1365889991.8327491,1396.9512195121952,43.3,1.8034899234771729
1365889992.108684,993.9024390243902,43.3,1.9077491760253906
1365889992.372482,993.2926829268292,44.4,1.6658377647399902
1365889992.63872,744.5121951219512,43.3,1.8178386688232422
1365889992.930423,1121.9512195121952,43.3,2.133815050125122
1365889993.212436,995.1219512195122,44.4,1.8562662601470947
1365889993.487917,739.0243902439024,43.3,1.947326898574829
1365889993.79643,924.3902439024391,43.3,1.6862995624542236
1365889994.064702,1160.9756097560976,43.3,3.90590500831604
1365889994.3321018,953.0487804878048,43.3,3.6470510959625244
1365889994.6437702,1164.6341463414633,43.3,3.346797227859497
1365889994.92518,1637.1951219512196,44.4,3.073854446411133
1365889995.186107,1584.7560975609756,43.3,2.822244882583618
1365889995.498245,1631.7073170731705,43.3,2.5203635692596436
1365889995.756576,1617.6829268292684,43.3,2.267547607421875
1365889996.013057,690.2439024390243,43.3,2.0210461616516113
1365889996.2837381,896.3414634146342,43.3,1.7861616611480713
1365889996.558551,885.9756097560976,44.4,1.8214232921600342
1365889996.877305,1289.6341463414633,43.3,2.112061023712158
1365889997.241686,1059.1463414634145,43.3,1.7504959106445312
1365889997.518322,962.1951219512194,43.3,1.9013230800628662
1365889997.775163,772.5609756097562,43.3,2.042842388153076
1365889998.084137,1201.829268292683,43.3,1.7850797176361084
1365889998.368145,913.4146341463415,43.3,2.068479061126709
1365889998.651359,1601.219512195122,43.3,1.926398754119873
1365889998.9833229,799.3902439024391,42.8,4.339102506637573
1365889999.240951,1195.7317073170732,43.3,4.094417572021484
1365889999.523197,775.0,43.3,3.822457790374756
1365889999.821852,957.9268292682926,43.3,3.5281741619110107
1365890000.0924852,921.3414634146342,43.9,3.2710607051849365
1365890000.3945029,731.0975609756098,43.3,2.972637891769409
1365890000.703022,791.4634146341464,43.3,2.668570041656494
1365890000.959645,813.4146341463414,43.3,2.4165539741516113
1365890001.215211,663.4146341463415,43.3,2.1714577674865723
1365890001.511884,940.2439024390243,43.3,1.9939918518066406
1365890001.806777,889.0243902439024,43.3,1.704136848449707
1365890002.063097,754.2682926829268,43.3,2.0104422569274902
1365890002.36247,839.0243902439024,44.4,1.714310884475708
1365890002.6217742,1656.7073170731708,43.3,2.4849584102630615
1365890002.886802,1608.5365853658539,43.3,2.235069990158081
1365890003.157226,1805.4878048780488,43.9,1.9692113399505615
1365890003.4322078,1651.2195121951218,43.9,2.288869619369507
1365890003.7044291,1848.1707317073171,43.3,2.044602870941162
1365890004.004357,1473.7804878048782,44.4,1.7614452838897705
1365890004.3317811,1756.0975609756097,44.4,2.2054479122161865
1365890004.616919,1484.7560975609756,43.3,1.924757480621338
1365890004.892122,945.1219512195122,43.9,1.6766197681427002
1365890005.181798,1796.3414634146343,43.9,2.1903717517852783
1365890005.504152,1670.1219512195123,43.9,1.8797318935394287
1365890005.759271,1745.121951219512,44.4,1.8984427452087402
1365890006.022975,1567.6829268292684,43.3,1.6976022720336914
1365890006.294789,1760.3658536585365,44.4,1.8441636562347412
1365890006.552038,785.3658536585366,44.4,1.6683247089385986
1365890006.818204,1583.5365853658536,43.3,1.770273208618164
1365890007.117532,1676.219512195122,43.9,1.6915686130523682
1365890007.374305,1664.6341463414633,43.9,1.90134596824646
1365890007.633821,742.0731707317074,43.3,1.7090833187103271
1365890007.941931,779.2682926829268,43.9,1.7093958854675293
1365890008.227988,1054.878048780488,43.9,1.691478967666626
1365890008.5090828,648.1707317073171,43.3,1.754368782043457
1365890008.817457,998.780487804878,43.3,1.7574033737182617
1365890009.093197,890.2439024390244,43.3,1.6642780303955078
1365890009.356336,738.4146341463414,43.3,1.686913013458252
1365890009.646844,1254.878048780488,44.4,1.7134335041046143
1365890009.938984,890.2439024390244,43.3,1.6888163089752197
1365890010.218459,752.439024390244,43.3,2.0025129318237305
1365890010.504562,816.4634146341463,43.9,1.7768499851226807
1365890010.797465,812.1951219512194,44.4,1.658644676208496
1365890011.0572438,1007.3170731707318,43.9,1.7732491493225098
1365890011.361619,1242.0731707317075,43.3,1.6804225444793701
1365890011.641289,868.9024390243902,44.4,1.6852450370788574
1365890011.916964,746.3414634146342,43.3,1.7023420333862305
1365890012.205655,1507.3170731707316,43.9,1.6594078540802002
1365890012.466534,790.2439024390244,43.9,1.665421485900879
1365890012.734645,747.560975609756,43.3,1.7055916786193848
1365890013.0194309,1215.8536585365853,44.4,1.6915934085845947
1365890013.2863932,975.0,44.4,1.7746233940124512
1365890013.583937,750.0,43.3,1.8017024993896484
1365890013.902425,1070.7317073170732,43.9,1.6650795936584473
1365890014.163276,939.0243902439024,44.4,1.8895509243011475
1365890014.430741,739.0243902439024,43.9,1.7442526817321777
1365890014.727587,959.1463414634146,43.3,1.7147653102874756
1365890015.009129,925.0,43.9,1.8710637092590332
1365890015.294144,1010.9756097560976,43.3,1.8237545490264893
1365890015.620943,1791.4634146341464,43.3,1.6735401153564453
1365890015.880121,816.4634146341463,43.3,1.7531886100769043
1365890016.1414552,768.2926829268292,43.3,1.7405834197998047
1365890016.446976,851.219512195122,44.4,1.6604688167572021
1365890016.7056751,782.3170731707318,44.4,1.6649632453918457
1365890016.9713101,755.4878048780488,43.3,1.72916841506958
1365890017.275527,1680.4878048780488,43.9,1.6654696464538574
1365890017.544075,807.3170731707318,43.3,1.661039113998413
1365890017.804924,741.4634146341464,43.9,1.7614693641662598
1365890018.139822,1031.7073170731708,43.9,1.7219891548156738
1365890018.4272482,1609.7560975609756,44.4,1.7265307903289795
1365890018.6950002,767.0731707317074,43.3,1.843026876449585
1365890018.9771562,987.8048780487804,43.3,1.756654977798462
1365890019.2755241,807.3170731707318,43.9,1.7155160903930664
1365890019.55682,747.560975609756,43.3,1.7003262042999268
1365890019.841695,965.8536585365854,44.4,1.688978910446167
1365890020.129416,921.3414634146342,43.3,1.6581199169158936
1365890020.388832,1566.4634146341464,43.9,1.732896327972412
1365890020.680256,1484.7560975609756,43.3,1.8307178020477295
1365890020.940465,1646.341463414634,43.9,1.6863000392913818
1365890021.201563,652.439024390244,43.3,2.207221269607544
1365890021.5363572,1703.6585365853657,43.3,1.9251291751861572
1365890021.796559,1460.3658536585367,43.9,1.6682898998260498
1365890022.0534499,733.5365853658536,43.3,1.788081169128418
1365890022.337861,1622.560975609756,44.4,2.117826223373413
1365890022.597328,884.1463414634146,43.9,1.8667783737182617
1365890022.8535511,1424.390243902439,43.3,1.720829963684082
1365890023.13287,879.8780487804878,43.9,1.8242156505584717
1365890023.398108,809.1463414634147,43.3,1.956958532333374
1365890023.6558342,730.4878048780488,43.3,1.825186014175415
1365890023.935164,893.2926829268292,44.4,1.842885971069336
1365890024.2030542,903.048780487805,44.4,1.9242703914642334
1365890024.4665952,756.0975609756098,43.3,1.7159759998321533
1365890024.763459,794.5121951219512,43.3,1.9165949821472168
1365890025.0314581,904.2682926829268,43.3,1.7081952095031738
1365890025.289105,750.0,43.3,1.678567886352539
1365890025.566263,1001.219512195122,43.3,2.0607168674468994
1365890025.846907,1848.1707317073171,43.9,1.785740613937378
1365890026.1036532,760.3658536585366,43.3,5.490841865539551
1365890026.385282,810.9756097560976,43.9,5.215554475784302
1365890026.642604,1638.4146341463415,44.4,4.963261365890503
1365890026.921779,1362.8048780487804,43.9,4.69002366065979
1365890027.196397,829.2682926829268,43.9,4.42243504524231
1365890027.46813,885.3658536585366,44.4,4.154538631439209
1365890027.7352269,1605.4878048780488,44.4,3.8939080238342285
1365890028.013186,817.0731707317073,43.9,3.6203505992889404
1365890028.268647,777.439024390244,44.4,3.371612071990967
1365890028.549015,1537.8048780487804,43.3,3.29591703414917
1365890028.8248372,827.4390243902438,43.3,3.0245656967163086
1365890029.0871968,1781.0975609756097,43.9,2.7691526412963867
1365890029.350336,759.1463414634146,43.3,2.513977527618408
1365890029.650178,794.5121951219512,43.9,2.2481679916381836
1365890029.945336,774.390243902439,44.4,1.9563426971435547
1365890030.216407,1348.7804878048782,43.9,1.7748332023620605
1365890030.481827,798.1707317073171,44.4,1.7087066173553467
1365890030.761771,1060.9756097560976,43.9,1.9635388851165771
1365890031.0350258,1196.9512195121952,43.3,1.8004121780395508
1365890031.314253,1780.4878048780488,43.9,1.8588769435882568
1365890031.5795698,1311.5853658536585,44.4,2.2358322143554688
1365890031.8385248,751.219512195122,43.9,1.98177170753479
1365890032.132159,1800.0,43.3,1.840707540512085
1365890032.405609,996.3414634146342,44.4,2.2227041721343994
1365890032.709461,701.2195121951219,43.3,1.9266629219055176
1365890032.989971,1648.1707317073171,44.4,1.660759687423706
1365890033.253095,892.0731707317074,44.4,2.3044257164001465
1365890033.5337138,1559.7560975609756,43.3,2.025038957595825
1365890033.8195891,1308.5365853658536,43.9,1.7461395263671875
1365890034.0883899,782.3170731707318,43.3,1.9999003410339355
1365890034.361289,842.0731707317073,42.8,1.8681190013885498
1365890034.652302,1380.4878048780486,43.9,2.43538236618042
1365890034.910773,868.2926829268292,43.9,2.183333158493042
1365890035.167223,814.0243902439024,43.9,1.9366614818572998
1365890035.477839,932.9268292682927,43.9,1.779529333114624
1365890035.736297,1613.4146341463415,44.4,2.599412202835083
1365890035.994879,1714.6341463414633,44.4,2.344285488128662
1365890036.267931,1377.439024390244,43.9,2.0749316215515137
1365890036.573837,971.3414634146342,43.3,1.9658012390136719
1365890036.8390741,885.9756097560976,44.4,1.739851474761963
1365890037.094943,728.0487804878048,43.3,2.5313937664031982
1365890037.3712451,932.9268292682927,44.4,2.262803792953491
1365890037.644309,807.3170731707318,44.4,1.9910118579864502
1365890037.919032,753.0487804878048,43.3,1.7538185119628906
1365890038.199309,1524.3902439024391,44.4,2.625126838684082
1365890038.470606,846.3414634146342,43.3,2.3602161407470703
1365890038.733351,1622.560975609756,43.3,2.100025177001953
1365890039.011671,1369.5121951219514,43.9,1.834214687347412
1365890039.2966049,965.2439024390244,44.4,2.9284186363220215
1365890039.608374,753.0487804878048,43.3,2.618553400039673
1365890039.8900638,804.2682926829269,43.3,2.340668201446533
1365890040.156866,1797.560975609756,44.4,2.0860683917999268
1365890040.4332218,1511.5853658536585,43.3,1.817194938659668
1365890040.707978,824.390243902439,43.3,1.6623187065124512
1365890040.972781,1634.1463414634145,44.4,1.6605453491210938
1365890041.23672,1621.341463414634,43.3,2.301802635192871
1365890041.532746,976.219512195122,43.9,2.0151803493499756
1365890041.810095,993.2926829268292,44.4,1.7470650672912598
1365890042.075886,740.2439024390244,43.3,2.469857931137085
1365890042.3634539,739.0243902439024,43.9,2.1854608058929443
1365890042.6389802,951.2195121951219,43.3,1.9176223278045654
1365890042.916707,1312.8048780487804,43.3,1.8579740524291992
1365890043.199282,736.5853658536586,43.3,1.886040449142456
1365890043.51547,1015.8536585365854,43.9,2.5317859649658203
1365890043.830413,814.0243902439024,43.3,2.2370331287384033
1365890044.0948029,1308.5365853658536,44.4,1.983654260635376
1365890044.3703659,777.439024390244,43.3,1.7149639129638672
1365890044.629071,889.0243902439024,43.9,3.2011475563049316
1365890044.897781,748.170731707317,44.4,2.938776969909668
1365890045.175343,1645.121951219512,43.3,2.6823372840881348
1365890045.439769,1812.1951219512196,44.4,2.4292702674865723
1365890045.7071512,753.0487804878048,43.9,2.178023338317871
1365890046.006059,964.0243902439024,43.9,2.5236687660217285
1365890046.269482,932.9268292682927,43.9,2.2643930912017822
1365890046.526057,1148.780487804878,43.9,2.0137412548065186
1365890046.83854,960.9756097560976,43.9,1.7081270217895508
1365890047.104783,907.3170731707318,43.9,2.619976043701172
1365890047.363843,801.219512195122,44.4,2.3712573051452637
1365890047.650573,1267.0731707317073,43.9,2.091958522796631
1365890047.926322,812.1951219512194,43.9,1.8260860443115234
1365890048.219249,1846.3414634146343,43.3,1.7802693843841553
1365890048.525783,984.1463414634146,43.3,1.6992011070251465
1365890048.797431,1546.3414634146343,44.4,1.6785180568695068
1365890049.0603678,757.3170731707318,43.9,1.6770024299621582
1365890049.333738,1150.0,43.9,1.6659529209136963
1365890049.602247,929.8780487804878,43.9,1.6705217361450195
1365890049.8667562,733.5365853658536,43.3,1.744330883026123
1365890050.1615329,948.170731707317,44.4,1.6595287322998047
1365890050.435194,1012.1951219512196,44.4,1.6631145477294922
1365890050.6917949,740.2439024390244,44.4,1.740574836730957
1365890050.984569,939.0243902439024,44.4,1.6617743968963623
1365890051.248584,1603.658536585366,43.3,1.662109136581421
1365890051.511948,753.0487804878048,43.3,1.8215837478637695
1365890051.791309,750.0,43.3,1.9049434661865234
1365890052.090317,993.2926829268292,43.9,1.7193067073822021
1365890052.369778,1835.9756097560976,44.4,1.7197222709655762
1365890052.6443489,967.0731707317073,43.9,1.7115588188171387
1365890052.958955,915.2439024390244,44.4,1.7007791996002197
1365890053.2537549,831.0975609756097,43.9,1.7060787677764893
1365890053.536472,1439.6341463414635,43.9,1.6928362846374512
1365890053.822919,940.2439024390243,43.9,1.8061621189117432
1365890054.088171,953.0487804878048,43.3,1.8896324634552002
1365890054.3687959,740.2439024390244,43.9,1.8084526062011719
1365890054.6810272,1186.5853658536585,43.9,1.6757221221923828
1365890054.948263,1062.8048780487804,44.4,1.6814556121826172
1365890055.2065651,1007.9268292682925,43.9,1.8332157135009766
1365890055.4980412,780.4878048780488,44.4,1.9899275302886963
1365890055.768288,984.7560975609756,43.9,1.7238860130310059
1365890056.044756,637.1951219512196,43.9,1.7450978755950928
1365890056.354413,889.0243902439024,43.9,1.6722760200500488
1365890056.61855,787.1951219512196,43.9,1.7528040409088135
1365890056.9034739,926.219512195122,43.9,1.719092607498169
1365890057.214062,1178.658536585366,44.4,1.7758135795593262
1365890057.476906,976.219512195122,43.9,1.7404084205627441
1365890057.766863,1454.8780487804877,43.9,1.6979496479034424
1365890058.062936,884.1463414634146,43.9,1.7084102630615234
1365890058.352787,895.1219512195122,44.4,1.6675617694854736
1365890058.613554,653.6585365853658,44.4,1.6736624240875244
1365890058.883011,937.8048780487804,44.4,1.6629297733306885
1365890059.138512,982.9268292682926,44.4,1.676785945892334
1365890059.3979478,688.4146341463414,43.9,1.7816004753112793
1365890059.675058,940.2439024390243,44.4,1.7119054794311523
1365890059.948294,884.1463414634146,44.4,1.6658093929290771
1365890060.2100742,1101.8292682926829,43.3,1.6841251850128174
1365890060.490587,878.0487804878048,43.9,1.797257423400879
1365890060.753013,843.9024390243902,44.4,1.736419439315796
1365890061.0102232,1173.170731707317,43.3,1.8041095733642578
1365890061.347362,971.951219512195,43.9,1.8232195377349854
1365890061.6260731,1426.8292682926829,44.4,1.703136682510376
1365890061.888211,1602.439024390244,44.4,1.754807949066162
1365890062.209118,954.8780487804878,43.9,1.660172939300537
1365890062.471688,979.8780487804878,43.9,1.7503507137298584
1365890062.7549021,1565.2439024390244,43.9,1.9171171188354492
1365890063.03315,1672.560975609756,43.9,1.7464990615844727
1365890063.291726,1683.5365853658536,44.4,1.8256046772003174
1365890063.580317,1589.6341463414633,43.3,1.7529308795928955
1365890063.853194,996.3414634146342,44.4,1.661156177520752
1365890064.114649,1722.5609756097563,43.9,1.7163989543914795
1365890064.383316,1258.5365853658536,43.9,1.6992497444152832
1365890064.685406,1643.2926829268292,44.4,1.7344720363616943
1365890064.9733582,995.1219512195122,43.9,1.6767818927764893
1365890065.248357,726.219512195122,43.3,3.012503147125244
1365890065.512516,1709.1463414634147,43.9,2.7519750595092773
1365890065.796407,982.3170731707316,44.4,2.471029281616211
1365890066.071667,725.0,43.3,2.201653003692627
1365890066.394963,862.1951219512194,43.3,1.8820362091064453
1365890066.6667688,752.439024390244,44.4,1.6940875053405762
1365890066.951479,746.3414634146342,43.3,1.7147560119628906
1365890067.236906,1037.1951219512193,43.9,1.7686576843261719
1365890067.51477,1015.2439024390243,44.4,1.7884297370910645
