1365889766.331166,987.8048780487804,41.2,5.132615327835083
1365889766.5918798,1025.0,40.1,4.873401641845703
1365889766.8449721,754.2682926829268,40.1,4.62147068977356
1365889767.123279,1556.7073170731708,40.1,4.351359128952026
1365889767.384469,984.1463414634146,40.6,4.109404563903809
1365889767.639004,1824.3902439024391,40.6,4.057078838348389
1365889767.8986712,683.5365853658537,40.1,5.487405300140381
1365889768.180199,876.219512195122,40.1,5.617869853973389
1365889768.433845,973.780487804878,40.6,6.910825490951538
1365889768.6866481,918.9024390243903,40.1,24.9332492351532
1365889768.962464,877.439024390244,40.1,35.449984073638916
1365889769.216241,1131.0975609756097,40.1,42.650996685028076
1365889769.469769,960.9756097560976,40.1,43.816524267196655
1365889769.7302022,1632.3170731707316,40.1,55.82146501541138
1365889770.012842,828.0487804878048,40.1,103.74646663665771
1365889770.269567,890.2439024390244,40.1,103.96691584587097
1365889770.524081,1323.780487804878,40.1,104.23012375831604
1365889770.803075,910.3658536585366,40.1,103.9617269039154
1365889771.057292,788.4146341463415,40.1,132.24855947494507
1365889771.3114471,967.0731707317073,40.1,144.5970799922943
1365889771.5799308,670.1219512195122,40.6,145.19326949119568
1365889771.859221,854.8780487804878,40.1,146.1151843070984
1365889772.112322,848.170731707317,40.1,148.43412733078003
1365889772.36745,876.219512195122,40.1,149.01497507095337
1365889772.639146,716.4634146341463,40.1,149.33815026283264
1365889772.9143639,831.0975609756097,40.6,150.14512419700623
1365889773.1693509,953.0487804878048,40.6,150.34628582000732
1365889773.4223092,781.0975609756098,40.1,150.96090865135193
1365889773.6898031,764.0243902439024,40.1,152.47580933570862
1365889773.968056,825.0,40.1,152.9691879749298
1365889774.222142,931.0975609756098,40.1,153.27850580215454
1365889774.475086,801.219512195122,40.1,153.5822901725769
1365889774.749842,949.390243902439,40.6,154.28195309638977
1365889775.005568,946.951219512195,40.6,154.86523747444153
1365889775.260652,771.3414634146342,40.1,156.00209093093872
1365889775.520334,748.170731707317,40.1,156.9928159713745
1365889775.79968,937.1951219512194,40.1,156.93453454971313
1365889776.0533912,896.3414634146342,40.1,157.30533289909363
1365889776.306922,888.4146341463414,40.1,158.55131649971008
1365889776.564163,712.1951219512194,40.1,158.8747866153717
1365889776.8440099,950.0,40.1,160.11024045944214
1365889777.099634,804.2682926829269,40.1,159.93859767913818
1365889777.355059,954.2682926829268,40.1,161.27803134918213
1365889777.624991,747.560975609756,40.1,161.7408573627472
1365889777.90033,907.3170731707318,40.1,162.12637901306152
1365889778.154098,810.3658536585366,40.1,164.74459385871887
1365889778.414944,946.3414634146341,39.5,164.48855876922607
1365889778.691,975.0,40.6,164.22387290000916
1365889778.94417,843.9024390243902,40.1,166.8486430644989
1365889779.200263,940.2439024390243,40.1,166.8747329711914
1365889779.4663308,695.1219512195122,40.1,167.00145864486694
1365889779.7400541,813.4146341463414,40.1,168.9542591571808
1365889779.9954472,992.0731707317074,40.6,169.66308760643005
1365889780.2497191,692.0731707317073,40.1,169.87576484680176
1365889780.5247412,814.0243902439024,40.1,171.0375726222992
1365889780.779856,929.8780487804878,40.1,171.77260446548462
1365889781.033563,835.3658536585366,40.6,172.1099317073822
1365889781.289356,731.0975609756098,40.1,172.96641087532043
1365889781.565171,946.951219512195,40.1,175.69399189949036
1365889781.82075,948.170731707317,40.1,176.14264488220215
1365889782.074435,942.0731707317073,40.1,177.39612460136414
1365889782.3341749,754.2682926829268,40.1,178.96422505378723
1365889782.611916,866.4634146341464,40.1,179.53696131706238
1365889782.865839,841.4634146341463,40.1,181.25307035446167
1365889783.119468,1247.560975609756,40.1,188.55120539665222
1365889783.382211,746.3414634146342,40.1,189.0758171081543
1365889783.6582341,928.048780487805,40.1,189.95479083061218
1365889783.91374,945.1219512195122,40.1,189.70053458213806
1365889784.1667058,1734.1463414634147,40.1,191.05053448677063
1365889784.43908,664.6341463414634,40.1,191.14107942581177
1365889784.7134368,915.2439024390244,40.1,191.85507130622864
1365889784.967687,890.2439024390244,40.1,192.6284248828888
1365889785.228362,803.048780487805,40.1,192.80857801437378
1365889785.500562,857.3170731707316,40.1,193.7262008190155
1365889785.7539709,788.4146341463415,40.1,195.56804704666138
1365889786.0098162,854.8780487804878,40.1,196.37820053100586
1365889786.270175,744.5121951219512,40.1,198.46915531158447
1365889786.5456152,819.5121951219512,40.1,199.71892952919006
1365889786.800927,959.1463414634146,40.1,199.82005095481873
1365889787.054042,801.219512195122,40.1,200.3700978755951
1365889787.32397,734.1463414634146,40.1,202.66415119171143
1365889787.602088,806.0975609756098,40.6,203.62345671653748
1365889787.856064,937.1951219512194,40.1,205.61907148361206
1365889788.110703,727.4390243902438,40.1,209.89072179794312
1365889788.38743,774.390243902439,40.1,209.6388533115387
1365889788.64196,791.4634146341464,40.6,209.8369495868683
1365889788.895079,981.0975609756098,40.1,210.0948042869568
1365889789.15064,641.4634146341464,40.1,214.3586404323578
1365889789.4280908,998.170731707317,40.1,220.498708486557
1365889789.685266,1708.5365853658536,40.6,220.5884370803833
1365889789.939805,832.3170731707316,40.6,221.69121170043945
1365889790.1984699,759.1463414634146,40.1,222.0771918296814
1365889790.476468,885.9756097560976,40.1,224.47926449775696
1365889790.731246,943.2926829268292,40.1,225.44139766693115
1365889790.98561,973.170731707317,40.1,226.95960664749146
1365889791.25667,631.0975609756098,40.1,227.52046298980713
1365889791.532866,934.1463414634147,40.1,227.56285285949707
1365889791.787394,926.219512195122,40.1,228.33737111091614
1365889792.044808,993.9024390243902,40.1,231.10094380378723
1365889792.3117929,730.4878048780488,40.1,230.8384928703308
1365889792.58433,760.3658536585366,40.6,233.62197613716125
1365889792.8456268,976.8292682926829,40.1,234.78234457969666
1365889793.100267,748.170731707317,40.1,238.49816274642944
1365889793.376425,885.3658536585366,40.1,238.26740884780884
1365889793.6325068,970.1219512195122,40.6,238.22211980819702
1365889793.8874419,829.2682926829268,40.1,238.00719332695007
1365889794.159146,889.0243902439024,40.1,238.56008172035217
1365889794.4146812,953.0487804878048,40.6,238.32032752037048
1365889794.668257,929.2682926829269,40.1,238.70692920684814
1365889794.929601,1622.560975609756,40.1,240.03166675567627
1365889795.2085571,1181.7073170731708,40.6,240.34799218177795
1365889795.463231,940.2439024390243,40.1,240.6262822151184
1365889795.716702,917.0731707317074,40.1,240.37424755096436
1365889795.983868,755.4878048780488,40.1,241.11859798431396
1365889796.2672892,879.8780487804878,40.1,242.08089065551758
1365889796.5221398,1690.2439024390244,40.1,253.22725224494934
1365889796.77603,697.560975609756,40.1,253.4015588760376
1365889797.058256,839.0243902439024,40.6,253.39684295654297
1365889797.3135118,971.951219512195,40.6,254.9593641757965
1365889797.5795488,780.4878048780488,40.6,256.9092538356781
1365889797.8540359,932.3170731707318,40.1,256.746071100235
1365889798.107101,774.390243902439,40.6,257.0267062187195
1365889798.361867,810.9756097560976,40.6,262.8656482696533
1365889798.621687,728.0487804878048,40.1,263.07734990119934
1365889798.898836,848.170731707317,40.6,263.16028785705566
1365889799.152479,799.3902439024391,40.6,263.5980908870697
1365889799.405767,956.0975609756097,40.1,265.65678334236145
1365889799.668881,752.439024390244,40.6,266.3273415565491
1365889799.94611,745.1219512195122,40.1,266.52998900413513
1365889800.2214231,902.439024390244,40.1,266.58629035949707
1365889800.474977,889.0243902439024,40.6,267.7884714603424
1365889800.729509,753.0487804878048,40.1,267.53929138183594
1365889801.0052102,1134.1463414634145,40.1,267.27646255493164
1365889801.265198,835.9756097560976,40.6,267.0778110027313
1365889801.518522,782.3170731707318,40.6,267.1244294643402
1365889801.790902,626.219512195122,40.1,267.51346826553345
1365889802.0720818,787.1951219512196,40.1,267.6496834754944
1365889802.3276632,794.5121951219512,40.1,267.67578506469727
